4.192649999999999636e+03 1.116990747715137289e+01
4.224291983967936176e+03 1.120154897888304468e+01
4.255933967935871806e+03 1.123308054914735798e+01
4.287575951903807436e+03 1.126450118274989620e+01
4.319217935871743066e+03 1.129580989308207961e+01
4.350859919839679606e+03 1.132700571203148066e+01
4.382501903807615236e+03 1.135808768989210193e+01
4.414143887775551775e+03 1.138905489527469328e+01
4.445785871743487405e+03 1.141990641501705284e+01
4.477427855711423035e+03 1.145064135409431394e+01
4.509069839679358665e+03 1.148125883552926219e+01
4.540711823647294295e+03 1.151175800030262941e+01
4.572353807615230835e+03 1.154213800726339123e+01
4.603995791583166465e+03 1.157239803303907166e+01
4.635637775551102095e+03 1.160253727194604956e+01
4.667279759519038635e+03 1.163255493589984546e+01
4.698921743486974265e+03 1.166245025432543514e+01
4.730563727454909895e+03 1.169222247406754889e+01
4.762205711422846434e+03 1.172187085930096195e+01
4.793847695390781155e+03 1.175139469144080984e+01
4.825489679358717694e+03 1.178079326905287871e+01
4.857131663326653324e+03 1.181006590776391363e+01
4.888773647294588955e+03 1.183921194017191070e+01
4.920415631262525494e+03 1.186823071575642885e+01
4.952057615230461124e+03 1.189712160078887848e+01
4.983699599198396754e+03 1.192588397824283675e+01
5.015341583166333294e+03 1.195451724770433088e+01
5.046983567134268014e+03 1.198302082528216062e+01
5.078625551102204554e+03 1.201139414351817791e+01
5.110267535070140184e+03 1.203963665129759875e+01
5.141909519038075814e+03 1.206774781375930417e+01
5.173551503006012354e+03 1.209572711220614138e+01
5.205193486973948893e+03 1.212357404401522132e+01
5.236835470941883614e+03 1.215128812254821433e+01
5.268477454909820153e+03 1.217886887706166910e+01
5.300119438877755783e+03 1.220631585261729413e+01
5.331761422845691413e+03 1.223362860999226953e+01
5.363403406813627043e+03 1.226080672558954632e+01
5.395045390781562674e+03 1.228784979134814037e+01
5.426687374749499213e+03 1.231475741465344598e+01
5.458329358717435753e+03 1.234152921824752625e+01
5.489971342685370473e+03 1.236816484013941420e+01
5.521613326653307013e+03 1.239466393351542450e+01
5.553255310621242643e+03 1.242102616664944392e+01
5.584897294589178273e+03 1.244725122281323060e+01
5.616539278557114812e+03 1.247333880018672581e+01
5.648181262525050442e+03 1.249928861176834261e+01
5.679823246492986073e+03 1.252510038528527758e+01
5.711465230460921703e+03 1.255077386310380305e+01
5.743107214428858242e+03 1.257630880213957703e+01
5.774749198396793872e+03 1.260170497376793364e+01
5.806391182364729502e+03 1.262696216373418778e+01
5.838033166332665132e+03 1.265208017206394331e+01
5.869675150300601672e+03 1.267705881297338699e+01
5.901317134268537302e+03 1.270189791477958430e+01
5.932959118236472932e+03 1.272659731981079290e+01
5.964601102204409472e+03 1.275115688431675309e+01
5.996243086172344192e+03 1.277557647837899601e+01
6.027885070140280732e+03 1.279985598582113937e+01
6.059527054108217271e+03 1.282399530411919208e+01
6.091169038076151992e+03 1.284799434431184650e+01
6.122811022044088531e+03 1.287185303091079724e+01
6.154453006012024161e+03 1.289557130181102096e+01
6.186094989979959792e+03 1.291914910820109341e+01
6.217736973947896331e+03 1.294258641447348168e+01
6.249378957915831052e+03 1.296588319813484347e+01
6.281020941883767591e+03 1.298903944971634239e+01
6.312662925851704131e+03 1.301205517268392775e+01
6.344304909819638851e+03 1.303493038334865517e+01
6.375946893787575391e+03 1.305766511077696990e+01
6.407588877755511930e+03 1.308025939670102211e+01
6.439230861723446651e+03 1.310271329542896268e+01
6.470872845691383191e+03 1.312502687375523891e+01
6.502514829659318821e+03 1.314720021087090274e+01
6.534156813627254451e+03 1.316923339827391004e+01
6.565798797595190081e+03 1.319112653967941640e+01
6.597440781563126620e+03 1.321287975093008882e+01
6.629082765531062250e+03 1.323449315990638908e+01
6.660724749498998790e+03 1.325596690643689612e+01
6.692366733466933510e+03 1.327730114220858937e+01
6.724008717434870050e+03 1.329849603067715691e+01
6.755650701402805680e+03 1.331955174697730016e+01
6.787292685370741310e+03 1.334046847783302780e+01
6.818934669338677850e+03 1.336124642146795516e+01
6.850576653306613480e+03 1.338188578751561586e+01
6.882218637274549110e+03 1.340238679692975410e+01
6.913860621242484740e+03 1.342274968189462570e+01
6.945502605210421279e+03 1.344297468573530452e+01
6.977144589178356910e+03 1.346306206282797291e+01
7.008786573146292540e+03 1.348301207851023342e+01
7.040428557114228170e+03 1.350282500899141169e+01
7.072070541082164709e+03 1.352250114126283975e+01
7.103712525050101249e+03 1.354204077300817666e+01
7.135354509018035969e+03 1.356144421251369891e+01
7.166996492985972509e+03 1.358071177857860512e+01
7.198638476953908139e+03 1.359984380042530994e+01
7.230280460921843769e+03 1.361884061760975584e+01
7.261922444889780309e+03 1.363770257993170887e+01
7.293564428857715939e+03 1.365643004734505617e+01
7.325206412825651569e+03 1.367502338986811061e+01
7.356848396793587199e+03 1.369348298749391368e+01
7.388490380761523738e+03 1.371180923010053121e+01
7.420132364729459368e+03 1.373000251736135624e+01
7.451774348697394998e+03 1.374806325865541368e+01
7.483416332665330629e+03 1.376599187297765425e+01
7.515058316633267168e+03 1.378378878884926451e+01
7.546700300601201889e+03 1.380145444422795720e+01
7.578342284569138428e+03 1.381898928641827595e+01
7.609984268537074968e+03 1.383639377198190346e+01
7.641626252505009688e+03 1.385366836664795542e+01
7.673268236472946228e+03 1.387081354522327814e+01
7.704910220440881858e+03 1.388782979150275843e+01
7.736552204408817488e+03 1.390471759817961583e+01
7.768194188376754028e+03 1.392147746675571085e+01
7.799836172344689658e+03 1.393810990745184064e+01
7.831478156312625288e+03 1.395461543911804192e+01
7.863120140280561827e+03 1.397099458914389558e+01
7.894762124248497457e+03 1.398724789336881713e+01
7.926404108216433087e+03 1.400337589599236665e+01
7.958046092184369627e+03 1.401937914948454988e+01
7.989688076152304347e+03 1.403525821449611399e+01
8.021330060120240887e+03 1.405101365976885397e+01
8.052972044088176517e+03 1.406664606204590484e+01
8.084614028056112147e+03 1.408215600598205341e+01
8.116256012024048687e+03 1.409754408405403048e+01
8.147897995991984317e+03 1.411281089647081899e+01
8.179539979959919947e+03 1.412795705108394628e+01
8.211181963927856486e+03 1.414298316329779404e+01
8.242823947895791207e+03 1.415788985597989580e+01
8.274465931863727747e+03 1.417267775937123098e+01
8.306107915831664286e+03 1.418734751099653835e+01
8.337749899799600826e+03 1.420189975557460826e+01
8.369391883767535546e+03 1.421633514492858197e+01
8.401033867735470267e+03 1.423065433789626155e+01
8.432675851703406806e+03 1.424485800024040572e+01
8.464317835671343346e+03 1.425894680455902730e+01
8.495959819639278066e+03 1.427292143019569437e+01
8.527601803607214606e+03 1.428678256314984196e+01
8.559243787575151146e+03 1.430053089598706073e+01
8.590885771543085866e+03 1.431416712774940336e+01
8.622527755511022406e+03 1.432769196386568389e+01
8.654169739478958945e+03 1.434110611606177876e+01
8.685811723446895485e+03 1.435441030227092796e+01
8.717453707414830205e+03 1.436760524654403426e+01
8.749095691382764926e+03 1.438069167895997325e+01
8.780737675350701466e+03 1.439367033553587660e+01
8.812379659318638005e+03 1.440654195813745275e+01
8.844021643286572726e+03 1.441930729438926484e+01
8.875663627254509265e+03 1.443196709758506557e+01
8.907305611222445805e+03 1.444452212659805568e+01
8.938947595190380525e+03 1.445697314579122050e+01
8.970589579158317065e+03 1.446932092492761157e+01
9.002231563126253604e+03 1.448156623908065654e+01
9.033873547094190144e+03 1.449370986854445320e+01
9.065515531062124865e+03 1.450575259874407763e+01
9.097157515030059585e+03 1.451769522014587466e+01
9.128799498997996125e+03 1.452953852816776958e+01
9.160441482965932664e+03 1.454128332308956573e+01
9.192083466933867385e+03 1.455293040996324194e+01
9.223725450901803924e+03 1.456448059852325727e+01
9.255367434869740464e+03 1.457593470309685202e+01
9.287009418837675184e+03 1.458729354251434174e+01
9.318651402805611724e+03 1.459855794001942897e+01
9.350293386773548264e+03 1.460972872317949367e+01
9.381935370741482984e+03 1.462080672379590318e+01
9.413577354709419524e+03 1.463179277781430976e+01
9.445219338677354244e+03 1.464268772523494810e+01
9.476861322645290784e+03 1.465349241002293823e+01
9.508503306613227323e+03 1.466420768001859187e+01
9.540145290581162044e+03 1.467483438684769936e+01
9.571787274549098584e+03 1.468537338583184848e+01
9.603429258517035123e+03 1.469582553589871310e+01
9.635071242484969844e+03 1.470619169949235783e+01
9.666713226452906383e+03 1.471647274248354087e+01
9.698355210420842923e+03 1.472666953408000801e+01
9.729997194388777643e+03 1.473678294673679900e+01
9.761639178356712364e+03 1.474681385606655581e+01
9.793281162324648903e+03 1.475676314074980411e+01
9.824923146292585443e+03 1.476663168244526503e+01
9.856565130260521983e+03 1.477642036570017048e+01
9.888207114228456703e+03 1.478613007786053757e+01
9.919849098196393243e+03 1.479576170898148924e+01
9.951491082164329782e+03 1.480531615173753579e+01
9.983133066132264503e+03 1.481479430133290265e+01
1.001477505010020104e+04 1.482419705541180832e+01
1.004641703406813758e+04 1.483352531396877438e+01
1.007805901803607230e+04 1.484277997925892478e+01
1.010970100200400702e+04 1.485196195570828870e+01
1.014134298597194356e+04 1.486107214982410341e+01
1.017298496993988010e+04 1.487011147010510470e+01
1.020462695390781664e+04 1.487908082695183865e+01
1.023626893787575318e+04 1.488798113257696087e+01
1.026791092184368790e+04 1.489681330091553235e+01
1.029955290581162262e+04 1.490557824753532223e+01
1.033119488977955916e+04 1.491427688954711428e+01
1.036283687374749570e+04 1.492291014551500083e+01
1.039447885771543224e+04 1.493147893536668391e+01
1.042612084168336696e+04 1.493998418030378161e+01
1.045776282565130168e+04 1.494842680271212743e+01
1.048940480961924004e+04 1.495680772607206066e+01
1.052104679358717476e+04 1.496512787486874707e+01
1.055268877755511130e+04 1.497338817450246395e+01
1.058433076152304784e+04 1.498158955119890479e+01
1.061597274549098256e+04 1.498973293191948386e+01
1.064761472945891728e+04 1.499781924427162849e+01
1.067925671342685382e+04 1.500584941641909253e+01
1.071089869739479036e+04 1.501382437699225747e+01
1.074254068136272690e+04 1.502174505499840507e+01
1.077418266533066162e+04 1.502961237973206465e+01
1.080582464929859634e+04 1.503742728068526446e+01
1.083746663326653470e+04 1.504519068745787713e+01
1.086910861723446942e+04 1.505290352966789058e+01
1.090075060120240414e+04 1.506056673686172864e+01
1.093239258517034250e+04 1.506818123842452906e+01
1.096403456913827722e+04 1.507574796349046409e+01
1.099567655310621194e+04 1.508326784085303629e+01
1.102731853707414848e+04 1.509074179887537781e+01
1.105896052104208502e+04 1.509817076540055147e+01
1.109060250501002156e+04 1.510555566766184654e+01
1.112224448897795628e+04 1.511289743219309045e+01
1.115388647294589100e+04 1.512019698473894458e+01
1.118552845691382754e+04 1.512745525016519821e+01
1.121717044088176408e+04 1.513467315236908739e+01
1.124881242484969880e+04 1.514185161418956937e+01
1.128045440881763534e+04 1.514899155731765035e+01
1.131209639278557188e+04 1.515609390220667230e+01
1.134373837675350660e+04 1.516315956798260345e+01
1.137538036072144314e+04 1.517018947235437665e+01
1.140702234468937968e+04 1.517718453152414426e+01
1.143866432865731622e+04 1.518414566009760236e+01
1.147030631262525094e+04 1.519107377099429890e+01
1.150194829659318566e+04 1.519796977535792060e+01
1.153359028056112220e+04 1.520483458246659580e+01
1.156523226452905874e+04 1.521166909964319913e+01
1.159687424849699528e+04 1.521847423216565431e+01
1.162851623246493182e+04 1.522525088317722464e+01
1.166015821643286654e+04 1.523199995359683001e+01
1.169180020040080126e+04 1.523872234202933740e+01
1.172344218436873780e+04 1.524541894467585301e+01
1.175508416833667434e+04 1.525209065524405005e+01
1.178672615230460906e+04 1.525873836485843604e+01
1.181836813627254560e+04 1.526536296197068410e+01
1.185001012024048032e+04 1.527196533226991626e+01
1.188165210420841686e+04 1.527854635859300458e+01
1.191329408817635340e+04 1.528510692083487754e+01
1.194493607214428994e+04 1.529164789585883000e+01
1.197657805611222648e+04 1.529817015740679587e+01
1.200822004008016120e+04 1.530467457600967407e+01
1.203986202404809592e+04 1.531116201889762785e+01
1.207150400801603246e+04 1.531763334991037695e+01
1.210314599198396900e+04 1.532408942940749697e+01
1.213478797595190372e+04 1.533053111417872216e+01
1.216642995991984026e+04 1.533695925735425902e+01
1.219807194388777680e+04 1.534337470831507844e+01
1.222971392785571152e+04 1.534977831260319547e+01
1.226135591182364806e+04 1.535617091183201310e+01
1.229299789579158460e+04 1.536255334359658775e+01
1.232463987975952114e+04 1.536892644138394459e+01
1.235628186372745404e+04 1.537529103448337331e+01
1.238792384769539058e+04 1.538164794789674161e+01
1.241956583166332712e+04 1.538799800224877323e+01
1.245120781563126366e+04 1.539434201369736854e+01
1.248284979959919838e+04 1.540068079384390387e+01
1.251449178356713492e+04 1.540701514964352370e+01
1.254613376753507146e+04 1.541334588331543642e+01
1.257777575150300618e+04 1.541967379225323853e+01
1.260941773547094272e+04 1.542599966893518548e+01
1.264105971943887926e+04 1.543232430083453011e+01
1.267270170340681580e+04 1.543864847032978282e+01
1.270434368737474870e+04 1.544497295461503228e+01
1.273598567134268524e+04 1.545129852561025885e+01
1.276762765531062178e+04 1.545762594987160554e+01
1.279926963927855832e+04 1.546395598850171105e+01
1.283091162324649304e+04 1.547028939705998241e+01
1.286255360721443139e+04 1.547662692547291030e+01
1.289419559118236612e+04 1.548296931794438080e+01
1.292583757515030084e+04 1.548931731286594093e+01
1.295747955911823738e+04 1.549567164272714237e+01
1.298912154308617392e+04 1.550203303402581767e+01
1.302076352705410864e+04 1.550840220717837425e+01
1.305240551102204336e+04 1.551477987643011680e+01
1.308404749498997990e+04 1.552116674976553945e+01
1.311568947895791644e+04 1.552756352881862156e+01
1.314733146292585297e+04 1.553397090878313236e+01
1.317897344689378770e+04 1.554038957832293022e+01
1.321061543086172605e+04 1.554682021948226911e+01
1.324225741482965896e+04 1.555326350759609255e+01
1.327389939879759550e+04 1.555972011120033827e+01
1.330554138276553203e+04 1.556619069194224281e+01
1.333718336673346857e+04 1.557267590449062489e+01
1.336882535070140329e+04 1.557917639644621310e+01
1.340046733466933802e+04 1.558569280825192749e+01
1.343210931863727637e+04 1.559222577310318769e+01
1.346375130260521109e+04 1.559877591685820519e+01
1.349539328657314763e+04 1.560534385794830570e+01
1.352703527054108235e+04 1.561193020728819647e+01
1.355867725450901889e+04 1.561853556818630118e+01
1.359031923847695361e+04 1.562516053625504142e+01
1.362196122244489015e+04 1.563180569932114317e+01
1.365360320641282669e+04 1.563847163733592893e+01
1.368524519038076323e+04 1.564515892228563843e+01
1.371688717434869795e+04 1.565186811810169942e+01
1.374852915831663267e+04 1.565859978057107327e+01
1.378017114228456921e+04 1.566535445724650799e+01
1.381181312625250575e+04 1.567213268735686249e+01
1.384345511022044229e+04 1.567893500171740939e+01
1.387509709418837701e+04 1.568576192264013791e+01
1.390673907815631355e+04 1.569261396384403717e+01
1.393838106212424827e+04 1.569949163036540440e+01
1.397002304609218481e+04 1.570639541846817444e+01
1.400166503006012135e+04 1.571332581555417818e+01
1.403330701402805789e+04 1.572028330007344898e+01
1.406494899799599261e+04 1.572726834143456998e+01
1.409659098196392733e+04 1.573428139991490227e+01
1.412823296593186387e+04 1.574132292657095356e+01
1.415987494989980041e+04 1.574839336314864369e+01
1.419151693386773695e+04 1.575549314199360218e+01
1.422315891783566985e+04 1.576262268596148530e+01
1.425480090180360821e+04 1.576978240832827538e+01
1.428644288577154293e+04 1.577697271270056234e+01
1.431808486973947947e+04 1.578419399292588032e+01
1.434972685370741601e+04 1.579144663300296081e+01
1.438136883767535255e+04 1.579873100699209587e+01
1.441301082164328727e+04 1.580604747892535755e+01
1.444465280561122199e+04 1.581339640271698244e+01
1.447629478957915853e+04 1.582077812207361944e+01
1.450793677354709507e+04 1.582819297040463979e+01
1.453957875751502979e+04 1.583564127073246119e+01
1.457122074148296815e+04 1.584312333560281694e+01
1.460286272545090287e+04 1.585063946699507653e+01
1.463450470941883759e+04 1.585818995623253080e+01
1.466614669338677413e+04 1.586577508389273028e+01
1.469778867735471067e+04 1.587339511971773476e+01
1.472943066132264721e+04 1.588105032252444282e+01
1.476107264529058011e+04 1.588874094011489646e+01
1.479271462925851665e+04 1.589646720918655909e+01
1.482435661322645319e+04 1.590422935524265746e+01
1.485599859719438973e+04 1.591202759250243304e+01
1.488764058116232445e+04 1.591986212381146615e+01
1.491928256513026281e+04 1.592773314055199130e+01
1.495092454909819753e+04 1.593564082255317871e+01
1.498256653306613225e+04 1.594358533800144073e+01
1.501420851703406879e+04 1.595156684335072939e+01
1.504585050100200533e+04 1.595958548323283566e+01
1.507749248496994187e+04 1.596764139036770658e+01
1.510913446893787477e+04 1.597573468547372144e+01
1.514077645290581313e+04 1.598386547717801776e+01
1.517241843687374785e+04 1.599203386192678344e+01
1.520406042084168439e+04 1.600023992389553484e+01
1.523570240480961911e+04 1.600848373489944265e+01
1.526734438877755747e+04 1.601676535430364368e+01
1.529898637274549219e+04 1.602508482893352237e+01
1.533062835671342691e+04 1.603344219298498530e+01
1.536227034068136345e+04 1.604183746793484389e+01
1.539391232464929999e+04 1.605027066245100542e+01
1.542555430861723471e+04 1.605874177230286648e+01
1.545719629258516943e+04 1.606725078027157849e+01
1.548883827655310779e+04 1.607579765606033106e+01
1.552048026052104251e+04 1.608438235620468859e+01
1.555212224448897905e+04 1.609300482398286647e+01
1.558376422845691377e+04 1.610166498932603218e+01
1.561540621242485213e+04 1.611036276872862061e+01
1.564704819639278503e+04 1.611909806515862797e+01
1.567869018036072157e+04 1.612787076796790586e+01
1.571033216432865811e+04 1.613668075280246939e+01
1.574197414829659465e+04 1.614552788151281604e+01
1.577361613226452937e+04 1.615441200206417349e+01
1.580525811623246409e+04 1.616333294844685398e+01
1.583690010020040245e+04 1.617229054058653048e+01
1.586854208416833717e+04 1.618128458425455207e+01
1.590018406813627371e+04 1.619031487097822364e+01
1.593182605210421025e+04 1.619938117795113897e+01
1.596346803607214497e+04 1.620848326794343208e+01
1.599511002004007969e+04 1.621762088921211387e+01
1.602675200400801623e+04 1.622679377541138734e+01
1.605839398797595277e+04 1.623600164550292035e+01
1.609003597194388931e+04 1.624524420366612887e+01
1.612167795591182403e+04 1.625452113920853847e+01
1.615331993987975875e+04 1.626383212647602505e+01
1.618496192384769529e+04 1.627317682476315497e+01
1.621660390781563183e+04 1.628255487822345060e+01
1.624824589178356837e+04 1.629196591577973408e+01
1.627988787575150491e+04 1.630140955103440348e+01
1.631152985971943963e+04 1.631088538217972683e+01
1.634317184368737435e+04 1.632039299190815029e+01
1.637481382765531089e+04 1.632993194732262054e+01
1.640645581162324743e+04 1.633950179984682194e+01
1.643809779559118397e+04 1.634910208513558771e+01
1.646973977955911687e+04 1.635873232298508384e+01
1.650138176352705705e+04 1.636839201724317405e+01
1.653302374749498995e+04 1.637808065571972449e+01
1.656466573146292649e+04 1.638779771009685149e+01
1.659630771543086303e+04 1.639754263583930083e+01
1.662794969939879957e+04 1.640731487210467066e+01
1.665959168336673611e+04 1.641711384165376586e+01
1.669123366733467265e+04 1.642693895076089916e+01
1.672287565130260555e+04 1.643678958912413535e+01
1.675451763527054209e+04 1.644666512977565986e+01
1.678615961923847863e+04 1.645656492899204792e+01
1.681780160320641153e+04 1.646648832620453362e+01
1.684944358717434807e+04 1.647643464390939627e+01
1.688108557114228461e+04 1.648640318757819045e+01
1.691272755511022115e+04 1.649639324556806486e+01
1.694436953907815769e+04 1.650640408903205980e+01
1.697601152304609423e+04 1.651643497182941189e+01
1.700765350701403077e+04 1.652648513043587286e+01
1.703929549098196367e+04 1.653655378385398933e+01
1.707093747494990384e+04 1.654664013352340390e+01
1.710257945891783675e+04 1.655674336323115625e+01
1.713422144288576965e+04 1.656686263902200551e+01
1.716586342685370619e+04 1.657699710910870294e+01
1.719750541082164273e+04 1.658714590378227882e+01
1.722914739478957927e+04 1.659730813532241456e+01
1.726078937875751581e+04 1.660748289790768339e+01
1.729243136272545235e+04 1.661766926752586215e+01
1.732407334669338888e+04 1.662786630188423231e+01
1.735571533066132542e+04 1.663807304031986689e+01
1.738735731462925833e+04 1.664828850370997060e+01
1.741899929859719487e+04 1.665851169438217738e+01
1.745064128256513141e+04 1.666874159602478045e+01
1.748228326653306794e+04 1.667897717359714704e+01
1.751392525050100085e+04 1.668921737323992005e+01
1.754556723446893739e+04 1.669946112218534395e+01
1.757720921843687393e+04 1.670970732866761210e+01
1.760885120240481046e+04 1.671995488183311096e+01
1.764049318637274700e+04 1.673020265165076381e+01
1.767213517034068354e+04 1.674044948882228212e+01
1.770377715430862008e+04 1.675069422469253766e+01
1.773541913827655299e+04 1.676093567115978544e+01
1.776706112224449316e+04 1.677117262058600744e+01
1.779870310621242606e+04 1.678140384570721011e+01
1.783034509018035897e+04 1.679162809954375390e+01
1.786198707414829551e+04 1.680184411531056554e+01
1.789362905811623204e+04 1.681205060632755277e+01
1.792527104208416858e+04 1.682224626592977046e+01
1.795691302605210512e+04 1.683242976737790642e+01
1.798855501002004166e+04 1.684259976376837642e+01
1.802019699398797820e+04 1.685275488794378163e+01
1.805183897795591474e+04 1.686289375240313504e+01
1.808348096192384764e+04 1.687301494921218392e+01
1.811512294589178418e+04 1.688311704991368600e+01
1.814676492985972072e+04 1.689319860543775320e+01
1.817840691382765363e+04 1.690325814601211718e+01
1.821004889779559016e+04 1.691329418107246596e+01
1.824169088176352670e+04 1.692330519917268816e+01
1.827333286573146324e+04 1.693328966789521672e+01
1.830497484969939978e+04 1.694324603376132998e+01
1.833661683366733632e+04 1.695317272214145277e+01
1.836825881763527286e+04 1.696306813716541129e+01
1.839990080160320576e+04 1.697293066163280173e+01
1.843154278557114230e+04 1.698275865692324871e+01
1.846318476953908248e+04 1.699255046290672766e+01
1.849482675350701174e+04 1.700230439785383041e+01
1.852646873747494828e+04 1.701201875834610888e+01
1.855811072144288846e+04 1.702169181918635843e+01
1.858975270541082136e+04 1.703132183330892246e+01
1.862139468937875790e+04 1.704090703168996868e+01
1.865303667334669444e+04 1.705044562325782209e+01
1.868467865731463098e+04 1.705993579480327327e+01
1.871632064128256752e+04 1.706937571088980832e+01
1.874796262525050406e+04 1.707876351376403079e+01
1.877960460921844060e+04 1.708809732326583131e+01
1.881124659318637350e+04 1.709737523673880943e+01
1.884288857715431004e+04 1.710659532894044332e+01
1.887453056112224294e+04 1.711575565195253645e+01
1.890617254509017948e+04 1.712485423509138371e+01
1.893781452905811602e+04 1.713388908481817907e+01
1.896945651302605256e+04 1.714285818464923494e+01
1.900109849699398910e+04 1.715175949506636854e+01
1.903274048096192564e+04 1.716059095342710350e+01
1.906438246492986218e+04 1.716935047387504909e+01
1.909602444889779508e+04 1.717803594725013738e+01
1.912766643286573526e+04 1.718664524099901314e+01
1.915930841683366816e+04 1.719517619908522121e+01
1.919095040080160106e+04 1.720362664189965329e+01
1.922259238476953760e+04 1.721199436617066425e+01
1.925423436873747414e+04 1.722027714487451888e+01
1.928587635270541068e+04 1.722847272714564326e+01
1.931751833667334722e+04 1.723657883818695069e+01
1.934916032064128376e+04 1.724459317918006462e+01
1.938080230460922030e+04 1.725251342719573699e+01
1.941244428857715684e+04 1.726033723510402851e+01
1.944408627254509338e+04 1.726806223148470565e+01
1.947572825651302628e+04 1.727568602053749203e+01
1.950737024048096282e+04 1.728320618199239789e+01
1.953901222444889936e+04 1.729062027101995369e+01
1.957065420841683590e+04 1.729792581814162133e+01
1.960229619238476880e+04 1.730512032914001708e+01
1.963393817635270534e+04 1.731220128496921973e+01
1.966558016032064188e+04 1.731916614166506108e+01
1.969722214428857842e+04 1.732601233025547671e+01
1.972886412825651496e+04 1.733273725667081777e+01
1.976050611222445150e+04 1.733933830165402057e+01
1.979214809619238440e+04 1.734581282067107821e+01
1.982379008016032458e+04 1.735215814382120669e+01
1.985543206412825748e+04 1.733638748109773076e+01
2.015730426481103132e+04 1.741907747255312344e+01
2.045917646549380152e+04 1.750176746400851613e+01
2.076104866617657535e+04 1.758445745546391237e+01
2.106292086685934919e+04 1.766714744691930861e+01
2.136479306754211939e+04 1.774983743837470129e+01
2.166666526822489323e+04 1.783252742983009753e+01
2.196853746890766706e+04 1.791521742128549022e+01
2.227040966959043726e+04 1.799790741274088646e+01
2.257228187027321110e+04 1.808059740419627914e+01
2.287415407095598493e+04 1.816328739565167538e+01
2.317602627163875513e+04 1.824597738710706807e+01
2.347789847232152897e+04 1.832866737856246431e+01
2.377977067300429917e+04 1.841135737001785699e+01
2.408164287368707301e+04 1.849404736147325323e+01
2.438351507436984684e+04 1.857673735292864592e+01
2.468538727505262068e+04 1.865942734438404216e+01
2.498725947573539088e+04 1.874211733583943484e+01
2.528913167641816472e+04 1.882480732729483108e+01
2.559100387710093491e+04 1.890749731875022377e+01
2.589287607778370875e+04 1.899018731020562001e+01
2.619474827846648259e+04 1.907287730166101269e+01
2.649662047914925643e+04 1.915556729311640893e+01
2.679849267983202662e+04 1.923825728457180162e+01
2.710036488051480046e+04 1.932094727602719786e+01
2.740223708119757066e+04 1.940363726748259054e+01
2.770410928188034450e+04 1.948632725893798678e+01
2.800598148256311833e+04 1.956901725039337947e+01
2.830785368324589217e+04 1.965170724184877571e+01
2.860972588392866237e+04 1.973439723330416840e+01
2.891159808461143257e+04 1.981708722475956108e+01
2.921347028529420641e+04 1.989977721621495732e+01
2.951534248597698024e+04 1.998246720767035356e+01
2.981721468665975408e+04 2.006515719912574980e+01
3.011908688734252792e+04 2.014784719058114248e+01
3.042095908802529812e+04 2.023053718203653517e+01
3.072283128870806831e+04 2.031322717349193141e+01
3.102470348939084215e+04 2.039591716494732410e+01
3.132657569007361599e+04 2.047860715640272034e+01
3.162844789075638982e+04 2.056129714785811302e+01
3.193032009143916002e+04 2.064398713931350926e+01
3.223219229212193386e+04 2.072667713076890550e+01
3.253406449280470406e+04 2.080936712222429463e+01
3.283593669348747790e+04 2.089205711367969087e+01
3.313780889417025173e+04 2.097474710513508711e+01
3.343968109485302557e+04 2.105743709659048335e+01
3.374155329553579213e+04 2.114012708804587248e+01
3.404342549621856597e+04 2.122281707950126872e+01
3.434529769690133980e+04 2.130550707095666496e+01
3.464716989758411364e+04 2.138819706241206120e+01
3.494904209826688748e+04 2.147088705386745389e+01
3.525091429894966132e+04 2.155357704532284657e+01
3.555278649963243515e+04 2.163626703677824281e+01
3.585465870031520899e+04 2.171895702823363905e+01
3.615653090099797555e+04 2.180164701968903174e+01
3.645840310168074939e+04 2.188433701114442442e+01
3.676027530236352322e+04 2.196702700259982066e+01
3.706214750304628978e+04 2.204971699405521335e+01
3.736401970372906362e+04 2.213240698551060603e+01
3.766589190441183746e+04 2.221509697696600227e+01
3.796776410509461130e+04 2.229778696842139851e+01
3.826963630577738513e+04 2.238047695987679475e+01
3.857150850646015897e+04 2.246316695133218744e+01
3.887338070714293281e+04 2.254585694278758012e+01
3.917525290782570664e+04 2.262854693424297636e+01
3.947712510850848048e+04 2.271123692569837260e+01
3.977899730919124704e+04 2.279392691715376529e+01
4.008086950987402088e+04 2.287661690860915797e+01
4.038274171055679471e+04 2.295930690006455421e+01
4.068461391123956128e+04 2.304199689151994690e+01
4.098648611192233511e+04 2.312468688297534314e+01
4.128835831260510895e+04 2.320737687443073582e+01
4.159023051328788279e+04 2.329006686588613206e+01
4.189210271397065662e+04 2.337275685734152830e+01
4.219397491465343046e+04 2.345544684879692099e+01
4.249584711533620430e+04 2.353813684025231723e+01
4.279771931601897813e+04 2.362082683170770991e+01
4.309959151670175197e+04 2.370351682316310615e+01
4.340146371738451853e+04 2.378620681461849884e+01
4.370333591806729237e+04 2.386889680607389153e+01
4.400520811875005893e+04 2.395158679752928776e+01
4.430708031943283277e+04 2.403427678898468400e+01
4.460895252011560660e+04 2.411696678044007669e+01
4.491082472079838044e+04 2.419965677189546938e+01
4.521269692148115428e+04 2.428234676335086561e+01
4.551456912216392811e+04 2.436503675480626185e+01
4.581644132284670195e+04 2.444772674626165809e+01
4.611831352352947579e+04 2.453041673771705078e+01
4.642018572421224962e+04 2.461310672917244347e+01
4.672205792489501619e+04 2.469579672062783970e+01
4.702393012557779002e+04 2.477848671208323239e+01
4.732580232626056386e+04 2.486117670353862508e+01
4.762767452694333042e+04 2.494386669499402132e+01
4.792954672762610426e+04 2.502655668644941755e+01
4.823141892830887809e+04 2.510924667790481024e+01
4.853329112899165193e+04 2.519193666936020293e+01
4.883516332967442577e+04 2.527462666081559917e+01
4.913703553035719960e+04 2.535731665227099541e+01
4.943890773103997344e+04 2.544000664372639164e+01
4.974077993172274728e+04 2.552269663518178433e+01
5.004265213240552112e+04 2.560538662663717702e+01
5.034452433308828768e+04 2.568807661809257326e+01
5.064639653377106151e+04 2.577076660954796594e+01
5.094826873445383535e+04 2.585345660100336218e+01
5.125014093513660191e+04 2.593614659245875487e+01
5.155201313581937575e+04 2.601883658391415111e+01
5.185388533650214958e+04 2.610152657536954379e+01
5.215575753718492342e+04 2.618421656682493648e+01
5.245762973786769726e+04 2.626690655828033272e+01
5.275950193855047110e+04 2.634959654973572896e+01
5.306137413923324493e+04 2.643228654119112520e+01
5.336324633991601877e+04 2.651497653264651788e+01
5.366511854059879261e+04 2.659766652410191057e+01
5.396699074128156644e+04 2.668035651555730681e+01
5.426886294196432573e+04 2.676304650701269949e+01
5.457073514264709956e+04 2.684573649846809218e+01
5.487260734332987340e+04 2.692842648992348842e+01
5.517447954401264724e+04 2.701111648137888466e+01
5.547635174469542108e+04 2.709380647283427734e+01
5.577822394537819491e+04 2.717649646428967358e+01
5.608009614606096875e+04 2.725918645574506627e+01
5.638196834674374259e+04 2.734187644720046251e+01
5.668384054742651642e+04 2.742456643865585875e+01
5.698571274810929026e+04 2.750725643011125143e+01
5.728758494879206410e+04 2.758994642156664767e+01
5.758945714947483793e+04 2.767263641302204036e+01
5.789132935015759722e+04 2.775532640447743304e+01
5.819320155084037106e+04 2.783801639593282573e+01
5.849507375152314489e+04 2.792070638738822197e+01
5.879694595220591873e+04 2.800339637884361821e+01
5.909881815288869257e+04 2.808608637029901089e+01
5.940069035357146640e+04 2.816877636175440713e+01
5.970256255425424024e+04 2.825146635320980337e+01
6.000443475493701408e+04 2.833415634466519606e+01
6.030630695561978791e+04 2.841684633612059230e+01
6.060817915630256175e+04 2.849953632757598498e+01
6.091005135698533559e+04 2.858222631903138122e+01
6.121192355766809487e+04 2.866491631048677036e+01
6.151379575835086871e+04 2.874760630194216660e+01
6.181566795903364255e+04 2.883029629339756283e+01
6.211754015971641638e+04 2.891298628485295552e+01
6.241941236039919022e+04 2.899567627630835176e+01
6.272128456108196406e+04 2.907836626776374445e+01
6.302315676176473789e+04 2.916105625921914068e+01
6.332502896244751173e+04 2.924374625067453692e+01
6.362690116313028557e+04 2.932643624212992961e+01
6.392877336381305940e+04 2.940912623358532585e+01
6.423064556449583324e+04 2.949181622504071854e+01
6.453251776517860708e+04 2.957450621649611477e+01
6.483438996586136636e+04 2.965719620795150746e+01
6.513626216654414020e+04 2.973988619940690015e+01
6.543813436722691404e+04 2.982257619086229639e+01
6.574000656790968787e+04 2.990526618231768907e+01
6.604187876859246171e+04 2.998795617377308531e+01
6.634375096927523555e+04 3.007064616522848155e+01
6.664562316995800938e+04 3.015333615668387424e+01
6.694749537064078322e+04 3.023602614813927048e+01
6.724936757132355706e+04 3.031871613959466316e+01
6.755123977200633090e+04 3.040140613105005940e+01
6.785311197268910473e+04 3.048409612250545564e+01
6.815498417337186402e+04 3.056678611396084477e+01
6.845685637405463785e+04 3.064947610541624101e+01
6.875872857473741169e+04 3.073216609687163370e+01
6.906060077542018553e+04 3.081485608832702994e+01
6.936247297610295936e+04 3.089754607978242262e+01
6.966434517678573320e+04 3.098023607123781886e+01
6.996621737746850704e+04 3.106292606269321510e+01
7.026808957815128088e+04 3.114561605414860779e+01
7.056996177883405471e+04 3.122830604560400403e+01
7.087183397951682855e+04 3.131099603705939671e+01
7.117370618019960239e+04 3.139368602851479295e+01
7.147557838088237622e+04 3.147637601997018919e+01
7.177745058156513551e+04 3.155906601142557832e+01
7.207932278224790934e+04 3.164175600288097456e+01
7.238119498293068318e+04 3.172444599433636725e+01
7.268306718361345702e+04 3.180713598579176349e+01
7.298493938429623086e+04 3.188982597724715973e+01
7.328681158497900469e+04 3.197251596870255241e+01
7.358868378566177853e+04 3.205520596015794865e+01
7.389055598634455237e+04 3.213789595161334489e+01
7.419242818702732620e+04 3.222058594306874113e+01
7.449430038771010004e+04 3.230327593452413737e+01
7.479617258839287388e+04 3.238596592597952650e+01
7.509804478907564771e+04 3.246865591743492274e+01
7.539991698975840700e+04 3.255134590889031188e+01
7.570178919044118084e+04 3.263403590034570811e+01
7.600366139112395467e+04 3.271672589180110435e+01
7.630553359180672851e+04 3.279941588325650059e+01
7.660740579248950235e+04 3.288210587471189683e+01
7.690927799317227618e+04 3.296479586616728596e+01
7.721115019385505002e+04 3.304748585762268220e+01
7.751302239453782386e+04 3.313017584907807134e+01
7.781489459522059769e+04 3.321286584053346758e+01
7.811676679590337153e+04 3.329555583198886382e+01
7.841863899658614537e+04 3.337824582344426005e+01
7.872051119726890465e+04 3.346093581489965629e+01
7.902238339795167849e+04 3.354362580635504543e+01
7.932425559863445233e+04 3.362631579781044167e+01
7.962612779931722616e+04 3.370900578926583790e+01
7.992800000000000000e+04 3.379169578072122704e+01
