1.617500000000000000e+03 8.196073044801471141e+00
1.640250501002004057e+03 8.199151163765925787e+00
1.663001002004008114e+03 8.202634301388640026e+00
1.685751503006011944e+03 8.206515917051884657e+00
1.708502004008016002e+03 8.210789525661468247e+00
1.731252505010020059e+03 8.215448697439120096e+00
1.754003006012024116e+03 8.220487057714887413e+00
1.776753507014027946e+03 8.225898286719516506e+00
1.799504008016032003e+03 8.231676119376846401e+00
1.822254509018036060e+03 8.237814345096193591e+00
1.845005010020040118e+03 8.244306807564736772e+00
1.867755511022044175e+03 8.251147404539914021e+00
1.890506012024048005e+03 8.258330087641798656e+00
1.913256513026052062e+03 8.265848862145510623e+00
1.936007014028056119e+03 8.273697786773567486e+00
1.958757515030060176e+03 8.281870973488304699e+00
1.981508016032064006e+03 8.290362587284256790e+00
2.004258517034068063e+03 8.299166845980533225e+00
2.027009018036072121e+03 8.308278020013213805e+00
2.049759519038076178e+03 8.317690432227740516e+00
2.072510020040080235e+03 8.327398457671309373e+00
2.095260521042084292e+03 8.337396523385230296e+00
2.118011022044088350e+03 8.347679108197374021e+00
2.140761523046092407e+03 8.358240742514482235e+00
2.163512024048096009e+03 8.369076008114623377e+00
2.186262525050100066e+03 8.380179537939540069e+00
2.209013026052104124e+03 8.391546015887056953e+00
2.231763527054108181e+03 8.403170176603463659e+00
2.254514028056112238e+03 8.415046805275895991e+00
2.277264529058116295e+03 8.427170737424738434e+00
2.300015030060120353e+03 8.439536858695994681e+00
2.322765531062124410e+03 8.452140104653691921e+00
2.345516032064128012e+03 8.464975460572260246e+00
2.368266533066132070e+03 8.478037961228917396e+00
2.391017034068136127e+03 8.491322690696073039e+00
2.413767535070140184e+03 8.504824782133690420e+00
2.436518036072144241e+03 8.518539417581706630e+00
2.459268537074148298e+03 8.532461827752388928e+00
2.482019038076152356e+03 8.546587291822746124e+00
2.504769539078156413e+03 8.560911137226907996e+00
2.527520040080160470e+03 8.575428739448508253e+00
2.550270541082164527e+03 8.590135521813097697e+00
2.573021042084168585e+03 8.605026955280479228e+00
2.595771543086172187e+03 8.620098558237154762e+00
2.618522044088176244e+03 8.635345896288683321e+00
2.641272545090180301e+03 8.650764582052069329e+00
2.664023046092184359e+03 8.666350274948165122e+00
2.686773547094188416e+03 8.682098680994029039e+00
2.709524048096192473e+03 8.698005552595354573e+00
2.732274549098196530e+03 8.714066688338837352e+00
2.755025050100200133e+03 8.730277932784540340e+00
2.777775551102204190e+03 8.746635176258337196e+00
2.800526052104208247e+03 8.763134354644243729e+00
2.823276553106212305e+03 8.779771449176836384e+00
2.846027054108216362e+03 8.796542486233645874e+00
2.868777555110220419e+03 8.813443537127515270e+00
2.891528056112224476e+03 8.830470717899029154e+00
2.914278557114228533e+03 8.847620189108862832e+00
2.937029058116232591e+03 8.864888155630190170e+00
2.959779559118236648e+03 8.882270866441078994e+00
2.982530060120240705e+03 8.899764614416842079e+00
3.005280561122244308e+03 8.917365736122487618e+00
3.028031062124248365e+03 8.935070611605048896e+00
3.050781563126252422e+03 8.952875664185997451e+00
3.073532064128256479e+03 8.970777360253638477e+00
3.096282565130260537e+03 8.988772209055474249e+00
3.119033066132264594e+03 9.006856762490627943e+00
3.141783567134268651e+03 9.025027614902185746e+00
3.164534068136272253e+03 9.043281402869638441e+00
3.187284569138276311e+03 9.061614805001216411e+00
3.210035070140280368e+03 9.080024541726322340e+00
3.232785571142284425e+03 9.098507375087887539e+00
3.255536072144288482e+03 9.117060108534770890e+00
3.278286573146292540e+03 9.135679586714161360e+00
3.301037074148296597e+03 9.154362695263946748e+00
3.323787575150300654e+03 9.173106360605093101e+00
3.346538076152304711e+03 9.191907549734075644e+00
3.369288577154308769e+03 9.210763270015220883e+00
3.392039078156312826e+03 9.229670568973116218e+00
3.414789579158316883e+03 9.248626534085001794e+00
3.437540080160320485e+03 9.267628292573141024e+00
3.460290581162324543e+03 9.286673011197223104e+00
3.483041082164328600e+03 9.305757896046747746e+00
3.505791583166332657e+03 9.324880192333420581e+00
3.528542084168336714e+03 9.344037184183514810e+00
3.551292585170340317e+03 9.363226194430307459e+00
3.574043086172344374e+03 9.382444584406401944e+00
3.596793587174348431e+03 9.401689753736185651e+00
3.619544088176352489e+03 9.420959140128159603e+00
3.642294589178356546e+03 9.440250219167374723e+00
3.665045090180360603e+03 9.459560504107773937e+00
3.687795591182364660e+03 9.478887545664615999e+00
3.710546092184368717e+03 9.498228931806851350e+00
3.733296593186372775e+03 9.517582287549508635e+00
3.756047094188376832e+03 9.536945274746081225e+00
3.778797595190380889e+03 9.556315591880915505e+00
3.801548096192384946e+03 9.575690973861608057e+00
3.824298597194389004e+03 9.595069191811392173e+00
3.847049098196393061e+03 9.614448052861501282e+00
3.869799599198397118e+03 9.633825399943599876e+00
3.892550100200400720e+03 9.653199111582130953e+00
3.915300601202405232e+03 9.672567101686730950e+00
3.938051102204408835e+03 9.691927319344607383e+00
3.960801603206413347e+03 9.711277748612925365e+00
3.983552104208416495e+03 9.730616408311201226e+00
4.006302605210421461e+03 9.749941351813696144e+00
4.029053106212424609e+03 9.769250666841770681e+00
4.051803607214429576e+03 9.788542475256331699e+00
4.074554108216432724e+03 9.807814932850156708e+00
4.097304609218437690e+03 9.827066229140328346e+00
4.120055110220440838e+03 9.846294587160613787e+00
4.142805611222445805e+03 9.865498263253828171e+00
4.165556112224448952e+03 9.884675546864247764e+00
4.188306613226453010e+03 9.903824760329992927e+00
4.211057114228457067e+03 9.922944258675409301e+00
4.233807615230461124e+03 9.942032429403461435e+00
4.256558116232465181e+03 9.961087692288124629e+00
4.279308617234469239e+03 9.980108499166757241e+00
4.302059118236473296e+03 9.999093333732519184e+00
4.324809619238477353e+03 1.001804071132670870e+01
4.347560120240481410e+03 1.003694917873122527e+01
4.370310621242485468e+03 1.005581731396087974e+01
4.393061122244488615e+03 1.007464372605582170e+01
4.415811623246493582e+03 1.009342705487394554e+01
4.438562124248496730e+03 1.011216597088322722e+01
4.461312625250501696e+03 1.013085917495416943e+01
4.484063126252504844e+03 1.014950539815214015e+01
4.506813627254508901e+03 1.016810340152979286e+01
4.529564128256512959e+03 1.018665197591944782e+01
4.552314629258517016e+03 1.020514994172546608e+01
4.575065130260521073e+03 1.022359614871665201e+01
4.597815631262525130e+03 1.024198947581864161e+01
4.620566132264529188e+03 1.026032883090628545e+01
4.643316633266533245e+03 1.027861315059603520e+01
4.666067134268537302e+03 1.029684140003832482e+01
4.688817635270541359e+03 1.031501257270999616e+01
4.711568136272544507e+03 1.033312569020664284e+01
4.734318637274549474e+03 1.035117980203499854e+01
4.757069138276552621e+03 1.036917398540535373e+01
4.779819639278557588e+03 1.038710734502395638e+01
4.802570140280560736e+03 1.040497901288533633e+01
4.825320641282565703e+03 1.042278814806475928e+01
4.848071142284568850e+03 1.044053393651056183e+01
4.870821643286573817e+03 1.045821559083659835e+01
4.893572144288576965e+03 1.047583235011456537e+01
4.916322645290581931e+03 1.049338347966644847e+01
4.939073146292585079e+03 1.051086827085685016e+01
4.961823647294590046e+03 1.052828604088543329e+01
4.984574148296593194e+03 1.054563613257928267e+01
5.007324649298597251e+03 1.056291791418530934e+01
5.030075150300601308e+03 1.058013077916259448e+01
5.052825651302605365e+03 1.059727414597481854e+01
5.075576152304609423e+03 1.061434745788266731e+01
5.098326653306613480e+03 1.063135018273616694e+01
5.121077154308617537e+03 1.064828181276709174e+01
5.143827655310621594e+03 1.066514186438139333e+01
5.166578156312625651e+03 1.068192987795151083e+01
5.189328657314629709e+03 1.069864541760882304e+01
5.212079158316633766e+03 1.071528807103601544e+01
5.234829659318637823e+03 1.073185744925947205e+01
5.257580160320640971e+03 1.074835318644165660e+01
5.280330661322645028e+03 1.076477493967348309e+01
5.303081162324649085e+03 1.078112238876676088e+01
5.325831663326653143e+03 1.079739523604652440e+01
5.348582164328657200e+03 1.081359320614344810e+01
5.371332665330661257e+03 1.082971604578622760e+01
5.394083166332665314e+03 1.084576352359395202e+01
5.416833667334669371e+03 1.086173542986855800e+01
5.439584168336673429e+03 1.087763157638712741e+01
5.462334669338677486e+03 1.089345179619433068e+01
5.485085170340680634e+03 1.090919594339480270e+01
5.507835671342685600e+03 1.092486389294554172e+01
5.530586172344688748e+03 1.094045554044827284e+01
5.553336673346693715e+03 1.095597080194183448e+01
5.576087174348696863e+03 1.097140961369460754e+01
5.598837675350701829e+03 1.098677193199687352e+01
5.621588176352704977e+03 1.100205773295320100e+01
5.644338677354709944e+03 1.101726701227484995e+01
5.667089178356713091e+03 1.103239978507210139e+01
5.689839679358718058e+03 1.104745608564677184e+01
5.712590180360721206e+03 1.106243596728445766e+01
5.735340681362726173e+03 1.107733950204701046e+01
5.758091182364729320e+03 1.109216678056493066e+01
5.780841683366734287e+03 1.110691791182967947e+01
5.803592184368737435e+03 1.112159302298613994e+01
5.826342685370742402e+03 1.113619225912498401e+01
5.849093186372745549e+03 1.115071578307505362e+01
5.871843687374750516e+03 1.116516377519574732e+01
5.894594188376753664e+03 1.117953643316942802e+01
5.917344689378757721e+03 1.119383397179376871e+01
5.940095190380761778e+03 1.120805662277418691e+01
5.962845691382765835e+03 1.122220463451622408e+01
5.985596192384769893e+03 1.123627827191792505e+01
6.008346693386773950e+03 1.125027781616218547e+01
6.031097194388778007e+03 1.126420356450923421e+01
6.053847695390782064e+03 1.127805583008890444e+01
6.076598196392786122e+03 1.129183494169314272e+01
6.099348697394789269e+03 1.130554124356832446e+01
6.122099198396794236e+03 1.131917509520764753e+01
6.144849699398797384e+03 1.133273687114349393e+01
6.167600200400802350e+03 1.134622696073992287e+01
6.190350701402805498e+03 1.135964576798492587e+01
6.213101202404810465e+03 1.137299371128292691e+01
6.235851703406813613e+03 1.138627122324711749e+01
6.258602204408818579e+03 1.139947875049177739e+01
6.281352705410821727e+03 1.141261675342482462e+01
6.304103206412825784e+03 1.142568570604007760e+01
6.326853707414829842e+03 1.143868609570967010e+01
6.349604208416833899e+03 1.145161842297644483e+01
6.372354709418837956e+03 1.146448320134637910e+01
6.395105210420842013e+03 1.147728095708090557e+01
6.417855711422846070e+03 1.149001222898931474e+01
6.440606212424850128e+03 1.150267756822124809e+01
6.463356713426854185e+03 1.151527753805888921e+01
6.486107214428858242e+03 1.152781271370952076e+01
6.508857715430862299e+03 1.154028368209787914e+01
6.531608216432865447e+03 1.155269104165847516e+01
6.554358717434870414e+03 1.156503540212800729e+01
6.577109218436873562e+03 1.157731738433783519e+01
6.599859719438878528e+03 1.158953762000623300e+01
6.622610220440881676e+03 1.160169675153090552e+01
6.645360721442886643e+03 1.161379543178122375e+01
6.668111222444889790e+03 1.162583432389081040e+01
6.690861723446894757e+03 1.163781410104978420e+01
6.713612224448897905e+03 1.164973544629712876e+01
6.736362725450901962e+03 1.166159905231321048e+01
6.759113226452906019e+03 1.167340562121207626e+01
6.781863727454910077e+03 1.168515586433384001e+01
6.804614228456914134e+03 1.169685050203708343e+01
6.827364729458918191e+03 1.170849026349129574e+01
6.850115230460922248e+03 1.172007588646919274e+01
6.872865731462926306e+03 1.173160811713910157e+01
6.895616232464930363e+03 1.174308770985738803e+01
6.918366733466934420e+03 1.175451542696089646e+01
6.941117234468938477e+03 1.176589203855917631e+01
6.963867735470941625e+03 1.177721832232705523e+01
6.986618236472946592e+03 1.178849506329684971e+01
7.009368737474949739e+03 1.179972305365089724e+01
7.032119238476954706e+03 1.181090309251393933e+01
7.054869739478957854e+03 1.182203598574536585e+01
7.077620240480962821e+03 1.183312254573173838e+01
7.100370741482965968e+03 1.184416359117915007e+01
7.123121242484970935e+03 1.185515994690559616e+01
7.145871743486974083e+03 1.186611244363336226e+01
7.168622244488978140e+03 1.187702191778141447e+01
7.191372745490982197e+03 1.188788921125778586e+01
7.214123246492986254e+03 1.189871517125201983e+01
7.236873747494990312e+03 1.190950065002742519e+01
7.259624248496994369e+03 1.192024650471361014e+01
7.282374749498998426e+03 1.193095359709880299e+01
7.305125250501002483e+03 1.194162279342218724e+01
7.327875751503006541e+03 1.195225496416645328e+01
7.350626252505009688e+03 1.196285098384993972e+01
7.373376753507014655e+03 1.197341173081930066e+01
7.396127254509018712e+03 1.198393808704166474e+01
7.418877755511022769e+03 1.199443093789718162e+01
7.441628256513025917e+03 1.200489117197126454e+01
7.464378757515030884e+03 1.201531968084708168e+01
7.487129258517034941e+03 1.202571735889798177e+01
7.509879759519038998e+03 1.203608510307974555e+01
7.532630260521042146e+03 1.204642381272309848e+01
7.555380761523046203e+03 1.205673438932596042e+01
7.578131262525050261e+03 1.206701773634604535e+01
7.600881763527054318e+03 1.207727475899304004e+01
7.623632264529058375e+03 1.208750636402110423e+01
7.646382765531062432e+03 1.209771345952124122e+01
7.669133266533066490e+03 1.210789695471363459e+01
7.691883767535070547e+03 1.211805775974014310e+01
7.714634268537074604e+03 1.212819678545654334e+01
7.737384769539078661e+03 1.213831494322510807e+01
7.760135270541082718e+03 1.214841314470676181e+01
7.782885771543085866e+03 1.215849230165369121e+01
7.805636272545089923e+03 1.216855332570160186e+01
7.828386773547093981e+03 1.217859712816208884e+01
7.851137274549098947e+03 1.218862461981515999e+01
7.873887775551102095e+03 1.219863671070149280e+01
7.896638276553106152e+03 1.220863430991483156e+01
7.919388777555110210e+03 1.221861832539450532e+01
7.942139278557115176e+03 1.222858966371762790e+01
7.964889779559118324e+03 1.223854922989166027e+01
7.987640280561121472e+03 1.224849792714667629e+01
8.010390781563126438e+03 1.225843665672776694e+01
8.033141282565131405e+03 1.226836631768754771e+01
8.055891783567134553e+03 1.227828780667832653e+01
8.078642284569137701e+03 1.228820201774473730e+01
8.101392785571142667e+03 1.229810984211596647e+01
8.124143286573147634e+03 1.230801216799817865e+01
8.146893787575150782e+03 1.231790988036686940e+01
8.169644288577153930e+03 1.232780386075939205e+01
8.192394789579158896e+03 1.233769498706719148e+01
8.215145290581163863e+03 1.234758413332823679e+01
8.237895791583167011e+03 1.235747216951943983e+01
8.260646292585170158e+03 1.236735996134907012e+01
8.283396793587175125e+03 1.237724837004898504e+01
8.306147294589180092e+03 1.238713825216723841e+01
8.328897795591183240e+03 1.239703045936033732e+01
8.351648296593186387e+03 1.240692583818566064e+01
8.374398797595191354e+03 1.241682522989377091e+01
8.397149298597194502e+03 1.242672947022096608e+01
8.419899799599199469e+03 1.243663938918152212e+01
8.442650300601202616e+03 1.244655581086012219e+01
8.465400801603205764e+03 1.245647955320429823e+01
8.488151302605210731e+03 1.246641142781678013e+01
8.510901803607215697e+03 1.247635223974782548e+01
8.533652304609218845e+03 1.248630278728771259e+01
8.556402805611221993e+03 1.249626386175904003e+01
8.579153306613226960e+03 1.250623624730916816e+01
8.601903807615230107e+03 1.251622072070264480e+01
8.624654308617235074e+03 1.252621805111345665e+01
8.647404809619238222e+03 1.253622899991757578e+01
8.670155310621243189e+03 1.254625432048519329e+01
8.692905811623246336e+03 1.255629475797327288e+01
8.715656312625251303e+03 1.256635104911776502e+01
8.738406813627254451e+03 1.257642392202615156e+01
8.761157314629259417e+03 1.258651409596977722e+01
8.783907815631262565e+03 1.259662228117618810e+01
8.806658316633267532e+03 1.260674917862150757e+01
8.829408817635270680e+03 1.261689547982298620e+01
8.852159318637275646e+03 1.262706186663122665e+01
8.874909819639278794e+03 1.263724901102262521e+01
8.897660320641281942e+03 1.264745757489174949e+01
8.920410821643286909e+03 1.265768820984371246e+01
8.943161322645290056e+03 1.266794155698666913e+01
8.965911823647295023e+03 1.267821824672402897e+01
8.988662324649298171e+03 1.268851889854697745e+01
9.011412825651303137e+03 1.269884412082683056e+01
9.034163326653306285e+03 1.270919451060741778e+01
9.056913827655311252e+03 1.271957065339735138e+01
9.079664328657314400e+03 1.272997312296273975e+01
9.102414829659319366e+03 1.274040248111915119e+01
9.125165330661322514e+03 1.275085927752437343e+01
9.147915831663325662e+03 1.276134404947057277e+01
9.170666332665330629e+03 1.277185732167675525e+01
9.193416833667335595e+03 1.278239960608118153e+01
9.216167334669338743e+03 1.279297140163365221e+01
9.238917835671341891e+03 1.280357319408807726e+01
9.261668336673346857e+03 1.281420545579469206e+01
9.284418837675351824e+03 1.282486864549251493e+01
9.307169338677354972e+03 1.283556320810172835e+01
9.329919839679358120e+03 1.284628957451612052e+01
9.352670340681361267e+03 1.285704816139534401e+01
9.375420841683368053e+03 1.286783937095740882e+01
9.398171342685371201e+03 1.287866359077108491e+01
9.420921843687374349e+03 1.288952119354818748e+01
9.443672344689377496e+03 1.290041253693610557e+01
9.466422845691384282e+03 1.291133796331000738e+01
9.489173346693387430e+03 1.292229779956544178e+01
9.511923847695390577e+03 1.293329235691054535e+01
9.534674348697393725e+03 1.294432193065847514e+01
9.557424849699398692e+03 1.295538680001995502e+01
9.580175350701403659e+03 1.296648722789537445e+01
9.602925851703406806e+03 1.297762346066745209e+01
9.625676352705409954e+03 1.298879572799346782e+01
9.648426853707414921e+03 1.300000424259764031e+01
9.671177354709419888e+03 1.301124920006366281e+01
9.693927855711423035e+03 1.302253077862686936e+01
9.716678356713426183e+03 1.303384913896689667e+01
9.739428857715431150e+03 1.304520442399981306e+01
9.762179358717436116e+03 1.305659675867060088e+01
9.784929859719439264e+03 1.306802624974567451e+01
9.807680360721442412e+03 1.307949298560501461e+01
9.830430861723447379e+03 1.309099703603481579e+01
9.853181362725452345e+03 1.310253845201964751e+01
9.875931863727455493e+03 1.311411726553504487e+01
9.898682364729458641e+03 1.312573348933977968e+01
9.921432865731463608e+03 1.313738711676816351e+01
9.944183366733468574e+03 1.314907812152268818e+01
9.966933867735471722e+03 1.316080645746617606e+01
9.989684368737474870e+03 1.317257205841432466e+01
1.001243486973947802e+04 1.318437483792794751e+01
1.003518537074148480e+04 1.319621468910550988e+01
1.005793587174348795e+04 1.320809148437538738e+01
1.008068637274549110e+04 1.322000507528843727e+01
1.010343687374749425e+04 1.323195529231011136e+01
1.012618737474950103e+04 1.324394194461314811e+01
1.014893787575150418e+04 1.325596481986968911e+01
1.017168837675350733e+04 1.326802368404388588e+01
1.019443887775551048e+04 1.328011828118414073e+01
1.021718937875751544e+04 1.329224833321552524e+01
1.023993987975952041e+04 1.330441353973222718e+01
1.026269038076152356e+04 1.331661357778994059e+01
1.028544088176352670e+04 1.332884810169816348e+01
1.030819138276553167e+04 1.334111674281261628e+01
1.033094188376753664e+04 1.335341910932770659e+01
1.035369238476953979e+04 1.336575478606876466e+01
1.037644288577154293e+04 1.337812333428469813e+01
1.039919338677354790e+04 1.339052429144004108e+01
1.042194388777555105e+04 1.340295717100763895e+01
1.044469438877755601e+04 1.341542146226080590e+01
1.046744488977955916e+04 1.342791663006586944e+01
1.049019539078156413e+04 1.344044211467448946e+01
1.051294589178356728e+04 1.345299733151610511e+01
1.053569639278557224e+04 1.346558167099021475e+01
1.055844689378757539e+04 1.347819449825887084e+01
1.058119739478957854e+04 1.349083515303899716e+01
1.060394789579158351e+04 1.350350294939488549e+01
1.062669839679358847e+04 1.351619717553035827e+01
1.064944889779559162e+04 1.352891709358146244e+01
1.067219939879759477e+04 1.354166193940859841e+01
1.069494989979959973e+04 1.355443092238902025e+01
1.071770040080160470e+04 1.356722322520925772e+01
1.074045090180360785e+04 1.358003800365737135e+01
1.076320140280561100e+04 1.359287438641551482e+01
1.078595190380761414e+04 1.360573147485222023e+01
1.080870240480962093e+04 1.361860834281475974e+01
1.083145290581162408e+04 1.363150403642159247e+01
1.085420340681362723e+04 1.364441757385474574e+01
1.087695390781563037e+04 1.365734794515222816e+01
1.089970440881763716e+04 1.367029411200030431e+01
1.092245490981964031e+04 1.368325500752598956e+01
1.094520541082164345e+04 1.369622953608947213e+01
1.096795591182364660e+04 1.370921657307635044e+01
1.099070641282565157e+04 1.372221496469013857e+01
1.101345691382765654e+04 1.373522352774465816e+01
1.103620741482965968e+04 1.374824104945636982e+01
1.105895791583166283e+04 1.376126628723680057e+01
1.108170841683366780e+04 1.377429796848484500e+01
1.110445891783567276e+04 1.378733479037928689e+01
1.112720941883767591e+04 1.380037541967122117e+01
1.114995991983967906e+04 1.381341849247617048e+01
1.117271042084168403e+04 1.382646261406664578e+01
1.119546092184368899e+04 1.383950635866475665e+01
1.121821142284569214e+04 1.385254826923413773e+01
1.124096192384769529e+04 1.386558685727276163e+01
1.126371242484970026e+04 1.387862060260500741e+01
1.128646292585170522e+04 1.389164795317422474e+01
1.130921342685370837e+04 1.390466732483520218e+01
1.133196392785571152e+04 1.391767710114620016e+01
1.135471442885771648e+04 1.393067563316181179e+01
1.137746492985971963e+04 1.394366123922501544e+01
1.140021543086172460e+04 1.395663220475959321e+01
1.142296593186372775e+04 1.396958678206273063e+01
1.144571643286573089e+04 1.398252319009709410e+01
1.146846693386773586e+04 1.399543961428359928e+01
1.149121743486974083e+04 1.400833420629339088e+01
1.151396793587174398e+04 1.402120508384051689e+01
1.153671843687374712e+04 1.403405033047425299e+01
1.155946893787575209e+04 1.404686799537136110e+01
1.158221943887775706e+04 1.405965609312870690e+01
1.160496993987976020e+04 1.407241260355542956e+01
1.162772044088176335e+04 1.408513547146544909e+01
1.165047094188376650e+04 1.409782260646985108e+01
1.167322144288577329e+04 1.411047188276919861e+01
1.169597194388777643e+04 1.412308113894607686e+01
1.171872244488977958e+04 1.413564817775724869e+01
1.174147294589178273e+04 1.414817076592619394e+01
1.176422344689378951e+04 1.416064663393559186e+01
1.178697394789579266e+04 1.417307347581946075e+01
1.180972444889779581e+04 1.418544894895579134e+01
1.183247494989979896e+04 1.419777067385862424e+01
1.185522545090180392e+04 1.421003623397093740e+01
1.187797595190380889e+04 1.422224317545640204e+01
1.190072645290581204e+04 1.423438900699237486e+01
1.192347695390781519e+04 1.424647119956185115e+01
1.194622745490982015e+04 1.425848718624609823e+01
1.196897795591182512e+04 1.427043436201683768e+01
1.199172845691382827e+04 1.428231008352890541e+01
1.201447895791583142e+04 1.429411166891242502e+01
1.203722945891783638e+04 1.430583639756523340e+01
1.205997995991983953e+04 1.431748150994532054e+01
1.208273046092184450e+04 1.432904420736320716e+01
1.210548096192384764e+04 1.434052165177427263e+01
1.212823146292585261e+04 1.435191096557128532e+01
1.215098196392785576e+04 1.436320923137651562e+01
1.217373246492986073e+04 1.437441349183447592e+01
1.219648296593186387e+04 1.438552074940412240e+01
1.221923346693386884e+04 1.439652796615108521e+01
1.224198396793587199e+04 1.440743206354045292e+01
1.226473446893787695e+04 1.441822992222875754e+01
1.228748496993988010e+04 1.442891838185671460e+01
1.231023547094188325e+04 1.443949424084120992e+01
1.233298597194388822e+04 1.444995425616813733e+01
1.235573647294589318e+04 1.446029514318438558e+01
1.237848697394789633e+04 1.447051357539056582e+01
1.240123747494989948e+04 1.448060618423310153e+01
1.242398797595190445e+04 1.449056955889686549e+01
1.244673847695390941e+04 1.450040024609734246e+01
1.246948897795591256e+04 1.451009474987319336e+01
1.249223947895791571e+04 1.451964953137857606e+01
1.251498997995991886e+04 1.452906100867562955e+01
1.253774048096192564e+04 1.453832555652659053e+01
1.256049098196392879e+04 1.454743950618643922e+01
1.258324148296593194e+04 1.455639914519533207e+01
1.260599198396793508e+04 1.456520071717063658e+01
1.262874248496994187e+04 1.457384042159978321e+01
1.265149298597194502e+04 1.458231441363228242e+01
1.267424348697394817e+04 1.459061880387224974e+01
1.269699398797595131e+04 1.459874965817077808e+01
1.271974448897795628e+04 1.460670299741845568e+01
1.274249498997996125e+04 1.461447479733766031e+01
1.276524549098196439e+04 1.462206098827479295e+01
1.278799599198396754e+04 1.462945745499276384e+01
1.281074649298597251e+04 1.463666003646356728e+01
1.283349699398797748e+04 1.464366452566052956e+01
1.285624749498998062e+04 1.465046666935062980e+01
1.287899799599198377e+04 1.468249943478572916e+01
1.307498293068549174e+04 1.478136198548071789e+01
1.327096786537899970e+04 1.488022453617570307e+01
1.346695280007250585e+04 1.497908708687069002e+01
1.366293773476601382e+04 1.507794963756567697e+01
1.385892266945952179e+04 1.517681218826066392e+01
1.405490760415302975e+04 1.527567473895565087e+01
1.425089253884653772e+04 1.537453728965063782e+01
1.444687747354004387e+04 1.547339984034562477e+01
1.464286240823355183e+04 1.557226239104060994e+01
1.483884734292705980e+04 1.567112494173559867e+01
1.503483227762056777e+04 1.576998749243058384e+01
1.523081721231407573e+04 1.586885004312557257e+01
1.542680214700758188e+04 1.596771259382055774e+01
1.562278708170108985e+04 1.606657514451554647e+01
1.581877201639459781e+04 1.616543769521053164e+01
1.601475695108810578e+04 1.626430024590551682e+01
1.621074188578161193e+04 1.636316279660050554e+01
1.640672682047511989e+04 1.646202534729549427e+01
1.660271175516862786e+04 1.656088789799047944e+01
1.679869668986213583e+04 1.665975044868546462e+01
1.699468162455564379e+04 1.675861299938045335e+01
1.719066655924915176e+04 1.685747555007544207e+01
1.738665149394265973e+04 1.695633810077042725e+01
1.758263642863616406e+04 1.705520065146541242e+01
1.777862136332967202e+04 1.715406320216040115e+01
1.797460629802317999e+04 1.725292575285538632e+01
1.817059123271668795e+04 1.735178830355037150e+01
1.836657616741019592e+04 1.745065085424536022e+01
1.856256110210370389e+04 1.754951340494034895e+01
1.875854603679721185e+04 1.764837595563533412e+01
1.895453097149071982e+04 1.774723850633031930e+01
1.915051590618422779e+04 1.784610105702530802e+01
1.934650084087773575e+04 1.794496360772029675e+01
1.954248577557124372e+04 1.804382615841528192e+01
1.973847071026475169e+04 1.814268870911026710e+01
1.993445564495825602e+04 1.824155125980525582e+01
2.013044057965176398e+04 1.834041381050024100e+01
2.032642551434527195e+04 1.843927636119522617e+01
2.052241044903877992e+04 1.853813891189021490e+01
2.071839538373228788e+04 1.863700146258520363e+01
2.091438031842579585e+04 1.873586401328018880e+01
2.111036525311930018e+04 1.883472656397517397e+01
2.130635018781280814e+04 1.893358911467016270e+01
2.150233512250631611e+04 1.903245166536514787e+01
2.169832005719982408e+04 1.913131421606013305e+01
2.189430499189333204e+04 1.923017676675512178e+01
2.209028992658684001e+04 1.932903931745011050e+01
2.228627486128034798e+04 1.942790186814509568e+01
2.248225979597385594e+04 1.952676441884008085e+01
2.267824473066736391e+04 1.962562696953506958e+01
2.287422966536087188e+04 1.972448952023005830e+01
2.307021460005437984e+04 1.982335207092504348e+01
2.326619953474788781e+04 1.992221462162002865e+01
2.346218446944139578e+04 2.002107717231501738e+01
2.365816940413490374e+04 2.011993972301000611e+01
2.385415433882841171e+04 2.021880227370499128e+01
2.405013927352191604e+04 2.031766482439997645e+01
2.424612420821542401e+04 2.041652737509496518e+01
2.444210914290893197e+04 2.051538992578995035e+01
2.463809407760243994e+04 2.061425247648493908e+01
2.483407901229594790e+04 2.071311502717992425e+01
2.503006394698945223e+04 2.081197757787491298e+01
2.522604888168296020e+04 2.091084012856989816e+01
2.542203381637646817e+04 2.100970267926488333e+01
2.561801875106997613e+04 2.110856522995987206e+01
2.581400368576348410e+04 2.120742778065486078e+01
2.600998862045699207e+04 2.130629033134984596e+01
2.620597355515050003e+04 2.140515288204483113e+01
2.640195848984400800e+04 2.150401543273981986e+01
2.659794342453751597e+04 2.160287798343480858e+01
2.679392835923102393e+04 2.170174053412979376e+01
2.698991329392453190e+04 2.180060308482477893e+01
2.718589822861803987e+04 2.189946563551976766e+01
2.738188316331154783e+04 2.199832818621475639e+01
2.757786809800505580e+04 2.209719073690974156e+01
2.777385303269856377e+04 2.219605328760472673e+01
2.796983796739206809e+04 2.229491583829971546e+01
2.816582290208557606e+04 2.239377838899470063e+01
2.836180783677908403e+04 2.249264093968968581e+01
2.855779277147259199e+04 2.259150349038467454e+01
2.875377770616609996e+04 2.269036604107966326e+01
2.894976264085960429e+04 2.278922859177464488e+01
2.914574757555311226e+04 2.288809114246963361e+01
2.934173251024662022e+04 2.298695369316462234e+01
2.953771744494012819e+04 2.308581624385960751e+01
2.973370237963363616e+04 2.318467879455459268e+01
2.992968731432714412e+04 2.328354134524958141e+01
3.012567224902065209e+04 2.338240389594457014e+01
3.032165718371416006e+04 2.348126644663955531e+01
3.051764211840766802e+04 2.358012899733454049e+01
3.071362705310117599e+04 2.367899154802952921e+01
3.090961198779468396e+04 2.377785409872451794e+01
3.110559692248819192e+04 2.387671664941950311e+01
3.130158185718169625e+04 2.397557920011448829e+01
3.149756679187520422e+04 2.407444175080947701e+01
3.169355172656871218e+04 2.417330430150446219e+01
3.188953666126222015e+04 2.427216685219944736e+01
3.208552159595572812e+04 2.437102940289443609e+01
3.228150653064923608e+04 2.446989195358942482e+01
3.247749146534274405e+04 2.456875450428441354e+01
3.267347640003625202e+04 2.466761705497939516e+01
3.286946133472975635e+04 2.476647960567438389e+01
3.306544626942326431e+04 2.486534215636937262e+01
3.326143120411677228e+04 2.496420470706435424e+01
3.345741613881028024e+04 2.506306725775934297e+01
3.365340107350378821e+04 2.516192980845433169e+01
3.384938600819729618e+04 2.526079235914932042e+01
3.404537094289080414e+04 2.535965490984430204e+01
3.424135587758431211e+04 2.545851746053929077e+01
3.443734081227782008e+04 2.555738001123427949e+01
3.463332574697132804e+04 2.565624256192926822e+01
3.482931068166483601e+04 2.575510511262424984e+01
3.502529561635834398e+04 2.585396766331923857e+01
3.522128055105185194e+04 2.595283021401422729e+01
3.541726548574535991e+04 2.605169276470921602e+01
3.561325042043886788e+04 2.615055531540419764e+01
3.580923535513237584e+04 2.624941786609918637e+01
3.600522028982588381e+04 2.634828041679417510e+01
3.620120522451939178e+04 2.644714296748916382e+01
3.639719015921289974e+04 2.654600551818414544e+01
3.659317509390640771e+04 2.664486806887913417e+01
3.678916002859991568e+04 2.674373061957412290e+01
3.698514496329342364e+04 2.684259317026911162e+01
3.718112989798692433e+04 2.694145572096409325e+01
3.737711483268043230e+04 2.704031827165908197e+01
3.757309976737394027e+04 2.713918082235406359e+01
3.776908470206744823e+04 2.723804337304905232e+01
3.796506963676095620e+04 2.733690592374404105e+01
3.816105457145446417e+04 2.743576847443902977e+01
3.835703950614797213e+04 2.753463102513401140e+01
3.855302444084148010e+04 2.763349357582900012e+01
3.874900937553498807e+04 2.773235612652398885e+01
3.894499431022848876e+04 2.783121867721897047e+01
3.914097924492199672e+04 2.793008122791395920e+01
3.933696417961550469e+04 2.802894377860894792e+01
3.953294911430901266e+04 2.812780632930392954e+01
3.972893404900252062e+04 2.822666887999891827e+01
3.992491898369602859e+04 2.832553143069390700e+01
4.012090391838953656e+04 2.842439398138889572e+01
4.031688885308304452e+04 2.852325653208388445e+01
4.051287378777655249e+04 2.862211908277886607e+01
4.070885872247006046e+04 2.872098163347385480e+01
4.090484365716356842e+04 2.881984418416884353e+01
4.110082859185707639e+04 2.891870673486383225e+01
4.129681352655058436e+04 2.901756928555881387e+01
4.149279846124409232e+04 2.911643183625380260e+01
4.168878339593760029e+04 2.921529438694879133e+01
4.188476833063110826e+04 2.931415693764378005e+01
4.208075326532461622e+04 2.941301948833876168e+01
4.227673820001812419e+04 2.951188203903375040e+01
4.247272313471163216e+04 2.961074458972873913e+01
4.266870806940514012e+04 2.970960714042372786e+01
4.286469300409864809e+04 2.980846969111870948e+01
4.306067793879215606e+04 2.990733224181369820e+01
4.325666287348566402e+04 3.000619479250868693e+01
4.345264780817917199e+04 3.010505734320367566e+01
4.364863274287267996e+04 3.020391989389865728e+01
4.384461767756618792e+04 3.030278244459364601e+01
4.404060261225969589e+04 3.040164499528863473e+01
4.423658754695320386e+04 3.050050754598362346e+01
4.443257248164671182e+04 3.059937009667860508e+01
4.462855741634021979e+04 3.069823264737359381e+01
4.482454235103372048e+04 3.079709519806857543e+01
4.502052728572722845e+04 3.089595774876356415e+01
4.521651222042073641e+04 3.099482029945855288e+01
4.541249715511424438e+04 3.109368285015354161e+01
4.560848208980775235e+04 3.119254540084852323e+01
4.580446702450125304e+04 3.129140795154351196e+01
4.600045195919476100e+04 3.139027050223849358e+01
4.619643689388826897e+04 3.148913305293348230e+01
4.639242182858177694e+04 3.158799560362847103e+01
4.658840676327528490e+04 3.168685815432345976e+01
4.678439169796879287e+04 3.178572070501844138e+01
4.698037663266230084e+04 3.188458325571343011e+01
4.717636156735580880e+04 3.198344580640841883e+01
4.737234650204931677e+04 3.208230835710340756e+01
4.756833143674282474e+04 3.218117090779838918e+01
4.776431637143633270e+04 3.228003345849337791e+01
4.796030130612984067e+04 3.237889600918836663e+01
4.815628624082334863e+04 3.247775855988335536e+01
4.835227117551685660e+04 3.257662111057833698e+01
4.854825611021036457e+04 3.267548366127332571e+01
4.874424104490387253e+04 3.277434621196831444e+01
4.894022597959738050e+04 3.287320876266330316e+01
4.913621091429088847e+04 3.297207131335828478e+01
4.933219584898439643e+04 3.307093386405327351e+01
4.952818078367790440e+04 3.316979641474826224e+01
4.972416571837141237e+04 3.326865896544325096e+01
4.992015065306492033e+04 3.336752151613823258e+01
5.011613558775842830e+04 3.346638406683322131e+01
5.031212052245193627e+04 3.356524661752821004e+01
5.050810545714544423e+04 3.366410916822319876e+01
5.070409039183895220e+04 3.376297171891818749e+01
5.090007532653246017e+04 3.386183426961316911e+01
5.109606026122596813e+04 3.396069682030815784e+01
5.129204519591947610e+04 3.405955937100314657e+01
5.148803013061298407e+04 3.415842192169813529e+01
5.168401506530649203e+04 3.425728447239311691e+01
5.188000000000000000e+04 3.435614702308810564e+01
