1.679250000000000000e+03 7.715436365412800868e+00
1.701940881763527159e+03 7.758167824328008777e+00
1.724631763527054090e+03 7.800678409157922211e+00
1.747322645290581249e+03 7.842968791549729701e+00
1.770013527054108408e+03 7.885039646114259781e+00
1.792704408817635112e+03 7.926891650399831235e+00
1.815395290581162271e+03 7.968525484866091801e+00
1.838086172344689430e+03 8.009941832857858657e+00
1.860777054108216362e+03 8.051141380578956230e+00
1.883467935871743521e+03 8.092124817066071785e+00
1.906158817635270680e+03 8.132892834162575468e+00
1.928849699398797611e+03 8.173446126492379449e+00
1.951540581162324770e+03 8.213785391433772176e+00
1.974231462925851702e+03 8.253911329093263305e+00
1.996922344689378633e+03 8.293824642279416182e+00
2.019613226452905792e+03 8.333526036476696319e+00
2.042304108216432724e+03 8.373016219819321648e+00
2.064994989979959882e+03 8.412295903065080793e+00
2.087685871743487041e+03 8.451365799569197534e+00
2.110376753507014200e+03 8.490226625258161519e+00
2.133067635270540904e+03 8.528879098603571407e+00
2.155758517034068063e+03 8.567323940595970910e+00
2.178449398797595222e+03 8.605561874718702597e+00
2.201140280561122381e+03 8.643593626921733275e+00
2.223831162324649540e+03 8.681419925595514897e+00
2.246522044088176244e+03 8.719041501544806394e+00
2.269212925851703403e+03 8.756459087962532806e+00
2.291903807615230562e+03 8.793673420403605334e+00
2.314594689378757266e+03 8.830685236758789358e+00
2.337285571142284425e+03 8.867495277228524486e+00
2.359976452905811584e+03 8.904104284296767702e+00
2.382667334669338743e+03 8.940513002704856049e+00
2.405358216432865902e+03 8.976722179425323134e+00
2.428049098196393061e+03 9.012732563635749372e+00
2.450739979959919765e+03 9.048544906692605139e+00
2.473430861723446924e+03 9.084159962105088582e+00
2.496121743486974083e+03 9.119578485508979426e+00
2.518812625250500787e+03 9.154801234640462582e+00
2.541503507014027946e+03 9.189828969309980167e+00
2.564194388777555105e+03 9.224662451376067551e+00
2.586885270541082264e+03 9.259302444719200054e+00
2.609576152304609423e+03 9.293749715215632534e+00
2.632267034068136127e+03 9.328005030711238987e+00
2.654957915831663740e+03 9.362069160995361017e+00
2.677648797595190445e+03 9.395942877774631441e+00
2.700339679358717149e+03 9.429626954646842307e+00
2.723030561122244308e+03 9.463122167074759616e+00
2.745721442885771467e+03 9.496429292359987784e+00
2.768412324649298625e+03 9.529549109616787916e+00
2.791103206412825784e+03 9.562482399745945827e+00
2.813794088176352489e+03 9.595229945408593863e+00
2.836484969939879647e+03 9.627792531000050502e+00
2.859175851703406806e+03 9.660170942623675927e+00
2.881866733466933965e+03 9.692365968064711623e+00
2.904557615230461124e+03 9.724378396764109311e+00
2.927248496993988283e+03 9.756209019792382975e+00
2.949939378757514987e+03 9.787858629823443124e+00
2.972630260521042146e+03 9.819328021108452376e+00
2.995321142284568850e+03 9.850617989449645506e+00
3.018012024048096464e+03 9.881729332174188585e+00
3.040702905811623168e+03 9.912662848108016789e+00
3.063393787575149872e+03 9.943419337549665116e+00
3.086084669338677031e+03 9.973999602244123963e+00
3.108775551102204190e+03 1.000440444535667872e+01
3.131466432865731349e+03 1.003463467144674226e+01
3.154157314629258508e+03 1.006469108644169275e+01
3.176848196392785667e+03 1.009457449761073278e+01
3.199539078156312826e+03 1.012428571353872897e+01
3.222229959919839530e+03 1.015382554410002847e+01
3.244920841683366689e+03 1.018319480043233582e+01
3.267611723446893848e+03 1.021239429491052064e+01
3.290302605210421007e+03 1.024142484112048557e+01
3.312993486973948166e+03 1.027028725383299346e+01
3.335684368737474870e+03 1.029898234897751763e+01
3.358375250501002029e+03 1.032751094361606725e+01
3.381066132264529188e+03 1.035587385591705001e+01
3.403757014028055892e+03 1.038407190512909750e+01
3.426447895791583505e+03 1.041210591155491727e+01
3.449138777555110210e+03 1.043997669652512172e+01
3.471829659318637823e+03 1.046768508237209083e+01
3.494520541082164527e+03 1.049523189240378329e+01
3.517211422845691231e+03 1.052261795087760632e+01
3.539902304609218390e+03 1.054984408297423926e+01
3.562593186372745549e+03 1.057691111477149448e+01
3.585284068136272708e+03 1.060381987321812147e+01
3.607974949899799412e+03 1.063057118610769436e+01
3.630665831663326571e+03 1.065716588205242132e+01
3.653356713426853730e+03 1.068360479045700018e+01
3.676047595190380889e+03 1.070988874149245262e+01
3.698738476953908048e+03 1.073601856606997274e+01
3.721429358717434297e+03 1.076199509581475056e+01
3.744120240480961911e+03 1.078781916303985611e+01
3.766811122244488615e+03 1.081349160072002746e+01
3.789502004008016229e+03 1.083901324246554410e+01
3.812192885771542933e+03 1.086438492249605758e+01
3.834883767535070547e+03 1.088960747561444720e+01
3.857574649298597251e+03 1.091468173718064349e+01
3.880265531062123955e+03 1.093960854308547681e+01
3.902956412825651569e+03 1.096438872972451861e+01
3.925647294589178273e+03 1.098902313397193353e+01
3.948338176352705432e+03 1.101351259315429232e+01
3.971029058116232591e+03 1.103785794502444872e+01
3.993719939879759295e+03 1.106206002773534891e+01
4.016410821643286454e+03 1.108611967981390478e+01
4.039101703406813613e+03 1.111003774013480339e+01
4.061792585170340772e+03 1.113381504789436960e+01
4.084483466933867930e+03 1.115745244258440039e+01
4.107174348697394635e+03 1.118095076396600618e+01
4.129865230460922248e+03 1.120431085204346289e+01
4.152556112224448952e+03 1.122753354703803197e+01
4.175246993987975657e+03 1.125061968936181955e+01
4.197937875751503270e+03 1.127357011959160538e+01
4.220628757515029974e+03 1.129638567844270014e+01
4.243319639278557588e+03 1.131906720674276912e+01
4.266010521042084292e+03 1.134161554540569838e+01
4.288701402805610996e+03 1.136403153540539535e+01
4.311392284569137701e+03 1.138631601774967095e+01
4.334083166332665314e+03 1.140846983345406684e+01
4.356774048096192928e+03 1.143049382351569321e+01
4.379464929859719632e+03 1.145238882888706300e+01
4.402155811623246336e+03 1.147415569044995109e+01
4.424846693386773040e+03 1.149579524898922145e+01
4.447537575150300654e+03 1.151730834516669155e+01
4.470228456913828268e+03 1.153869581949492940e+01
4.492919338677354062e+03 1.155995851231113747e+01
4.515610220440881676e+03 1.158109726375098347e+01
4.538301102204408380e+03 1.160211291372242925e+01
4.560991983967935994e+03 1.162300630187957751e+01
4.583682865731462698e+03 1.164377826759652379e+01
4.606373747494990312e+03 1.166442964994118370e+01
4.629064629258517016e+03 1.168496128764914843e+01
4.651755511022043720e+03 1.170537401909750130e+01
4.674446392785571334e+03 1.172566868227871240e+01
4.697137274549098038e+03 1.174584611477439466e+01
4.719828156312625651e+03 1.176590715372922702e+01
4.742519038076152356e+03 1.178585263582476728e+01
4.765209919839679060e+03 1.180568339725326865e+01
4.787900801603206673e+03 1.182540027369155133e+01
4.810591683366733378e+03 1.184500410027483852e+01
4.833282565130260991e+03 1.186449571157059424e+01
4.855973446893787695e+03 1.188387594155236116e+01
4.878664328657314400e+03 1.190314562357360906e+01
4.901355210420842013e+03 1.192230559034156379e+01
4.924046092184368717e+03 1.194135667389107169e+01
4.946736973947895422e+03 1.196029970555841615e+01
4.969427855711423035e+03 1.197913551595517490e+01
4.992118737474949739e+03 1.199786493494205786e+01
5.014809619238477353e+03 1.201648879160274319e+01
5.037500501002004057e+03 1.203500791421771865e+01
5.060191382765531671e+03 1.205342313023815137e+01
5.082882264529058375e+03 1.207173526625967597e+01
5.105573146292585079e+03 1.208994514799627851e+01
5.128264028056111783e+03 1.210805360025411481e+01
5.150954909819638488e+03 1.212606144690538201e+01
5.173645791583167011e+03 1.214396951086212795e+01
5.196336673346693715e+03 1.216177861405009608e+01
5.219027555110220419e+03 1.217948957738258642e+01
5.241718436873747123e+03 1.219710322073428443e+01
5.264409318637274737e+03 1.221462036291510245e+01
5.287100200400802350e+03 1.223204182164402098e+01
5.309791082164329055e+03 1.224936841352293726e+01
5.332481963927855759e+03 1.226660095401049233e+01
5.355172845691382463e+03 1.228374025739593023e+01
5.377863727454909167e+03 1.230078713677292157e+01
5.400554609218436781e+03 1.231774240401342624e+01
5.423245490981963485e+03 1.233460686974150633e+01
5.445936372745491099e+03 1.235138134330719950e+01
5.468627254509017803e+03 1.236806663276034257e+01
5.491318136272544507e+03 1.238466354482439336e+01
5.514009018036072121e+03 1.240117288487033065e+01
5.536699899799599734e+03 1.241759545689042810e+01
5.559390781563126438e+03 1.243393206347213464e+01
5.582081663326653143e+03 1.245018350577192123e+01
5.604772545090180756e+03 1.246635058348909375e+01
5.627463426853707460e+03 1.248243409483965571e+01
5.650154308617235074e+03 1.249843483653013365e+01
5.672845190380761778e+03 1.251435360373145400e+01
5.695536072144288482e+03 1.253019119005273296e+01
5.718226953907816096e+03 1.254594838751514807e+01
5.740917835671342800e+03 1.256162598652577600e+01
5.763608717434869504e+03 1.257722477585146237e+01
5.786299599198397118e+03 1.259274554259259205e+01
5.808990480961923822e+03 1.260818907215699269e+01
5.831681362725450526e+03 1.262355614823374594e+01
5.854372244488977231e+03 1.263884755276706784e+01
5.877063126252504844e+03 1.265406406593008626e+01
5.899754008016032458e+03 1.266920646609874623e+01
5.922444889779559162e+03 1.268427552982559803e+01
5.945135771543085866e+03 1.269927203181368469e+01
5.967826653306612570e+03 1.271419674489034790e+01
5.990517535070141093e+03 1.272905043998109775e+01
6.013208416833667798e+03 1.274383388608342571e+01
6.035899298597194502e+03 1.275854785024066729e+01
6.058590180360721206e+03 1.277319309751584342e+01
6.081281062124247910e+03 1.278777039096548052e+01
6.103971943887776433e+03 1.280228049161349091e+01
6.126662825651303137e+03 1.281672415842495738e+01
6.149353707414829842e+03 1.283110214828003848e+01
6.172044589178356546e+03 1.284541521594774949e+01
6.194735470941883250e+03 1.285966411405986776e+01
6.217426352705410864e+03 1.287384959308471011e+01
6.240117234468937568e+03 1.288797240130102395e+01
6.262808116232465181e+03 1.290203328477177536e+01
6.285498997995991886e+03 1.291603298731807925e+01
6.308189879759518590e+03 1.292997225049293419e+01
6.330880761523046203e+03 1.294385181355514547e+01
6.353571643286572908e+03 1.295767241344312382e+01
6.376262525050100521e+03 1.297143478474873390e+01
6.398953406813627225e+03 1.298513965969116057e+01
6.421644288577153930e+03 1.299878776809069869e+01
6.444335170340681543e+03 1.301237983734266734e+01
6.467026052104208247e+03 1.302591659239118727e+01
6.489716933867735861e+03 1.303939875570303641e+01
6.512407815631262565e+03 1.305282704724152154e+01
6.535098697394789269e+03 1.306620218444027870e+01
6.557789579158315973e+03 1.307952488217716436e+01
6.580480460921843587e+03 1.309279585274802216e+01
6.603171342685371201e+03 1.310601580584062376e+01
6.625862224448897905e+03 1.311918544850840718e+01
6.648553106212424609e+03 1.313230548514439278e+01
6.671243987975951313e+03 1.314537661745499797e+01
6.693934869739478927e+03 1.315839954443388038e+01
6.716625751503006541e+03 1.317137496233575078e+01
6.739316633266533245e+03 1.318430356465028908e+01
6.762007515030059949e+03 1.319718604207589152e+01
6.784698396793586653e+03 1.321002308249361512e+01
6.807389278557114267e+03 1.322281537094090531e+01
6.830080160320641880e+03 1.323556358958552082e+01
6.852771042084168585e+03 1.324826841769936436e+01
6.875461923847695289e+03 1.326093053163229918e+01
6.898152805611221993e+03 1.327355060478598503e+01
6.920843687374748697e+03 1.328612930758774979e+01
6.943534569138276311e+03 1.329866730746440773e+01
6.966225450901803924e+03 1.331116526881615414e+01
6.988916332665330629e+03 1.332362385299027530e+01
7.011607214428857333e+03 1.333604371825516921e+01
7.034298096192384037e+03 1.334842551977402181e+01
7.056988977955911650e+03 1.336076990957878863e+01
7.079679859719439264e+03 1.337307753654388875e+01
7.102370741482965968e+03 1.338534904636022205e+01
7.125061623246492672e+03 1.339758508150882577e+01
7.147752505010020286e+03 1.340978628123485805e+01
7.170443386773546990e+03 1.342195328152138778e+01
7.193134268537074604e+03 1.343408671506320218e+01
7.215825150300601308e+03 1.344618721124070149e+01
7.238516032064128012e+03 1.345825539609373145e+01
7.261206913827655626e+03 1.347029189229539980e+01
7.283897795591183240e+03 1.348229731912591767e+01
7.306588677354709034e+03 1.349427229244647819e+01
7.329279559118236648e+03 1.350621742467306774e+01
7.351970440881763352e+03 1.351813332475031260e+01
7.374661322645290056e+03 1.353002059812531144e+01
7.397352204408816760e+03 1.354187984672150691e+01
7.420043086172345284e+03 1.355371166891249501e+01
7.442733967935871988e+03 1.356551665949588426e+01
7.465424849699398692e+03 1.357729540966712101e+01
7.488115731462925396e+03 1.358904850699335398e+01
7.510806613226453919e+03 1.360077653538726139e+01
7.533497494989980623e+03 1.361248007508088165e+01
7.556188376753507328e+03 1.362415970259950093e+01
7.578879258517034032e+03 1.363581599073541639e+01
7.601570140280560736e+03 1.364744950852184502e+01
7.624261022044087440e+03 1.365906082120676146e+01
7.646951903807615963e+03 1.367065049022668077e+01
7.669642785571142667e+03 1.368221907318057973e+01
7.692333667334668462e+03 1.369376712380364935e+01
7.715024549098196076e+03 1.370529519194123758e+01
7.737715430861723689e+03 1.371680382352260885e+01
7.760406312625250393e+03 1.372829356053482286e+01
7.783097194388777098e+03 1.373976494099655632e+01
7.805788076152304711e+03 1.375121849893198345e+01
7.828478957915831415e+03 1.376265476434455692e+01
7.851169839679358120e+03 1.377407426319091144e+01
7.873860721442885733e+03 1.378547751735465354e+01
7.896551603206413347e+03 1.379686504462025098e+01
7.919242484969940051e+03 1.380823735864682433e+01
7.941933366733466755e+03 1.381959496894201678e+01
7.964624248496994369e+03 1.383093838083584970e+01
7.987315130260521073e+03 1.384226809545452674e+01
8.010006012024047777e+03 1.385358460969431604e+01
8.032696893787575391e+03 1.386488841619533474e+01
8.055387775551103005e+03 1.387618000331546853e+01
8.078078657314628799e+03 1.388745985510414194e+01
8.100769539078155503e+03 1.389872845127620771e+01
8.123460420841684027e+03 1.390998626718574727e+01
8.146151302605210731e+03 1.392123377379997251e+01
8.168842184368737435e+03 1.393247143767295171e+01
8.191533066132264139e+03 1.394369972091963206e+01
8.214223947895790843e+03 1.395491908118949276e+01
8.236914829659317547e+03 1.396612997164050896e+01
8.259605711422846070e+03 1.397733284091294692e+01
8.282296593186372775e+03 1.398852813310323029e+01
8.304987474949899479e+03 1.399971628773771926e+01
8.327678356713426183e+03 1.401089773974665675e+01
8.350369238476954706e+03 1.402207291943791212e+01
8.373060120240481410e+03 1.403324225247085622e+01
8.395751002004008114e+03 1.404440615983023832e+01
8.418441883767534819e+03 1.405556505779997600e+01
8.441132765531063342e+03 1.406671935793702488e+01
8.463823647294590046e+03 1.407786946704521824e+01
8.486514529058116750e+03 1.408901578714908709e+01
8.509205410821643454e+03 1.410015871546770860e+01
8.531896292585170158e+03 1.411129864438860082e+01
8.554587174348696863e+03 1.412243596144148938e+01
8.577278056112223567e+03 1.413357104927218089e+01
8.599968937875752090e+03 1.414470428561638649e+01
8.622659819639276975e+03 1.415583604327360945e+01
8.645350701402805498e+03 1.416696669008095988e+01
8.668041583166334021e+03 1.417809658888695878e+01
8.690732464929860726e+03 1.418922609752545583e+01
8.713423346693387430e+03 1.420035556878939786e+01
8.736114228456914134e+03 1.421148535040469874e+01
8.758805110220440838e+03 1.422261578500411261e+01
8.781495991983967542e+03 1.423374721010100430e+01
8.804186873747494246e+03 1.424487995806329721e+01
8.826877755511022769e+03 1.425601435608716727e+01
8.849568637274549474e+03 1.426715072617102820e+01
8.872259519038076178e+03 1.427828938508931422e+01
8.894950400801604701e+03 1.428943064436626287e+01
8.917641282565131405e+03 1.430057481024987354e+01
8.940332164328658109e+03 1.431172218368564941e+01
8.963023046092184813e+03 1.432287306029051166e+01
8.985713927855711518e+03 1.433402773032655375e+01
9.008404809619238222e+03 1.434518647867499297e+01
9.031095691382764926e+03 1.435634958480994428e+01
9.053786573146291630e+03 1.436751732277223326e+01
9.076477454909818334e+03 1.437868996114333342e+01
9.099168336673345038e+03 1.438986776301908677e+01
9.121859218436873562e+03 1.440105098598365529e+01
9.144550100200400266e+03 1.441223988208331974e+01
9.167240981963926970e+03 1.442343469780029785e+01
9.189931863727455493e+03 1.443463567402661063e+01
9.212622745490982197e+03 1.444584304603790414e+01
9.235313627254508901e+03 1.445705704346734066e+01
9.258004509018035606e+03 1.446827789027938316e+01
9.280695390781562310e+03 1.447950580474365978e+01
9.303386272545089014e+03 1.449074099940880345e+01
9.326077154308615718e+03 1.450198368107630031e+01
9.348768036072144241e+03 1.451323405077432938e+01
9.371458917835672764e+03 1.452449230373159850e+01
9.394149799599199469e+03 1.453575862935116625e+01
9.416840681362726173e+03 1.454703321118431703e+01
9.439531563126252877e+03 1.455831622690438820e+01
9.462222444889779581e+03 1.456960784828065414e+01
9.484913326653306285e+03 1.458090824115206452e+01
9.507604208416832989e+03 1.459221756540116743e+01
9.530295090180361512e+03 1.460353597492792588e+01
9.552985971943886398e+03 1.461486361762359998e+01
9.575676853707414921e+03 1.462620063534454573e+01
9.598367735470943444e+03 1.463754716388599419e+01
9.621058617234470148e+03 1.464890333295604208e+01
9.643749498997996852e+03 1.466026926614939185e+01
9.666440380761523556e+03 1.467164508092120379e+01
9.689131262525050261e+03 1.468303088856096750e+01
9.711822144288576965e+03 1.469442679416628650e+01
9.734513026052103669e+03 1.470583289661679416e+01
9.757203907815632192e+03 1.471724928854794001e+01
9.779894789579158896e+03 1.472867605632486132e+01
9.802585671342685600e+03 1.474011328001621024e+01
9.825276553106212305e+03 1.475156103336799163e+01
9.847967434869739009e+03 1.476301938377741507e+01
9.870658316633265713e+03 1.477448839226674693e+01
9.893349198396794236e+03 1.478596811345708595e+01
9.916040080160320940e+03 1.479745859554232013e+01
9.938730961923847644e+03 1.480895988026286858e+01
9.961421843687374349e+03 1.482047200287957267e+01
9.984112725450901053e+03 1.483199499214750716e+01
1.000680360721442776e+04 1.484352887028985002e+01
1.002949448897795446e+04 1.485507365297169002e+01
1.005218537074148298e+04 1.486662934927390722e+01
1.007487625250500969e+04 1.487819596166702141e+01
1.009756713426853639e+04 1.488977348598496420e+01
1.012025801603206492e+04 1.490136191139897903e+01
1.014294889779559162e+04 1.491296122039146965e+01
1.016563977955911832e+04 1.492457138872978106e+01
1.018833066132264503e+04 1.493619238544014394e+01
1.021102154308617173e+04 1.494782417278138276e+01
1.023371242484969844e+04 1.495946670621884067e+01
1.025640330661322514e+04 1.497111993439825284e+01
1.027909418837675366e+04 1.498278379911950076e+01
1.030178507014028219e+04 1.499445823531052469e+01
1.032447595190380889e+04 1.500614317100109396e+01
1.034716683366733560e+04 1.501783852729671409e+01
1.036985771543086230e+04 1.502954421835246279e+01
1.039254859719438900e+04 1.504126015134677807e+01
1.041523947895791571e+04 1.505298622645537421e+01
1.043793036072144241e+04 1.506472233682502271e+01
1.046062124248496912e+04 1.507646836854735817e+01
1.048331212424849582e+04 1.508822420063289371e+01
1.050600300601202434e+04 1.509998970498466164e+01
1.052869388777555287e+04 1.511176474637217737e+01
1.055138476953907957e+04 1.512354918240517243e+01
1.057407565130260627e+04 1.513534286350758862e+01
1.059676653306613298e+04 1.514714563289132698e+01
1.061945741482965968e+04 1.515895732653002348e+01
1.064214829659318639e+04 1.517077777313304665e+01
1.066483917835671309e+04 1.518260679411921288e+01
1.068753006012023980e+04 1.519444420359070591e+01
1.071022094188376650e+04 1.520628980830687738e+01
1.073291182364729320e+04 1.521814340765802953e+01
1.075560270541082173e+04 1.523000479363941650e+01
1.077829358717434843e+04 1.524187375082495421e+01
1.080098446893787514e+04 1.525375005634109904e+01
1.082367535070140366e+04 1.526563347984067320e+01
1.084636623246493036e+04 1.527752378347677009e+01
1.086905711422845707e+04 1.528942072187647661e+01
1.089174799599198377e+04 1.530132404211483887e+01
1.091443887775551048e+04 1.531323348368867343e+01
1.093712975951903718e+04 1.532514877849033041e+01
1.095982064128256388e+04 1.533706965078161844e+01
1.098251152304609241e+04 1.534899581716761752e+01
1.100520240480961911e+04 1.536092698657051869e+01
1.102789328657314582e+04 1.537286286020346893e+01
1.105058416833667434e+04 1.538480313154441781e+01
1.107327505010020104e+04 1.539674748630994827e+01
1.109596593186372775e+04 1.540869560242911263e+01
1.111865681362725445e+04 1.542064715001735209e+01
1.114134769539078115e+04 1.543260179135013033e+01
1.116403857715430786e+04 1.544455918083703594e+01
1.118672945891783456e+04 1.545651896499548172e+01
1.120942034068136309e+04 1.546848078242457625e+01
1.123211122244489161e+04 1.548044426377887817e+01
1.125480210420841649e+04 1.549240903174237971e+01
1.127749298597194502e+04 1.550437470100233384e+01
1.130018386773547172e+04 1.551634087822294461e+01
1.132287474949899843e+04 1.552830716201937733e+01
1.134556563126252513e+04 1.554027314293146134e+01
1.136825651302605183e+04 1.555223840339771257e+01
1.139094739478957854e+04 1.556420251772896535e+01
1.141363827655310524e+04 1.557616505208242330e+01
1.143632915831663195e+04 1.558812556443526809e+01
1.145902004008015865e+04 1.560008360455869258e+01
1.148171092184368717e+04 1.561203871399162502e+01
1.150440180360721388e+04 1.562399042601474974e+01
1.152709268537074240e+04 1.563593826562406974e+01
1.154978356713426911e+04 1.564788174950493982e+01
1.157247444889779581e+04 1.565982038600588666e+01
1.159516533066132251e+04 1.567175367511245732e+01
1.161785621242484922e+04 1.568368110842098417e+01
1.164054709418837592e+04 1.569560216911246719e+01
1.166323797595190263e+04 1.570751633192644547e+01
1.168592885771543115e+04 1.571942306313481730e+01
1.170861973947895785e+04 1.573132182051566730e+01
1.173131062124248456e+04 1.574321205332717710e+01
1.175400150300601308e+04 1.575509320228129262e+01
1.177669238476953979e+04 1.576696469951775015e+01
1.179938326653306649e+04 1.577882596857793018e+01
1.182207414829659319e+04 1.579067642437848029e+01
1.184476503006011990e+04 1.580251547318539096e+01
1.186745591182364660e+04 1.581434251258767709e+01
1.189014679358717331e+04 1.582615693147131708e+01
1.191283767535070183e+04 1.583795810999308884e+01
1.193552855711422853e+04 1.584974541955435967e+01
1.195821943887775706e+04 1.586151822277491519e+01
1.198091032064128376e+04 1.587327587346685931e+01
1.200360120240481046e+04 1.588501771660850537e+01
1.202629208416833717e+04 1.589674308831803273e+01
1.204898296593186387e+04 1.590845131582751293e+01
1.207167384769539058e+04 1.592014171745666573e+01
1.209436472945891728e+04 1.593181360258669343e+01
1.211705561122244399e+04 1.594346627163416485e+01
1.213974649298597069e+04 1.595509901602485314e+01
1.216243737474949739e+04 1.596671111816750255e+01
1.218512825651302592e+04 1.597830185142778348e+01
1.220781913827655262e+04 1.598987048010204148e+01
1.223051002004008114e+04 1.600141625939120615e+01
1.225320090180360785e+04 1.601293843537456496e+01
1.227589178356713455e+04 1.602443624498367569e+01
1.229858266533066126e+04 1.603590891597611545e+01
1.232127354709418796e+04 1.604735566690944637e+01
1.234396442885771467e+04 1.605877570711500368e+01
1.236665531062124137e+04 1.607016823667160210e+01
1.238934619238476807e+04 1.608153244637962587e+01
1.241203707414829660e+04 1.609286751773473156e+01
1.243472795591182330e+04 1.610417262290160068e+01
1.245741883767535182e+04 1.611544692468798345e+01
1.248010971943887853e+04 1.612668957651838042e+01
1.250280060120240523e+04 1.613789972240799031e+01
1.252549148296593194e+04 1.614907649693644487e+01
1.254818236472945864e+04 1.616021902522177811e+01
1.257087324649298534e+04 1.617132642289415401e+01
1.259356412825651205e+04 1.618239779606971140e+01
1.261625501002004057e+04 1.619343224132454395e+01
1.263894589178356728e+04 1.620442884566838515e+01
1.266163677354709398e+04 1.621538668651854209e+01
1.268432765531062250e+04 1.622630483167359117e+01
1.270701853707414921e+04 1.623718233928747168e+01
1.272970941883767591e+04 1.624801825784313891e+01
1.275240030060120262e+04 1.625881162612648723e+01
1.277509118236472932e+04 1.626956147320002799e+01
1.279778206412825602e+04 1.628026681837699030e+01
1.282047294589178273e+04 1.629092667119500959e+01
1.284316382765531125e+04 1.630154003138996188e+01
1.286585470941883796e+04 1.631210588886988333e+01
1.288854559118236648e+04 1.632262322368866947e+01
1.291123647294589136e+04 1.633521652167147664e+01
1.310770262132304742e+04 1.643512748414223168e+01
1.330416876970020348e+04 1.653503844661299027e+01
1.350063491807735954e+04 1.663494940908374531e+01
1.369710106645451742e+04 1.673486037155450390e+01
1.389356721483167348e+04 1.683477133402526249e+01
1.409003336320882954e+04 1.693468229649601753e+01
1.428649951158598560e+04 1.703459325896677257e+01
1.448296565996314166e+04 1.713450422143753116e+01
1.467943180834029772e+04 1.723441518390828975e+01
1.487589795671745378e+04 1.733432614637904479e+01
1.507236410509460984e+04 1.743423710884980338e+01
1.526883025347176772e+04 1.753414807132055842e+01
1.546529640184892378e+04 1.763405903379131701e+01
1.566176255022607984e+04 1.773396999626207560e+01
1.585822869860323590e+04 1.783388095873283063e+01
1.605469484698039196e+04 1.793379192120358567e+01
1.625116099535754984e+04 1.803370288367434426e+01
1.644762714373470590e+04 1.813361384614510285e+01
1.664409329211186196e+04 1.823352480861586145e+01
1.684055944048901802e+04 1.833343577108661648e+01
1.703702558886617408e+04 1.843334673355737152e+01
1.723349173724333014e+04 1.853325769602813011e+01
1.742995788562048619e+04 1.863316865849888870e+01
1.762642403399764225e+04 1.873307962096964729e+01
1.782289018237479831e+04 1.883299058344040233e+01
1.801935633075195437e+04 1.893290154591115737e+01
1.821582247912911407e+04 1.903281250838191596e+01
1.841228862750627013e+04 1.913272347085267455e+01
1.860875477588342619e+04 1.923263443332343314e+01
1.880522092426058225e+04 1.933254539579418818e+01
1.900168707263773831e+04 1.943245635826494322e+01
1.919815322101489437e+04 1.953236732073570181e+01
1.939461936939205043e+04 1.963227828320646040e+01
1.959108551776920649e+04 1.973218924567721544e+01
1.978755166614636255e+04 1.983210020814797048e+01
1.998401781452351861e+04 1.993201117061872907e+01
2.018048396290067467e+04 2.003192213308948766e+01
2.037695011127783073e+04 2.013183309556024625e+01
2.057341625965498679e+04 2.023174405803100129e+01
2.076988240803214285e+04 2.033165502050175633e+01
2.096634855640929891e+04 2.043156598297251492e+01
2.116281470478645497e+04 2.053147694544327351e+01
2.135928085316361103e+04 2.063138790791402855e+01
2.155574700154076709e+04 2.073129887038478358e+01
2.175221314991792315e+04 2.083120983285554217e+01
2.194867929829507921e+04 2.093112079532630077e+01
2.214514544667223890e+04 2.103103175779705936e+01
2.234161159504939496e+04 2.113094272026781439e+01
2.253807774342655102e+04 2.123085368273857299e+01
2.273454389180370708e+04 2.133076464520932802e+01
2.293101004018086314e+04 2.143067560768008661e+01
2.312747618855801920e+04 2.153058657015084520e+01
2.332394233693517526e+04 2.163049753262160024e+01
2.352040848531233496e+04 2.173040849509235883e+01
2.371687463368949102e+04 2.183031945756311387e+01
2.391334078206664708e+04 2.193023042003387246e+01
2.410980693044380314e+04 2.203014138250463105e+01
2.430627307882095920e+04 2.213005234497538609e+01
2.450273922719811526e+04 2.222996330744614113e+01
2.469920537557527132e+04 2.232987426991689972e+01
2.489567152395242738e+04 2.242978523238765831e+01
2.509213767232958344e+04 2.252969619485841690e+01
2.528860382070673950e+04 2.262960715732917194e+01
2.548506996908389556e+04 2.272951811979992698e+01
2.568153611746105162e+04 2.282942908227068557e+01
2.587800226583820768e+04 2.292934004474144416e+01
2.607446841421536374e+04 2.302925100721219920e+01
2.627093456259251980e+04 2.312916196968295424e+01
2.646740071096967586e+04 2.322907293215371283e+01
2.666386685934683192e+04 2.332898389462447142e+01
2.686033300772398798e+04 2.342889485709522646e+01
2.705679915610114404e+04 2.352880581956598149e+01
2.725326530447830010e+04 2.362871678203674009e+01
2.744973145285545615e+04 2.372862774450749868e+01
2.764619760123261585e+04 2.382853870697825727e+01
2.784266374960977191e+04 2.392844966944901586e+01
2.803912989798692797e+04 2.402836063191977090e+01
2.823559604636408403e+04 2.412827159439052593e+01
2.843206219474124009e+04 2.422818255686128452e+01
2.862852834311839615e+04 2.432809351933204312e+01
2.882499449149555221e+04 2.442800448180279815e+01
2.902146063987271191e+04 2.452791544427355674e+01
2.921792678824986797e+04 2.462782640674431178e+01
2.941439293662702403e+04 2.472773736921507037e+01
2.961085908500418009e+04 2.482764833168582896e+01
2.980732523338133615e+04 2.492755929415658755e+01
3.000379138175849221e+04 2.502747025662734259e+01
3.020025753013564827e+04 2.512738121909809763e+01
3.039672367851280433e+04 2.522729218156885622e+01
3.059318982688996039e+04 2.532720314403961481e+01
3.078965597526711645e+04 2.542711410651036985e+01
3.098612212364427251e+04 2.552702506898112489e+01
3.118258827202142857e+04 2.562693603145188348e+01
3.137905442039858463e+04 2.572684699392264207e+01
3.157552056877574068e+04 2.582675795639339711e+01
3.177198671715289674e+04 2.592666891886415570e+01
3.196845286553005280e+04 2.602657988133491074e+01
3.216491901390720886e+04 2.612649084380566933e+01
3.236138516228436492e+04 2.622640180627642437e+01
3.255785131066152098e+04 2.632631276874718296e+01
3.275431745903867704e+04 2.642622373121793800e+01
3.295078360741583310e+04 2.652613469368869659e+01
3.314724975579298916e+04 2.662604565615945162e+01
3.334371590417014522e+04 2.672595661863021022e+01
3.354018205254730128e+04 2.682586758110096881e+01
3.373664820092445734e+04 2.692577854357172384e+01
3.393311434930162068e+04 2.702568950604248599e+01
3.412958049767877674e+04 2.712560046851324103e+01
3.432604664605593280e+04 2.722551143098399962e+01
3.452251279443308886e+04 2.732542239345475465e+01
3.471897894281024492e+04 2.742533335592551325e+01
3.491544509118740098e+04 2.752524431839626828e+01
3.511191123956455704e+04 2.762515528086702687e+01
3.530837738794171310e+04 2.772506624333778191e+01
3.550484353631886916e+04 2.782497720580854050e+01
3.570130968469602522e+04 2.792488816827929554e+01
3.589777583307318127e+04 2.802479913075005413e+01
3.609424198145033733e+04 2.812471009322081272e+01
3.629070812982749339e+04 2.822462105569156776e+01
3.648717427820464945e+04 2.832453201816232635e+01
3.668364042658180551e+04 2.842444298063308139e+01
3.688010657495896157e+04 2.852435394310383998e+01
3.707657272333611763e+04 2.862426490557459502e+01
3.727303887171327369e+04 2.872417586804535361e+01
3.746950502009042975e+04 2.882408683051610865e+01
3.766597116846758581e+04 2.892399779298686724e+01
3.786243731684474187e+04 2.902390875545762228e+01
3.805890346522189793e+04 2.912381971792838087e+01
3.825536961359905399e+04 2.922373068039913591e+01
3.845183576197621005e+04 2.932364164286989450e+01
3.864830191035336611e+04 2.942355260534065309e+01
3.884476805873052217e+04 2.952346356781140813e+01
3.904123420710767823e+04 2.962337453028216672e+01
3.923770035548483429e+04 2.972328549275292175e+01
3.943416650386199035e+04 2.982319645522368035e+01
3.963063265223915369e+04 2.992310741769443894e+01
3.982709880061630975e+04 3.002301838016519753e+01
4.002356494899346580e+04 3.012292934263595257e+01
4.022003109737062186e+04 3.022284030510671116e+01
4.041649724574777792e+04 3.032275126757746619e+01
4.061296339412493398e+04 3.042266223004822479e+01
4.080942954250209004e+04 3.052257319251898338e+01
4.100589569087924610e+04 3.062248415498973841e+01
4.120236183925640216e+04 3.072239511746049700e+01
4.139882798763355822e+04 3.082230607993125204e+01
4.159529413601071428e+04 3.092221704240201063e+01
4.179176028438787034e+04 3.102212800487276567e+01
4.198822643276502640e+04 3.112203896734352426e+01
4.218469258114218246e+04 3.122194992981427930e+01
4.238115872951933852e+04 3.132186089228503789e+01
4.257762487789649458e+04 3.142177185475579293e+01
4.277409102627365064e+04 3.152168281722655152e+01
4.297055717465080670e+04 3.162159377969730656e+01
4.316702332302796276e+04 3.172150474216806515e+01
4.336348947140511882e+04 3.182141570463882374e+01
4.355995561978227488e+04 3.192132666710957878e+01
4.375642176815943094e+04 3.202123762958034092e+01
4.395288791653658700e+04 3.212114859205109241e+01
4.414935406491374306e+04 3.222105955452185100e+01
4.434582021329089912e+04 3.232097051699260248e+01
4.454228636166805518e+04 3.242088147946336107e+01
4.473875251004521124e+04 3.252079244193411967e+01
4.493521865842236730e+04 3.262070340440487826e+01
4.513168480679953063e+04 3.272061436687563685e+01
4.532815095517668669e+04 3.282052532934639544e+01
4.552461710355384275e+04 3.292043629181715403e+01
4.572108325193099881e+04 3.302034725428791262e+01
4.591754940030815487e+04 3.312025821675867121e+01
4.611401554868531093e+04 3.322016917922942270e+01
4.631048169706246699e+04 3.332008014170018129e+01
4.650694784543962305e+04 3.341999110417093277e+01
4.670341399381677911e+04 3.351990206664169136e+01
4.689988014219393517e+04 3.361981302911244995e+01
4.709634629057109123e+04 3.371972399158320854e+01
4.729281243894824729e+04 3.381963495405396714e+01
4.748927858732540335e+04 3.391954591652472573e+01
4.768574473570255941e+04 3.401945687899547721e+01
4.788221088407971547e+04 3.411936784146623580e+01
4.807867703245687153e+04 3.421927880393699439e+01
4.827514318083402759e+04 3.431918976640774588e+01
4.847160932921118365e+04 3.441910072887850447e+01
4.866807547758833971e+04 3.451901169134926306e+01
4.886454162596549577e+04 3.461892265382002165e+01
4.906100777434265183e+04 3.471883361629078024e+01
4.925747392271981516e+04 3.481874457876153883e+01
4.945394007109697122e+04 3.491865554123229742e+01
4.965040621947412728e+04 3.501856650370305601e+01
4.984687236785128334e+04 3.511847746617380750e+01
5.004333851622843940e+04 3.521838842864456609e+01
5.023980466460559546e+04 3.531829939111531758e+01
5.043627081298275152e+04 3.541821035358607617e+01
5.063273696135990758e+04 3.551812131605683476e+01
5.082920310973706364e+04 3.561803227852759335e+01
5.102566925811421970e+04 3.571794324099835194e+01
5.122213540649137576e+04 3.581785420346911053e+01
5.141860155486853182e+04 3.591776516593986912e+01
5.161506770324568788e+04 3.601767612841062061e+01
5.181153385162284394e+04 3.611758709088137920e+01
5.200800000000000000e+04 3.621749805335213068e+01
