2.124605000000000018e+03 8.631069826264669231e+00
2.146379338677354554e+03 8.660033829563619889e+00
2.168153677354709544e+03 8.688878419359181038e+00
2.189928016032064079e+03 8.717603742707190406e+00
2.211702354709418614e+03 8.746209951454856579e+00
2.233476693386773604e+03 8.774697202210216318e+00
2.255251032064128140e+03 8.803065656311638065e+00
2.277025370741482675e+03 8.831315479797288148e+00
2.298799709418837665e+03 8.859446843374630731e+00
2.320574048096192200e+03 8.887459922389922440e+00
2.342348386773546736e+03 8.915354896797675011e+00
2.364122725450901726e+03 8.943131951130158797e+00
2.385897064128256716e+03 8.970791274466886733e+00
2.407671402805611251e+03 8.998333060404100081e+00
2.429445741482965786e+03 9.025757507024245285e+00
2.451220080160320322e+03 9.053064816865470377e+00
2.472994418837675312e+03 9.080255196891108938e+00
2.494768757515029847e+03 9.107328858459162291e+00
2.516543096192384837e+03 9.134286017291799453e+00
2.538317434869739373e+03 9.161126893444823338e+00
2.560091773547093908e+03 9.187851711277165379e+00
2.581866112224448443e+03 9.214460699420369494e+00
2.603640450901803433e+03 9.240954090748097371e+00
2.625414789579158423e+03 9.267332122345580459e+00
2.647189128256512959e+03 9.293595035479139455e+00
2.668963466933867494e+03 9.319743075565638080e+00
2.690737805611222029e+03 9.345776492142000791e+00
2.712512144288577019e+03 9.371695538834675432e+00
2.734286482965932009e+03 9.397500473329134962e+00
2.756060821643286545e+03 9.423191557339354318e+00
2.777835160320641080e+03 9.448769056577301484e+00
2.799609498997995615e+03 9.474233240722412575e+00
2.821383837675350605e+03 9.499584383391086462e+00
2.843158176352705141e+03 9.524822762106193608e+00
2.864932515030060131e+03 9.549948658266512069e+00
2.886706853707414666e+03 9.574962357116259426e+00
2.908481192384769201e+03 9.599864147714553653e+00
2.930255531062124192e+03 9.624654322904909520e+00
2.952029869739478727e+03 9.649333179284706574e+00
2.973804208416833717e+03 9.673901017174721062e+00
2.995578547094188252e+03 9.698358140588549503e+00
3.017352885771542788e+03 9.722704857202153050e+00
3.039127224448897778e+03 9.746941478323297048e+00
3.060901563126252313e+03 9.771068318861061641e+00
3.082675901803607303e+03 9.795085697295345284e+00
3.104450240480961838e+03 9.818993935646297189e+00
3.126224579158316374e+03 9.842793359443856360e+00
3.147998917835670909e+03 9.866484297697203587e+00
3.169773256513025444e+03 9.890067082864270276e+00
3.191547595190380889e+03 9.913542050821222418e+00
3.213321933867735424e+03 9.936909540831926790e+00
3.235096272545089960e+03 9.960169895517442029e+00
3.256870611222444495e+03 9.983323460825539897e+00
3.278644949899799030e+03 1.000637058600014839e+01
3.300419288577154475e+03 1.002931162355083927e+01
3.322193627254509011e+03 1.005214692922235109e+01
3.343967965931863546e+03 1.007487686196405363e+01
3.365742304609218081e+03 1.009750178389941055e+01
3.387516643286573071e+03 1.012002206029551488e+01
3.409290981963927607e+03 1.014243805953253030e+01
3.431065320641282142e+03 1.016475015307319651e+01
3.452839659318636677e+03 1.018695871543232911e+01
3.474613997995991667e+03 1.020906412414627340e+01
3.496388336673346657e+03 1.023106675974241675e+01
3.518162675350701193e+03 1.025296700570867614e+01
3.539937014028055728e+03 1.027476524846294836e+01
3.561711352705410718e+03 1.029646187732264018e+01
3.583485691382765708e+03 1.031805728447414161e+01
3.605260030060120243e+03 1.033955186494229572e+01
3.627034368737474779e+03 1.036094601655989678e+01
3.648808707414829314e+03 1.038224013993716888e+01
3.670583046092184304e+03 1.040343463843128902e+01
3.692357384769538839e+03 1.042452991811579821e+01
3.714131723446893375e+03 1.044552638775017428e+01
3.735906062124247910e+03 1.046642445874924476e+01
3.757680400801603355e+03 1.048722454515272062e+01
3.779454739478957890e+03 1.050792706359466777e+01
3.801229078156312426e+03 1.052853243327297861e+01
3.823003416833666961e+03 1.054904107591888085e+01
3.844777755511021496e+03 1.056945341576641439e+01
3.866552094188376941e+03 1.058976987952191173e+01
3.888326432865731476e+03 1.060999089633349790e+01
3.910100771543086012e+03 1.063011689776054958e+01
3.931875110220440547e+03 1.065014831774322346e+01
3.953649448897795082e+03 1.067008559257191003e+01
3.975423787575150072e+03 1.068992916085671752e+01
3.997198126252504608e+03 1.070967946349698607e+01
4.018972464929859143e+03 1.072933694365073443e+01
4.040746803607214133e+03 1.074890204670419891e+01
4.062521142284569123e+03 1.076837522024126415e+01
4.084295480961923658e+03 1.078775691401297721e+01
4.106069819639278649e+03 1.080704757990704579e+01
4.127844158316633184e+03 1.082624767191729376e+01
4.149618496993987719e+03 1.084535764611316466e+01
4.171392835671342254e+03 1.086437796060921457e+01
4.193167174348696790e+03 1.088330907553458360e+01
4.214941513026051325e+03 1.090215145300249056e+01
4.236715851703405860e+03 1.092090555707970978e+01
4.258490190380761305e+03 1.093957185375606755e+01
4.280264529058115841e+03 1.095815081091392607e+01
4.302038867735470376e+03 1.097664289829767625e+01
4.323813206412825821e+03 1.099504858748320224e+01
4.345587545090180356e+03 1.101336835184738838e+01
4.367361883767534891e+03 1.103160266653759791e+01
4.389136222444889427e+03 1.104975200844115690e+01
4.410910561122243962e+03 1.106781685615484001e+01
4.432684899799598497e+03 1.108579768995436865e+01
4.454459238476953942e+03 1.110369499176388608e+01
4.476233577154308477e+03 1.112150924512543426e+01
4.498007915831663013e+03 1.113924093516845737e+01
4.519782254509017548e+03 1.115689054857929285e+01
4.541556593186372083e+03 1.117445857357063943e+01
4.563330931863727528e+03 1.119194549985103393e+01
4.585105270541082064e+03 1.120935181859438678e+01
4.606879609218436599e+03 1.122667802240939139e+01
4.628653947895791134e+03 1.124392460530910576e+01
4.650428286573145670e+03 1.126109206268033880e+01
4.672202625250501114e+03 1.127818089125322132e+01
4.693976963927855650e+03 1.129519158907062604e+01
4.715751302605210185e+03 1.131212465545770485e+01
4.737525641282564720e+03 1.132898059099134613e+01
4.759299979959920165e+03 1.134575989746966584e+01
4.781074318637274700e+03 1.136246307788150034e+01
4.802848657314629236e+03 1.137909063637587614e+01
4.824622995991983771e+03 1.139564307823152589e+01
4.846397334669338306e+03 1.141212090982634031e+01
4.868171673346692842e+03 1.142852463860688239e+01
4.889946012024047377e+03 1.144485477305785892e+01
4.911720350701401912e+03 1.146111182267159201e+01
4.933494689378756448e+03 1.147729629791756167e+01
4.955269028056112802e+03 1.149340871021181520e+01
4.977043366733467337e+03 1.150944957188650442e+01
4.998817705410821873e+03 1.152541939615936073e+01
5.020592044088176408e+03 1.154131869710317382e+01
5.042366382765530943e+03 1.155714798961529333e+01
5.064140721442885479e+03 1.157290778938710751e+01
5.085915060120240014e+03 1.158859861287349169e+01
5.107689398797594549e+03 1.160422097726236856e+01
5.129463737474949085e+03 1.161977540044413537e+01
5.151238076152303620e+03 1.163526240098119047e+01
5.173012414829659065e+03 1.165068249807736755e+01
5.194786753507013600e+03 1.166603621154746939e+01
5.216561092184368135e+03 1.168132406178674287e+01
5.238335430861723580e+03 1.169654656974034879e+01
5.260109769539078115e+03 1.171170425687286532e+01
5.281884108216432651e+03 1.172679764513776135e+01
5.303658446893787186e+03 1.174182725694689822e+01
5.325432785571141721e+03 1.175679361514001187e+01
5.347207124248496257e+03 1.177169724295417197e+01
5.368981462925850792e+03 1.178653866399329075e+01
5.390755801603205327e+03 1.180131840219765493e+01
5.412530140280559863e+03 1.181603698181328710e+01
5.434304478957916217e+03 1.183069492736158779e+01
5.456078817635270752e+03 1.184529276360868266e+01
5.477853156312625288e+03 1.185983101553501662e+01
5.499627494989979823e+03 1.187431020830477557e+01
5.521401833667334358e+03 1.188873086723535621e+01
5.543176172344688894e+03 1.190309351776694768e+01
5.564950511022043429e+03 1.191739868543191605e+01
5.586724849699397964e+03 1.193164689582433446e+01
5.608499188376752500e+03 1.194583867456947424e+01
5.630273527054107944e+03 1.195997454729326925e+01
5.652047865731462480e+03 1.197405503959184792e+01
5.673822204408817015e+03 1.198808067700095137e+01
5.695596543086171550e+03 1.200205198496544767e+01
5.717370881763526995e+03 1.201596948880888149e+01
5.739145220440881531e+03 1.202983371370282484e+01
5.760919559118236066e+03 1.204364518463649958e+01
5.782693897795590601e+03 1.205740442638619925e+01
5.804468236472945136e+03 1.207111196348476589e+01
5.826242575150300581e+03 1.208476832019108294e+01
5.848016913827655117e+03 1.209837402045960175e+01
5.869791252505009652e+03 1.211192958790977414e+01
5.891565591182365097e+03 1.212543554579557892e+01
5.913339929859719632e+03 1.213889241697496146e+01
5.935114268537074167e+03 1.215230072387937454e+01
5.956888607214428703e+03 1.216566098848322852e+01
5.978662945891783238e+03 1.217897373227339664e+01
6.000437284569137773e+03 1.219223947621867410e+01
6.022211623246492309e+03 1.220545874073929582e+01
6.043985961923846844e+03 1.221863204567640260e+01
6.065760300601202289e+03 1.223175991026153397e+01
6.087534639278557734e+03 1.224484285308612286e+01
6.109308977955912269e+03 1.225788139207097416e+01
6.131083316633266804e+03 1.227087604443571855e+01
6.152857655310621340e+03 1.228382732666836930e+01
6.174631993987975875e+03 1.229673575449474576e+01
6.196406332665330410e+03 1.230960184284798764e+01
6.218180671342684946e+03 1.232242610583803710e+01
6.239955010020039481e+03 1.233520905672112633e+01
6.261729348697394016e+03 1.234795120786924549e+01
6.283503687374749461e+03 1.236065307073967645e+01
6.305278026052103996e+03 1.237331515584442165e+01
6.327052364729458532e+03 1.238593797271970587e+01
6.348826703406813976e+03 1.239852202989551522e+01
6.370601042084168512e+03 1.241106783486497456e+01
6.392375380761523047e+03 1.242357589405396290e+01
6.414149719438877582e+03 1.243604671279051033e+01
6.435924058116232118e+03 1.244848079527430151e+01
6.457698396793586653e+03 1.246087864454617566e+01
6.479472735470941188e+03 1.247324076245761226e+01
6.501247074148295724e+03 1.248556764964020616e+01
6.523021412825650259e+03 1.249785980547517461e+01
6.544795751503004794e+03 1.251011772806279154e+01
6.566570090180360239e+03 1.252234191419194609e+01
6.588344428857715684e+03 1.253453285930958927e+01
6.610118767535070219e+03 1.254669105749020019e+01
6.631893106212424755e+03 1.255881700140532686e+01
6.653667444889779290e+03 1.257091118229301152e+01
6.675441783567133825e+03 1.258297408992734923e+01
6.697216122244488361e+03 1.259500621258787234e+01
6.718990460921842896e+03 1.260700803702912154e+01
6.740764799599197431e+03 1.261898004845014754e+01
6.762539138276551967e+03 1.263092273046387248e+01
6.784313476953907411e+03 1.264283656506676756e+01
6.806087815631262856e+03 1.265472203260812378e+01
6.827862154308617392e+03 1.266657961175970115e+01
6.849636492985971927e+03 1.267840977948515757e+01
6.871410831663326462e+03 1.269021301100952392e+01
6.893185170340680997e+03 1.270198977978872179e+01
6.914959509018035533e+03 1.271374055747898346e+01
6.936733847695390068e+03 1.272546581390645670e+01
6.958508186372744603e+03 1.273716601703655726e+01
6.980282525050100048e+03 1.274884163294356298e+01
7.002056863727454584e+03 1.276049312578000361e+01
7.023831202404809119e+03 1.277212095774622291e+01
7.045605541082163654e+03 1.278372558905988576e+01
7.067379879759519099e+03 1.279530747792531464e+01
7.089154218436873634e+03 1.280686708050319922e+01
7.110928557114228170e+03 1.281840485087986181e+01
7.132702895791582705e+03 1.282992124103688525e+01
7.154477234468937240e+03 1.284141670082058084e+01
7.176251573146291776e+03 1.285289167791141374e+01
7.198025911823646311e+03 1.286434661779352950e+01
7.219800250501001756e+03 1.287578196372425587e+01
7.241574589178356291e+03 1.288719815670357249e+01
7.263348927855711736e+03 1.289859563544357535e+01
7.285123266533066271e+03 1.290997483633799803e+01
7.306897605210420807e+03 1.292133619343165662e+01
7.328671943887775342e+03 1.293268013839001362e+01
7.350446282565129877e+03 1.294400710046856773e+01
7.372220621242484413e+03 1.295531750648237335e+01
7.393994959919838948e+03 1.296661178077562049e+01
7.415769298597193483e+03 1.297789034519090023e+01
7.437543637274548018e+03 1.298915361903897470e+01
7.459317975951903463e+03 1.300040201906805493e+01
7.481092314629257999e+03 1.301163595943328843e+01
7.502866653306613443e+03 1.302285585166640658e+01
7.524640991983967979e+03 1.303406210464504511e+01
7.546415330661322514e+03 1.304525512456234893e+01
7.568189669338677049e+03 1.305643531489633347e+01
7.589964008016031585e+03 1.306760307637950014e+01
7.611738346693386120e+03 1.307875880696827053e+01
7.633512685370740655e+03 1.308990290181242422e+01
7.655287024048097010e+03 1.310103575322465375e+01
7.677061362725449726e+03 1.311215775065001665e+01
7.698835701402806080e+03 1.312326928063541231e+01
7.720610040080158797e+03 1.313437072679912987e+01
7.742384378757515151e+03 1.314546246980025401e+01
7.764158717434868777e+03 1.315654488730818628e+01
7.785933056112224222e+03 1.316761835397216274e+01
7.807707394789578757e+03 1.317868324139067937e+01
7.829481733466933292e+03 1.318973991808099377e+01
7.851256072144287828e+03 1.320078874944869796e+01
7.873030410821642363e+03 1.321183009775703354e+01
7.894804749498996898e+03 1.322286432209657470e+01
7.916579088176351434e+03 1.323389177835449715e+01
7.938353426853707788e+03 1.324491281918430730e+01
7.960127765531061414e+03 1.325592779397515741e+01
7.981902104208416858e+03 1.326693704882132785e+01
8.003676442885770484e+03 1.327794092649186197e+01
8.025450781563125929e+03 1.328893976639981567e+01
8.047225120240480464e+03 1.329993390457203972e+01
8.068999458917835000e+03 1.331092367361840445e+01
8.090773797595189535e+03 1.332190940270143287e+01
8.112548136272544070e+03 1.333289141750573137e+01
8.134322474949898606e+03 1.334387004020747369e+01
8.156096813627254051e+03 1.335484558944390265e+01
8.177871152304608586e+03 1.336581838028285496e+01
8.199645490981962212e+03 1.337678872419218834e+01
8.221419829659318566e+03 1.338775692900922465e+01
8.243194168336673101e+03 1.339872329891039904e+01
8.264968507014027637e+03 1.340968813438058937e+01
8.286742845691382172e+03 1.342065173218264817e+01
8.308517184368736707e+03 1.343161438532695584e+01
8.330291523046091243e+03 1.344257638304078739e+01
8.352065861723447597e+03 1.345353801073786926e+01
8.373840200400802132e+03 1.346449954998789522e+01
8.395614539078156668e+03 1.347546127848595710e+01
8.417388877755511203e+03 1.348642347002204289e+01
8.439163216432865738e+03 1.349738639445050303e+01
8.460937555110220273e+03 1.350835031765963379e+01
8.482711893787574809e+03 1.351931550154100137e+01
8.504486232464929344e+03 1.353028220395907510e+01
8.526260571142283879e+03 1.354125067872067056e+01
8.548034909819638415e+03 1.355222117554437489e+01
8.569809248496992950e+03 1.356319394003011070e+01
8.591583587174347485e+03 1.357416921362857920e+01
8.613357925851702021e+03 1.358514723361074950e+01
8.635132264529058375e+03 1.359612823303736207e+01
8.656906603206412910e+03 1.360711244072842874e+01
8.678680941883765627e+03 1.361810008123267934e+01
8.700455280561120162e+03 1.362909137479701371e+01
8.722229619238474697e+03 1.364008653733618992e+01
8.744003957915832871e+03 1.365108578040196363e+01
8.765778296593185587e+03 1.366208931115290426e+01
8.787552635270541941e+03 1.367309733232372437e+01
8.809326973947894658e+03 1.368411004219472460e+01
8.831101312625251012e+03 1.369512763456144988e+01
8.852875651302603728e+03 1.370615029870398516e+01
8.874649989979960083e+03 1.371717821935653703e+01
8.896424328657314618e+03 1.372821157667695502e+01
8.918198667334669153e+03 1.373925054621611608e+01
8.939973006012023689e+03 1.375029529888753643e+01
8.961747344689378224e+03 1.376134600093667260e+01
8.983521683366732759e+03 1.377240281391064514e+01
9.005296022044087294e+03 1.378346589462755922e+01
9.027070360721441830e+03 1.379453539514594418e+01
9.048844699398796365e+03 1.380561146273453055e+01
9.070619038076150900e+03 1.381669423984131484e+01
9.092393376753505436e+03 1.382778386406343785e+01
9.114167715430859971e+03 1.383888046811635064e+01
9.135942054108214506e+03 1.384998417980355967e+01
9.157716392785570861e+03 1.386109512198596860e+01
9.179490731462925396e+03 1.387221341255138007e+01
9.201265070140279931e+03 1.388333916438405424e+01
9.223039408817634467e+03 1.389447248533404533e+01
9.244813747494989002e+03 1.390561347818687743e+01
9.266588086172343537e+03 1.391676224063288458e+01
9.288362424849698073e+03 1.392791886523670364e+01
9.310136763527054427e+03 1.393908343940698558e+01
9.331911102204408962e+03 1.395025604536544073e+01
9.353685440881763498e+03 1.396143676011678814e+01
9.375459779559118033e+03 1.397262565541798551e+01
9.397234118236472568e+03 1.398382279774770254e+01
9.419008456913827104e+03 1.399502824827599845e+01
9.440782795591181639e+03 1.400624206283353601e+01
9.462557134268536174e+03 1.401746429188130172e+01
9.484331472945890710e+03 1.402869498047997610e+01
9.506105811623245245e+03 1.403993416825955798e+01
9.527880150300599780e+03 1.405118188938853230e+01
9.549654488977954315e+03 1.406243817254376083e+01
9.571428827655308851e+03 1.407370304087964286e+01
9.593203166332665205e+03 1.408497651199776612e+01
9.614977505010017921e+03 1.409625859791642633e+01
9.636751843687374276e+03 1.410754930503992632e+01
9.658526182364728811e+03 1.411884863412828217e+01
9.680300521042085165e+03 1.413015658026654542e+01
9.702074859719437882e+03 1.414147313283442386e+01
9.723849198396794236e+03 1.415279827547558433e+01
9.745623537074148771e+03 1.416413198606735868e+01
9.767397875751503307e+03 1.417547423669005724e+01
9.789172214428857842e+03 1.418682499359648652e+01
9.810946553106212377e+03 1.419818421718161794e+01
9.832720891783566913e+03 1.420955186195176623e+01
9.854495230460921448e+03 1.422092787649426349e+01
9.876269569138275983e+03 1.423231220344699643e+01
9.898043907815630519e+03 1.424370477946775360e+01
9.919818246492985054e+03 1.425510553520374835e+01
9.941592585170339589e+03 1.426651439526113307e+01
9.963366923847694125e+03 1.427793127817455243e+01
9.985141262525048660e+03 1.428935609637643722e+01
1.000691560120240320e+04 1.430078875616668910e+01
1.002868993987975773e+04 1.431222915768207216e+01
1.005046427855711408e+04 1.432367719486570579e+01
1.007223861723446862e+04 1.433513275543656285e+01
1.009401295591182316e+04 1.434659572085890744e+01
1.011578729458917769e+04 1.435806596631192456e+01
1.013756163326653223e+04 1.436954336065899618e+01
1.015933597194388858e+04 1.438102776641737712e+01
1.018111031062124130e+04 1.439251903972753510e+01
1.020288464929859765e+04 1.440401703032273950e+01
1.022465898797595037e+04 1.441552158149855778e+01
1.024643332665330672e+04 1.442703253008221687e+01
1.026820766533066126e+04 1.443854970640215285e+01
1.028998200400801579e+04 1.445007293425761041e+01
1.031175634268537033e+04 1.446160203088797047e+01
1.033353068136272486e+04 1.447313680694233007e+01
1.035530502004007940e+04 1.448467706644884601e+01
1.037707935871743393e+04 1.449622260678447638e+01
1.039885369739478847e+04 1.450777321864422120e+01
1.042062803607214300e+04 1.451932868601075555e+01
1.044240237474949936e+04 1.453088878612384427e+01
1.046417671342685207e+04 1.454245328944980997e+01
1.048595105210420843e+04 1.455402195965119816e+01
1.050772539078156115e+04 1.456559455355599653e+01
1.052949972945891750e+04 1.457717082112727525e+01
1.055127406813627022e+04 1.458875050543265850e+01
1.057304840681362657e+04 1.460033334261385818e+01
1.059482274549098111e+04 1.461191906185598910e+01
1.061659708416833564e+04 1.462350738535727146e+01
1.063837142284569200e+04 1.463509802829827855e+01
1.066014576152304653e+04 1.464669069881176888e+01
1.068192010020040107e+04 1.465828509795179535e+01
1.070369443887775560e+04 1.466988091966334906e+01
1.072546877755511014e+04 1.468147785075198541e+01
1.074724311623246467e+04 1.469307557085307181e+01
1.076901745490981921e+04 1.470467375240142971e+01
1.079079179358717374e+04 1.471627206060068893e+01
1.081256613226452828e+04 1.472787015339299899e+01
1.083434047094188281e+04 1.473946768142823061e+01
1.085611480961923735e+04 1.475106428803372438e+01
1.087788914829659188e+04 1.476265960918355269e+01
1.089966348697394642e+04 1.477425327346816175e+01
1.092143782565130095e+04 1.478584490206382895e+01
1.094321216432865549e+04 1.479743410870208109e+01
1.096498650300601003e+04 1.480902049963921741e+01
1.098676084168336456e+04 1.482060367362589837e+01
1.100853518036072091e+04 1.483218322187639693e+01
1.103030951903807545e+04 1.484375872803835428e+01
1.105208385771543180e+04 1.485532976816200090e+01
1.107385819639278452e+04 1.486689591066989280e+01
1.109563253507014088e+04 1.487845671632624445e+01
1.111740687374749541e+04 1.489001173820648205e+01
1.113918121242484995e+04 1.490156052166664935e+01
1.116095555110220448e+04 1.491310260431297152e+01
1.118272988977955902e+04 1.492463751597129473e+01
1.120450422845691355e+04 1.493616477865665715e+01
1.122627856713426809e+04 1.494768390654260770e+01
1.124805290581162262e+04 1.495919440593087657e+01
1.126982724448897716e+04 1.497069577522075789e+01
1.129160158316633169e+04 1.498218750487860262e+01
1.131337592184368623e+04 1.499366907740741262e+01
1.133515026052104076e+04 1.500513996731607946e+01
1.135692459919839530e+04 1.501659964108908341e+01
1.137869893787574983e+04 1.502804755715601459e+01
1.140047327655310437e+04 1.503948316586085809e+01
1.142224761523046072e+04 1.505090590943162177e+01
1.144402195390781344e+04 1.506231522194978467e+01
1.146579629258516979e+04 1.507371052931978106e+01
1.148757063126252615e+04 1.508509124923851985e+01
1.150934496993987887e+04 1.509645679116488104e+01
1.153111930861723522e+04 1.510780655628901137e+01
1.155289364729458794e+04 1.511913993750214402e+01
1.157466798597194429e+04 1.513045631936583391e+01
1.159644232464929701e+04 1.514175507808138121e+01
1.161821666332665336e+04 1.515303558145973639e+01
1.163999100200400790e+04 1.516429718889043166e+01
1.166176534068136243e+04 1.517553925131149484e+01
1.168353967935871697e+04 1.518676111117874328e+01
1.170531401803607150e+04 1.519796210243520918e+01
1.172708835671342604e+04 1.520914155048085803e+01
1.174886269539078057e+04 1.522029877214186655e+01
1.177063703406813511e+04 1.523143307564019011e+01
1.179241137274548964e+04 1.524254376056301119e+01
1.181418571142284600e+04 1.525363011783228018e+01
1.183596005010019871e+04 1.526469142967420645e+01
1.185773438877755507e+04 1.527572696958865706e+01
1.187950872745490778e+04 1.528673600231871177e+01
1.190128306613226414e+04 1.529771778382009373e+01
1.192305740480961686e+04 1.530867156123082751e+01
1.194483174348697321e+04 1.531959657284046550e+01
1.196660608216432593e+04 1.533049204805973531e+01
1.198838042084168228e+04 1.534135720739004327e+01
1.201015475951903682e+04 1.535219126239281806e+01
1.203192909819639317e+04 1.536299341565919896e+01
1.205370343687374771e+04 1.537376286077929066e+01
1.207547777555110224e+04 1.538449878231191903e+01
1.209725211422845678e+04 1.539520035575376156e+01
1.211902645290581131e+04 1.540586674750933760e+01
1.214080079158316585e+04 1.541649711485991681e+01
1.216257513026052038e+04 1.542709060593341164e+01
1.218434946893787492e+04 1.543764635967374232e+01
1.220612380761522945e+04 1.544816350581031550e+01
1.222789814629258399e+04 1.545864116482754014e+01
1.224967248496993852e+04 1.546907844793408415e+01
1.227144682364729306e+04 1.547947445703293212e+01
1.229322116232464759e+04 1.548982828469021200e+01
1.231499550100200213e+04 1.550013901410505213e+01
1.233676983967935848e+04 1.551040571907900301e+01
1.235854417835671120e+04 1.552062746398555859e+01
1.238031851703406755e+04 1.553080330373949991e+01
1.240209285571142209e+04 1.554093228376645897e+01
1.242386719438877844e+04 1.555101343997262475e+01
1.244564153306613116e+04 1.556104579871367832e+01
1.246741587174348751e+04 1.557102837676492513e+01
1.248919021042084023e+04 1.558096018129035620e+01
1.251096454909819658e+04 1.559084020981230090e+01
1.253273888777554930e+04 1.560066745018082734e+01
1.255451322645290566e+04 1.561044088054332768e+01
1.257628756513026019e+04 1.562015946931389010e+01
1.259806190380761473e+04 1.562982217514278460e+01
1.261983624248496926e+04 1.563942794688621873e+01
1.264161058116232380e+04 1.564897572357546807e+01
1.266338491983967833e+04 1.565846443438645963e+01
1.268515925851703287e+04 1.566789299860942464e+01
1.270693359719438740e+04 1.567726032561813909e+01
1.272870793587174194e+04 1.568656531483972216e+01
1.275048227454909647e+04 1.569580685572374890e+01
1.277225661322645101e+04 1.570498382771203438e+01
1.279403095190380736e+04 1.571409510020797740e+01
1.281580529058116008e+04 1.572313953254602126e+01
1.283757962925851643e+04 1.573211597396134387e+01
1.285935396793587279e+04 1.574102326355906811e+01
1.288112830661322550e+04 1.574986023028395365e+01
1.290290264529058186e+04 1.579739461753090879e+01
1.309916946616851783e+04 1.589844770052435940e+01
1.329543628704645562e+04 1.599950078351781002e+01
1.349170310792439159e+04 1.610055386651126241e+01
1.368796992880232938e+04 1.620160694950471481e+01
1.388423674968026535e+04 1.630266003249816364e+01
1.408050357055820314e+04 1.640371311549161604e+01
1.427677039143613911e+04 1.650476619848506488e+01
1.447303721231407690e+04 1.660581928147851727e+01
1.466930403319201287e+04 1.670687236447196966e+01
1.486557085406994884e+04 1.680792544746541850e+01
1.506183767494788663e+04 1.690897853045887089e+01
1.525810449582582260e+04 1.701003161345232328e+01
1.545437131670376039e+04 1.711108469644577212e+01
1.565063813758169636e+04 1.721213777943922452e+01
1.584690495845963233e+04 1.731319086243267691e+01
1.604317177933757011e+04 1.741424394542612930e+01
1.623943860021550790e+04 1.751529702841957814e+01
1.643570542109344387e+04 1.761635011141302698e+01
1.663197224197137984e+04 1.771740319440647937e+01
1.682823906284931581e+04 1.781845627739993176e+01
1.702450588372725178e+04 1.791950936039338416e+01
1.722077270460519139e+04 1.802056244338683655e+01
1.741703952548312736e+04 1.812161552638028539e+01
1.761330634636106333e+04 1.822266860937373423e+01
1.780957316723900294e+04 1.832372169236718662e+01
1.800583998811693891e+04 1.842477477536063901e+01
1.820210680899487488e+04 1.852582785835409140e+01
1.839837362987281085e+04 1.862688094134754024e+01
1.859464045075074682e+04 1.872793402434098908e+01
1.879090727162868279e+04 1.882898710733444148e+01
1.898717409250662240e+04 1.893004019032789387e+01
1.918344091338455837e+04 1.903109327332134626e+01
1.937970773426249434e+04 1.913214635631479510e+01
1.957597455514043395e+04 1.923319943930825104e+01
1.977224137601836992e+04 1.933425252230169988e+01
1.996850819689630589e+04 1.943530560529514872e+01
2.016477501777424186e+04 1.953635868828860112e+01
2.036104183865217783e+04 1.963741177128205351e+01
2.055730865953011380e+04 1.973846485427550235e+01
2.075357548040805341e+04 1.983951793726895474e+01
2.094984230128598938e+04 1.994057102026240358e+01
2.114610912216392535e+04 2.004162410325585597e+01
2.134237594304186496e+04 2.014267718624930836e+01
2.153864276391980093e+04 2.024373026924276076e+01
2.173490958479773690e+04 2.034478335223620959e+01
2.193117640567567287e+04 2.044583643522966199e+01
2.212744322655360884e+04 2.054688951822311083e+01
2.232371004743154481e+04 2.064794260121656322e+01
2.251997686830948078e+04 2.074899568421001561e+01
2.271624368918742039e+04 2.085004876720346800e+01
2.291251051006535636e+04 2.095110185019691684e+01
2.310877733094329596e+04 2.105215493319036923e+01
2.330504415182123194e+04 2.115320801618381807e+01
2.350131097269916791e+04 2.125426109917727047e+01
2.369757779357710388e+04 2.135531418217072286e+01
2.389384461445503985e+04 2.145636726516417170e+01
2.409011143533297582e+04 2.155742034815762054e+01
2.428637825621091179e+04 2.165847343115107293e+01
2.448264507708885139e+04 2.175952651414452532e+01
2.467891189796678736e+04 2.186057959713797771e+01
2.487517871884472697e+04 2.196163268013143011e+01
2.507144553972266294e+04 2.206268576312488250e+01
2.526771236060059891e+04 2.216373884611833134e+01
2.546397918147853488e+04 2.226479192911178018e+01
2.566024600235647085e+04 2.236584501210523257e+01
2.585651282323440682e+04 2.246689809509868496e+01
2.605277964411234279e+04 2.256795117809213380e+01
2.624904646499028240e+04 2.266900426108558619e+01
2.644531328586821837e+04 2.277005734407903503e+01
2.664158010674615798e+04 2.287111042707248743e+01
2.683784692762409395e+04 2.297216351006593982e+01
2.703411374850202992e+04 2.307321659305939221e+01
2.723038056937996589e+04 2.317426967605284460e+01
2.742664739025790186e+04 2.327532275904629344e+01
2.762291421113583783e+04 2.337637584203974228e+01
2.781918103201377380e+04 2.347742892503319467e+01
2.801544785289171341e+04 2.357848200802664707e+01
2.821171467376964938e+04 2.367953509102009946e+01
2.840798149464758899e+04 2.378058817401355185e+01
2.860424831552552496e+04 2.388164125700700069e+01
2.880051513640346093e+04 2.398269434000044953e+01
2.899678195728139690e+04 2.408374742299390192e+01
2.919304877815933287e+04 2.418480050598735431e+01
2.938931559903726884e+04 2.428585358898080315e+01
2.958558241991520845e+04 2.438690667197425910e+01
2.978184924079314442e+04 2.448795975496770794e+01
2.997811606167108039e+04 2.458901283796115678e+01
3.017438288254901636e+04 2.469006592095460917e+01
3.037064970342695233e+04 2.479111900394806156e+01
3.056691652430489194e+04 2.489217208694151395e+01
3.076318334518282791e+04 2.499322516993496279e+01
3.095945016606076388e+04 2.509427825292841163e+01
3.115571698693869985e+04 2.519533133592186402e+01
3.135198380781663946e+04 2.529638441891531642e+01
3.154825062869457543e+04 2.539743750190876881e+01
3.174451744957251140e+04 2.549849058490221765e+01
3.194078427045044737e+04 2.559954366789567004e+01
3.213705109132838334e+04 2.570059675088911888e+01
3.233331791220632294e+04 2.580164983388257127e+01
3.252958473308425891e+04 2.590270291687602366e+01
3.272585155396219488e+04 2.600375599986947250e+01
3.292211837484013085e+04 2.610480908286292490e+01
3.311838519571807410e+04 2.620586216585638084e+01
3.331465201659601007e+04 2.630691524884982968e+01
3.351091883747394604e+04 2.640796833184328207e+01
3.370718565835188201e+04 2.650902141483673091e+01
3.390345247922981798e+04 2.661007449783018330e+01
3.409971930010775395e+04 2.671112758082363214e+01
3.429598612098568992e+04 2.681218066381708454e+01
3.449225294186362589e+04 2.691323374681053338e+01
3.468851976274156186e+04 2.701428682980398577e+01
3.488478658361949783e+04 2.711533991279743461e+01
3.508105340449743380e+04 2.721639299579088700e+01
3.527732022537536977e+04 2.731744607878433584e+01
3.547358704625330574e+04 2.741849916177778823e+01
3.566985386713124171e+04 2.751955224477123707e+01
3.586612068800918496e+04 2.762060532776469302e+01
3.606238750888712093e+04 2.772165841075814541e+01
3.625865432976505690e+04 2.782271149375159425e+01
3.645492115064299287e+04 2.792376457674504664e+01
3.665118797152092884e+04 2.802481765973849548e+01
3.684745479239887209e+04 2.812587074273195142e+01
3.704372161327680806e+04 2.822692382572540026e+01
3.723998843415474403e+04 2.832797690871885266e+01
3.743625525503268000e+04 2.842902999171230149e+01
3.763252207591061597e+04 2.853008307470575389e+01
3.782878889678855194e+04 2.863113615769920273e+01
3.802505571766648791e+04 2.873218924069265512e+01
3.822132253854442388e+04 2.883324232368610751e+01
3.841758935942235985e+04 2.893429540667955635e+01
3.861385618030029582e+04 2.903534848967300874e+01
3.881012300117823179e+04 2.913640157266645758e+01
3.900638982205616776e+04 2.923745465565990997e+01
3.920265664293410373e+04 2.933850773865335881e+01
3.939892346381204698e+04 2.943956082164681476e+01
3.959519028468998295e+04 2.954061390464026360e+01
3.979145710556791892e+04 2.964166698763371599e+01
3.998772392644585489e+04 2.974272007062716483e+01
4.018399074732379086e+04 2.984377315362061722e+01
4.038025756820173410e+04 2.994482623661406961e+01
4.057652438907967007e+04 3.004587931960752201e+01
4.077279120995760604e+04 3.014693240260097440e+01
4.096905803083554201e+04 3.024798548559442324e+01
4.116532485171347798e+04 3.034903856858787563e+01
4.136159167259141395e+04 3.045009165158132447e+01
4.155785849346934992e+04 3.055114473457477686e+01
4.175412531434728589e+04 3.065219781756822570e+01
4.195039213522522186e+04 3.075325090056167809e+01
4.214665895610315783e+04 3.085430398355512693e+01
4.234292577698109380e+04 3.095535706654857933e+01
4.253919259785902977e+04 3.105641014954202817e+01
4.273545941873696574e+04 3.115746323253548056e+01
4.293172623961490171e+04 3.125851631552892940e+01
4.312799306049284496e+04 3.135956939852238534e+01
4.332425988137078093e+04 3.146062248151583773e+01
4.352052670224871690e+04 3.156167556450928657e+01
4.371679352312665287e+04 3.166272864750273897e+01
4.391306034400459612e+04 3.176378173049619136e+01
4.410932716488253209e+04 3.186483481348964375e+01
4.430559398576046806e+04 3.196588789648309259e+01
4.450186080663840403e+04 3.206694097947654143e+01
4.469812762751634000e+04 3.216799406246999382e+01
4.489439444839427597e+04 3.226904714546344621e+01
4.509066126927221194e+04 3.237010022845689150e+01
4.528692809015014791e+04 3.247115331145035100e+01
4.548319491102808388e+04 3.257220639444379628e+01
4.567946173190601985e+04 3.267325947743724868e+01
4.587572855278395582e+04 3.277431256043070107e+01
4.607199537366189179e+04 3.287536564342414636e+01
4.626826219453983504e+04 3.297641872641760585e+01
4.646452901541777101e+04 3.307747180941105114e+01
4.666079583629570698e+04 3.317852489240451064e+01
4.685706265717364295e+04 3.327957797539795592e+01
4.705332947805157892e+04 3.338063105839140832e+01
4.724959629892951489e+04 3.348168414138486071e+01
4.744586311980745086e+04 3.358273722437830600e+01
4.764212994068538683e+04 3.368379030737175839e+01
4.783839676156332280e+04 3.378484339036521078e+01
4.803466358244126604e+04 3.388589647335867028e+01
4.823093040331920201e+04 3.398694955635211556e+01
4.842719722419713798e+04 3.408800263934556796e+01
4.862346404507507395e+04 3.418905572233902035e+01
4.881973086595300992e+04 3.429010880533246564e+01
4.901599768683094590e+04 3.439116188832591803e+01
4.921226450770888187e+04 3.449221497131937042e+01
4.940853132858681784e+04 3.459326805431281571e+01
4.960479814946475381e+04 3.469432113730627520e+01
4.980106497034269705e+04 3.479537422029972049e+01
4.999733179122063302e+04 3.489642730329317999e+01
5.019359861209856899e+04 3.499748038628662528e+01
5.038986543297650496e+04 3.509853346928007767e+01
5.058613225385444093e+04 3.519958655227353006e+01
5.078239907473237690e+04 3.530063963526697535e+01
5.097866589561031287e+04 3.540169271826043484e+01
5.117493271648824884e+04 3.550274580125388013e+01
5.137119953736618481e+04 3.560379888424733252e+01
5.156746635824412806e+04 3.570485196724078492e+01
5.176373317912206403e+04 3.580590505023423731e+01
5.196000000000000000e+04 3.590695813322768970e+01
