2.859949999999999818e+03 4.365097182687802224e+00
2.880168537074147935e+03 4.393920685364307133e+00
2.900387074148296506e+03 4.422486601721574928e+00
2.920605611222445077e+03 4.450797402203105158e+00
2.940824148296593194e+03 4.478855543147380658e+00
2.961042685370741310e+03 4.506663466823736641e+00
2.981261222444889427e+03 4.534223601468215570e+00
3.001479759519037543e+03 4.561538361319450452e+00
3.021698296593186114e+03 4.588610146654510835e+00
3.041916833667334686e+03 4.615441343824798537e+00
3.062135370741482802e+03 4.642034325291882091e+00
3.082353907815630919e+03 4.668391449663387149e+00
3.102572444889779035e+03 4.694515061728859351e+00
3.122790981963927607e+03 4.720407492495622748e+00
3.143009519038076178e+03 4.746071059224654221e+00
3.163228056112224294e+03 4.771508065466448123e+00
3.183446593186372411e+03 4.796720801096885367e+00
3.203665130260520982e+03 4.821711542353097180e+00
3.223883667334669553e+03 4.846482551869336852e+00
3.244102204408817215e+03 4.871036078712833728e+00
3.264320741482965786e+03 4.895374358419681826e+00
3.284539278557113903e+03 4.919499613030695606e+00
3.304757815631262019e+03 4.943414051127263065e+00
3.324976352705410591e+03 4.967119867867243244e+00
3.345194889779559162e+03 4.990619245020798900e+00
3.365413426853707278e+03 5.013914351006298453e+00
3.385631963927855395e+03 5.037007340926150434e+00
3.405850501002003512e+03 5.059900356602697435e+00
3.426069038076152083e+03 5.082595526614063886e+00
3.446287575150300654e+03 5.105094966330026907e+00
3.466506112224448771e+03 5.127400777947898725e+00
3.486724649298596887e+03 5.149515050528371773e+00
3.506943186372745458e+03 5.171439860031400215e+00
3.527161723446893575e+03 5.193177269352062808e+00
3.547380260521041691e+03 5.214729328356424887e+00
3.567598797595190263e+03 5.236098073917412776e+00
3.587817334669338379e+03 5.257285529950678438e+00
3.608035871743486496e+03 5.278293707450469441e+00
3.628254408817634612e+03 5.299124604525490057e+00
3.648472945891783638e+03 5.319780206434761460e+00
3.668691482965931755e+03 5.340262485623517463e+00
3.688910020040079871e+03 5.360573401759031853e+00
3.709128557114227988e+03 5.380714901766523894e+00
3.729347094188376104e+03 5.400688919864991888e+00
3.749565631262524676e+03 5.420497377603109790e+00
3.769784168336672792e+03 5.440142183895067873e+00
3.790002705410821363e+03 5.459625235056454251e+00
3.810221242484969480e+03 5.478948414840124848e+00
3.830439779559118051e+03 5.498113594472068044e+00
3.850658316633266168e+03 5.517122632687248895e+00
3.870876853707414284e+03 5.535977375765522623e+00
3.891095390781562855e+03 5.554679657567458406e+00
3.911313927855710972e+03 5.573231299570228003e+00
3.931532464929859543e+03 5.591634110903456190e+00
3.951751002004007660e+03 5.609889888385125367e+00
3.971969539078156231e+03 5.628000416557390473e+00
3.992188076152304347e+03 5.645967467722484479e+00
4.012406613226452464e+03 5.663792801978573266e+00
4.032625150300601035e+03 5.681478167255619383e+00
4.052843687374749152e+03 5.699025299351248464e+00
4.073062224448897723e+03 5.716435921966626310e+00
4.093280761523045840e+03 5.733711746742321758e+00
4.113499298597193956e+03 5.750854473294157998e+00
4.133717835671342073e+03 5.767865789249110087e+00
4.153936372745490189e+03 5.784747370281140277e+00
4.174154909819639215e+03 5.801500880147090200e+00
4.194373446893787332e+03 5.818127970722528630e+00
4.214591983967935448e+03 5.834630282037634785e+00
4.234810521042083565e+03 5.851009442313054087e+00
4.255029058116231681e+03 5.867267067995760144e+00
4.275247595190379798e+03 5.883404763794953141e+00
4.295466132264527914e+03 5.899424122717881858e+00
4.315684669338676940e+03 5.915326726105746502e+00
4.335903206412825057e+03 5.931114143669537597e+00
4.356121743486974083e+03 5.946787933525935266e+00
4.376340280561122199e+03 5.962349642233148117e+00
4.396558817635270316e+03 5.977800804826790326e+00
4.416777354709418432e+03 5.993142944855753385e+00
4.436995891783566549e+03 6.008377574418070743e+00
4.457214428857714665e+03 6.023506194196772690e+00
4.477432965931863691e+03 6.038530293495771417e+00
4.497651503006011808e+03 6.053451350275723009e+00
4.517870040080159924e+03 6.068270831189881420e+00
4.538088577154308950e+03 6.082990191619980891e+00
4.558307114228457067e+03 6.097610875712108580e+00
4.578525651302605183e+03 6.112134316412538126e+00
4.598744188376753300e+03 6.126561935503638701e+00
4.618962725450901416e+03 6.140895143639712117e+00
4.639181262525049533e+03 6.155135340382877018e+00
4.659399799599197650e+03 6.169283914238923749e+00
4.679618336673346676e+03 6.183342242693194990e+00
4.699836873747493883e+03 6.197311692246424641e+00
4.720055410821642909e+03 6.211193618450653986e+00
4.740273947895791025e+03 6.224989365945043929e+00
4.760492484969940051e+03 6.238700268491788492e+00
4.780711022044088168e+03 6.252327649011940380e+00
4.800929559118236284e+03 6.265872819621316481e+00
4.821148096192384401e+03 6.279337081666334086e+00
4.841366633266532517e+03 6.292721725759898632e+00
4.861585170340680634e+03 6.306028031817263013e+00
4.881803707414828750e+03 6.319257269091886897e+00
4.902022244488977776e+03 6.332410696211318246e+00
4.922240781563125893e+03 6.345489561213053520e+00
4.942459318637274009e+03 6.358495101580398767e+00
4.962677855711423035e+03 6.371428544278350259e+00
4.982896392785571152e+03 6.384291105789447585e+00
5.003114929859719268e+03 6.397083992149653398e+00
5.023333466933867385e+03 6.409808398984199407e+00
5.043552004008015501e+03 6.422465511543483885e+00
5.063770541082163618e+03 6.435056504738923877e+00
5.083989078156311734e+03 6.447582543178794978e+00
5.104207615230460760e+03 6.460044781204161701e+00
5.124426152304607967e+03 6.472444362924681727e+00
5.144644689378756993e+03 6.484782422254504297e+00
5.164863226452905110e+03 6.497060082948127757e+00
5.185081763527054136e+03 6.509278458636280185e+00
5.205300300601202252e+03 6.521438652861768048e+00
5.225518837675350369e+03 6.533541759115356840e+00
5.245737374749498485e+03 6.545588860871628611e+00
5.265955911823646602e+03 6.557581031624849288e+00
5.286174448897794719e+03 6.569519334924852849e+00
5.306392985971943745e+03 6.581404824412874000e+00
5.326611523046091861e+03 6.593238543857463441e+00
5.346830060120239978e+03 6.605021527190302777e+00
5.367048597194388094e+03 6.616754798542107352e+00
5.387267134268537120e+03 6.628439372278490893e+00
5.407485671342685237e+03 6.640076253035800846e+00
5.427704208416833353e+03 6.651666435757038087e+00
5.447922745490981470e+03 6.663210905727657618e+00
5.468141282565129586e+03 6.674710638611518476e+00
5.488359819639277703e+03 6.686166600486654232e+00
5.508578356713425819e+03 6.697579747881228229e+00
5.528796893787574845e+03 6.708951027809353818e+00
5.549015430861722962e+03 6.720281377806955447e+00
5.569233967935871078e+03 6.731571725967670616e+00
5.589452505010019195e+03 6.742822990978682540e+00
5.609671042084168221e+03 6.754036082156605225e+00
5.629889579158316337e+03 6.765211899483351665e+00
5.650108116232464454e+03 6.776351333641990493e+00
5.670326653306612570e+03 6.787455266052615954e+00
5.690545190380760687e+03 6.798524568908232979e+00
5.710763727454908803e+03 6.809560105210588965e+00
5.730982264529057829e+03 6.820562728806063291e+00
5.751200801603205946e+03 6.831533284421544394e+00
5.771419338677354972e+03 6.842472607700271325e+00
5.791637875751502179e+03 6.853381525237718819e+00
5.811856412825651205e+03 6.864260854617459273e+00
5.832074949899799321e+03 6.875111404447030061e+00
5.852293486973947438e+03 6.885933974393789292e+00
5.872512024048095554e+03 6.896729355220809765e+00
5.892730561122243671e+03 6.907498328822716971e+00
5.912949098196391787e+03 6.918241668261581268e+00
5.933167635270539904e+03 6.928960137802748775e+00
5.953386172344688930e+03 6.939654492950757536e+00
5.973604709418837047e+03 6.950325480485160412e+00
5.993823246492985163e+03 6.960973838496430588e+00
6.014041783567134189e+03 6.971600296421781806e+00
6.034260320641282306e+03 6.982205575081092519e+00
6.054478857715430422e+03 6.992790386712712802e+00
6.074697394789578539e+03 7.003355435009380514e+00
6.094915931863726655e+03 7.013901415154071728e+00
6.115134468937874772e+03 7.024429013855838733e+00
6.135353006012022888e+03 7.034938909385733297e+00
6.155571543086171914e+03 7.045431771612634009e+00
6.175790080160320031e+03 7.055908262039113588e+00
6.196008617234469057e+03 7.066369033837323954e+00
6.216227154308616264e+03 7.076814731884860876e+00
6.236445691382765290e+03 7.087245992800598415e+00
6.256664228456913406e+03 7.097663444980614855e+00
6.276882765531061523e+03 7.108067708634006721e+00
6.297101302605209639e+03 7.118459395818782731e+00
6.317319839679358665e+03 7.128839110477722230e+00
6.337538376753505872e+03 7.139207448474245155e+00
6.357756913827653989e+03 7.149564997628274909e+00
6.377975450901803015e+03 7.159912337752127875e+00
6.398193987975951131e+03 7.170250040686314108e+00
6.418412525050099248e+03 7.180578670335513891e+00
6.438631062124248274e+03 7.190898782704337577e+00
6.458849599198396390e+03 7.201210925933239082e+00
6.479068136272544507e+03 7.211515640334416943e+00
6.499286673346692623e+03 7.221813458427592813e+00
6.519505210420840740e+03 7.232104904975972026e+00
6.539723747494988856e+03 7.242390497022060281e+00
6.559942284569136973e+03 7.252670743923530061e+00
6.580160821643285999e+03 7.262946147389103047e+00
6.600379358717435025e+03 7.273217201514414754e+00
6.620597895791583142e+03 7.283484392817872966e+00
6.640816432865730349e+03 7.293748200276537474e+00
6.661034969939879375e+03 7.304009095361982062e+00
6.681253507014027491e+03 7.314267542076143158e+00
6.701472044088175608e+03 7.324523996987213792e+00
6.721690581162323724e+03 7.334778909265502023e+00
6.741909118236471841e+03 7.345032720719284036e+00
6.762127655310619957e+03 7.355285865830709646e+00
6.782346192384768074e+03 7.365538771791620754e+00
6.802564729458917100e+03 7.375791858539435530e+00
6.822783266533065216e+03 7.386045538793037935e+00
6.843001803607213333e+03 7.396300218088603273e+00
6.863220340681362359e+03 7.406556294815523245e+00
6.883438877755510475e+03 7.416814160252217292e+00
6.903657414829658592e+03 7.427074198602004351e+00
6.923875951903806708e+03 7.437336787029025231e+00
6.944094488977954825e+03 7.447602295694036201e+00
6.964313026052102941e+03 7.457871087790339359e+00
6.984531563126251058e+03 7.468143519579598433e+00
7.004750100200400084e+03 7.478419940427730950e+00
7.024968637274549110e+03 7.488700692840785322e+00
7.045187174348697226e+03 7.498986112500791279e+00
7.065405711422845343e+03 7.509276528301619180e+00
7.085624248496993459e+03 7.519572262384878414e+00
7.105842785571141576e+03 7.529873630175734078e+00
7.126061322645289692e+03 7.540180940418844457e+00
7.146279859719437809e+03 7.550494495214152835e+00
7.166498396793586835e+03 7.560814590052808093e+00
7.186716933867734951e+03 7.571141513853016924e+00
7.206935470941883068e+03 7.581475548995892488e+00
7.227154008016032094e+03 7.591816971361344812e+00
7.247372545090180211e+03 7.602166050363933891e+00
7.267591082164328327e+03 7.612523048988746766e+00
7.287809619238476444e+03 7.622888223827278154e+00
7.308028156312624560e+03 7.633261825113238253e+00
7.328246693386772677e+03 7.643644096758498208e+00
7.348465230460920793e+03 7.654035276388889919e+00
7.368683767535068910e+03 7.664435595380128419e+00
7.388902304609217026e+03 7.674845278893642764e+00
7.409120841683366052e+03 7.685264545912444234e+00
7.429339378757514169e+03 7.695693609277020286e+00
7.449557915831663195e+03 7.706132675721161007e+00
7.469776452905811311e+03 7.716581945907881490e+00
7.489994989979959428e+03 7.727041614465223418e+00
7.510213527054107544e+03 7.737511870022178329e+00
7.530432064128255661e+03 7.747992895244513178e+00
7.550650601202403777e+03 7.758484866870677621e+00
7.570869138276551894e+03 7.768987955747623353e+00
7.591087675350700920e+03 7.779502326866721162e+00
7.611306212424849036e+03 7.790028139399586493e+00
7.631524749498997153e+03 7.800565546733971622e+00
7.651743286573146179e+03 7.811114696509610766e+00
7.671961823647294295e+03 7.821675730654119363e+00
7.692180360721442412e+03 7.832248785418844506e+00
7.712398897795590528e+03 7.842833991414705608e+00
7.732617434869738645e+03 7.853431473648109673e+00
7.752835971943886761e+03 7.864041351556783965e+00
7.773054509018034878e+03 7.874663739045651312e+00
7.793273046092182994e+03 7.885298744522708958e+00
7.813491583166331111e+03 7.895946470934886108e+00
7.833710120240480137e+03 7.906607015803890803e+00
7.853928657314628254e+03 7.917280471262118979e+00
7.874147194388777280e+03 7.927966924088490686e+00
7.894365731462925396e+03 7.938666455744332495e+00
7.914584268537073513e+03 7.949379142409215504e+00
7.934802805611221629e+03 7.960105055016885700e+00
7.955021342685369746e+03 7.970844259291046896e+00
7.975239879759518772e+03 7.981596815781303533e+00
7.995458416833665979e+03 7.992362779898964931e+00
8.015676953907815005e+03 8.003142201952972101e+00
8.035895490981962212e+03 8.013935127185728646e+00
8.056114028056111238e+03 8.024741595808951189e+00
8.076332565130260264e+03 8.035561643039578428e+00
8.096551102204408380e+03 8.046395299135634005e+00
8.116769639278556497e+03 8.057242589432044966e+00
8.136988176352704613e+03 8.068103534376557917e+00
8.157206713426852730e+03 8.078978149565589462e+00
8.177425250501000846e+03 8.089866445780103277e+00
8.197643787575148963e+03 8.100768429021474759e+00
8.217862324649297079e+03 8.111684100547304155e+00
8.238080861723447015e+03 8.122613456907398444e+00
8.258299398797595131e+03 8.133556489979520521e+00
8.278517935871743248e+03 8.144513187005321342e+00
8.298736472945891364e+03 8.155483530626201016e+00
8.318955010020039481e+03 8.166467498919148582e+00
8.339173547094187597e+03 8.177465065432654612e+00
8.359392084168335714e+03 8.188476199222520790e+00
8.379610621242483830e+03 8.199500864887786733e+00
8.399829158316631947e+03 8.210539022606539561e+00
8.420047695390780063e+03 8.221590628171824733e+00
8.440266232464928180e+03 8.232655633027478714e+00
8.460484769539076296e+03 8.243733984304057572e+00
8.480703306613224413e+03 8.254825624854625232e+00
8.500921843687374349e+03 8.265930493290646552e+00
8.521140380761522465e+03 8.277048524017885711e+00
8.541358917835670582e+03 8.288179647272251316e+00
8.561577454909818698e+03 8.299323789155675257e+00
8.581795991983966815e+03 8.310480871671920511e+00
8.602014529058114931e+03 8.321650812762523941e+00
8.622233066132263048e+03 8.332833526342664499e+00
8.642451603206412983e+03 8.344028922336967469e+00
8.662670140280561100e+03 8.355236906715392209e+00
8.682888677354709216e+03 8.366457381529144754e+00
8.703107214428855514e+03 8.377690244946489173e+00
8.723325751503005449e+03 8.388935391288654841e+00
8.743544288577153566e+03 8.400192711065663786e+00
8.763762825651301682e+03 8.411462091012245068e+00
8.783981362725449799e+03 8.422743414123640804e+00
8.804199899799597915e+03 8.434036559691556079e+00
8.824418436873747851e+03 8.445341403339932995e+00
8.844636973947894148e+03 8.456657817060900584e+00
8.864855511022044084e+03 8.467985669250573721e+00
8.885074048096190381e+03 8.479324824744978173e+00
8.905292585170340317e+03 8.490675144855874379e+00
8.925511122244488433e+03 8.502036487406643417e+00
8.945729659318636550e+03 8.513408706768132106e+00
8.965948196392784666e+03 8.524791653894588705e+00
8.986166733466932783e+03 8.536185176359435189e+00
9.006385270541082718e+03 8.547589118391197616e+00
9.026603807615229016e+03 8.559003320909351231e+00
9.046822344689377132e+03 8.570427621560174458e+00
9.067040881763525249e+03 8.581861854752675711e+00
9.087259418837675184e+03 8.593305851694374553e+00
9.107477955911823301e+03 8.604759440427239170e+00
9.127696492985971418e+03 8.616222445863513713e+00
9.147915030060119534e+03 8.627694689821597152e+00
9.168133567134267651e+03 8.639175991061897264e+00
9.188352104208415767e+03 8.650666165322746792e+00
9.208570641282563884e+03 8.662165025356209469e+00
9.228789178356713819e+03 8.673672380963942885e+00
9.249007715430861936e+03 8.685188039033173268e+00
9.269226252505010052e+03 8.696711803572426902e+00
9.289444789579156350e+03 8.708243475747437401e+00
9.309663326653306285e+03 8.719782853917092069e+00
9.329881863727454402e+03 8.731329733669177529e+00
9.350100400801602518e+03 8.742883907856338510e+00
9.370318937875750635e+03 8.754445166631906972e+00
9.390537474949898751e+03 8.766013297485763189e+00
9.410756012024046868e+03 8.777588085280227048e+00
9.430974549098194984e+03 8.789169312285890712e+00
9.451193086172343101e+03 8.800756758217545439e+00
9.471411623246491217e+03 8.812350200269971623e+00
9.491630160320641153e+03 8.823949413153858501e+00
9.511848697394789269e+03 8.835554169131645708e+00
9.532067234468937386e+03 8.847164238053426999e+00
9.552285771543083683e+03 8.858779387392772264e+00
9.572504308617233619e+03 8.870399382282593947e+00
9.592722845691381735e+03 8.882023985551093404e+00
9.612941382765529852e+03 8.893652957757506528e+00
9.633159919839677968e+03 8.905286057228085639e+00
9.653378456913826085e+03 8.916923040091848662e+00
9.673596993987976020e+03 8.928563660316577000e+00
9.693815531062122318e+03 8.940207669744566488e+00
9.714034068136272253e+03 8.951854818128586189e+00
9.734252605210418551e+03 8.963504853167664876e+00
9.754471142284568487e+03 8.975157520543040945e+00
9.774689679358716603e+03 8.986812563953932909e+00
9.794908216432864720e+03 8.998469725153483978e+00
9.815126753507014655e+03 9.010128743984623156e+00
9.835345290581160953e+03 9.021789358415887250e+00
9.855563827655310888e+03 9.033451304577305052e+00
9.875782364729457186e+03 9.045114316796299292e+00
9.896000901803605302e+03 9.056778127633553055e+00
9.916219438877753419e+03 9.068442467918771399e+00
9.936437975951903354e+03 9.080107066786702319e+00
9.956656513026051471e+03 9.091771651712845070e+00
9.976875050100199587e+03 9.103435948549515544e+00
9.997093587174347704e+03 9.115099681561527944e+00
1.001731212424849582e+04 9.126762573462098516e+00
1.003753066132264394e+04 9.138424345448854069e+00
1.005774919839679205e+04 9.150084717239511889e+00
1.007796773547094199e+04 9.161743407107815429e+00
1.009818627254509011e+04 9.173400131919470013e+00
1.011840480961923822e+04 9.185054607167934648e+00
1.013862334669338452e+04 9.196706547010286670e+00
1.015884188376753445e+04 9.208355664303127242e+00
1.017906042084168257e+04 9.220001670638424685e+00
1.019927895791583069e+04 9.231644276379380898e+00
1.021949749498997880e+04 9.243283190696317320e+00
1.023971603206412692e+04 9.254918121602504044e+00
1.025993456913827686e+04 9.266548775990099074e+00
1.028015310621242315e+04 9.278174859665927698e+00
1.030037164328657127e+04 9.289796077387414641e+00
1.032059018036071939e+04 9.301412132898400742e+00
1.034080871743486932e+04 9.313022728965046682e+00
1.036102725450901744e+04 9.324627567411702955e+00
1.038124579158316556e+04 9.336226349156760307e+00
1.040146432865731185e+04 9.347818774248468188e+00
1.042168286573146179e+04 9.359404541900968155e+00
1.044190140280560991e+04 9.370983350529924039e+00
1.046211993987975802e+04 9.382554897788555337e+00
1.048233847695390614e+04 9.394118880603500088e+00
1.050255701402805425e+04 9.405674995210599576e+00
1.052277555110220419e+04 9.417222937190793175e+00
1.054299408817635049e+04 9.428762401506006086e+00
1.056321262525050042e+04 9.440293082535063718e+00
1.058343116232464672e+04 9.451814674109460412e+00
1.060364969939879666e+04 9.463326869549275600e+00
1.062386823647294477e+04 9.474829361699004693e+00
1.064408677354709289e+04 9.486321842963498341e+00
1.066430531062124101e+04 9.497804005343834177e+00
1.068452384769538912e+04 9.509275540473002053e+00
1.070474238476953906e+04 9.520736139652026253e+00
1.072496092184368536e+04 9.532185493885689809e+00
1.074517945891783347e+04 9.543623293918384931e+00
1.076539799599198341e+04 9.555049230270059368e+00
1.078561653306613152e+04 9.566462993272008219e+00
1.080583507014027964e+04 9.577864273102836279e+00
1.082605360721442776e+04 9.589252759824168137e+00
1.084627214428857769e+04 9.600628143416733096e+00
1.086649068136272399e+04 9.611990113816048620e+00
1.088670921843687211e+04 9.623338360948302750e+00
1.090692775551102022e+04 9.634672574766373288e+00
1.092714629258517016e+04 9.645992445285493488e+00
1.094736482965931827e+04 9.657297662619301448e+00
1.096758336673346639e+04 9.668587917015560862e+00
1.098780190380761269e+04 9.679862898892110934e+00
1.100802044088176262e+04 9.691122298872679508e+00
1.102823897795591074e+04 9.702365807822840083e+00
1.104845751503005886e+04 9.713593116885824941e+00
1.106867605210420697e+04 9.724803917518290319e+00
1.108889458917835691e+04 9.735997901526371123e+00
1.110911312625250503e+04 9.747174761101442542e+00
1.112933166332665132e+04 9.758334188855997127e+00
1.114955020040079944e+04 9.769475877859477464e+00
1.116976873747494756e+04 9.780599521674258057e+00
1.118998727454909749e+04 9.791704814391358980e+00
1.121020581162324561e+04 9.802791450666461515e+00
1.123042434869739373e+04 9.813859125755669766e+00
1.125064288577154002e+04 9.824907535551401949e+00
1.127086142284568996e+04 9.835936376618267474e+00
1.129107995991983807e+04 9.846945346228970664e+00
1.131129849699398619e+04 9.857934142400109678e+00
1.133151703406813431e+04 9.868902463928087343e+00
1.135173557114228424e+04 9.879850010424965134e+00
1.137195410821643236e+04 9.890776482354310062e+00
1.139217264529057866e+04 9.901681581067133919e+00
1.141239118236472859e+04 9.912565008837662006e+00
1.143260971943887671e+04 9.923426468899284814e+00
1.145282825651302483e+04 9.934265665480310759e+00
1.147304679358717294e+04 9.945082303840024451e+00
1.149326533066132106e+04 9.955876090304357717e+00
1.151348386773547099e+04 9.966646732301878586e+00
1.153370240480961729e+04 9.977393938399572448e+00
1.155392094188376723e+04 9.988117418338791964e+00
1.157413947895791352e+04 9.998816883071093287e+00
1.159435801603206346e+04 1.000949204479407584e+01
1.161457655310621158e+04 1.002014261698726649e+01
1.163479509018035969e+04 1.003076831444801442e+01
1.165501362725450781e+04 1.004136885332731310e+01
1.167523216432865593e+04 1.005194395116568984e+01
1.169545070140280404e+04 1.006249332692907217e+01
1.171566923847695216e+04 1.007301670104467384e+01
1.173588777555110028e+04 1.008351379543680437e+01
1.175610631262524839e+04 1.009398433356280123e+01
1.177632484969939833e+04 1.010442804044886955e+01
1.179654338677354644e+04 1.011484464272594508e+01
1.181676192384769456e+04 1.012523386866552499e+01
1.183698046092184086e+04 1.013559544821566760e+01
1.185719899799599079e+04 1.014592911303667933e+01
1.187741753507013891e+04 1.015623459653708593e+01
1.189763607214428703e+04 1.016651163390950785e+01
1.191785460921843514e+04 1.017675996216648926e+01
1.193807314629258508e+04 1.018697932017640539e+01
1.195829168336673320e+04 1.019716944869921704e+01
1.197851022044087949e+04 1.020733009042251993e+01
1.199872875751502761e+04 1.021746098999726726e+01
1.201894729458917755e+04 1.022756189407368055e+01
1.203916583166332566e+04 1.023763255133715333e+01
1.205938436873747378e+04 1.024767271254401990e+01
1.207960290581162189e+04 1.025768213055757627e+01
1.209982144288577183e+04 1.026766056038376007e+01
1.212003997995991813e+04 1.027760775920721592e+01
1.214025851703406624e+04 1.028752348642699310e+01
1.216047705410821436e+04 1.029740750369244928e+01
1.218069559118236248e+04 1.030725957493926614e+01
1.220091412825651241e+04 1.031707946642510620e+01
1.222113266533066053e+04 1.032686694676561601e+01
1.224135120240480865e+04 1.033662178697020906e+01
1.226156973947895494e+04 1.034634376047800153e+01
1.228178827655310488e+04 1.035603264319368222e+01
1.230200681362725300e+04 1.036568821352331327e+01
1.232222535070140111e+04 1.037531025241021254e+01
1.234244388777554923e+04 1.038489854337085738e+01
1.236266242484969916e+04 1.039445287253081318e+01
1.238288096192384728e+04 1.040397302866037066e+01
1.240309949899799358e+04 1.041345880321073203e+01
1.242331803607214169e+04 1.042290999034958965e+01
1.244353657314629163e+04 1.043232638699715054e+01
1.246375511022043975e+04 1.044170779286199036e+01
1.248397364729458786e+04 1.045105401047687721e+01
1.250419218436873598e+04 1.046036484523457410e+01
1.252441072144288592e+04 1.046964010542406953e+01
1.254462925851703221e+04 1.047887960226579906e+01
1.256484779559118033e+04 1.048808314994813529e+01
1.258506633266532845e+04 1.049725056566288472e+01
1.260528486973947838e+04 1.050638166964131770e+01
1.262550340681362650e+04 1.051547628518997968e+01
1.264572194388777461e+04 1.052453423872653282e+01
1.266594048096192273e+04 1.053355535981571478e+01
1.268615901803607085e+04 1.054253948120511630e+01
1.270637755511021896e+04 1.055148643886096593e+01
1.272659609218436708e+04 1.056039607200431973e+01
1.274681462925851520e+04 1.056926822314658665e+01
1.276703316633266331e+04 1.057810273812554769e+01
1.278725170340681325e+04 1.058689946614122590e+01
1.280747024048096137e+04 1.059565825979166398e+01
1.282768877755510766e+04 1.060437897510899496e+01
1.284790731462925578e+04 1.061306147159498892e+01
1.286812585170340571e+04 1.068725578845310586e+01
1.306374330973504766e+04 1.079501461062424461e+01
1.325936076776668779e+04 1.090277343279538158e+01
1.345497822579832973e+04 1.101053225496652033e+01
1.365059568382996986e+04 1.111829107713765730e+01
1.384621314186161180e+04 1.122604989930879427e+01
1.404183059989325193e+04 1.133380872147993124e+01
1.423744805792489387e+04 1.144156754365106998e+01
1.443306551595653582e+04 1.154932636582220873e+01
1.462868297398817595e+04 1.165708518799334570e+01
1.482430043201981789e+04 1.176484401016448444e+01
1.501991789005145802e+04 1.187260283233562141e+01
1.521553534808309996e+04 1.198036165450675838e+01
1.541115280611474009e+04 1.208812047667789535e+01
1.560677026414638203e+04 1.219587929884903410e+01
1.580238772217802398e+04 1.230363812102017285e+01
1.599800518020966410e+04 1.241139694319130982e+01
1.619362263824130605e+04 1.251915576536244679e+01
1.638924009627294799e+04 1.262691458753358553e+01
1.658485755430458812e+04 1.273467340970472250e+01
1.678047501233622825e+04 1.284243223187585947e+01
1.697609247036786837e+04 1.295019105404699644e+01
1.717170992839951214e+04 1.305794987621813519e+01
1.736732738643115226e+04 1.316570869838927393e+01
1.756294484446279239e+04 1.327346752056041090e+01
1.775856230249443615e+04 1.338122634273154965e+01
1.795417976052607628e+04 1.348898516490268662e+01
1.814979721855771641e+04 1.359674398707382359e+01
1.834541467658936017e+04 1.370450280924496234e+01
1.854103213462100030e+04 1.381226163141609931e+01
1.873664959265264042e+04 1.392002045358723628e+01
1.893226705068428419e+04 1.402777927575837680e+01
1.912788450871592431e+04 1.413553809792951377e+01
1.932350196674756444e+04 1.424329692010065074e+01
1.951911942477920456e+04 1.435105574227178771e+01
1.971473688281084469e+04 1.445881456444292468e+01
1.991035434084248845e+04 1.456657338661406342e+01
2.010597179887412858e+04 1.467433220878520039e+01
2.030158925690576871e+04 1.478209103095633736e+01
2.049720671493741247e+04 1.488984985312747611e+01
2.069282417296905260e+04 1.499760867529861486e+01
2.088844163100069272e+04 1.510536749746975183e+01
2.108405908903233649e+04 1.521312631964089057e+01
2.127967654706397661e+04 1.532088514181202754e+01
2.147529400509561674e+04 1.542864396398316451e+01
2.167091146312726050e+04 1.553640278615430326e+01
2.186652892115890063e+04 1.564416160832544023e+01
2.206214637919054076e+04 1.575192043049657720e+01
2.225776383722218452e+04 1.585967925266771772e+01
2.245338129525382101e+04 1.596743807483885114e+01
2.264899875328546477e+04 1.607519689700999166e+01
2.284461621131710490e+04 1.618295571918112685e+01
2.304023366934874502e+04 1.629071454135226560e+01
2.323585112738038879e+04 1.639847336352340434e+01
2.343146858541202892e+04 1.650623218569453954e+01
2.362708604344366904e+04 1.661399100786567828e+01
2.382270350147531281e+04 1.672174983003681703e+01
2.401832095950695293e+04 1.682950865220795222e+01
2.421393841753859306e+04 1.693726747437909097e+01
2.440955587557023682e+04 1.704502629655022972e+01
2.460517333360187695e+04 1.715278511872136846e+01
2.480079079163351707e+04 1.726054394089250366e+01
2.499640824966516084e+04 1.736830276306364240e+01
2.519202570769679733e+04 1.747606158523477760e+01
2.538764316572844109e+04 1.758382040740591634e+01
2.558326062376008485e+04 1.769157922957705509e+01
2.577887808179172134e+04 1.779933805174819028e+01
2.597449553982336511e+04 1.790709687391933258e+01
2.617011299785500523e+04 1.801485569609046777e+01
2.636573045588664536e+04 1.812261451826160652e+01
2.656134791391828912e+04 1.823037334043274527e+01
2.675696537194992925e+04 1.833813216260388046e+01
2.695258282998156938e+04 1.844589098477501921e+01
2.714820028801321314e+04 1.855364980694615795e+01
2.734381774604485327e+04 1.866140862911729315e+01
2.753943520407649339e+04 1.876916745128843189e+01
2.773505266210813716e+04 1.887692627345957064e+01
2.793067012013977728e+04 1.898468509563070938e+01
2.812628757817141741e+04 1.909244391780184458e+01
2.832190503620306117e+04 1.920020273997298332e+01
2.851752249423469766e+04 1.930796156214411852e+01
2.871313995226634142e+04 1.941572038431525726e+01
2.890875741029798155e+04 1.952347920648639601e+01
2.910437486832962168e+04 1.963123802865753120e+01
2.929999232636126544e+04 1.973899685082866995e+01
2.949560978439290921e+04 1.984675567299980870e+01
2.969122724242454569e+04 1.995451449517094389e+01
2.988684470045618946e+04 2.006227331734208263e+01
3.008246215848782595e+04 2.017003213951321783e+01
3.027807961651946971e+04 2.027779096168436013e+01
3.047369707455111347e+04 2.038554978385549887e+01
3.066931453258274996e+04 2.049330860602663407e+01
3.086493199061439373e+04 2.060106742819777281e+01
3.106054944864603749e+04 2.070882625036891156e+01
3.125616690667767398e+04 2.081658507254004675e+01
3.145178436470931774e+04 2.092434389471118550e+01
3.164740182274096151e+04 2.103210271688232424e+01
3.184301928077259799e+04 2.113986153905345944e+01
3.203863673880424176e+04 2.124762036122459818e+01
3.223425419683588552e+04 2.135537918339573693e+01
3.242987165486752201e+04 2.146313800556687212e+01
3.262548911289916578e+04 2.157089682773801087e+01
3.282110657093080226e+04 2.167865564990914606e+01
3.301672402896244603e+04 2.178641447208028481e+01
3.321234148699408979e+04 2.189417329425142356e+01
3.340795894502572628e+04 2.200193211642255875e+01
3.360357640305737004e+04 2.210969093859370105e+01
3.379919386108901381e+04 2.221744976076483979e+01
3.399481131912065030e+04 2.232520858293597499e+01
3.419042877715229406e+04 2.243296740510711373e+01
3.438604623518393782e+04 2.254072622727825248e+01
3.458166369321557431e+04 2.264848504944938767e+01
3.477728115124721808e+04 2.275624387162052642e+01
3.497289860927886184e+04 2.286400269379166517e+01
3.516851606731049833e+04 2.297176151596280036e+01
3.536413352534214209e+04 2.307952033813393911e+01
3.555975098337378586e+04 2.318727916030507785e+01
3.575536844140542235e+04 2.329503798247621305e+01
3.595098589943706611e+04 2.340279680464735179e+01
3.614660335746870260e+04 2.351055562681848699e+01
3.634222081550034636e+04 2.361831444898962573e+01
3.653783827353199013e+04 2.372607327116076448e+01
3.673345573156362661e+04 2.383383209333189967e+01
3.692907318959527038e+04 2.394159091550303842e+01
3.712469064762691414e+04 2.404934973767418072e+01
3.732030810565855063e+04 2.415710855984531591e+01
3.751592556369019439e+04 2.426486738201645466e+01
3.771154302172183816e+04 2.437262620418759340e+01
3.790716047975347465e+04 2.448038502635872860e+01
3.810277793778511841e+04 2.458814384852986734e+01
3.829839539581676217e+04 2.469590267070100609e+01
3.849401285384839866e+04 2.480366149287214128e+01
3.868963031188004243e+04 2.491142031504328003e+01
3.888524776991167892e+04 2.501917913721441522e+01
3.908086522794332268e+04 2.512693795938555397e+01
3.927648268597496644e+04 2.523469678155669271e+01
3.947210014400660293e+04 2.534245560372782791e+01
3.966771760203824670e+04 2.545021442589896665e+01
3.986333506006989046e+04 2.555797324807010540e+01
4.005895251810152695e+04 2.566573207024124059e+01
4.025456997613317071e+04 2.577349089241237934e+01
4.045018743416481448e+04 2.588124971458352164e+01
4.064580489219645096e+04 2.598900853675465683e+01
4.084142235022809473e+04 2.609676735892579558e+01
4.103703980825973849e+04 2.620452618109693432e+01
4.123265726629137498e+04 2.631228500326806952e+01
4.142827472432301875e+04 2.642004382543920826e+01
4.162389218235465523e+04 2.652780264761034346e+01
4.181950964038629900e+04 2.663556146978148220e+01
4.201512709841794276e+04 2.674332029195262095e+01
4.221074455644957925e+04 2.685107911412375614e+01
4.240636201448122301e+04 2.695883793629489489e+01
4.260197947251286678e+04 2.706659675846603363e+01
4.279759693054450327e+04 2.717435558063716883e+01
4.299321438857614703e+04 2.728211440280830757e+01
4.318883184660779079e+04 2.738987322497944632e+01
4.338444930463942728e+04 2.749763204715058151e+01
4.358006676267107105e+04 2.760539086932172026e+01
4.377568422070271481e+04 2.771314969149286256e+01
4.397130167873435130e+04 2.782090851366399775e+01
4.416691913676599506e+04 2.792866733583513650e+01
4.436253659479763883e+04 2.803642615800627524e+01
4.455815405282927532e+04 2.814418498017741044e+01
4.475377151086091908e+04 2.825194380234854918e+01
4.494938896889255557e+04 2.835970262451968438e+01
4.514500642692419933e+04 2.846746144669082312e+01
4.534062388495584310e+04 2.857522026886196187e+01
4.553624134298747958e+04 2.868297909103309706e+01
4.573185880101912335e+04 2.879073791320423581e+01
4.592747625905076711e+04 2.889849673537537456e+01
4.612309371708241088e+04 2.900625555754651330e+01
4.631871117511404736e+04 2.911401437971764850e+01
4.651432863314569113e+04 2.922177320188878724e+01
4.670994609117733489e+04 2.932953202405992599e+01
4.690556354920897138e+04 2.943729084623106118e+01
4.710118100724061514e+04 2.954504966840220348e+01
4.729679846527225163e+04 2.965280849057333512e+01
4.749241592330389540e+04 2.976056731274447742e+01
4.768803338133553916e+04 2.986832613491561617e+01
4.788365083936717565e+04 2.997608495708675136e+01
4.807926829739881941e+04 3.008384377925789011e+01
4.827488575543046318e+04 3.019160260142902885e+01
4.847050321346209967e+04 3.029936142360016404e+01
4.866612067149374343e+04 3.040712024577130279e+01
4.886173812952538719e+04 3.051487906794244154e+01
4.905735558755702368e+04 3.062263789011357673e+01
4.925297304558866745e+04 3.073039671228471548e+01
4.944859050362031121e+04 3.083815553445585422e+01
4.964420796165194770e+04 3.094591435662698942e+01
4.983982541968359146e+04 3.105367317879812816e+01
5.003544287771522795e+04 3.116143200096926336e+01
5.023106033574687171e+04 3.126919082314040210e+01
5.042667779377851548e+04 3.137694964531154085e+01
5.062229525181015197e+04 3.148470846748267604e+01
5.081791270984179573e+04 3.159246728965381834e+01
5.101353016787343950e+04 3.170022611182495709e+01
5.120914762590507598e+04 3.180798493399609228e+01
5.140476508393671975e+04 3.191574375616723103e+01
5.160038254196836351e+04 3.202350257833837333e+01
5.179600000000000000e+04 3.213126140050950852e+01
