2.444699999999999818e+03 1.075529555321162567e+00
2.465746693386773586e+03 1.088427471585281081e+00
2.486793386773547354e+03 1.101247235552538006e+00
2.507840080160320667e+03 1.113989862896633376e+00
2.528886773547093981e+03 1.126656361007416063e+00
2.549933466933867749e+03 1.139247729021415134e+00
2.570980160320641517e+03 1.151764957852377869e+00
2.592026853707414830e+03 1.164209030221803776e+00
2.613073547094188598e+03 1.176580920689480614e+00
2.634120240480961911e+03 1.188881595684019521e+00
2.655166933867735679e+03 1.201112013533389700e+00
2.676213627254508992e+03 1.213273124495454436e+00
2.697260320641282760e+03 1.225365870788506450e+00
2.718307014028056074e+03 1.237391186621802364e+00
2.739353707414829842e+03 1.249349998226098712e+00
2.760400400801603155e+03 1.261243223884187525e+00
2.781447094188376468e+03 1.273071773961430342e+00
2.802493787575150236e+03 1.284836550936295563e+00
2.823540480961924004e+03 1.296538449430890916e+00
2.844587174348697317e+03 1.308178356241501472e+00
2.865633867735471085e+03 1.319757150369123888e+00
2.886680561122244399e+03 1.331275703050000647e+00
2.907727254509018167e+03 1.342734877786157854e+00
2.928773947895791935e+03 1.354135530375937924e+00
2.949820641282565248e+03 1.365478508944536262e+00
2.970867334669338561e+03 1.376764653974536179e+00
2.991914028056112329e+03 1.387994798336445124e+00
3.012960721442886097e+03 1.399169767319227820e+00
3.034007414829659410e+03 1.410290378660843835e+00
3.055054108216432724e+03 1.421357442578782271e+00
3.076100801603206492e+03 1.432371761800595777e+00
3.097147494989979805e+03 1.443334131594437020e+00
3.118194188376753118e+03 1.454245339799594250e+00
3.139240881763527341e+03 1.465106166857027103e+00
3.160287575150300654e+03 1.475917385839897955e+00
3.181334268537074422e+03 1.486679762484113265e+00
3.202380961923847735e+03 1.497394055218854270e+00
3.223427655310621049e+03 1.508061015197113885e+00
3.244474348697394817e+03 1.518681386326232285e+00
3.265521042084168130e+03 1.529255905298431584e+00
3.286567735470942353e+03 1.539785301621352742e+00
3.307614428857715666e+03 1.550270297648586704e+00
3.328661122244488979e+03 1.560711608610215073e+00
3.349707815631262747e+03 1.571109942643342139e+00
3.370754509018036060e+03 1.581466000822630891e+00
3.391801202404809828e+03 1.591780477190837040e+00
3.412847895791583142e+03 1.602054058789347923e+00
3.433894589178356910e+03 1.612287425688714082e+00
3.454941282565130223e+03 1.622481251019185944e+00
3.475987975951903536e+03 1.632636201001249177e+00
3.497034669338677304e+03 1.642752934976160928e+00
3.518081362725451072e+03 1.652832105436482735e+00
3.539128056112224840e+03 1.662874358056618096e+00
3.560174749498998153e+03 1.672880331723346714e+00
3.581221442885771467e+03 1.682850658566360069e+00
3.602268136272545235e+03 1.692785963988796105e+00
3.623314829659318548e+03 1.702686866697776358e+00
3.644361523046092316e+03 1.712553978734938864e+00
3.665408216432866084e+03 1.722387905506974404e+00
3.686454909819639397e+03 1.732189245816162737e+00
3.707501603206412710e+03 1.741958591890905739e+00
3.728548296593186478e+03 1.751696529416266745e+00
3.749594989979960246e+03 1.761403637564500801e+00
3.770641683366733560e+03 1.771080489025592453e+00
3.791688376753507328e+03 1.780727650037792431e+00
3.812735070140280641e+03 1.790345680418149898e+00
3.833781763527053954e+03 1.799935133593050240e+00
3.854828456913827722e+03 1.809496556628749975e+00
3.875875150300601035e+03 1.819030490261908994e+00
3.896921843687375258e+03 1.828537468930131471e+00
3.917968537074148571e+03 1.838018020802495656e+00
3.939015230460921885e+03 1.847472667810093672e+00
3.960061923847695653e+03 1.856901925676563314e+00
3.981108617234468966e+03 1.866306303948624734e+00
4.002155310621242734e+03 1.875686306026616457e+00
4.023202004008016047e+03 1.885042429195028957e+00
4.044248697394789815e+03 1.894375164653042898e+00
4.065295390781563128e+03 1.903684997545060043e+00
4.086342084168336442e+03 1.912972406991243490e+00
4.107388777555110210e+03 1.922237866118048588e+00
4.128435470941883978e+03 1.931481842088760725e+00
4.149482164328657746e+03 1.940704796134031129e+00
4.170528857715431513e+03 1.949907183582409331e+00
4.191575551102204372e+03 1.959089453890881627e+00
4.212622244488978140e+03 1.968252050675403986e+00
4.233668937875750999e+03 1.977395411741439180e+00
4.254715631262525676e+03 1.986519969114491024e+00
4.275762324649298534e+03 1.995626149070639066e+00
4.296809018036072302e+03 2.004714372167076597e+00
4.317855711422846070e+03 2.013785053272641790e+00
4.338902404809619838e+03 2.022838601598356600e+00
4.359949098196392697e+03 2.031875420727961234e+00
4.380995791583166465e+03 2.040895908648447055e+00
4.402042484969940233e+03 2.049900457780596597e+00
4.423089178356713091e+03 2.058889455009513370e+00
4.444135871743486859e+03 2.067863281715160984e+00
4.465182565130260627e+03 2.076822313802897391e+00
4.486229258517034395e+03 2.085766921734010459e+00
4.507275951903808163e+03 2.094697470556251773e+00
4.528322645290581931e+03 2.103614319934373977e+00
4.549369338677354790e+03 2.112517824180664583e+00
4.570416032064128558e+03 2.121408332285482423e+00
4.591462725450901416e+03 2.130286187947792786e+00
4.612509418837675184e+03 2.139151729605701213e+00
4.633556112224448952e+03 2.148005290466989070e+00
4.654602805611222720e+03 2.156847198539653121e+00
4.675649498997996488e+03 2.165677776662433551e+00
4.696696192384769347e+03 2.174497342535356204e+00
4.717742885771543115e+03 2.183306208750262378e+00
4.738789579158316883e+03 2.192104682821347517e+00
4.759836272545090651e+03 2.200893067215695886e+00
4.780882965931863509e+03 2.209671659383813491e+00
4.801929659318637277e+03 2.218440751790169863e+00
4.822976352705411045e+03 2.227200631943722975e+00
4.844023046092184813e+03 2.235951582428465478e+00
4.865069739478958581e+03 2.244693880933952279e+00
4.886116432865731440e+03 2.253427800285838778e+00
4.907163126252505208e+03 2.262153608476417332e+00
4.928209819639278066e+03 2.270871568695149278e+00
4.949256513026051834e+03 2.279581939359202725e+00
4.970303206412825602e+03 2.288284974143988570e+00
4.991349899799599370e+03 2.296980922013691639e+00
5.012396593186373138e+03 2.305670027251810694e+00
5.033443286573145997e+03 2.314352529491693566e+00
5.054489979959919765e+03 2.323028663747066069e+00
5.075536673346693533e+03 2.331698660442576454e+00
5.096583366733467301e+03 2.340362745444323878e+00
5.117630060120241069e+03 2.349021140090396198e+00
5.138676753507013927e+03 2.357674061221405104e+00
5.159723446893787695e+03 2.366321721211022577e+00
5.180770140280561463e+03 2.374964327996513802e+00
5.201816833667335231e+03 2.383602085109274071e+00
5.222863527054108999e+03 2.392235191705363029e+00
5.243910220440881858e+03 2.400863842596042907e+00
5.264956913827655626e+03 2.409488228278307886e+00
5.286003607214428484e+03 2.418108534965424994e+00
5.307050300601202252e+03 2.426724944617470570e+00
5.328096993987976020e+03 2.435337634971856513e+00
5.349143687374749788e+03 2.443946779573876515e+00
5.370190380761523556e+03 2.452552547807232752e+00
5.391237074148296415e+03 2.461155104924577230e+00
5.412283767535070183e+03 2.469754612078043365e+00
5.433330460921843951e+03 2.478351226349785108e+00
5.454377154308616809e+03 2.486945100782504969e+00
5.475423847695390577e+03 2.495536384409998476e+00
5.496470541082164345e+03 2.504125222287683084e+00
5.517517234468938113e+03 2.512711755523135970e+00
5.538563927855710972e+03 2.521296121306627391e+00
5.559610621242485649e+03 2.529878452941661138e+00
5.580657314629259417e+03 2.538458879875501673e+00
5.601704008016032276e+03 2.547037527729716366e+00
5.622750701402806044e+03 2.555614518330707519e+00
5.643797394789578902e+03 2.564189969740248820e+00
5.664844088176352670e+03 2.572763996286020927e+00
5.685890781563126438e+03 2.581336708592143925e+00
5.706937474949900206e+03 2.589908213609717791e+00
5.727984168336673974e+03 2.598478614647350859e+00
5.749030861723446833e+03 2.607048011401703391e+00
5.770077555110220601e+03 2.615616499988015597e+00
5.791124248496993459e+03 2.624184172970644546e+00
5.812170941883767227e+03 2.632751119393605066e+00
5.833217635270540995e+03 2.641317424811097325e+00
5.854264328657314763e+03 2.649883171318045960e+00
5.875311022044088531e+03 2.658448437580636536e+00
5.896357715430861390e+03 2.667013298866845794e+00
5.917404408817636067e+03 2.675577827076985216e+00
5.938451102204408926e+03 2.684142090774225942e+00
5.959497795591182694e+03 2.692706155215145447e+00
5.980544488977955552e+03 2.701270082380251125e+00
6.001591182364729320e+03 2.709833931004526519e+00
6.022637875751503088e+03 2.718397756607958016e+00
6.043684569138276856e+03 2.726961611526075302e+00
6.064731262525050624e+03 2.735525544940485609e+00
6.085777955911824392e+03 2.744089602909406178e+00
6.106824649298597251e+03 2.752653828398204716e+00
6.127871342685371019e+03 2.761218261309930533e+00
6.148918036072143877e+03 2.769782938515849224e+00
6.169964729458918555e+03 2.778347893885983577e+00
6.191011422845691413e+03 2.786913158319641592e+00
6.212058116232465181e+03 2.795478759775957833e+00
6.233104809619238949e+03 2.804044723304425446e+00
6.254151503006011808e+03 2.812611071075430846e+00
6.275198196392785576e+03 2.821177822410793734e+00
6.296244889779559344e+03 2.829744993814296450e+00
6.317291583166333112e+03 2.838312599002221326e+00
6.338338276553105970e+03 2.846880648933888924e+00
6.359384969939879738e+03 2.855449151842188726e+00
6.380431663326653506e+03 2.864018113264119592e+00
6.401478356713426365e+03 2.872587536071318226e+00
6.422525050100201042e+03 2.881157420500602750e+00
6.443571743486974810e+03 2.889727764184501169e+00
6.464618436873747669e+03 2.898298562181787386e+00
6.485665130260520527e+03 2.906869807008020778e+00
6.506711823647294295e+03 2.915441488666080438e+00
6.527758517034068063e+03 2.924013594676694971e+00
6.548805210420841831e+03 2.932586110108985622e+00
6.569851903807615599e+03 2.941159017610995186e+00
6.590898597194389367e+03 2.949732297440226692e+00
6.611945290581162226e+03 2.958305927494178533e+00
6.632991983967935994e+03 2.966879883340878266e+00
6.654038677354709762e+03 2.975454138249419955e+00
6.675085370741483530e+03 2.984028663220497535e+00
6.696132064128256388e+03 2.992603427016940820e+00
6.717178757515030156e+03 3.001178396194250197e+00
6.738225450901803924e+03 3.009753535131133972e+00
6.759272144288576783e+03 3.018328806060042613e+00
6.780318837675351460e+03 3.026904169097702546e+00
6.801365531062125228e+03 3.035479582275652177e+00
6.822412224448898087e+03 3.044055001570779240e+00
6.843458917835670945e+03 3.052630380935854149e+00
6.864505611222444713e+03 3.061205672330062910e+00
6.885552304609218481e+03 3.069780825749551134e+00
6.906598997995992249e+03 3.078355789257948061e+00
6.927645691382766017e+03 3.086930509016907909e+00
6.948692384769539785e+03 3.095504929316648113e+00
6.969739078156312644e+03 3.104078992606473797e+00
6.990785771543086412e+03 3.112652639525329779e+00
7.011832464929859270e+03 3.121225808932318380e+00
7.032879158316633948e+03 3.129798437937246547e+00
7.053925851703406806e+03 3.138370461931153432e+00
7.074972545090180574e+03 3.146941814616857958e+00
7.096019238476954342e+03 3.155512428039474848e+00
7.117065931863727201e+03 3.164082232616967971e+00
7.138112625250501878e+03 3.172651157170676139e+00
7.159159318637275646e+03 3.181219128955852682e+00
7.180206012024048505e+03 3.189786073692194357e+00
7.201252705410821363e+03 3.198351915594384476e+00
7.222299398797595131e+03 3.206916577402625368e+00
7.243346092184368899e+03 3.215479980413170402e+00
7.264392785571142667e+03 3.224042044508864446e+00
7.285439478957916435e+03 3.232602688189675888e+00
7.306486172344690203e+03 3.241161828603229988e+00
7.327532865731463062e+03 3.249719381575351562e+00
7.348579559118235920e+03 3.258275261640593001e+00
7.369626252505009688e+03 3.266829382072772958e+00
7.390672945891783456e+03 3.275381654915510588e+00
7.411719639278557224e+03 3.283931991012761120e+00
7.432766332665330992e+03 3.292480300039350993e+00
7.453813026052104760e+03 3.301026490531513868e+00
7.474859719438877619e+03 3.309570469917426205e+00
7.495906412825650477e+03 3.318112144547739728e+00
7.516953106212425155e+03 3.326651419726120551e+00
7.537999799599198923e+03 3.335188199739779868e+00
7.559046492985971781e+03 3.343722387890017078e+00
7.580093186372745549e+03 3.352253886522746029e+00
7.601139879759519317e+03 3.360782597059036370e+00
7.622186573146293085e+03 3.369308420025645567e+00
7.643233266533066853e+03 3.377831255085554929e+00
7.664279959919840621e+03 3.386351001068508726e+00
7.685326653306613480e+03 3.394867556001541775e+00
7.706373346693386338e+03 3.403380817139523451e+00
7.727420040080160106e+03 3.411890680995686154e+00
7.748466733466934784e+03 3.420397043372164880e+00
7.769513426853707642e+03 3.428899799390527026e+00
7.790560120240481410e+03 3.437398843522316838e+00
7.811606813627254269e+03 3.445894069619582112e+00
7.832653507014028037e+03 3.454385370945411537e+00
7.853700200400801805e+03 3.462872640204476493e+00
7.874746893787575573e+03 3.471355769573556849e+00
7.895793587174349341e+03 3.479834650732077428e+00
7.916840280561122199e+03 3.488309174892654241e+00
7.937886973947895967e+03 3.496779232831618067e+00
7.958933667334669735e+03 3.505244714919550475e+00
7.979980360721442594e+03 3.513705511151826499e+00
8.001027054108216362e+03 3.522161511179145776e+00
8.022073747494990130e+03 3.530612604338063676e+00
8.043120440881763898e+03 3.539058679681534869e+00
8.064167134268537666e+03 3.547499626009441798e+00
8.085213827655310524e+03 3.555935331899134688e+00
8.106260521042084292e+03 3.564365685735963574e+00
8.127307214428858060e+03 3.572790575743812980e+00
8.148353907815631828e+03 3.581209890015642827e+00
8.169400601202405596e+03 3.589623516544016901e+00
8.190447294589178455e+03 3.598031343251642866e+00
8.211493987975951313e+03 3.606433258021906063e+00
8.232540681362726900e+03 3.614829148729401531e+00
8.253587374749498849e+03 3.623218903270475799e+00
8.274634068136274436e+03 3.631602409593758907e+00
8.295680761523046385e+03 3.639979555730697314e+00
8.316727454909818334e+03 3.648350229826092139e+00
8.337774148296593921e+03 3.656714320168632959e+00
8.358820841683367689e+03 3.665071715221437820e+00
8.379867535070141457e+03 3.673422303652579934e+00
8.400914228456913406e+03 3.681765974365629468e+00
8.421960921843687174e+03 3.690102616530189117e+00
8.443007615230460942e+03 3.698432119612424351e+00
8.464054308617234710e+03 3.706754373405600766e+00
8.485101002004008478e+03 3.715069268060625873e+00
8.506147695390780427e+03 3.723376694116573127e+00
8.527194388777556014e+03 3.731676542531225493e+00
8.548241082164327963e+03 3.739968704711610137e+00
8.569287775551103550e+03 3.748253072544525111e+00
8.590334468937875499e+03 3.756529538427090031e+00
8.611381162324649267e+03 3.764797995297267441e+00
8.632427855711423035e+03 3.773058336664402823e+00
8.653474549098196803e+03 3.781310456639762840e+00
8.674521242484970571e+03 3.789554249967067356e+00
8.695567935871742520e+03 3.797789612053025010e+00
8.716614629258518107e+03 3.806016438997869678e+00
8.737661322645290056e+03 3.814234627625897822e+00
8.758708016032065643e+03 3.822444075515994300e+00
8.779754709418837592e+03 3.830644681032181253e+00
8.800801402805611360e+03 3.838836343354143033e+00
8.821848096192385128e+03 3.847018962507766204e+00
8.842894789579158896e+03 3.855192439395675574e+00
8.863941482965932664e+03 3.863356675827767095e+00
8.884988176352704613e+03 3.871511574551735446e+00
8.906034869739480200e+03 3.879657039283634035e+00
8.927081563126252149e+03 3.887792974738377705e+00
8.948128256513025917e+03 3.895919286660305403e+00
8.969174949899799685e+03 3.904035881853699763e+00
8.990221643286573453e+03 3.912142668213326235e+00
9.011268336673347221e+03 3.920239554754968658e+00
9.032315030060119170e+03 3.928326451645970607e+00
9.053361723446894757e+03 3.936403270235758090e+00
9.074408416833668525e+03 3.944469923086387553e+00
9.095455110220442293e+03 3.952526324003070801e+00
9.116501803607214242e+03 3.960572388064715899e+00
9.137548496993988010e+03 3.968608031654466739e+00
9.158595190380761778e+03 3.976633172490225743e+00
9.179641883767535546e+03 3.984647729655200976e+00
9.200688577154309314e+03 3.992651623628434621e+00
9.221735270541081263e+03 4.000644776315346540e+00
9.242781963927856850e+03 4.008627111078251204e+00
9.263828657314628799e+03 4.016598552766923902e+00
9.284875350701404386e+03 4.024559027749099016e+00
9.305922044088176335e+03 4.032508463941033128e+00
9.326968737474950103e+03 4.040446790838034374e+00
9.348015430861723871e+03 4.048373939544990918e+00
9.369062124248497639e+03 4.056289842806902080e+00
9.390108817635271407e+03 4.064194435039436115e+00
9.411155511022043356e+03 4.072087652359440924e+00
9.432202204408817124e+03 4.079969432615489389e+00
9.453248897795590892e+03 4.087839715418422060e+00
9.474295591182366479e+03 4.095698442171864073e+00
9.495342284569138428e+03 4.103545556102782044e+00
9.516388977955910377e+03 4.111381002291999209e+00
9.537435671342685964e+03 4.119204727704746105e+00
9.558482364729459732e+03 4.127016681221185479e+00
9.579529058116233500e+03 4.134816813666960300e+00
9.600575751503005449e+03 4.142605077843711570e+00
9.621622444889779217e+03 4.150381428559626329e+00
9.642669138276552985e+03 4.158145822659969681e+00
9.663715831663326753e+03 4.165898219057623031e+00
9.684762525050100521e+03 4.173638578763608109e+00
9.705809218436874289e+03 4.181366864917634985e+00
9.726855911823648057e+03 4.189083042818638525e+00
9.747902605210420006e+03 4.196787079955294431e+00
9.768949298597195593e+03 4.204478946036583231e+00
9.789995991983967542e+03 4.212158613022298326e+00
9.811042685370743129e+03 4.219826055153596656e+00
9.832089378757515078e+03 4.227481248983535167e+00
9.853136072144288846e+03 4.235124173407601056e+00
9.874182765531062614e+03 4.242754809694236684e+00
9.895229458917836382e+03 4.250373141515401798e+00
9.916276152304610150e+03 4.257979154977082459e+00
9.937322845691382099e+03 4.265572838649836385e+00
9.958369539078157686e+03 4.273154183599338296e+00
9.979416232464929635e+03 4.280723183416892397e+00
1.000046292585170340e+04 4.288279834249988376e+00
1.002150961923847717e+04 4.295824134832831653e+00
1.004255631262525094e+04 4.303356086516870960e+00
1.006360300601202471e+04 4.310875693301337463e+00
1.008464969939879848e+04 4.318382961863789227e+00
1.010569639278557224e+04 4.325877901590629016e+00
1.012674308617234419e+04 4.333360524607655861e+00
1.014778977955911978e+04 4.340830845810592642e+00
1.016883647294589173e+04 4.348288882895620766e+00
1.018988316633266732e+04 4.355734656389918413e+00
1.021092985971943926e+04 4.363168189682196996e+00
1.023197655310621121e+04 4.370589509053230515e+00
1.025302324649298680e+04 4.377998643706392912e+00
1.027406993987976057e+04 4.385395625798199859e+00
1.029511663326653434e+04 4.392780490468837229e+00
1.031616332665330629e+04 4.400153275872696668e+00
1.033721002004008005e+04 4.407514023208916498e+00
1.035825671342685382e+04 4.414862776751904860e+00
1.037930340681362941e+04 4.422199583881896601e+00
1.040035010020040136e+04 4.429524495115460425e+00
1.042139679358717513e+04 4.436837564136059342e+00
1.044244348697394889e+04 4.444138847824568472e+00
1.046349018036072084e+04 4.451428406289824835e+00
1.048453687374749643e+04 4.458706302899146934e+00
1.050558356713426838e+04 4.465972604308887206e+00
1.052663026052104215e+04 4.473227380494951611e+00
1.054767695390781591e+04 4.480470704783343194e+00
1.056872364729458968e+04 4.487702653880698556e+00
1.058977034068136345e+04 4.494923307904819865e+00
1.061081703406813540e+04 4.502132750415201556e+00
1.063186372745491099e+04 4.509331068443596102e+00
1.065291042084168294e+04 4.516518352524507840e+00
1.067395711422845852e+04 4.523694696725753417e+00
1.069500380761523047e+04 4.530860198679001805e+00
1.071605050100200424e+04 4.538014959610288557e+00
1.073709719438877801e+04 4.545159084370567371e+00
1.075814388777555178e+04 4.552292681466245661e+00
1.077919058116232554e+04 4.559415863089700593e+00
1.080023727454909931e+04 4.566528745149842194e+00
1.082128396793587308e+04 4.573631447302634712e+00
1.084233066132264503e+04 4.580724092981617090e+00
1.086337735470942062e+04 4.587806809428478516e+00
1.088442404809619256e+04 4.594879727723538032e+00
1.090547074148296815e+04 4.601942982816337846e+00
1.092651743486974010e+04 4.608996713556138047e+00
1.094756412825651205e+04 4.616041062722466393e+00
1.096861082164328764e+04 4.623076177055650327e+00
1.098965751503006140e+04 4.630102207287364102e+00
1.101070420841683517e+04 4.637119308171142151e+00
1.103175090180360712e+04 4.644127638512928868e+00
1.105279759519038089e+04 4.651127361201620403e+00
1.107384428857715466e+04 4.658118643239582468e+00
1.109489098196392843e+04 4.665101655773193023e+00
1.111593767535070219e+04 4.672076574123385839e+00
1.113698436873747414e+04 4.679043577816174526e+00
1.115803106212424973e+04 4.686002850613190773e+00
1.117907775551102168e+04 4.692954580542226140e+00
1.120012444889779727e+04 4.699898959927756970e+00
1.122117114228456921e+04 4.706836185421483520e+00
1.124221783567134298e+04 4.713766458032872642e+00
1.126326452905811675e+04 4.720689983159688019e+00
1.128431122244489052e+04 4.727606970618514204e+00
1.130535791583166429e+04 4.734517634675309949e+00
1.132640460921843624e+04 4.741422194075939345e+00
1.134745130260521182e+04 4.748320872076686072e+00
1.136849799599198377e+04 4.755213896474833390e+00
1.138954468937875936e+04 4.762101499639152635e+00
1.141059138276553131e+04 4.768983918540460110e+00
1.143163807615230508e+04 4.775861394782149993e+00
1.145268476953907884e+04 4.782734174630741464e+00
1.147373146292585261e+04 4.789602509046385848e+00
1.149477815631262638e+04 4.796466653713435058e+00
1.151582484969939833e+04 4.803326869070948746e+00
1.153687154308617392e+04 4.810183420343238758e+00
1.155791823647294586e+04 4.817036577570423361e+00
1.157896492985971963e+04 4.823886615638931730e+00
1.160001162324649340e+04 4.830733814312051067e+00
1.162105831663326899e+04 4.837578458260482606e+00
1.164210501002004094e+04 4.844420837092839882e+00
1.166315170340681289e+04 4.851261245386210952e+00
1.168419839679358847e+04 4.858099982716690413e+00
1.170524509018036042e+04 4.864937353689898991e+00
1.172629178356713601e+04 4.871773667971533328e+00
1.174733847695390796e+04 4.878609240317910434e+00
1.176838517034068173e+04 4.885444390606473064e+00
1.178943186372745549e+04 4.892279443866344835e+00
1.181047855711422926e+04 4.899114730308877341e+00
1.183152525050100303e+04 4.905950585358157312e+00
1.185257194388777498e+04 4.912787349681554616e+00
1.187361863727455057e+04 4.919625369220270272e+00
1.189466533066132251e+04 4.926464995219848930e+00
1.191571202404809810e+04 4.933306584260728656e+00
1.193675871743487005e+04 4.940150498288781833e+00
1.195780541082164382e+04 4.946997104645824095e+00
1.197885210420841759e+04 4.953846776100178317e+00
1.199989879759519135e+04 4.960699890877206641e+00
1.202094549098196512e+04 4.967556832689819402e+00
1.204199218436873707e+04 4.974417990769033793e+00
1.206303887775551084e+04 4.981283759894521879e+00
1.208408557114228461e+04 4.988154540425101757e+00
1.210513226452906019e+04 4.995030738329315767e+00
1.212617895791583214e+04 5.001912765215950074e+00
1.214722565130260409e+04 5.008801038364555147e+00
1.216827234468937968e+04 5.015695980756020411e+00
1.218931903807615163e+04 5.022598021103050314e+00
1.221036573146292722e+04 5.029507593880769178e+00
1.223141242484970098e+04 5.036425139357189273e+00
1.225245911823647293e+04 5.043351103623800569e+00
1.227350581162324670e+04 5.050285938626069004e+00
1.229455250501002047e+04 5.057230102193999599e+00
1.231559919839679424e+04 5.064184058072642713e+00
1.233664589178356619e+04 5.071148275952662487e+00
1.235769258517034177e+04 5.078123231500830670e+00
1.237873927855711372e+04 5.085109406390602160e+00
1.239978597194388931e+04 5.092107288332647030e+00
1.242083266533066126e+04 5.099117371105343466e+00
1.244187935871743503e+04 5.106140154585355972e+00
1.246292605210420879e+04 5.113176144778153187e+00
1.248397274549098256e+04 5.120225853848559439e+00
1.250501943887775633e+04 5.127289800151263677e+00
1.252606613226453010e+04 5.134368508261372810e+00
1.254711282565130205e+04 5.141462509004950832e+00
1.256815951903807581e+04 5.148572339489525973e+00
1.258920621242485140e+04 5.155698543134661804e+00
1.261025290581162335e+04 5.162841669702485703e+00
1.263129959919839894e+04 5.170002275328188901e+00
1.265234629258517089e+04 5.177180922550610909e+00
1.267339298597194284e+04 5.184378180342742226e+00
1.269443967935871842e+04 5.191594624142268799e+00
1.271548637274549219e+04 5.198830835882113810e+00
1.273653306613226596e+04 5.206087404020960818e+00
1.275757975951903791e+04 5.213364923573804433e+00
1.277862645290581168e+04 5.220663996142464569e+00
1.279967314629258544e+04 5.227985229946140677e+00
1.282071983967936103e+04 5.235329239851942873e+00
1.284176653306613298e+04 5.242696647405418631e+00
1.286281322645290493e+04 5.277342694224593345e+00
1.305841718008881980e+04 5.346642334451389367e+00
1.325402113372473468e+04 5.415941974678186277e+00
1.344962508736064956e+04 5.485241614904982299e+00
1.364522904099656444e+04 5.554541255131778321e+00
1.384083299463248113e+04 5.623840895358576120e+00
1.403643694826839419e+04 5.693140535585371254e+00
1.423204090190431089e+04 5.762440175812168164e+00
1.442764485554022576e+04 5.831739816038965074e+00
1.462324880917614064e+04 5.901039456265761096e+00
1.481885276281205552e+04 5.970339096492558006e+00
1.501445671644797039e+04 6.039638736719354029e+00
1.521006067008388527e+04 6.108938376946150051e+00
1.540566462371980015e+04 6.178238017172946961e+00
1.560126857735571502e+04 6.247537657399742983e+00
1.579687253099162990e+04 6.316837297626539893e+00
1.599247648462754660e+04 6.386136937853336804e+00
1.618808043826345965e+04 6.455436578080131937e+00
1.638368439189937635e+04 6.524736218306929736e+00
1.657928834553528941e+04 6.594035858533724870e+00
1.677489229917120610e+04 6.663335498760521780e+00
1.697049625280711916e+04 6.732635138987317802e+00
1.716610020644303586e+04 6.801934779214114712e+00
1.736170416007895255e+04 6.871234419440911623e+00
1.755730811371486561e+04 6.940534059667707645e+00
1.775291206735078231e+04 7.009833699894504555e+00
1.794851602098669537e+04 7.079133340121300577e+00
1.814411997462261206e+04 7.148432980348097487e+00
1.833972392825852512e+04 7.217732620574893510e+00
1.853532788189444182e+04 7.287032260801690420e+00
1.873093183553035487e+04 7.356331901028485554e+00
1.892653578916627157e+04 7.425631541255283352e+00
1.912213974280218827e+04 7.494931181482080262e+00
1.931774369643810132e+04 7.564230821708875396e+00
1.951334765007401438e+04 7.633530461935671418e+00
1.970895160370993108e+04 7.702830102162468329e+00
1.990455555734584777e+04 7.772129742389265239e+00
2.010015951098176083e+04 7.841429382616061261e+00
2.029576346461767753e+04 7.910729022842858171e+00
2.049136741825359059e+04 7.980028663069654193e+00
2.068697137188950728e+04 8.049328303296451992e+00
2.088257532552542398e+04 8.118627943523248902e+00
2.107817927916133704e+04 8.187927583750044036e+00
2.127378323279725009e+04 8.257227223976839170e+00
2.146938718643316679e+04 8.326526864203637857e+00
2.166499114006908349e+04 8.395826504430434767e+00
2.186059509370499654e+04 8.465126144657229901e+00
2.205619904734090960e+04 8.534425784884025035e+00
2.225180300097682630e+04 8.603725425110821945e+00
2.244740695461274299e+04 8.673025065337618855e+00
2.264301090824865969e+04 8.742324705564415765e+00
2.283861486188457275e+04 8.811624345791212676e+00
2.303421881552048580e+04 8.880923986018007810e+00
2.322982276915640250e+04 8.950223626244804720e+00
2.342542672279231920e+04 9.019523266471601630e+00
2.362103067642823225e+04 9.088822906698396764e+00
2.381663463006414531e+04 9.158122546925193674e+00
2.401223858370006201e+04 9.227422187151990585e+00
2.420784253733597870e+04 9.296721827378787495e+00
2.440344649097189540e+04 9.366021467605584405e+00
2.459905044460780846e+04 9.435321107832379539e+00
2.479465439824372152e+04 9.504620748059176449e+00
2.499025835187963821e+04 9.573920388285973360e+00
2.518586230551555491e+04 9.643220028512770270e+00
2.538146625915146797e+04 9.712519668739565404e+00
2.557707021278738102e+04 9.781819308966360538e+00
2.577267416642329772e+04 9.851118949193157448e+00
2.596827812005921442e+04 9.920418589419956135e+00
2.616388207369512747e+04 9.989718229646751269e+00
2.635948602733104053e+04 1.005901786987354640e+01
2.655508998096695723e+04 1.012831751010034331e+01
2.675069393460287392e+04 1.019761715032714022e+01
2.694629788823879062e+04 1.026691679055393713e+01
2.714190184187470368e+04 1.033621643078073404e+01
2.733750579551061674e+04 1.040551607100752918e+01
2.753310974914653343e+04 1.047481571123432609e+01
2.772871370278245013e+04 1.054411535146112300e+01
2.792431765641836319e+04 1.061341499168791991e+01
2.811992161005427624e+04 1.068271463191471504e+01
2.831552556369019294e+04 1.075201427214151195e+01
2.851112951732610964e+04 1.082131391236830886e+01
2.870673347096202633e+04 1.089061355259510577e+01
2.890233742459793939e+04 1.095991319282190091e+01
2.909794137823385245e+04 1.102921283304869782e+01
2.929354533186976914e+04 1.109851247327549473e+01
2.948914928550568220e+04 1.116781211350228986e+01
2.968475323914159890e+04 1.123711175372908677e+01
2.988035719277751559e+04 1.130641139395588368e+01
3.007596114641342865e+04 1.137571103418268059e+01
3.027156510004934535e+04 1.144501067440947750e+01
3.046716905368525840e+04 1.151431031463627264e+01
3.066277300732117510e+04 1.158360995486306955e+01
3.085837696095708816e+04 1.165290959508986468e+01
3.105398091459300485e+04 1.172220923531666337e+01
3.124958486822891791e+04 1.179150887554345850e+01
3.144518882186483461e+04 1.186080851577025541e+01
3.164079277550074767e+04 1.193010815599705055e+01
3.183639672913666436e+04 1.199940779622384746e+01
3.203200068277258106e+04 1.206870743645064437e+01
3.222760463640849412e+04 1.213800707667744128e+01
3.242320859004441081e+04 1.220730671690423819e+01
3.261881254368032387e+04 1.227660635713103332e+01
3.281441649731624057e+04 1.234590599735783023e+01
3.301002045095215726e+04 1.241520563758462714e+01
3.320562440458807396e+04 1.248450527781142405e+01
3.340122835822398338e+04 1.255380491803821918e+01
3.359683231185990007e+04 1.262310455826501610e+01
3.379243626549581677e+04 1.269240419849181301e+01
3.398804021913172619e+04 1.276170383871860814e+01
3.418364417276764289e+04 1.283100347894540505e+01
3.437924812640355958e+04 1.290030311917220196e+01
3.457485208003947628e+04 1.296960275939899887e+01
3.477045603367539297e+04 1.303890239962579578e+01
3.496605998731130967e+04 1.310820203985259269e+01
3.516166394094721909e+04 1.317750168007938782e+01
3.535726789458313579e+04 1.324680132030618473e+01
3.555287184821904521e+04 1.331610096053297809e+01
3.574847580185496190e+04 1.338540060075977500e+01
3.594407975549087860e+04 1.345470024098657191e+01
3.613968370912679529e+04 1.352399988121337060e+01
3.633528766276271199e+04 1.359329952144016751e+01
3.653089161639862868e+04 1.366259916166696442e+01
3.672649557003454538e+04 1.373189880189376133e+01
3.692209952367045480e+04 1.380119844212055469e+01
3.711770347730637150e+04 1.387049808234735160e+01
3.731330743094228092e+04 1.393979772257414673e+01
3.750891138457819761e+04 1.400909736280094364e+01
3.770451533821411431e+04 1.407839700302774055e+01
3.790011929185003100e+04 1.414769664325453746e+01
3.809572324548594770e+04 1.421699628348133437e+01
3.829132719912186440e+04 1.428629592370813128e+01
3.848693115275778109e+04 1.435559556393492819e+01
3.868253510639369051e+04 1.442489520416172333e+01
3.887813906002960721e+04 1.449419484438852024e+01
3.907374301366551663e+04 1.456349448461531537e+01
3.926934696730143332e+04 1.463279412484211228e+01
3.946495092093735002e+04 1.470209376506890919e+01
3.966055487457326672e+04 1.477139340529570610e+01
3.985615882820918341e+04 1.484069304552250301e+01
4.005176278184510011e+04 1.490999268574929992e+01
4.024736673548101680e+04 1.497929232597609683e+01
4.044297068911692622e+04 1.504859196620289197e+01
4.063857464275284292e+04 1.511789160642968888e+01
4.083417859638875234e+04 1.518719124665648224e+01
4.102978255002466904e+04 1.525649088688327915e+01
4.122538650366058573e+04 1.532579052711007783e+01
4.142099045729650243e+04 1.539509016733687474e+01
4.161659441093241912e+04 1.546438980756367165e+01
4.181219836456833582e+04 1.553368944779046856e+01
4.200780231820424524e+04 1.560298908801726192e+01
4.220340627184016193e+04 1.567228872824405883e+01
4.239901022547607863e+04 1.574158836847085574e+01
4.259461417911198805e+04 1.581088800869765087e+01
4.279021813274790475e+04 1.588018764892444779e+01
4.298582208638382144e+04 1.594948728915124470e+01
4.318142604001973814e+04 1.601878692937804161e+01
4.337702999365565483e+04 1.608808656960484029e+01
4.357263394729157153e+04 1.615738620983163543e+01
4.376823790092748095e+04 1.622668585005843056e+01
4.396384185456339765e+04 1.629598549028522925e+01
4.415944580819931434e+04 1.636528513051202438e+01
4.435504976183522376e+04 1.643458477073881951e+01
4.455065371547114046e+04 1.650388441096561820e+01
4.474625766910705715e+04 1.657318405119241334e+01
4.494186162274297385e+04 1.664248369141921202e+01
4.513746557637889055e+04 1.671178333164600716e+01
4.533306953001480724e+04 1.678108297187280584e+01
4.552867348365071666e+04 1.685038261209959742e+01
4.572427743728663336e+04 1.691968225232639611e+01
4.591988139092255005e+04 1.698898189255319124e+01
4.611548534455845947e+04 1.705828153277998638e+01
4.631108929819437617e+04 1.712758117300678506e+01
4.650669325183029287e+04 1.719688081323358020e+01
4.670229720546620956e+04 1.726618045346037889e+01
4.689790115910212626e+04 1.733548009368717402e+01
4.709350511273803568e+04 1.740477973391396915e+01
4.728910906637395237e+04 1.747407937414076784e+01
4.748471302000986907e+04 1.754337901436756297e+01
4.768031697364578577e+04 1.761267865459436166e+01
4.787592092728169519e+04 1.768197829482115679e+01
4.807152488091761188e+04 1.775127793504795193e+01
4.826712883455352858e+04 1.782057757527475061e+01
4.846273278818944527e+04 1.788987721550154575e+01
4.865833674182536197e+04 1.795917685572834444e+01
4.885394069546127139e+04 1.802847649595513957e+01
4.904954464909718808e+04 1.809777613618193470e+01
4.924514860273310478e+04 1.816707577640873339e+01
4.944075255636902148e+04 1.823637541663552852e+01
4.963635651000493090e+04 1.830567505686232366e+01
4.983196046364084759e+04 1.837497469708911879e+01
5.002756441727676429e+04 1.844427433731591748e+01
5.022316837091268098e+04 1.851357397754271616e+01
5.041877232454859040e+04 1.858287361776950775e+01
5.061437627818450710e+04 1.865217325799630643e+01
5.080998023182042380e+04 1.872147289822310157e+01
5.100558418545634049e+04 1.879077253844990025e+01
5.120118813909225719e+04 1.886007217867669539e+01
5.139679209272816661e+04 1.892937181890349052e+01
5.159239604636408330e+04 1.899867145913028921e+01
5.178800000000000000e+04 1.906797109935708434e+01
