2.417750000000000000e+03 1.439616696470174206e+00
2.438844689378757721e+03 1.450059856439319450e+00
2.459939378757514987e+03 1.460519652381650602e+00
2.481034068136272253e+03 1.470995747741818294e+00
2.502128757515029974e+03 1.481487808904421888e+00
2.523223446893787695e+03 1.491995505182087900e+00
2.544318136272545416e+03 1.502518508803543096e+00
2.565412825651302683e+03 1.513056494901693583e+00
2.586507515030059949e+03 1.523609141501699460e+00
2.607602204408817670e+03 1.534176129509048803e+00
2.628696893787574936e+03 1.544757142697637864e+00
2.649791583166332657e+03 1.555351867697843060e+00
2.670886272545090378e+03 1.565959993984600507e+00
2.691980961923847644e+03 1.576581213865478670e+00
2.713075651302605365e+03 1.587215222468755460e+00
2.734170340681362632e+03 1.597861717731497988e+00
2.755265030060119898e+03 1.608520400387632332e+00
2.776359719438877619e+03 1.619190973956023516e+00
2.797454408817635340e+03 1.629873144728551493e+00
2.818549098196393061e+03 1.640566621758184684e+00
2.839643787575150327e+03 1.651271116847059517e+00
2.860738476953907593e+03 1.661986344534551741e+00
2.881833166332665314e+03 1.672712022085358186e+00
2.902927855711423035e+03 1.683447869477568526e+00
2.924022545090180301e+03 1.694193609390742594e+00
2.945117234468937568e+03 1.704948967193985920e+00
2.966211923847695289e+03 1.715713670934026380e+00
2.987306613226453010e+03 1.726487451323291733e+00
3.008401302605210731e+03 1.737270041727981162e+00
3.029495991983967997e+03 1.748061178156145923e+00
3.050590681362725263e+03 1.758860599245763767e+00
3.071685370741482984e+03 1.769668046252813376e+00
3.092780060120240705e+03 1.780483263039353004e+00
3.113874749498997971e+03 1.791305996061593575e+00
3.134969438877755692e+03 1.802135994357978221e+00
3.156064128256512959e+03 1.812973009537254487e+00
3.177158817635270680e+03 1.823816795766554533e+00
3.198253507014027946e+03 1.834667109759466674e+00
3.219348196392785212e+03 1.845523710764115588e+00
3.240442885771542933e+03 1.856386360551233849e+00
3.261537575150300654e+03 1.867254823402244357e+00
3.282632264529057920e+03 1.878128866097326544e+00
3.303726953907816096e+03 1.889008257903505017e+00
3.324821643286573362e+03 1.899892770562713995e+00
3.345916332665330629e+03 1.910782178279880172e+00
3.367011022044088350e+03 1.921676257710994928e+00
3.388105711422846070e+03 1.932574787951195194e+00
3.409200400801603337e+03 1.943477550522835440e+00
3.430295090180360603e+03 1.954384329363561656e+00
3.451389779559118324e+03 1.965294910814394447e+00
3.472484468937875590e+03 1.976209083607798789e+00
3.493579158316633311e+03 1.987126638855762684e+00
3.514673847695390577e+03 1.998047370037873360e+00
3.535768537074148298e+03 2.008971072989391704e+00
3.556863226452905565e+03 2.019897545889329127e+00
3.577957915831663286e+03 2.030826589248525327e+00
3.599052605210420552e+03 2.041758005897720274e+00
3.620147294589178273e+03 2.052691600975636632e+00
3.641241983967935539e+03 2.063627181917045306e+00
3.662336673346693715e+03 2.074564558440854967e+00
3.683431362725450981e+03 2.085503542538175381e+00
3.704526052104208247e+03 2.096443948460403828e+00
3.725620741482965968e+03 2.107385592707291977e+00
3.746715430861723689e+03 2.118328294015028757e+00
3.767810120240480956e+03 2.129271873344313892e+00
3.788904809619238222e+03 2.140216153868433224e+00
3.809999498997995943e+03 2.151160960961336244e+00
3.831094188376753664e+03 2.162106122185709189e+00
3.852188877755510930e+03 2.173051467281057469e+00
3.873283567134268196e+03 2.183996828151772096e+00
3.894378256513026372e+03 2.194942038855214328e+00
3.915472945891783638e+03 2.205886935589787434e+00
3.936567635270541359e+03 2.216831356683013343e+00
3.957662324649298625e+03 2.227775142579611067e+00
3.978757014028056346e+03 2.238718135829568023e+00
3.999851703406813613e+03 2.249660181076218901e+00
4.020946392785571334e+03 2.260601125044320980e+00
4.042041082164328600e+03 2.271540816528133000e+00
4.063135771543086321e+03 2.282479106379487810e+00
4.084230460921843587e+03 2.293415847495867688e+00
4.105325150300601308e+03 2.304350894808482764e+00
4.126419839679358120e+03 2.315284105270348114e+00
4.147514529058115841e+03 2.326215337844353748e+00
4.168609218436873562e+03 2.337144453491350582e+00
4.189703907815631283e+03 2.348071315158213324e+00
4.210798597194389004e+03 2.358995787765932661e+00
4.231893286573145815e+03 2.369917738197674595e+00
4.252987975951903536e+03 2.380837035286868630e+00
4.274082665330661257e+03 2.391753549805278212e+00
4.295177354709418978e+03 2.402667154451077813e+00
4.316272044088176699e+03 2.413577723836930033e+00
4.337366733466933510e+03 2.424485134478058690e+00
4.358461422845691231e+03 2.435389264780329466e+00
4.379556112224448952e+03 2.446289995028322117e+00
4.400650801603206673e+03 2.457187207373408455e+00
4.421745490981964394e+03 2.468080785821824108e+00
4.442840180360721206e+03 2.478970616222754941e+00
4.463934869739478927e+03 2.489856586256398607e+00
4.485029559118236648e+03 2.500738585422053184e+00
4.506124248496994369e+03 2.511616505026186719e+00
4.527218937875752090e+03 2.522490238170512544e+00
4.548313627254508901e+03 2.533359679740071257e+00
4.569408316633266622e+03 2.544224726391301594e+00
4.590503006012024343e+03 2.555085276540114414e+00
4.611597695390781155e+03 2.565941230349976010e+00
4.632692384769538876e+03 2.576792489719979429e+00
4.653787074148296597e+03 2.587638958272919787e+00
4.674881763527054318e+03 2.598480541343372252e+00
4.695976452905812039e+03 2.609317145965769136e+00
4.717071142284568850e+03 2.620148680862473434e+00
4.738165831663326571e+03 2.630975056431852810e+00
4.759260521042084292e+03 2.641796184736362463e+00
4.780355210420841104e+03 2.652611979490615557e+00
4.801449899799598825e+03 2.663422356049460760e+00
4.822544589178356546e+03 2.674227231396059334e+00
4.843639278557114267e+03 2.685026524129957792e+00
4.864733967935871988e+03 2.695820154455170758e+00
4.885828657314628799e+03 2.706608044168246519e+00
4.906923346693386520e+03 2.717390116646353881e+00
4.928018036072144241e+03 2.728166296835352611e+00
4.949112725450901053e+03 2.738936511237866966e+00
4.970207414829659683e+03 2.749700687901368568e+00
4.991302104208416495e+03 2.760458756406249492e+00
5.012396793587174216e+03 2.771210647853891373e+00
5.033491482965931937e+03 2.781956294854755374e+00
5.054586172344689658e+03 2.792695631516447285e+00
5.075680861723447379e+03 2.803428593431793736e+00
5.096775551102204190e+03 2.814155117666924610e+00
5.117870240480961911e+03 2.824875142749346146e+00
5.138964929859719632e+03 2.835588608656014920e+00
5.160059619238477353e+03 2.846295456801415824e+00
5.181154308617235074e+03 2.856995630025635613e+00
5.202248997995991886e+03 2.867689072582445320e+00
5.223343687374749607e+03 2.878375730127368470e+00
5.244438376753507328e+03 2.889055549705761727e+00
5.265533066132264139e+03 2.899728479740888432e+00
5.286627755511021860e+03 2.910394470022000135e+00
5.307722444889779581e+03 2.921053471692401704e+00
5.328817134268537302e+03 2.931705437237540401e+00
5.349911823647294113e+03 2.942350320473070546e+00
5.371006513026051834e+03 2.952988076532937711e+00
5.392101202404809555e+03 2.963618661857450931e+00
5.413195891783567276e+03 2.974242034181358463e+00
5.434290581162324088e+03 2.984858152521925767e+00
5.455385270541081809e+03 2.995466977167009048e+00
5.476479959919839530e+03 3.006068469663134124e+00
5.497574649298597251e+03 3.016662592803570853e+00
5.518669338677354972e+03 3.027249310616404898e+00
5.539764028056111783e+03 3.037828588352627257e+00
5.560858717434870414e+03 3.048400392474190923e+00
5.581953406813627225e+03 3.058964690642104856e+00
5.603048096192384037e+03 3.069521451704497750e+00
5.624142785571142667e+03 3.080070645684701347e+00
5.645237474949900388e+03 3.090612243769323086e+00
5.666332164328658109e+03 3.101146218296319645e+00
5.687426853707414921e+03 3.111672542743079362e+00
5.708521543086172642e+03 3.122191191714495773e+00
5.729616232464930363e+03 3.132702140931037160e+00
5.750710921843687174e+03 3.143205367216834745e+00
5.771805611222444895e+03 3.153700848487747788e+00
5.792900300601202616e+03 3.164188563739448234e+00
5.813994989979959428e+03 3.174668493035485817e+00
5.835089679358717149e+03 3.185140617495375803e+00
5.856184368737474870e+03 3.195604919282668543e+00
5.877279058116232591e+03 3.206061381593029225e+00
5.898373747494990312e+03 3.216509988642304307e+00
5.919468436873747123e+03 3.226950725654614605e+00
5.940563126252504844e+03 3.237383578850414168e+00
5.961657815631262565e+03 3.247808535434573152e+00
5.982752505010019377e+03 3.258225583584460239e+00
6.003847194388777098e+03 3.268634712438009071e+00
6.024941883767534819e+03 3.279035912081796234e+00
6.046036573146292540e+03 3.289429173539121898e+00
6.067131262525050261e+03 3.299814488758081588e+00
6.088225951903807072e+03 3.310191850599643715e+00
6.109320641282565703e+03 3.320561252825724452e+00
6.130415330661322514e+03 3.330922690087264826e+00
6.151510020040079326e+03 3.341276157912308697e+00
6.172604709418837956e+03 3.351621652694074527e+00
6.193699398797594768e+03 3.361959171679030245e+00
6.214794088176353398e+03 3.372288712954981005e+00
6.235888777555110210e+03 3.382610275439128067e+00
6.256983466933867930e+03 3.392923858866160547e+00
6.278078156312625651e+03 3.403229463776317409e+00
6.299172845691383372e+03 3.413527091503474775e+00
6.320267535070140184e+03 3.423816744163218573e+00
6.341362224448897905e+03 3.434098424640915859e+00
6.362456913827655626e+03 3.444372136579797683e+00
6.383551603206413347e+03 3.454637884369028633e+00
6.404646292585170158e+03 3.464895673131787035e+00
6.425740981963927879e+03 3.475145508713345599e+00
6.446835671342685600e+03 3.485387397669134302e+00
6.467930360721443321e+03 3.495621347252827693e+00
6.489025050100200133e+03 3.505847365404416216e+00
6.510119739478957854e+03 3.516065460738284187e+00
6.531214428857715575e+03 3.526275642531284227e+00
6.552309118236472386e+03 3.536477920710813905e+00
6.573403807615230107e+03 3.546672305842893724e+00
6.594498496993987828e+03 3.556858809120236664e+00
6.615593186372745549e+03 3.567037442350334153e+00
6.636687875751502361e+03 3.577208217943521618e+00
6.657782565130260082e+03 3.587371148901064899e+00
6.678877254509017803e+03 3.597526248803225801e+00
6.699971943887776433e+03 3.607673531797344957e+00
6.721066633266533245e+03 3.617813012585918919e+00
6.742161322645290056e+03 3.627944706414669707e+00
6.763256012024048687e+03 3.638068629060623671e+00
6.784350701402805498e+03 3.648184796820193920e+00
6.805445390781562310e+03 3.658293226497245865e+00
6.826540080160320940e+03 3.668393935391178751e+00
6.847634769539078661e+03 3.678486941285001421e+00
6.868729458917836382e+03 3.688572262433410742e+00
6.889824148296593194e+03 3.698649917550858035e+00
6.910918837675350915e+03 3.708719925799641715e+00
6.932013527054108636e+03 3.718782306777963509e+00
6.953108216432865447e+03 3.728837080508020652e+00
6.974202905811623168e+03 3.738884267424072760e+00
6.995297595190380889e+03 3.748923888360522039e+00
7.016392284569138610e+03 3.758955964539990369e+00
7.037486973947895422e+03 3.768980517561386634e+00
7.058581663326653143e+03 3.778997569387994915e+00
7.079676352705410864e+03 3.789007142335542255e+00
7.100771042084168585e+03 3.799009259060278865e+00
7.121865731462925396e+03 3.809003942547048105e+00
7.142960420841683117e+03 3.818991216097374242e+00
7.164055110220440838e+03 3.828971103317520885e+00
7.185149799599198559e+03 3.838943628106586736e+00
7.206244488977955371e+03 3.848908814644565801e+00
7.227339178356713091e+03 3.858866687380433369e+00
7.248433867735470812e+03 3.868817271020215998e+00
7.269528557114228533e+03 3.878760590515069495e+00
7.290623246492985345e+03 3.888696671049355125e+00
7.311717935871743066e+03 3.898625538028722026e+00
7.332812625250500787e+03 3.908547217068162993e+00
7.353907314629258508e+03 3.918461733980119099e+00
7.375002004008016229e+03 3.928369114762536363e+00
7.396096693386773950e+03 3.938269385586938398e+00
7.417191382765531671e+03 3.948162572786523050e+00
7.438286072144288482e+03 3.958048702844215505e+00
7.459380761523046203e+03 3.967927802380762703e+00
7.480475450901803924e+03 3.977799898142794000e+00
7.501570140280561645e+03 3.987665016990910249e+00
7.522664829659318457e+03 3.997523185887753794e+00
7.543759519038076178e+03 4.007374431886074895e+00
7.564854208416833899e+03 4.017218782116834142e+00
7.585948897795591620e+03 4.027056263777248013e+00
7.607043587174348431e+03 4.036886904118888175e+00
7.628138276553106152e+03 4.046710730435737702e+00
7.649232965931863873e+03 4.056527770052289483e+00
7.670327655310621594e+03 4.066338050311597563e+00
7.691422344689378406e+03 4.076141598563381763e+00
7.712517034068136127e+03 4.085938442152071026e+00
7.733611723446893848e+03 4.095728608404909821e+00
7.754706412825651569e+03 4.105512124620009473e+00
7.775801102204408380e+03 4.115289018054438586e+00
7.796895791583166101e+03 4.125059315912309010e+00
7.817990480961923822e+03 4.134823045332815639e+00
7.839085170340680634e+03 4.144580233378349021e+00
7.860179859719438355e+03 4.154330907022556474e+00
7.881274549098196076e+03 4.164075093138420058e+00
7.902369238476953797e+03 4.173812818486326570e+00
7.923463927855710608e+03 4.183544109702152625e+00
7.944558617234468329e+03 4.193268993285339974e+00
7.965653306613226050e+03 4.202987495586964606e+00
7.986747995991984681e+03 4.212699642797813837e+00
8.007842685370741492e+03 4.222405460936466071e+00
8.028937374749499213e+03 4.232104975837376770e+00
8.050032064128256934e+03 4.241798213138927132e+00
8.071126753507014655e+03 4.251485198271529597e+00
8.092221442885771467e+03 4.261165956445679193e+00
8.113316132264529188e+03 4.270840512640051045e+00
8.134410821643286909e+03 4.280508891589563270e+00
8.155505511022044629e+03 4.290171117773451392e+00
8.176600200400801441e+03 4.299827215403364100e+00
8.197694889779559162e+03 4.309477208411400362e+00
8.218789579158317792e+03 4.319121120438227379e+00
8.239884268537074604e+03 4.328758974821141692e+00
8.260978957915831415e+03 4.338390794582123178e+00
8.282073647294590046e+03 4.348016602415945009e+00
8.303168336673346857e+03 4.357636420678234757e+00
8.324263026052103669e+03 4.367250271373543491e+00
8.345357715430862299e+03 4.376858176143432644e+00
8.366452404809619111e+03 4.386460156254543108e+00
8.387547094188375922e+03 4.396056232586679435e+00
8.408641783567134553e+03 4.405646425620874496e+00
8.429736472945891364e+03 4.415230755427478115e+00
8.450831162324648176e+03 4.424809241654218184e+00
8.471925851703406806e+03 4.434381903514293732e+00
8.493020541082163618e+03 4.443948759774434265e+00
8.514115230460920429e+03 4.453509828742992838e+00
8.535209919839679060e+03 4.463065128258002723e+00
8.556304609218437690e+03 4.472614675675274931e+00
8.577399298597194502e+03 4.482158487856452211e+00
8.598493987975951313e+03 4.491696581157100354e+00
8.619588677354709944e+03 4.501228971414786173e+00
8.640683366733468574e+03 4.510755673937135057e+00
8.661778056112223567e+03 4.520276703489926717e+00
8.682872745490982197e+03 4.529792074285166947e+00
8.703967434869740828e+03 4.539301799969145179e+00
8.725062124248495820e+03 4.548805893610539997e+00
8.746156813627254451e+03 4.558304367688478465e+00
8.767251503006013081e+03 4.567797234080613222e+00
8.788346192384769893e+03 4.577284504051190694e+00
8.809440881763526704e+03 4.586766188239151276e+00
8.830535571142285335e+03 4.596242296646181558e+00
8.851630260521042146e+03 4.605712838624790528e+00
8.872724949899798958e+03 4.615177822866415980e+00
8.893819639278557588e+03 4.624637257389458078e+00
8.914914328657314400e+03 4.634091149527387543e+00
8.936009018036071211e+03 4.643539505916800536e+00
8.957103707414829842e+03 4.652982332485517958e+00
8.978198396793586653e+03 4.662419634440629679e+00
8.999293086172343465e+03 4.671851416256602718e+00
9.020387775551102095e+03 4.681277681663339685e+00
9.041482464929860726e+03 4.690698433634251430e+00
9.062577154308615718e+03 4.700113674374349237e+00
9.083671843687374349e+03 4.709523405308305932e+00
9.104766533066132979e+03 4.718927627068538300e+00
9.125861222444889790e+03 4.728326339483280627e+00
9.146955911823646602e+03 4.737719541564662684e+00
9.168050601202405232e+03 4.747107231496791258e+00
9.189145290581163863e+03 4.756489406623807703e+00
9.210239979959918855e+03 4.765866063437989908e+00
9.231334669338677486e+03 4.775237197567804515e+00
9.252429358717436116e+03 4.784602803766000889e+00
9.273524048096192928e+03 4.793962875897676668e+00
9.294618737474949739e+03 4.803317406928350408e+00
9.315713426853708370e+03 4.812666388912053783e+00
9.336808116232465181e+03 4.822009812979394461e+00
9.357902805611221993e+03 4.831347669325628758e+00
9.378997494989980623e+03 4.840679947198754718e+00
9.400092184368737435e+03 4.850006634887567003e+00
9.421186873747494246e+03 4.859327719709753524e+00
9.442281563126252877e+03 4.868643187999953881e+00
9.463376252505009688e+03 4.877953025097848894e+00
9.484470941883766500e+03 4.887257215336219041e+00
9.505565631262525130e+03 4.896555742029054414e+00
9.526660320641283761e+03 4.905848587459582077e+00
9.547755010020038753e+03 4.915135732868381346e+00
9.568849699398797384e+03 4.924417158441455555e+00
9.589944388777556014e+03 4.933692843298278952e+00
9.611039078156312826e+03 4.942962765479915532e+00
9.632133767535069637e+03 4.952226901937051728e+00
9.653228456913828268e+03 4.961485228518106361e+00
9.674323146292585079e+03 4.970737719957288192e+00
9.695417835671341891e+03 4.979984349862683679e+00
9.716512525050100521e+03 4.989225090704325183e+00
9.737607214428857333e+03 4.998459913802257404e+00
9.758701903807614144e+03 5.007688789314640232e+00
9.779796593186372775e+03 5.016911686225792977e+00
9.800891282565131405e+03 5.026128572334304323e+00
9.821985971943888217e+03 5.035339414241074785e+00
9.843080661322645028e+03 5.044544177337422219e+00
9.864175350701403659e+03 5.053742825793133164e+00
9.885270040080160470e+03 5.062935322544545258e+00
9.906364729458917282e+03 5.072121629282648314e+00
9.927459418837675912e+03 5.081301706441127664e+00
9.948554108216434543e+03 5.090475513184438583e+00
9.969648797595189535e+03 5.099643007395924243e+00
9.990743486973948166e+03 5.108804145665835961e+00
1.001183817635270680e+04 5.117958883279454696e+00
1.003293286573146361e+04 5.127107174205146833e+00
1.005402755511022042e+04 5.136248971082437720e+00
1.007512224448897905e+04 5.145384225210087870e+00
1.009621693386773586e+04 5.154512886534190486e+00
1.011731162324649267e+04 5.163634903636209472e+00
1.013840631262525130e+04 5.172750223721092055e+00
1.015950100200400811e+04 5.181858792605323671e+00
1.018059569138276493e+04 5.190960554705007723e+00
1.020169038076152356e+04 5.200055453023946228e+00
1.022278507014028037e+04 5.209143429141715131e+00
1.024387975951903718e+04 5.218224423201730744e+00
1.026497444889779581e+04 5.227298373899339268e+00
1.028606913827655262e+04 5.236365218469888561e+00
1.030716382765530943e+04 5.245424892676792794e+00
1.032825851703406806e+04 5.254477330799636192e+00
1.034935320641282669e+04 5.263522465622202162e+00
1.037044789579158351e+04 5.272560228420609008e+00
1.039154258517034032e+04 5.281590548951336395e+00
1.041263727454909895e+04 5.290613355439321097e+00
1.043373196392785758e+04 5.299628574566044747e+00
1.045482665330661257e+04 5.308636131457575402e+00
1.047592134268537120e+04 5.317635949672688156e+00
1.049701603206412983e+04 5.326627951190902266e+00
1.051811072144288664e+04 5.335612056400576009e+00
1.053920541082164345e+04 5.344588184086989102e+00
1.056030010020040208e+04 5.353556251420393153e+00
1.058139478957915890e+04 5.362516173944122500e+00
1.060248947895791571e+04 5.371467865562635779e+00
1.062358416833667434e+04 5.380411238529614337e+00
1.064467885771543115e+04 5.389346203436031324e+00
1.066577354709418796e+04 5.398272669198231455e+00
1.068686823647294659e+04 5.407190543045994779e+00
1.070796292585170340e+04 5.416099730510628874e+00
1.072905761523046021e+04 5.425000135413041491e+00
1.075015230460921885e+04 5.433891659851800782e+00
1.077124699398797566e+04 5.442774204191223930e+00
1.079234168336673247e+04 5.451647667049472901e+00
1.081343637274549110e+04 5.460511945286581792e+00
1.083453106212424973e+04 5.469366933992577451e+00
1.085562575150300472e+04 5.478212526475532584e+00
1.087672044088176335e+04 5.487048614249664169e+00
1.089781513026052198e+04 5.495875087023364358e+00
1.091890981963927879e+04 5.504691832687334418e+00
1.094000450901803561e+04 5.513498737302603203e+00
1.096109919839679424e+04 5.522295685088669082e+00
1.098219388777555287e+04 5.531082558411497097e+00
1.100328857715430786e+04 5.539859237771679545e+00
1.102438326653306649e+04 5.548625601792426032e+00
1.104547795591182512e+04 5.557381527207722272e+00
1.106657264529058193e+04 5.566126888850329024e+00
1.108766733466933874e+04 5.574861559639934683e+00
1.110876202404809737e+04 5.583585410571151542e+00
1.112985671342685418e+04 5.592298310701671937e+00
1.115095140280561100e+04 5.601000127140270735e+00
1.117204609218436963e+04 5.609690725034940151e+00
1.119314078156312644e+04 5.618369967560925993e+00
1.121423547094188325e+04 5.627037715908826954e+00
1.123533016032064188e+04 5.635693829272660160e+00
1.125642484969939869e+04 5.644338164837932048e+00
1.127751953907815550e+04 5.652970577769734106e+00
1.129861422845691413e+04 5.661590921200797766e+00
1.131970891783567276e+04 5.670199046219584815e+00
1.134080360721442776e+04 5.678794801858350283e+00
1.136189829659318639e+04 5.687378035081238181e+00
1.138299298597194502e+04 5.695948590772324849e+00
1.140408767535070183e+04 5.704506311723744005e+00
1.142518236472945864e+04 5.713051038623705224e+00
1.144627705410821727e+04 5.721582610044616324e+00
1.146737174348697408e+04 5.730100862431135589e+00
1.148846643286573089e+04 5.738605630088263965e+00
1.150956112224448952e+04 5.747096745169394616e+00
1.153065581162324634e+04 5.755574037664408671e+00
1.155175050100200315e+04 5.764037335387769190e+00
1.157284519038076178e+04 5.772486463966553849e+00
1.159393987975951859e+04 5.780921246828564009e+00
1.161503456913827540e+04 5.789341505190371606e+00
1.163612925851703403e+04 5.797747058045439772e+00
1.165722394789579084e+04 5.806137722152149294e+00
1.167831863727454765e+04 5.814513312021926339e+00
1.169941332665330629e+04 5.822873639907264476e+00
1.172050801603206492e+04 5.831218515789831969e+00
1.174160270541082173e+04 5.839547747368550645e+00
1.176269739478957854e+04 5.847861140047649897e+00
1.178379208416833717e+04 5.856158496924773971e+00
1.180488677354709580e+04 5.864439618779018204e+00
1.182598146292585079e+04 5.872704304059050529e+00
1.184707615230460942e+04 5.880952348871138824e+00
1.186817084168336805e+04 5.889183546967274197e+00
1.188926553106212305e+04 5.897397689733215209e+00
1.191036022044088168e+04 5.905594566176579185e+00
1.193145490981964031e+04 5.913773962914892657e+00
1.195254959919839712e+04 5.921935664163727964e+00
1.197364428857715393e+04 5.930079451724687090e+00
1.199473897795591256e+04 5.938205104973568460e+00
1.201583366733466937e+04 5.946312400848387192e+00
1.203692835671342618e+04 5.954401113837476167e+00
1.205802304609218481e+04 5.962471015967551580e+00
1.207911773547094162e+04 5.970521876791772264e+00
1.210021242484969844e+04 5.978553463377857646e+00
1.212130711422845707e+04 5.986565540296137300e+00
1.214240180360721388e+04 5.994557869607620049e+00
1.216349649298597069e+04 6.002530210852095927e+00
1.218459118236472932e+04 6.010482321036176856e+00
1.220568587174348795e+04 6.018413954621401274e+00
1.222678056112224294e+04 6.026324863512303232e+00
1.224787525050100157e+04 6.034214797044473499e+00
1.226896993987976020e+04 6.042083501972678405e+00
1.229006462925851702e+04 6.049930722458873866e+00
1.231115931863727383e+04 6.057756200060327778e+00
1.233225400801603246e+04 6.065559673717670464e+00
1.235334869739479109e+04 6.073340879743003740e+00
1.237444338677354608e+04 6.081099551807943371e+00
1.239553807615230471e+04 6.088835420931692610e+00
1.241663276553106334e+04 6.096548215469143273e+00
1.243772745490982015e+04 6.104237661098957268e+00
1.245882214428857696e+04 6.111903480811585077e+00
1.247991683366733560e+04 6.119545394897441426e+00
1.250101152304609241e+04 6.127163120934874030e+00
1.252210621242484922e+04 6.134756373778303740e+00
1.254320090180360785e+04 6.142324865546278545e+00
1.256429559118236466e+04 6.149868305609571095e+00
1.258539028056112147e+04 6.157386400579224706e+00
1.260648496993988010e+04 6.164878854294660648e+00
1.262757965931863691e+04 6.172345367811727712e+00
1.264867434869739373e+04 6.179785639390778407e+00
1.266976903807615236e+04 6.187199364484765596e+00
1.269086372745491099e+04 6.194586235727319590e+00
1.271195841683366598e+04 6.201945942920789712e+00
1.273305310621242461e+04 6.209278173024372904e+00
1.275414779559118324e+04 6.216582610142117105e+00
1.277524248496993823e+04 6.223858935511079160e+00
1.279633717434869686e+04 6.231106827489337974e+00
1.281743186372745549e+04 6.238325961544100906e+00
1.283852655310621230e+04 6.245516010239786198e+00
1.285962124248496912e+04 6.304878154687633796e+00
1.305518093473378758e+04 6.387729436216351253e+00
1.325074062698260786e+04 6.470580717745069599e+00
1.344630031923142633e+04 6.553431999273786168e+00
1.364186001148024661e+04 6.636283280802504514e+00
1.383741970372906508e+04 6.719134562331221971e+00
1.403297939597788536e+04 6.801985843859939429e+00
1.422853908822670383e+04 6.884837125388656887e+00
1.442409878047552411e+04 6.967688406917375232e+00
1.461965847272434257e+04 7.050539688446091802e+00
1.481521816497316104e+04 7.133390969974809259e+00
1.501077785722198132e+04 7.216242251503527605e+00
1.520633754947079979e+04 7.299093533032245062e+00
1.540189724171962007e+04 7.381944814560962520e+00
1.559745693396843853e+04 7.464796096089679978e+00
1.579301662621725700e+04 7.547647377618397435e+00
1.598857631846607728e+04 7.630498659147114893e+00
1.618413601071489757e+04 7.713349940675833238e+00
1.637969570296371603e+04 7.796201222204550696e+00
1.657525539521253449e+04 7.879052503733267265e+00
1.677081508746135296e+04 7.961903785261984723e+00
1.696637477971017506e+04 8.044755066790704845e+00
1.716193447195899353e+04 8.127606348319421414e+00
1.735749416420781199e+04 8.210457629848137984e+00
1.755305385645663046e+04 8.293308911376856329e+00
1.774861354870544892e+04 8.376160192905572899e+00
1.794417324095427102e+04 8.459011474434291245e+00
1.813973293320308949e+04 8.541862755963009590e+00
1.833529262545190795e+04 8.624714037491726160e+00
1.853085231770072642e+04 8.707565319020442729e+00
1.872641200994954852e+04 8.790416600549162851e+00
1.892197170219836698e+04 8.873267882077879420e+00
1.911753139444718545e+04 8.956119163606595990e+00
1.931309108669600391e+04 9.038970445135314336e+00
1.950865077894482238e+04 9.121821726664030905e+00
1.970421047119364448e+04 9.204673008192749251e+00
1.989977016344246294e+04 9.287524289721467596e+00
2.009532985569128141e+04 9.370375571250184166e+00
2.029088954794009987e+04 9.453226852778900735e+00
2.048644924018892198e+04 9.536078134307620857e+00
2.068200893243774044e+04 9.618929415836337427e+00
2.087756862468655891e+04 9.701780697365053996e+00
2.107312831693537737e+04 9.784631978893772342e+00
2.126868800918419583e+04 9.867483260422488911e+00
2.146424770143301430e+04 9.950334541951207257e+00
2.165980739368183640e+04 1.003318582347992560e+01
2.185536708593065487e+04 1.011603710500864217e+01
2.205092677817947697e+04 1.019888838653736052e+01
2.224648647042829543e+04 1.028173966806607886e+01
2.244204616267711390e+04 1.036459094959479543e+01
2.263760585492593236e+04 1.044744223112351378e+01
2.283316554717475083e+04 1.053029351265223035e+01
2.302872523942356929e+04 1.061314479418094692e+01
2.322428493167238776e+04 1.069599607570966526e+01
2.341984462392120986e+04 1.077884735723838361e+01
2.361540431617002832e+04 1.086169863876710018e+01
2.381096400841884679e+04 1.094454992029581852e+01
2.400652370066766889e+04 1.102740120182453687e+01
2.420208339291648736e+04 1.111025248335325344e+01
2.439764308516530582e+04 1.119310376488197178e+01
2.459320277741412428e+04 1.127595504641068835e+01
2.478876246966294275e+04 1.135880632793940492e+01
2.498432216191176121e+04 1.144165760946812327e+01
2.517988185416058332e+04 1.152450889099684161e+01
2.537544154640940178e+04 1.160736017252555818e+01
2.557100123865822025e+04 1.169021145405427653e+01
2.576656093090704235e+04 1.177306273558299488e+01
2.596212062315586081e+04 1.185591401711171144e+01
2.615768031540467928e+04 1.193876529864042979e+01
2.635324000765349774e+04 1.202161658016914636e+01
2.654879969990231621e+04 1.210446786169786471e+01
2.674435939215113467e+04 1.218731914322658128e+01
2.693991908439995677e+04 1.227017042475529962e+01
2.713547877664877524e+04 1.235302170628401797e+01
2.733103846889759370e+04 1.243587298781273454e+01
2.752659816114641580e+04 1.251872426934145288e+01
2.772215785339523427e+04 1.260157555087017123e+01
2.791771754564405273e+04 1.268442683239888780e+01
2.811327723789287120e+04 1.276727811392760437e+01
2.830883693014168966e+04 1.285012939545632271e+01
2.850439662239050813e+04 1.293298067698503928e+01
2.869995631463932659e+04 1.301583195851375585e+01
2.889551600688814869e+04 1.309868324004247597e+01
2.909107569913696716e+04 1.318153452157119254e+01
2.928663539138578562e+04 1.326438580309990911e+01
2.948219508363460773e+04 1.334723708462862923e+01
2.967775477588342619e+04 1.343008836615734580e+01
2.987331446813224466e+04 1.351293964768606237e+01
3.006887416038106312e+04 1.359579092921478072e+01
3.026443385262988159e+04 1.367864221074349729e+01
3.045999354487870369e+04 1.376149349227221563e+01
3.065555323712752215e+04 1.384434477380093398e+01
3.085111292937634062e+04 1.392719605532965055e+01
3.104667262162515908e+04 1.401004733685836889e+01
3.124223231387398118e+04 1.409289861838708724e+01
3.143779200612279965e+04 1.417574989991580381e+01
3.163335169837161811e+04 1.425860118144452215e+01
3.182891139062043658e+04 1.434145246297323872e+01
3.202447108286925504e+04 1.442430374450195529e+01
3.222003077511807714e+04 1.450715502603067542e+01
3.241559046736689561e+04 1.459000630755939198e+01
3.261115015961571407e+04 1.467285758908810855e+01
3.280670985186453618e+04 1.475570887061682868e+01
3.300226954411335464e+04 1.483856015214554525e+01
3.319782923636217311e+04 1.492141143367426181e+01
3.339338892861099157e+04 1.500426271520298016e+01
3.358894862085981003e+04 1.508711399673169673e+01
3.378450831310862850e+04 1.516996527826041330e+01
3.398006800535744696e+04 1.525281655978913165e+01
3.417562769760626543e+04 1.533566784131784821e+01
3.437118738985508389e+04 1.541851912284656656e+01
3.456674708210390236e+04 1.550137040437528313e+01
3.476230677435272082e+04 1.558422168590399970e+01
3.495786646660154656e+04 1.566707296743271982e+01
3.515342615885036503e+04 1.574992424896143817e+01
3.534898585109918349e+04 1.583277553049015474e+01
3.554454554334800196e+04 1.591562681201887308e+01
3.574010523559682770e+04 1.599847809354759320e+01
3.593566492784564616e+04 1.608132937507631155e+01
3.613122462009446463e+04 1.616418065660502634e+01
3.632678431234328309e+04 1.624703193813374469e+01
3.652234400459210156e+04 1.632988321966246303e+01
3.671790369684092002e+04 1.641273450119118138e+01
3.691346338908973848e+04 1.649558578271989617e+01
3.710902308133855695e+04 1.657843706424861452e+01
3.730458277358737541e+04 1.666128834577733286e+01
3.750014246583619388e+04 1.674413962730604766e+01
3.769570215808501234e+04 1.682699090883476600e+01
3.789126185033383081e+04 1.690984219036348435e+01
3.808682154258264927e+04 1.699269347189220269e+01
3.828238123483146774e+04 1.707554475342091749e+01
3.847794092708029348e+04 1.715839603494963939e+01
3.867350061932911194e+04 1.724124731647835773e+01
3.886906031157793041e+04 1.732409859800707252e+01
3.906462000382674887e+04 1.740694987953579087e+01
3.926017969607557461e+04 1.748980116106450922e+01
3.945573938832439308e+04 1.757265244259322756e+01
3.965129908057321154e+04 1.765550372412194591e+01
3.984685877282203001e+04 1.773835500565066425e+01
4.004241846507084847e+04 1.782120628717937905e+01
4.023797815731966693e+04 1.790405756870809739e+01
4.043353784956848540e+04 1.798690885023681574e+01
4.062909754181730386e+04 1.806976013176553053e+01
4.082465723406612233e+04 1.815261141329424888e+01
4.102021692631494079e+04 1.823546269482296722e+01
4.121577661856375926e+04 1.831831397635168202e+01
4.141133631081257772e+04 1.840116525788040036e+01
4.160689600306139619e+04 1.848401653940911871e+01
4.180245569531021465e+04 1.856686782093783350e+01
4.199801538755904039e+04 1.864971910246655540e+01
4.219357507980785886e+04 1.873257038399527374e+01
4.238913477205667732e+04 1.881542166552398854e+01
4.258469446430549579e+04 1.889827294705270688e+01
4.278025415655431425e+04 1.898112422858142523e+01
4.297581384880313999e+04 1.906397551011014357e+01
4.317137354105195845e+04 1.914682679163886192e+01
4.336693323330077692e+04 1.922967807316758027e+01
4.356249292554959538e+04 1.931252935469629506e+01
4.375805261779841385e+04 1.939538063622501340e+01
4.395361231004723231e+04 1.947823191775373175e+01
4.414917200229605078e+04 1.956108319928244654e+01
4.434473169454486924e+04 1.964393448081116489e+01
4.454029138679368771e+04 1.972678576233988323e+01
4.473585107904250617e+04 1.980963704386859803e+01
4.493141077129132464e+04 1.989248832539731637e+01
4.512697046354014310e+04 1.997533960692603472e+01
4.532253015578896157e+04 2.005819088845475306e+01
4.551808984803778731e+04 2.014104216998347141e+01
4.571364954028659849e+04 2.022389345151218620e+01
4.590920923253541696e+04 2.030674473304090455e+01
4.610476892478424998e+04 2.038959601456962645e+01
4.630032861703306844e+04 2.047244729609834479e+01
4.649588830928188690e+04 2.055529857762705959e+01
4.669144800153070537e+04 2.063814985915577793e+01
4.688700769377952383e+04 2.072100114068449628e+01
4.708256738602834230e+04 2.080385242221321107e+01
4.727812707827716076e+04 2.088670370374192942e+01
4.747368677052597923e+04 2.096955498527064776e+01
4.766924646277479769e+04 2.105240626679936611e+01
4.786480615502361616e+04 2.113525754832808090e+01
4.806036584727243462e+04 2.121810882985679925e+01
4.825592553952125309e+04 2.130096011138551759e+01
4.845148523177007155e+04 2.138381139291423239e+01
4.864704492401889001e+04 2.146666267444295073e+01
4.884260461626770848e+04 2.154951395597166908e+01
4.903816430851652694e+04 2.163236523750038387e+01
4.923372400076534541e+04 2.171521651902910222e+01
4.942928369301416387e+04 2.179806780055782056e+01
4.962484338526299689e+04 2.188091908208654246e+01
4.982040307751181535e+04 2.196377036361526081e+01
5.001596276976063382e+04 2.204662164514397915e+01
5.021152246200945228e+04 2.212947292667269394e+01
5.040708215425827075e+04 2.221232420820141229e+01
5.060264184650708921e+04 2.229517548973013064e+01
5.079820153875590768e+04 2.237802677125884543e+01
5.099376123100472614e+04 2.246087805278756377e+01
5.118932092325354461e+04 2.254372933431628212e+01
5.138488061550236307e+04 2.262658061584499691e+01
5.158044030775118154e+04 2.270943189737371526e+01
5.177600000000000000e+04 2.279228317890243360e+01
