2.214050000000000182e+03 8.742086003118107129e+00
2.235649098196392515e+03 8.774254916218932721e+00
2.257248196392785758e+03 8.806255170457072623e+00
2.278847294589178091e+03 8.838087305821764161e+00
2.300446392785570879e+03 8.869751865499877042e+00
2.322045490981963667e+03 8.901249395847283807e+00
2.343644589178356910e+03 8.932580446360256943e+00
2.365243687374749697e+03 8.963745569646862421e+00
2.386842785571142485e+03 8.994745321398340820e+00
2.408441883767534819e+03 9.025580260360495544e+00
2.430040981963928061e+03 9.056250948305093473e+00
2.451640080160320394e+03 9.086757950001230100e+00
2.473239178356713637e+03 9.117101833186751492e+00
2.494838276553105970e+03 9.147283168539615872e+00
2.516437374749498758e+03 9.177302529649288942e+00
2.538036472945891546e+03 9.207160492988139211e+00
2.559635571142284334e+03 9.236857637882820882e+00
2.581234669338677122e+03 9.266394546485669181e+00
2.602833767535070365e+03 9.295771803746083251e+00
2.624432865731462698e+03 9.324989997381910811e+00
2.646031963927855941e+03 9.354049717850848822e+00
2.667631062124248274e+03 9.382951558321822816e+00
2.689230160320641517e+03 9.411696114646385780e+00
2.710829258517033850e+03 9.440283985330086836e+00
2.732428356713426638e+03 9.468715771503880774e+00
2.754027454909819426e+03 9.496992076895523383e+00
2.775626553106212668e+03 9.525113507800913482e+00
2.797225651302605002e+03 9.553080673055553973e+00
2.818824749498998244e+03 9.580894184005860126e+00
2.840423847695390577e+03 9.608554654480631285e+00
2.862022945891783820e+03 9.636062700762362709e+00
2.883622044088176153e+03 9.663418941558694186e+00
2.905221142284569396e+03 9.690623997973759174e+00
2.926820240480961729e+03 9.717678493479596114e+00
2.948419338677354517e+03 9.744583053887531321e+00
2.970018436873747305e+03 9.771338307319556549e+00
2.991617535070140093e+03 9.797944884179731417e+00
3.013216633266532881e+03 9.824403417125584070e+00
3.034815731462925669e+03 9.850714541039460315e+00
3.056414829659318457e+03 9.876878892999952697e+00
3.078013927855711245e+03 9.902897112253270961e+00
3.099613026052104033e+03 9.928769840184619611e+00
3.121212124248496821e+03 9.954497720289616325e+00
3.142811222444889609e+03 9.980081398145662419e+00
3.164410320641282851e+03 1.000552152138332929e+01
3.186009418837675184e+03 1.003081873965774307e+01
3.207608517034068427e+03 1.005597370462000484e+01
3.229207615230460760e+03 1.008098706988853266e+01
3.250806713426854003e+03 1.010585949102048886e+01
3.272405811623246336e+03 1.013059162548315939e+01
3.294004909819639579e+03 1.015518413262531183e+01
3.315604008016031912e+03 1.017963767364864225e+01
3.337203106212424700e+03 1.020395291157911188e+01
3.358802204408817488e+03 1.022813051123835670e+01
3.380401302605210276e+03 1.025217113921508982e+01
3.402000400801603519e+03 1.027607546383645953e+01
3.423599498997995852e+03 1.029984415513945351e+01
3.445198597194388640e+03 1.032347788484230833e+01
3.466797695390781428e+03 1.034697732631586575e+01
3.488396793587174216e+03 1.037034315455496447e+01
3.509995891783567004e+03 1.039357604614985320e+01
3.531594989979959792e+03 1.041667667925756291e+01
3.553194088176353034e+03 1.043964573357329684e+01
3.574793186372745367e+03 1.046248389030181336e+01
3.596392284569138155e+03 1.048519183212883377e+01
3.617991382765530943e+03 1.050777024319241093e+01
3.639590480961924186e+03 1.053021980905433175e+01
3.661189579158316519e+03 1.055254121667148937e+01
3.682788677354709762e+03 1.057473515436728917e+01
3.704387775551102095e+03 1.059680231180304411e+01
3.725986873747495338e+03 1.061874337994933626e+01
3.747585971943887671e+03 1.064055905105741218e+01
3.769185070140280459e+03 1.066225001863060839e+01
3.790784168336673702e+03 1.068381697739568281e+01
3.812383266533066035e+03 1.070526062327424910e+01
3.833982364729458823e+03 1.072658165335414893e+01
3.855581462925851611e+03 1.074778076586082065e+01
3.877180561122244399e+03 1.076885866012873549e+01
3.898779659318637187e+03 1.078981603657274668e+01
3.920378757515029974e+03 1.081065359665948122e+01
3.941977855711422762e+03 1.083137204287875477e+01
3.963576953907815550e+03 1.085197207871493674e+01
3.985176052104208338e+03 1.087245440861834034e+01
4.006775150300601126e+03 1.089281973797662673e+01
4.028374248496994369e+03 1.091306877308618084e+01
4.049973346693386702e+03 1.093320222112349427e+01
4.071572444889779035e+03 1.095322079011658190e+01
4.093171543086172278e+03 1.097312518891633459e+01
4.114770641282565521e+03 1.099291612716794120e+01
4.136369739478957854e+03 1.101259431528224475e+01
4.157968837675351097e+03 1.103216046440716269e+01
4.179567935871743430e+03 1.105161528639905555e+01
4.201167034068136672e+03 1.107095949379412048e+01
4.222766132264529006e+03 1.109019379977978659e+01
4.244365230460922248e+03 1.110931891816609074e+01
4.265964328657314582e+03 1.112833556335707286e+01
4.287563426853706915e+03 1.114724445032218014e+01
4.309162525050100157e+03 1.116604629456763398e+01
4.330761623246493400e+03 1.118474181210781992e+01
4.352360721442885733e+03 1.120333171943667949e+01
4.373959819639278066e+03 1.122181673349911435e+01
4.395558917835671309e+03 1.124019757166237454e+01
4.417158016032064552e+03 1.125847495168739698e+01
4.438757114228456885e+03 1.127664959170027359e+01
4.460356212424849218e+03 1.129472221016357025e+01
4.481955310621242461e+03 1.131269352584777010e+01
4.503554408817635704e+03 1.133056425780262089e+01
4.525153507014028037e+03 1.134833512532854982e+01
4.546752605210420370e+03 1.136600684794802163e+01
4.568351703406813613e+03 1.138358014537697827e+01
4.589950801603206855e+03 1.140105573749618628e+01
4.611549899799599189e+03 1.141843434432261972e+01
4.633148997995991522e+03 1.143571668598090341e+01
4.654748096192384764e+03 1.145290348267463010e+01
4.676347194388778007e+03 1.146999545465779846e+01
4.697946292585170340e+03 1.148699332220620128e+01
4.719545390781562674e+03 1.150389780558876218e+01
4.741144488977955916e+03 1.152070962503900731e+01
4.762743587174349159e+03 1.153742950072638251e+01
4.784342685370741492e+03 1.155405815272767711e+01
4.805941783567133825e+03 1.157059630099840675e+01
4.827540881763527068e+03 1.158704466534419275e+01
4.849139979959920311e+03 1.160340396539216101e+01
4.870739078156312644e+03 1.161967492056233553e+01
4.892338176352705887e+03 1.163585825003902841e+01
4.913937274549098220e+03 1.165195467274218544e+01
4.935536372745490553e+03 1.166796490729884184e+01
4.957135470941883796e+03 1.168388967201448381e+01
4.978734569138277038e+03 1.169972968484438347e+01
5.000333667334669371e+03 1.171548566336510255e+01
5.021932765531061705e+03 1.173115832474577402e+01
5.043531863727454947e+03 1.174674838571954538e+01
5.065130961923848190e+03 1.176225656255493845e+01
5.086730060120240523e+03 1.177768357102727492e+01
5.108329158316633766e+03 1.179303012639004145e+01
5.129928256513026099e+03 1.180829694334627078e+01
5.151527354709418432e+03 1.182348473601996020e+01
5.173126452905811675e+03 1.183859421792741173e+01
5.194725551102204918e+03 1.185362610194867017e+01
5.216324649298597251e+03 1.186858110029889524e+01
5.237923747494989584e+03 1.188345992449974275e+01
5.259522845691382827e+03 1.189826328535073685e+01
5.281121943887776069e+03 1.191299189290073102e+01
5.302721042084168403e+03 1.192764645641919330e+01
5.324320140280560736e+03 1.194222768436767623e+01
5.345919238476953979e+03 1.195673628437117841e+01
5.367518336673347221e+03 1.197117296318951141e+01
5.389117434869739554e+03 1.198553842668871638e+01
5.410716533066131888e+03 1.199983337981247189e+01
5.432315631262525130e+03 1.201405852655343054e+01
5.453914729458918373e+03 1.202821456992463567e+01
5.475513827655310706e+03 1.204230221193091666e+01
5.497112925851703039e+03 1.205632215354025050e+01
5.518712024048096282e+03 1.207027509465520509e+01
5.540311122244489525e+03 1.208416173408425109e+01
5.561910220440881858e+03 1.209798276951324070e+01
5.583509318637274191e+03 1.211173889747669463e+01
5.605108416833667434e+03 1.212543081332928097e+01
5.626707515030060677e+03 1.213905921121715537e+01
5.648306613226453010e+03 1.215262478404935820e+01
5.669905711422845343e+03 1.216612822346921874e+01
5.691504809619238586e+03 1.217957021982572741e+01
5.713103907815631828e+03 1.219295146214491510e+01
5.734703006012023252e+03 1.220627263810126450e+01
5.756302104208416495e+03 1.221953443398910188e+01
5.777901202404809737e+03 1.223273753469398173e+01
5.799500300601202071e+03 1.224588262366402347e+01
5.821099398797595313e+03 1.225897038288140095e+01
5.842698496993988556e+03 1.227200149283363295e+01
5.864297595190380889e+03 1.228497663248505134e+01
5.885896693386773222e+03 1.229789647924810936e+01
5.907495791583166465e+03 1.231076170895484978e+01
5.929094889779558798e+03 1.232357299582826826e+01
5.950693987975952041e+03 1.233633101245363761e+01
5.972293086172344374e+03 1.234903642974999904e+01
5.993892184368737617e+03 1.236168991694149710e+01
6.015491282565129950e+03 1.237429214152874124e+01
6.037090380761523193e+03 1.238684376926027397e+01
6.058689478957916435e+03 1.239934546410390226e+01
6.080288577154308769e+03 1.241179788821806795e+01
6.101887675350701102e+03 1.242420170192328754e+01
6.123486773547094344e+03 1.243655756367350840e+01
6.145085871743487587e+03 1.244886613002755382e+01
6.166684969939879920e+03 1.246112805562039583e+01
6.188284068136272253e+03 1.247334399313468012e+01
6.209883166332665496e+03 1.248551459327199353e+01
6.231482264529058739e+03 1.249764050472435883e+01
6.253081362725451072e+03 1.250972237414553234e+01
6.274680460921843405e+03 1.252176084612246854e+01
6.296279559118236648e+03 1.253375656314666742e+01
6.317878657314629891e+03 1.254571016558552543e+01
6.339477755511022224e+03 1.255762229165386046e+01
6.361076853707414557e+03 1.256949357738511175e+01
6.382675951903807800e+03 1.258132465660290222e+01
6.404275050100201042e+03 1.259311616089228991e+01
6.425874148296593376e+03 1.260486871957125388e+01
6.447473246492985709e+03 1.261658295966206822e+01
6.469072344689378951e+03 1.262825950586261925e+01
6.490671442885772194e+03 1.263989898051788430e+01
6.512270541082163618e+03 1.265150200359126842e+01
6.533869639278556861e+03 1.266306919263599085e+01
6.555468737474950103e+03 1.267460116276651760e+01
6.577067835671343346e+03 1.268609852662989823e+01
6.598666933867734770e+03 1.269756189437721439e+01
6.620266032064128012e+03 1.270899187363486860e+01
6.641865130260521255e+03 1.272038906947610926e+01
6.663464228456914498e+03 1.273175408439229273e+01
6.685063326653305921e+03 1.274308751826435682e+01
6.706662424849699164e+03 1.275438996833417349e+01
6.728261523046092407e+03 1.276566202917593529e+01
6.749860621242484740e+03 1.277690429266754890e+01
6.771459719438877983e+03 1.278811734796206068e+01
6.793058817635270316e+03 1.279930178145897557e+01
6.814657915831663558e+03 1.281045817677569332e+01
6.836257014028055892e+03 1.282158711471888779e+01
6.857856112224450044e+03 1.283268917325589342e+01
6.879455210420841468e+03 1.284376492748612364e+01
6.901054308617234710e+03 1.285481494961238802e+01
6.922653406813627043e+03 1.286583980891232493e+01
6.944252505010020286e+03 1.287684007170984657e+01
6.965851603206412619e+03 1.288781630134638689e+01
6.987450701402805862e+03 1.289876905815247632e+01
7.009049799599198195e+03 1.290969889941892035e+01
7.030648897795591438e+03 1.292060637936836898e+01
7.052247995991983771e+03 1.293149204912662853e+01
7.073847094188377014e+03 1.294235645669400370e+01
7.095446192384770256e+03 1.295320014691680299e+01
7.117045290581162590e+03 1.296402366145863638e+01
7.138644388777554923e+03 1.297482753877183015e+01
7.160243486973948166e+03 1.298561231406878846e+01
7.181842585170341408e+03 1.299637851929345089e+01
7.203441683366733741e+03 1.300712668309263798e+01
7.225040781563126075e+03 1.301785733078739682e+01
7.246639879759519317e+03 1.302857098434450123e+01
7.268238977955912560e+03 1.303926816234771380e+01
7.289838076152304893e+03 1.304994937996927362e+01
7.311437174348697226e+03 1.306061514894122766e+01
7.333036272545090469e+03 1.307126597752685271e+01
7.354635370741483712e+03 1.308190237049204008e+01
7.376234468937875135e+03 1.309252482907661630e+01
7.397833567134268378e+03 1.310313385096585748e+01
7.419432665330661621e+03 1.311372993026178690e+01
7.441031763527054864e+03 1.312431355745457040e+01
7.462630861723446287e+03 1.313488521939397202e+01
7.484229959919839530e+03 1.314544539926063393e+01
7.505829058116232773e+03 1.315599457653753035e+01
7.527428156312626015e+03 1.316653322698138240e+01
7.549027254509017439e+03 1.317706182259403391e+01
7.570626352705410682e+03 1.318758083159375971e+01
7.592225450901803924e+03 1.319809071838677816e+01
7.613824549098196258e+03 1.320859194353847954e+01
7.635423647294588591e+03 1.321908496374506470e+01
7.657022745490981833e+03 1.322957023180464908e+01
7.678621843687375076e+03 1.324004819658885523e+01
7.700220941883767409e+03 1.325051930301410152e+01
7.721820040080159743e+03 1.326098399201301703e+01
7.743419138276552985e+03 1.327144270050587949e+01
7.765018236472946228e+03 1.328189586137189160e+01
7.786617334669338561e+03 1.329234390342070604e+01
7.808216432865731804e+03 1.330278725136369289e+01
7.829815531062124137e+03 1.331322632578537934e+01
7.851414629258517380e+03 1.332366154311489836e+01
7.873013727454909713e+03 1.333409331559725430e+01
7.894612825651302956e+03 1.334452205126484614e+01
7.916211923847695289e+03 1.335494815390868517e+01
7.937811022044088531e+03 1.336537202304995375e+01
7.959410120240479955e+03 1.337579405391134202e+01
7.981009218436874107e+03 1.338621463738837569e+01
8.002608316633266440e+03 1.339663416002091445e+01
8.024207414829659683e+03 1.340705300396432875e+01
8.045806513026052926e+03 1.341747154696124511e+01
8.067405611222445259e+03 1.342789016231253818e+01
8.089004709418837592e+03 1.343830921884902452e+01
8.110603807615230835e+03 1.344872908090270869e+01
8.132202905811624078e+03 1.345915010827815550e+01
8.153802004008016411e+03 1.346957265622394040e+01
8.175401102204408744e+03 1.347999707540405012e+01
8.197000200400801987e+03 1.349042371186917322e+01
8.218599298597195229e+03 1.350085290702826946e+01
8.240198396793586653e+03 1.351128499761972179e+01
8.261797494989979896e+03 1.352172031568293775e+01
8.283396593186373138e+03 1.353215918852954935e+01
8.304995691382766381e+03 1.354260193871504647e+01
8.326594789579157805e+03 1.355304888400985774e+01
8.348193887775551048e+03 1.356350033737103011e+01
8.369792985971944290e+03 1.357395660691344830e+01
8.391392084168335714e+03 1.358441799588118215e+01
8.412991182364728957e+03 1.359488480261911647e+01
8.434590280561122199e+03 1.360535732054404079e+01
8.456189378757515442e+03 1.361583583811628628e+01
8.477788476953908685e+03 1.362632063881091327e+01
8.499387575150300108e+03 1.363681200108926461e+01
8.520986673346693351e+03 1.364731019837022430e+01
8.542585771543086594e+03 1.365781549900174952e+01
8.564184869739478017e+03 1.366832816623208835e+01
8.585783967935871260e+03 1.367884845818127815e+01
8.607383066132264503e+03 1.368937662781255327e+01
8.628982164328657746e+03 1.369991292290365337e+01
8.650581262525050988e+03 1.371045758601827380e+01
8.672180360721442412e+03 1.372101085447739521e+01
8.693779458917837474e+03 1.373157296033078012e+01
8.715378557114228897e+03 1.374214413032821014e+01
8.736977655310620321e+03 1.375272458589101277e+01
8.758576753507015383e+03 1.376331454308334656e+01
8.780175851703406806e+03 1.377391421258370841e+01
8.801774949899798230e+03 1.378452379965617070e+01
8.823374048096191473e+03 1.379514350412188506e+01
8.844973146292584715e+03 1.380577352033046168e+01
8.866572244488977958e+03 1.381641403713125982e+01
8.888171342685371201e+03 1.382706523784491814e+01
8.909770440881764443e+03 1.383772730023466835e+01
8.931369539078157686e+03 1.384840039647770737e+01
8.952968637274549110e+03 1.385908469313661584e+01
8.974567735470940534e+03 1.386978035113070362e+01
8.996166833667335595e+03 1.388048752570754019e+01
9.017765931863727019e+03 1.389120636641410655e+01
9.039365030060120262e+03 1.390193701706841622e+01
9.060964128256513504e+03 1.391267961573073997e+01
9.082563226452906747e+03 1.392343429467510418e+01
9.104162324649299990e+03 1.393420118036059208e+01
9.125761422845691413e+03 1.394498039340284024e+01
9.147360521042084656e+03 1.395577204854527764e+01
9.168959619238477899e+03 1.396657625463064534e+01
9.190558717434869322e+03 1.397739311457235090e+01
9.212157815631262565e+03 1.398822272532582289e+01
9.233756913827655808e+03 1.399906517785989379e+01
9.255356012024047232e+03 1.400992055712830009e+01
9.276955110220442293e+03 1.402078894204086623e+01
9.298554208416833717e+03 1.403167040543513266e+01
9.320153306613226960e+03 1.404256501404755397e+01
9.341752404809620202e+03 1.405347282848501145e+01
9.363351503006011626e+03 1.406439390319608407e+01
9.384950601202404869e+03 1.407532828644256639e+01
9.406549699398798111e+03 1.408627602027077330e+01
9.428148797595189535e+03 1.409723714048293530e+01
9.449747895791582778e+03 1.410821167660862940e+01
9.471346993987976020e+03 1.411919965187610160e+01
9.492946092184369263e+03 1.413020108318377410e+01
9.514545190380762506e+03 1.414121598107140443e+01
9.536144288577153930e+03 1.415224434969182710e+01
9.557743386773547172e+03 1.416328618678198303e+01
9.579342484969940415e+03 1.417434148363453339e+01
9.600941583166331839e+03 1.418541022506914118e+01
9.622540681362726900e+03 1.419649238940394298e+01
9.644139779559118324e+03 1.420758794842689454e+01
9.665738877755509748e+03 1.421869686736712168e+01
9.687337975951904809e+03 1.422981910486636892e+01
9.708937074148296233e+03 1.424095461295035392e+01
9.730536172344689476e+03 1.425210333700018950e+01
9.752135270541082718e+03 1.426326521572373807e+01
9.773734368737474142e+03 1.427444018112701585e+01
9.795333466933869204e+03 1.428562815848556511e+01
9.816932565130260627e+03 1.429682906631589034e+01
9.838531663326652051e+03 1.430804281634680919e+01
9.860130761523047113e+03 1.431926931349079979e+01
9.881729859719438537e+03 1.433050845581546895e+01
9.903328957915831779e+03 1.434176013451495457e+01
9.924928056112225022e+03 1.435302423388118598e+01
9.946527154308616446e+03 1.436430063127542311e+01
9.968126252505011507e+03 1.437558919709949734e+01
9.989725350701402931e+03 1.438688979476734886e+01
1.001132444889779435e+04 1.439820228067639007e+01
1.003292354709418942e+04 1.440952650417867886e+01
1.005452264529058084e+04 1.442086230755262477e+01
1.007612174348697408e+04 1.443220952597426887e+01
1.009772084168336733e+04 1.444356798748849258e+01
1.011931993987975875e+04 1.445493751298062790e+01
1.014091903807615199e+04 1.446631791614776930e+01
1.016251813627254523e+04 1.447770900347016010e+01
1.018411723446893848e+04 1.448911057418257720e+01
1.020571633266533172e+04 1.450052242024574234e+01
1.022731543086172314e+04 1.451194432631765530e+01
1.024891452905811639e+04 1.452337606972504069e+01
1.027051362725450963e+04 1.453481742043470781e+01
1.029211272545090105e+04 1.454626814102503474e+01
1.031371182364729430e+04 1.455772798665713097e+01
1.033531092184368754e+04 1.456919670504644770e+01
1.035691002004008078e+04 1.458067403643411097e+01
1.037850911823647402e+04 1.459215971355821395e+01
1.040010821643286545e+04 1.460365346162530997e+01
1.042170731462925869e+04 1.461515499828179188e+01
1.044330641282565193e+04 1.462666403358524470e+01
1.046490551102204336e+04 1.463818026997581967e+01
1.048650460921843660e+04 1.464970340224764200e+01
1.050810370741482984e+04 1.466123311752030745e+01
1.052970280561122127e+04 1.467276909521005379e+01
1.055130190380761633e+04 1.468431100700137293e+01
1.057290100200400775e+04 1.469585851681816813e+01
1.059450010020040099e+04 1.470741128079535898e+01
1.061609919839679424e+04 1.471896894725020211e+01
1.063769829659318566e+04 1.473053115665355506e+01
1.065929739478958072e+04 1.474209754160149188e+01
1.068089649298597215e+04 1.475366772678648530e+01
1.070249559118236357e+04 1.476524132896890151e+01
1.072409468937875681e+04 1.477681795694833689e+01
1.074569378757515005e+04 1.478839721153511988e+01
1.076729288577154330e+04 1.479997868552156426e+01
1.078889198396793654e+04 1.481156196365338396e+01
1.081049108216432796e+04 1.482314662260110794e+01
1.083209018036072302e+04 1.483473223093155013e+01
1.085368927855711445e+04 1.484631834907902004e+01
1.087528837675350587e+04 1.485790452931685124e+01
1.089688747494990093e+04 1.486949031572879143e+01
1.091848657314629236e+04 1.488107524418024852e+01
1.094008567134268560e+04 1.489265884228984227e+01
1.096168476953907884e+04 1.490424062940077476e+01
1.098328386773547027e+04 1.491582011655203743e+01
1.100488296593186351e+04 1.492739680645009948e+01
1.102648206412825675e+04 1.493897019343997634e+01
1.104808116232464999e+04 1.495053976347688085e+01
1.106968026052104324e+04 1.496210499409744443e+01
1.109127935871743466e+04 1.497366535439126167e+01
1.111287845691382790e+04 1.498522030497206536e+01
1.113447755511022115e+04 1.499676929794935276e+01
1.115607665330661257e+04 1.500831177689951446e+01
1.117767575150300581e+04 1.501984717683751569e+01
1.119927484969939906e+04 1.503137492418805721e+01
1.122087394789579230e+04 1.504289443675705940e+01
1.124247304609218554e+04 1.505440512370301320e+01
1.126407214428857696e+04 1.506590638550839323e+01
1.128567124248497021e+04 1.507739761395108857e+01
1.130727034068136345e+04 1.508887819207562941e+01
1.132886943887775487e+04 1.510034749416488253e+01
1.135046853707414812e+04 1.511180488571107183e+01
1.137206763527054136e+04 1.512324972338752183e+01
1.139366673346693278e+04 1.513468135501955736e+01
1.141526583166332784e+04 1.514609911955664501e+01
1.143686492985971927e+04 1.515750234704295529e+01
1.145846402805611251e+04 1.516889035858936552e+01
1.148006312625250575e+04 1.518026246634451937e+01
1.150166222444889900e+04 1.519161797346635012e+01
1.152326132264529224e+04 1.520295617409340672e+01
1.154486042084168366e+04 1.521427635331633610e+01
1.156645951903807509e+04 1.522557778714919330e+01
1.158805861723447015e+04 1.523685974250078345e+01
1.160965771543086157e+04 1.524812147714614596e+01
1.163125681362725481e+04 1.525936223969791072e+01
1.165285591182364806e+04 1.527058126957781425e+01
1.167445501002003948e+04 1.528177779698765448e+01
1.169605410821643454e+04 1.529295104288131313e+01
1.171765320641282597e+04 1.530410021893560568e+01
1.173925230460921921e+04 1.531522452752197694e+01
1.176085140280561245e+04 1.532632316167769915e+01
1.178245050100200388e+04 1.533739530507759063e+01
1.180404959919839712e+04 1.534844013200483559e+01
1.182564869739479036e+04 1.535945680732296381e+01
1.184724779559118178e+04 1.537044448644691741e+01
1.186884689378757503e+04 1.538140231531440527e+01
1.189044599198396827e+04 1.539232943035753820e+01
1.191204509018036151e+04 1.540322495847398798e+01
1.193364418837675476e+04 1.541408801699843778e+01
1.195524328657314618e+04 1.542491771367407871e+01
1.197684238476954124e+04 1.543571314662384353e+01
1.199844148296593266e+04 1.544647340432192451e+01
1.202004058116232409e+04 1.545719756556506219e+01
1.204163967935871733e+04 1.546788469944389632e+01
1.206323877755511057e+04 1.547853386531458852e+01
1.208483787575150382e+04 1.548914411276998848e+01
1.210643697394789706e+04 1.549971448161107190e+01
1.212803607214428848e+04 1.551024400181831098e+01
1.214963517034068173e+04 1.552073169352325266e+01
1.217123426853707497e+04 1.553117656697954274e+01
1.219283336673346639e+04 1.554157762253464625e+01
1.221443246492986145e+04 1.555193385060113087e+01
1.223603156312625288e+04 1.556224423162804982e+01
1.225763066132264430e+04 1.557250773607215777e+01
1.227922975951903936e+04 1.558272332436975560e+01
1.230082885771543079e+04 1.559288994690752617e+01
1.232242795591182403e+04 1.560300654399431330e+01
1.234402705410821727e+04 1.561307204583232355e+01
1.236562615230461051e+04 1.562308537248859963e+01
1.238722525050100376e+04 1.563304543386639622e+01
1.240882434869739518e+04 1.564295112967646872e+01
1.243042344689378660e+04 1.565280134940875634e+01
1.245202254509018167e+04 1.566259497230334574e+01
1.247362164328657309e+04 1.567233086732218261e+01
1.249522074148296633e+04 1.568200789312028043e+01
1.251681983967935957e+04 1.569162489801730587e+01
1.253841893787575100e+04 1.570118071996873077e+01
1.256001803607214606e+04 1.571067418653742465e+01
1.258161713426853748e+04 1.572010411486484216e+01
1.260321623246493073e+04 1.572946931164265472e+01
1.262481533066132397e+04 1.573876857308389177e+01
1.264641442885771539e+04 1.574800068489456706e+01
1.266801352705410864e+04 1.575716442224485370e+01
1.268961262525050188e+04 1.576625854974059671e+01
1.271121172344689330e+04 1.577528182139459645e+01
1.273281082164328654e+04 1.578423298059830771e+01
1.275440991983967979e+04 1.579311076009277315e+01
1.277600901803607303e+04 1.580191388194020341e+01
1.279760811623246627e+04 1.581064105749554116e+01
1.281920721442885770e+04 1.581929098737772854e+01
1.284080631262525276e+04 1.582786236144088576e+01
1.286240541082164418e+04 1.583635385874596579e+01
1.288400450901803561e+04 1.584476414753218165e+01
1.290560360721442885e+04 1.589066739332580269e+01
1.310189705642440640e+04 1.599100604523928126e+01
1.329819050563438395e+04 1.609134469715275628e+01
1.349448395484436151e+04 1.619168334906623485e+01
1.369077740405433906e+04 1.629202200097971343e+01
1.388707085326431843e+04 1.639236065289319200e+01
1.408336430247429598e+04 1.649269930480667057e+01
1.427965775168427353e+04 1.659303795672014559e+01
1.447595120089425109e+04 1.669337660863362416e+01
1.467224465010422864e+04 1.679371526054710273e+01
1.486853809931420619e+04 1.689405391246057775e+01
1.506483154852418375e+04 1.699439256437405632e+01
1.526112499773416130e+04 1.709473121628753489e+01
1.545741844694413885e+04 1.719506986820100991e+01
1.565371189615411640e+04 1.729540852011448493e+01
1.585000534536409577e+04 1.739574717202796705e+01
1.604629879457407333e+04 1.749608582394144207e+01
1.624259224378405088e+04 1.759642447585492064e+01
1.643888569299403025e+04 1.769676312776839922e+01
1.663517914220400417e+04 1.779710177968187423e+01
1.683147259141398536e+04 1.789744043159535636e+01
1.702776604062396291e+04 1.799777908350883138e+01
1.722405948983394046e+04 1.809811773542230640e+01
1.742035293904391801e+04 1.819845638733578852e+01
1.761664638825389557e+04 1.829879503924926354e+01
1.781293983746387312e+04 1.839913369116273856e+01
1.800923328667385067e+04 1.849947234307622068e+01
1.820552673588382822e+04 1.859981099498969570e+01
1.840182018509380578e+04 1.870014964690317072e+01
1.859811363430378333e+04 1.880048829881665284e+01
1.879440708351376088e+04 1.890082695073012786e+01
1.899070053272373843e+04 1.900116560264360288e+01
1.918699398193371599e+04 1.910150425455708501e+01
1.938328743114369354e+04 1.920184290647056002e+01
1.957958088035367109e+04 1.930218155838403504e+01
1.977587432956365228e+04 1.940252021029751717e+01
1.997216777877362620e+04 1.950285886221099219e+01
2.016846122798360739e+04 1.960319751412447076e+01
2.036475467719358130e+04 1.970353616603794933e+01
2.056104812640356249e+04 1.980387481795142435e+01
2.075734157561354004e+04 1.990421346986490292e+01
2.095363502482351760e+04 2.000455212177838149e+01
2.114992847403349515e+04 2.010489077369185651e+01
2.134622192324347270e+04 2.020522942560533508e+01
2.154251537245345025e+04 2.030556807751881365e+01
2.173880882166342781e+04 2.040590672943228867e+01
2.193510227087340536e+04 2.050624538134576724e+01
2.213139572008338291e+04 2.060658403325924581e+01
2.232768916929336046e+04 2.070692268517272083e+01
2.252398261850333802e+04 2.080726133708619940e+01
2.272027606771331557e+04 2.090759998899967798e+01
2.291656951692329312e+04 2.100793864091315299e+01
2.311286296613327431e+04 2.110827729282663512e+01
2.330915641534324823e+04 2.120861594474011014e+01
2.350544986455322942e+04 2.130895459665358871e+01
2.370174331376320333e+04 2.140929324856706373e+01
2.389803676297318452e+04 2.150963190048054230e+01
2.409433021218315844e+04 2.160997055239401732e+01
2.429062366139313963e+04 2.171030920430749944e+01
2.448691711060311354e+04 2.181064785622097446e+01
2.468321055981309473e+04 2.191098650813445303e+01
2.487950400902307229e+04 2.201132516004793160e+01
2.507579745823304984e+04 2.211166381196140662e+01
2.527209090744302739e+04 2.221200246387488519e+01
2.546838435665300494e+04 2.231234111578836377e+01
2.566467780586298250e+04 2.241267976770183878e+01
2.586097125507296005e+04 2.251301841961531736e+01
2.605726470428293760e+04 2.261335707152879593e+01
2.625355815349291515e+04 2.271369572344227095e+01
2.644985160270289634e+04 2.281403437535575307e+01
2.664614505191287026e+04 2.291437302726922809e+01
2.684243850112285145e+04 2.301471167918270666e+01
2.703873195033282536e+04 2.311505033109618168e+01
2.723502539954280655e+04 2.321538898300966025e+01
2.743131884875278047e+04 2.331572763492313527e+01
2.762761229796276166e+04 2.341606628683661739e+01
2.782390574717273557e+04 2.351640493875009241e+01
2.802019919638271676e+04 2.361674359066357098e+01
2.821649264559269432e+04 2.371708224257704956e+01
2.841278609480267187e+04 2.381742089449052457e+01
2.860907954401264942e+04 2.391775954640400315e+01
2.880537299322262697e+04 2.401809819831748172e+01
2.900166644243260453e+04 2.411843685023095674e+01
2.919795989164258208e+04 2.421877550214443531e+01
2.939425334085256327e+04 2.431911415405791388e+01
2.959054679006253718e+04 2.441945280597138890e+01
2.978684023927251837e+04 2.451979145788487102e+01
2.998313368848249229e+04 2.462013010979834604e+01
3.017942713769247348e+04 2.472046876171182461e+01
3.037572058690244739e+04 2.482080741362529963e+01
3.057201403611242858e+04 2.492114606553877820e+01
3.076830748532240250e+04 2.502148471745225322e+01
3.096460093453238369e+04 2.512182336936573535e+01
3.116089438374235760e+04 2.522216202127921036e+01
3.135718783295233879e+04 2.532250067319268894e+01
3.155348128216231271e+04 2.542283932510616395e+01
3.174977473137229390e+04 2.552317797701964253e+01
3.194606818058226781e+04 2.562351662893311754e+01
3.214236162979224900e+04 2.572385528084659612e+01
3.233865507900222292e+04 2.582419393276007469e+01
3.253494852821220411e+04 2.592453258467355326e+01
3.273124197742218530e+04 2.602487123658703183e+01
3.292753542663215921e+04 2.612520988850050685e+01
3.312382887584214041e+04 2.622554854041398542e+01
3.332012232505211432e+04 2.632588719232746044e+01
3.351641577426209551e+04 2.642622584424094256e+01
3.371270922347206943e+04 2.652656449615441758e+01
3.390900267268205062e+04 2.662690314806789615e+01
3.410529612189202453e+04 2.672724179998137117e+01
3.430158957110200572e+04 2.682758045189484974e+01
3.449788302031197964e+04 2.692791910380832476e+01
3.469417646952196083e+04 2.702825775572180689e+01
3.489046991873193474e+04 2.712859640763528191e+01
3.508676336794191593e+04 2.722893505954876048e+01
3.528305681715188985e+04 2.732927371146223550e+01
3.547935026636187104e+04 2.742961236337571407e+01
3.567564371557184495e+04 2.752995101528918909e+01
3.587193716478182614e+04 2.763028966720267121e+01
3.606823061399180006e+04 2.773062831911614623e+01
3.626452406320178125e+04 2.783096697102962480e+01
3.646081751241176244e+04 2.793130562294310337e+01
3.665711096162173635e+04 2.803164427485657839e+01
3.685340441083171754e+04 2.813198292677005696e+01
3.704969786004169146e+04 2.823232157868353553e+01
3.724599130925167265e+04 2.833266023059701411e+01
3.744228475846164656e+04 2.843299888251048912e+01
3.763857820767162775e+04 2.853333753442396770e+01
3.783487165688160167e+04 2.863367618633744272e+01
3.803116510609158286e+04 2.873401483825092129e+01
3.822745855530155677e+04 2.883435349016439986e+01
3.842375200451153796e+04 2.893469214207787843e+01
3.862004545372151188e+04 2.903503079399135345e+01
3.881633890293149307e+04 2.913536944590483202e+01
3.901263235214146698e+04 2.923570809781830704e+01
3.920892580135144817e+04 2.933604674973178916e+01
3.940521925056142209e+04 2.943638540164526418e+01
3.960151269977140328e+04 2.953672405355874275e+01
3.979780614898137719e+04 2.963706270547221777e+01
3.999409959819135838e+04 2.973740135738569634e+01
4.019039304740133957e+04 2.983774000929917491e+01
4.038668649661131349e+04 2.993807866121265349e+01
4.058297994582129468e+04 3.003841731312613206e+01
4.077927339503126859e+04 3.013875596503960708e+01
4.097556684424124978e+04 3.023909461695308565e+01
4.117186029345122370e+04 3.033943326886656067e+01
4.136815374266120489e+04 3.043977192078003924e+01
4.156444719187117880e+04 3.054011057269351781e+01
4.176074064108115999e+04 3.064044922460699638e+01
4.195703409029113391e+04 3.074078787652047140e+01
4.215332753950111510e+04 3.084112652843394997e+01
4.234962098871108901e+04 3.094146518034742499e+01
4.254591443792107020e+04 3.104180383226090356e+01
4.274220788713104412e+04 3.114214248417438213e+01
4.293850133634102531e+04 3.124248113608786070e+01
4.313479478555099922e+04 3.134281978800133572e+01
4.333108823476098041e+04 3.144315843991481429e+01
4.352738168397096160e+04 3.154349709182829287e+01
4.372367513318093552e+04 3.164383574374176789e+01
4.391996858239091671e+04 3.174417439565525001e+01
4.411626203160089062e+04 3.184451304756872503e+01
4.431255548081087181e+04 3.194485169948220360e+01
4.450884893002084573e+04 3.204519035139567507e+01
4.470514237923082692e+04 3.214552900330915719e+01
4.490143582844080083e+04 3.224586765522263221e+01
4.509772927765078202e+04 3.234620630713611433e+01
4.529402272686075594e+04 3.244654495904958935e+01
4.549031617607073713e+04 3.254688361096306437e+01
4.568660962528071104e+04 3.264722226287653939e+01
4.588290307449069223e+04 3.274756091479002151e+01
4.607919652370066615e+04 3.284789956670349653e+01
4.627548997291064734e+04 3.294823821861697866e+01
4.647178342212062125e+04 3.304857687053045368e+01
4.666807687133060244e+04 3.314891552244392869e+01
4.686437032054057636e+04 3.324925417435740371e+01
4.706066376975055755e+04 3.334959282627088584e+01
4.725695721896053146e+04 3.344993147818436086e+01
4.745325066817051265e+04 3.355027013009784298e+01
4.764954411738048657e+04 3.365060878201131800e+01
4.784583756659046776e+04 3.375094743392479302e+01
4.804213101580044167e+04 3.385128608583826804e+01
4.823842446501042286e+04 3.395162473775175016e+01
4.843471791422039678e+04 3.405196338966522518e+01
4.863101136343037797e+04 3.415230204157870730e+01
4.882730481264035916e+04 3.425264069349218232e+01
4.902359826185033307e+04 3.435297934540565734e+01
4.921989171106031426e+04 3.445331799731913947e+01
4.941618516027028818e+04 3.455365664923261448e+01
4.961247860948026937e+04 3.465399530114609661e+01
4.980877205869024328e+04 3.475433395305957163e+01
5.000506550790022447e+04 3.485467260497304665e+01
5.020135895711019839e+04 3.495501125688652166e+01
5.039765240632017958e+04 3.505534990880000379e+01
5.059394585553015349e+04 3.515568856071347881e+01
5.079023930474013468e+04 3.525602721262696093e+01
5.098653275395010860e+04 3.535636586454043595e+01
5.118282620316008979e+04 3.545670451645391097e+01
5.137911965237006370e+04 3.555704316836738599e+01
5.157541310158004489e+04 3.565738182028086811e+01
5.177170655079001881e+04 3.575772047219434313e+01
5.196800000000000000e+04 3.585805912410782526e+01
