2.413599999999999909e+03 1.402571662631325378e+00
2.434703006012024161e+03 1.415988710474287204e+00
2.455806012024047959e+03 1.429371252284421079e+00
2.476909018036072212e+03 1.442719624004962231e+00
2.498012024048096009e+03 1.456034159309477882e+00
2.519115030060120262e+03 1.469315189608249472e+00
2.540218036072144059e+03 1.482563044054656665e+00
2.561321042084168312e+03 1.495778049551557354e+00
2.582424048096192564e+03 1.508960530757675222e+00
2.603527054108216362e+03 1.522110810093975530e+00
2.624630060120240614e+03 1.535229207750054670e+00
2.645733066132264412e+03 1.548316041690517952e+00
2.666836072144288664e+03 1.561371627661363171e+00
2.687939078156312462e+03 1.574396279196365267e+00
2.709042084168336714e+03 1.587390307623456343e+00
2.730145090180360967e+03 1.600354022071110549e+00
2.751248096192384764e+03 1.613287729474726095e+00
2.772351102204408562e+03 1.626191734583005477e+00
2.793454108216432815e+03 1.639066339964340813e+00
2.814557114228457067e+03 1.651911846013196961e+00
2.835660120240480865e+03 1.664728550956492636e+00
2.856763126252505117e+03 1.677516750859982864e+00
2.877866132264528915e+03 1.690276739634639647e+00
2.898969138276553167e+03 1.703008809043041971e+00
2.920072144288576965e+03 1.715713248705750038e+00
2.941175150300601217e+03 1.728390346107691045e+00
2.962278156312625470e+03 1.741040386604545187e+00
2.983381162324649267e+03 1.753663653429121450e+00
3.004484168336673520e+03 1.766260427697746938e+00
3.025587174348697317e+03 1.778830988416644221e+00
3.046690180360721570e+03 1.791375612488318447e+00
3.067793186372745367e+03 1.803894574717935795e+00
3.088896192384769620e+03 1.816388147819708365e+00
3.109999198396793417e+03 1.828856602423278410e+00
3.131102204408817670e+03 1.841300207080098783e+00
3.152205210420841922e+03 1.853719228269813613e+00
3.173308216432865720e+03 1.866113930406644084e+00
3.194411222444889972e+03 1.878484575845771554e+00
3.215514228456913770e+03 1.890831424889718004e+00
3.236617234468938022e+03 1.903154735794728492e+00
3.257720240480961820e+03 1.915454764777156704e+00
3.278823246492986073e+03 1.927731766019843640e+00
3.299926252505010325e+03 1.939985991678502941e+00
3.321029258517034123e+03 1.952217691888103790e+00
3.342132264529057920e+03 1.964427114769250693e+00
3.363235270541082173e+03 1.976614506434570151e+00
3.384338276553106425e+03 1.988780110995089112e+00
3.405441282565130223e+03 2.000924170566620752e+00
3.426544288577154020e+03 2.013046925276145593e+00
3.447647294589178728e+03 2.025148613268194175e+00
3.468750300601202525e+03 2.037229470711229062e+00
3.489853306613226323e+03 2.049289731804031511e+00
3.510956312625250575e+03 2.061329628782078593e+00
3.532059318637274828e+03 2.073349391923928309e+00
3.553162324649298625e+03 2.085349249557602924e+00
3.574265330661322423e+03 2.097329428066968759e+00
3.595368336673346676e+03 2.109290151898123966e+00
3.616471342685370928e+03 2.121231643565776093e+00
3.637574348697394726e+03 2.133154123659625867e+00
3.658677354709418978e+03 2.145057810850752755e+00
3.679780360721443230e+03 2.156942921897993415e+00
3.700883366733467028e+03 2.168809671654327698e+00
3.721986372745490826e+03 2.180658273073258435e+00
3.743089378757515078e+03 2.192488937215199218e+00
3.764192384769539331e+03 2.204301873253848409e+00
3.785295390781563128e+03 2.216097288482578698e+00
3.806398396793586926e+03 2.227875388320819106e+00
3.827501402805611178e+03 2.239636376320434330e+00
3.848604408817635431e+03 2.251380454172112078e+00
3.869707414829659228e+03 2.263107821711738410e+00
3.890810420841683481e+03 2.274818676926787298e+00
3.911913426853707733e+03 2.286513215962703072e+00
3.933016432865731531e+03 2.298191633129276212e+00
3.954119438877755329e+03 2.309854120907034236e+00
3.975222444889779581e+03 2.321500869953618817e+00
3.996325450901803833e+03 2.333132069110171347e+00
4.017428456913827631e+03 2.344747905407712718e+00
4.038531462925851429e+03 2.356348564073528884e+00
4.059634468937875681e+03 2.367934228537552865e+00
4.080737474949899934e+03 2.379505080438745424e+00
4.101840480961924186e+03 2.391061299631479287e+00
4.122943486973947984e+03 2.402603064191922932e+00
4.144046492985971781e+03 2.414130550424420374e+00
4.165149498997996488e+03 2.425643932867875385e+00
4.186252505010019377e+03 2.437143384302133065e+00
4.207355511022044084e+03 2.448629075754368056e+00
4.228458517034068791e+03 2.460101176505455456e+00
4.249561523046091679e+03 2.471559854096366138e+00
4.270664529058116386e+03 2.483005274334540324e+00
4.291767535070141093e+03 2.494437601300274920e+00
4.312870541082163982e+03 2.505856997353106408e+00
4.333973547094188689e+03 2.517263623138187079e+00
4.355076553106212486e+03 2.528657637592679475e+00
4.376179559118236284e+03 2.540039197952126848e+00
4.397282565130260991e+03 2.551408459756839164e+00
4.418385571142283879e+03 2.562765576858283545e+00
4.439488577154308587e+03 2.574110701425458281e+00
4.460591583166333294e+03 2.585443983951277502e+00
4.481694589178356182e+03 2.596765573258953630e+00
4.502797595190380889e+03 2.608075616508382488e+00
4.523900601202405596e+03 2.619374259202521760e+00
4.545003607214428484e+03 2.630661645193779208e+00
4.566106613226453192e+03 2.641937916690389798e+00
4.587209619238476080e+03 2.653203214262800813e+00
4.608312625250500787e+03 2.664457676850055634e+00
4.629415631262525494e+03 2.675701441766173083e+00
4.650518637274549292e+03 2.686934644706536091e+00
4.671621643286573089e+03 2.698157419754263486e+00
4.692724649298597797e+03 2.709369899386603997e+00
4.713827655310620685e+03 2.720572214481315143e+00
4.734930661322645392e+03 2.731764494323041248e+00
4.756033667334670099e+03 2.742946866609702994e+00
4.777136673346692987e+03 2.754119457458874543e+00
4.798239679358717694e+03 2.765282391414169538e+00
4.819342685370741492e+03 2.776435791451623558e+00
4.840445691382765290e+03 2.787579778986074341e+00
4.861548697394789997e+03 2.798714473877546460e+00
4.882651703406812885e+03 2.809839994437633326e+00
4.903754709418837592e+03 2.820956457435879194e+00
4.924857715430862299e+03 2.832063978106163393e+00
4.945960721442886097e+03 2.843162670153084548e+00
4.967063727454909895e+03 2.854252645758334150e+00
4.988166733466934602e+03 2.865334015587092331e+00
5.009269739478957490e+03 2.876406888794398320e+00
5.030372745490982197e+03 2.887471373031543997e+00
5.051475751503005085e+03 2.898527574452448796e+00
5.072578757515029793e+03 2.909575597720042595e+00
5.093681763527054500e+03 2.920615546012654384e+00
5.114784769539078297e+03 2.931647521030387615e+00
5.135887775551102095e+03 2.942671623001507086e+00
5.156990781563126802e+03 2.953687950688821395e+00
5.178093787575149690e+03 2.964696601396064501e+00
5.199196793587174398e+03 2.975697670974279951e+00
5.220299799599199105e+03 2.986691253828198889e+00
5.241402805611221993e+03 2.997677442922631830e+00
5.262505811623246700e+03 3.008656329788836459e+00
5.283608817635270498e+03 3.019628004530916066e+00
5.304711823647294295e+03 3.030592555832195778e+00
5.325814829659319003e+03 3.041550070961601016e+00
5.346917835671341891e+03 3.052500635780048377e+00
5.368020841683366598e+03 3.063444334746817876e+00
5.389123847695391305e+03 3.074381250925943387e+00
5.410226853707415103e+03 3.085311465992602642e+00
5.431329859719438900e+03 3.096235060239471260e+00
5.452432865731463608e+03 3.107152112583144721e+00
5.473535871743486496e+03 3.118062700570488843e+00
5.494638877755511203e+03 3.128966900385037331e+00
5.515741883767535001e+03 3.139864786853373779e+00
5.536844889779558798e+03 3.150756433451507910e+00
5.557947895791583505e+03 3.161641912311269564e+00
5.579050901803607303e+03 3.172521294226676059e+00
5.600153907815631101e+03 3.183394648660327064e+00
5.621256913827655808e+03 3.194262043749780844e+00
5.642359919839678696e+03 3.205123546313945582e+00
5.663462925851703403e+03 3.215979221859444959e+00
5.684565931863728110e+03 3.226829134587021031e+00
5.705668937875751908e+03 3.237673347397902024e+00
5.726771943887775706e+03 3.248511921900190114e+00
5.747874949899799503e+03 3.259344918415248316e+00
5.768977955911823301e+03 3.270172395984072278e+00
5.790080961923848008e+03 3.280994412373685165e+00
5.811183967935870896e+03 3.291811024083513004e+00
5.832286973947895603e+03 3.302622286351766689e+00
5.853389979959920311e+03 3.313428253161830206e+00
5.874492985971944108e+03 3.324228977248636419e+00
5.895595991983967906e+03 3.335024510105057516e+00
5.916698997995992613e+03 3.345814901988277690e+00
5.937802004008015501e+03 3.356600201926188909e+00
5.958905010020040208e+03 3.367380457723757381e+00
5.980008016032064006e+03 3.378155715969420658e+00
6.001111022044087804e+03 3.388926022041462094e+00
6.022214028056112511e+03 3.399691420114399065e+00
6.043317034068136309e+03 3.410451953165354766e+00
6.064420040080160106e+03 3.421207662980457975e+00
6.085523046092184813e+03 3.431958590161208189e+00
6.106626052104207702e+03 3.442704774130866952e+00
6.127729058116232409e+03 3.453446253140851407e+00
6.148832064128256206e+03 3.464183064277087887e+00
6.169935070140280914e+03 3.474915243466422332e+00
6.191038076152304711e+03 3.485642825482988094e+00
6.212141082164328509e+03 3.496365843954598596e+00
6.233244088176352307e+03 3.507084331369115571e+00
6.254347094188377014e+03 3.517798319080847946e+00
6.275450100200400811e+03 3.528507837316923634e+00
6.296553106212424609e+03 3.539212915183674646e+00
6.317656112224449316e+03 3.549913580673024871e+00
6.338759118236473114e+03 3.560609860668862758e+00
6.359862124248496912e+03 3.571301780953432647e+00
6.380965130260520709e+03 3.581989366213713666e+00
6.402068136272544507e+03 3.592672640047801735e+00
6.423171142284569214e+03 3.603351624971296019e+00
6.444274148296593012e+03 3.614026342423679594e+00
6.465377154308616809e+03 3.624696812774693910e+00
6.486480160320641517e+03 3.635363055330738113e+00
6.507583166332665314e+03 3.646025088341238174e+00
6.528686172344689112e+03 3.656682929005034666e+00
6.549789178356713819e+03 3.667336593476760331e+00
6.570892184368736707e+03 3.677986096873238075e+00
6.591995190380761414e+03 3.688631453279839434e+00
6.613098196392785212e+03 3.699272675756887008e+00
6.634201202404809919e+03 3.709909776346032917e+00
6.655304208416833717e+03 3.720542766076633256e+00
6.676407214428857515e+03 3.731171654972135876e+00
6.697510220440881312e+03 3.741796452056466826e+00
6.718613226452906019e+03 3.752417165360410145e+00
6.739716232464929817e+03 3.763033801927988087e+00
6.760819238476953615e+03 3.773646367822844461e+00
6.781922244488978322e+03 3.784254868134630190e+00
6.803025250501002120e+03 3.794859306985383540e+00
6.824128256513025917e+03 3.805459687535912572e+00
6.845231262525049715e+03 3.816056011992182917e+00
6.866334268537073513e+03 3.826648281611688240e+00
6.887437274549098220e+03 3.837236496709846456e+00
6.908540280561122017e+03 3.847820656666374184e+00
6.929643286573146725e+03 3.858400759931673196e+00
6.950746292585170522e+03 3.868976804033209316e+00
6.971849298597194320e+03 3.879548785581902415e+00
6.992952304609218118e+03 3.890116700278495099e+00
7.014055310621242825e+03 3.900680542919952032e+00
7.035158316633266622e+03 3.911240307405832617e+00
7.056261322645290420e+03 3.921795986744674778e+00
7.077364328657314218e+03 3.932347573060376966e+00
7.098467334669338925e+03 3.942895057598583719e+00
7.119570340681362723e+03 3.953438430733069886e+00
7.140673346693386520e+03 3.963977681972116862e+00
7.161776352705410318e+03 3.974512799964899035e+00
7.182879358717435025e+03 3.985043772507864901e+00
7.203982364729458823e+03 3.995570586551124403e+00
7.225085370741482620e+03 4.006093228204825607e+00
7.246188376753507328e+03 4.016611682745533152e+00
7.267291382765531125e+03 4.027125934622635128e+00
7.288394388777554923e+03 4.037635967464688669e+00
7.309497394789578721e+03 4.048141764085832150e+00
7.330600400801603428e+03 4.058643306492157876e+00
7.351703406813627225e+03 4.069140575888085642e+00
7.372806412825651023e+03 4.079633552682769171e+00
7.393909418837674821e+03 4.090122216496445695e+00
7.415012424849699528e+03 4.100606546166851274e+00
7.436115430861723326e+03 4.111086519755581925e+00
7.457218436873747123e+03 4.121562114554481404e+00
7.478321442885771830e+03 4.132033307092031649e+00
7.499424448897795628e+03 4.142500073139721906e+00
7.520527454909819426e+03 4.152962387718446280e+00
7.541630460921843223e+03 4.163420225104870198e+00
7.562733466933867930e+03 4.173873558837829734e+00
7.583836472945891728e+03 4.184322361724701622e+00
7.604939478957915526e+03 4.194766605847787488e+00
7.626042484969940233e+03 4.205206262570709619e+00
7.647145490981964031e+03 4.215641302544772095e+00
7.668248496993988738e+03 4.226071695715361010e+00
7.689351503006011626e+03 4.236497411328316254e+00
7.710454509018036333e+03 4.246918417936321077e+00
7.731557515030060131e+03 4.257334683405286313e+00
7.752660521042083928e+03 4.267746174920722169e+00
7.773763527054107726e+03 4.278152858994128671e+00
7.794866533066131524e+03 4.288554701469379005e+00
7.815969539078156231e+03 4.298951667529104625e+00
7.837072545090179119e+03 4.309343721701062613e+00
7.858175551102204736e+03 4.319730827864539435e+00
7.879278557114228533e+03 4.330112949256720078e+00
7.900381563126252331e+03 4.340490048479068719e+00
7.921484569138276129e+03 4.350862087503729825e+00
7.942587575150300836e+03 4.361229027679882186e+00
7.963690581162325543e+03 4.371590829740151563e+00
7.984793587174348431e+03 4.381947453806961157e+00
8.005896593186373138e+03 4.392298859398946043e+00
8.026999599198396936e+03 4.402645005437321402e+00
8.048102605210420734e+03 4.412985850252258757e+00
8.069205611222444531e+03 4.423321351589276418e+00
8.090308617234468329e+03 4.433651466615621928e+00
8.111411623246493036e+03 4.443976151926654516e+00
8.132514629258515924e+03 4.454295363552226661e+00
8.153617635270540632e+03 4.464609056963066536e+00
8.174720641282565339e+03 4.474917187077159575e+00
8.195823647294590046e+03 4.485219708266133587e+00
8.216926653306612934e+03 4.495516574361639428e+00
8.238029659318635822e+03 4.505807738661733453e+00
8.259132665330662348e+03 4.516093153937273286e+00
8.280235671342685237e+03 4.526372772438262082e+00
8.301338677354709944e+03 4.536646545900283378e+00
8.322441683366734651e+03 4.546914425550848904e+00
8.343544689378757539e+03 4.557176362115781032e+00
8.364647695390780427e+03 4.567432305825617433e+00
8.385750701402805134e+03 4.577682206421973099e+00
8.406853707414829842e+03 4.587926013163935224e+00
8.427956713426852730e+03 4.598163674834435000e+00
8.449059719438877437e+03 4.608395139746645164e+00
8.470162725450902144e+03 4.618620355750346462e+00
8.491265731462925032e+03 4.628839270238319870e+00
8.512368737474949739e+03 4.639051830152721934e+00
8.533471743486974447e+03 4.649257981991490318e+00
8.554574749498999154e+03 4.659457671814685398e+00
8.575677755511022042e+03 4.669650845250904680e+00
8.596780761523046749e+03 4.679837447503667924e+00
8.617883767535069637e+03 4.690017423357773829e+00
8.638986773547094344e+03 4.700190717185708245e+00
8.660089779559119052e+03 4.710357272953999086e+00
8.681192785571141940e+03 4.720517034229645859e+00
8.702295791583166647e+03 4.730669944186440823e+00
8.723398797595189535e+03 4.740815945611402071e+00
8.744501803607214242e+03 4.750954980911131109e+00
8.765604809619238949e+03 4.761086992118199746e+00
8.786707815631263657e+03 4.771211920897542313e+00
8.807810821643286545e+03 4.781329708552821245e+00
8.828913827655309433e+03 4.791440296032825508e+00
8.850016833667334140e+03 4.801543623937844174e+00
8.871119839679358847e+03 4.811639632526054200e+00
8.892222845691383554e+03 4.821728261719890440e+00
8.913325851703406443e+03 4.831809451112450304e+00
8.934428857715431150e+03 4.841883139973869987e+00
8.955531863727454038e+03 4.851949267257678500e+00
8.976634869739478745e+03 4.862007771607223638e+00
8.997737875751503452e+03 4.872058591362020685e+00
9.018840881763528159e+03 4.882101664564158838e+00
9.039943887775552867e+03 4.892136928964674780e+00
9.061046893787573936e+03 4.902164322029923582e+00
9.082149899799598643e+03 4.912183780947977141e+00
9.103252905811623350e+03 4.922195242635002188e+00
9.124355911823648057e+03 4.932198643741642741e+00
9.145458917835670945e+03 4.942193920659407880e+00
9.166561923847695653e+03 4.952181009527031108e+00
9.187664929859720360e+03 4.962159846236891880e+00
9.208767935871743248e+03 4.972130366441357197e+00
9.229870941883767955e+03 4.982092505559204909e+00
9.250973947895792662e+03 4.992046198781963540e+00
9.272076953907815550e+03 5.001991381080339139e+00
9.293179959919838439e+03 5.011927987210549773e+00
9.314282965931863146e+03 5.021855951720761269e+00
9.335385971943887853e+03 5.031775208957427026e+00
9.356488977955912560e+03 5.041685693071682017e+00
9.377591983967937267e+03 5.051587338025744778e+00
9.398694989979960155e+03 5.061480077599268768e+00
9.419797995991983043e+03 5.071363845395747916e+00
9.440901002004007751e+03 5.081238574848905287e+00
9.462004008016032458e+03 5.091104199229038230e+00
9.483107014028057165e+03 5.100960651649445232e+00
9.504210020040080053e+03 5.110807865072775513e+00
9.525313026052104760e+03 5.120645772317434563e+00
9.546416032064127648e+03 5.130474306063953271e+00
9.567519038076152356e+03 5.140293398861374818e+00
9.588622044088177063e+03 5.150102983133638901e+00
9.609725050100199951e+03 5.159902991185953525e+00
9.630828056112226477e+03 5.169693355211204988e+00
9.651931062124247546e+03 5.179474007296301252e+00
9.673034068136272253e+03 5.189244879428590806e+00
9.694137074148296961e+03 5.199005903502218473e+00
9.715240080160321668e+03 5.208757011324527397e+00
9.736343086172344556e+03 5.218498134622434392e+00
9.757446092184367444e+03 5.228229205048801731e+00
9.778549098196392151e+03 5.237950154188848018e+00
9.799652104208416858e+03 5.247660913566488006e+00
9.820755110220441566e+03 5.257361414650761233e+00
9.841858116232466273e+03 5.267051588862189604e+00
9.862961122244489161e+03 5.276731367579152732e+00
9.884064128256512049e+03 5.286400682144289931e+00
9.905167134268536756e+03 5.296059463870875561e+00
9.926270140280561463e+03 5.305707644049201477e+00
9.947373146292586171e+03 5.315345153952945267e+00
9.968476152304610878e+03 5.324971924845590010e+00
9.989579158316633766e+03 5.334587887986755206e+00
1.001068216432865665e+04 5.344192974638628968e+00
1.003178517034068136e+04 5.353787116072336261e+00
1.005288817635270607e+04 5.363370243574278717e+00
1.007399118236473078e+04 5.372942288452590809e+00
1.009509418837675366e+04 5.382503182043461010e+00
1.011619719438877837e+04 5.392052855717542670e+00
1.013730020040080126e+04 5.401591240886348899e+00
1.015840320641282597e+04 5.411118269008589721e+00
1.017950621242485067e+04 5.420633871596610476e+00
1.020060921843687356e+04 5.430137980222726313e+00
1.022171222444890009e+04 5.439630526525637499e+00
1.024281523046092116e+04 5.449111442216799439e+00
1.026391823647294586e+04 5.458580659086802456e+00
1.028502124248497057e+04 5.468038109011761350e+00
1.030612424849699528e+04 5.477483723959682749e+00
1.032722725450901817e+04 5.486917435996886638e+00
1.034833026052104105e+04 5.496339177294339073e+00
1.036943326653306758e+04 5.505748880134066603e+00
1.039053627254509047e+04 5.515146476915520068e+00
1.041163927855711518e+04 5.524531900161983700e+00
1.043274228456913806e+04 5.533905082526931807e+00
1.045384529058116277e+04 5.543265956800421002e+00
1.047494829659318566e+04 5.552614455915476199e+00
1.049605130260521037e+04 5.561950512954462411e+00
1.051715430861723507e+04 5.571274061155484958e+00
1.053825731462925978e+04 5.580585033918763926e+00
1.055936032064128449e+04 5.589883364812997080e+00
1.058046332665330556e+04 5.599168987581780499e+00
1.060156633266533026e+04 5.608441836149946624e+00
1.062266933867735497e+04 5.617701844630000885e+00
1.064377234468937968e+04 5.626948947328454409e+00
1.066487535070140257e+04 5.636183078752235787e+00
1.068597835671342727e+04 5.645404173615064636e+00
1.070708136272545198e+04 5.654612166843817178e+00
1.072818436873747487e+04 5.663806993584951321e+00
1.074928737474949958e+04 5.672988589210858912e+00
1.077039038076152428e+04 5.682156889326236637e+00
1.079149338677354717e+04 5.691311829774496900e+00
1.081259639278557006e+04 5.700453346644136055e+00
1.083369939879759477e+04 5.709581376275131959e+00
1.085480240480961947e+04 5.718695855265304218e+00
1.087590541082164418e+04 5.727796720476698411e+00
1.089700841683366889e+04 5.736883909042000518e+00
1.091811142284569178e+04 5.745957358370874957e+00
1.093921442885771467e+04 5.755017006156382564e+00
1.096031743486973937e+04 5.764062790381334622e+00
1.098142044088176408e+04 5.773094649324709948e+00
1.100252344689378879e+04 5.782112521568000929e+00
1.102362645290581168e+04 5.791116346001622617e+00
1.104472945891783638e+04 5.800106061831288962e+00
1.106583246492985927e+04 5.809081608584373058e+00
1.108693547094188398e+04 5.818042926116346436e+00
1.110803847695390868e+04 5.826989954617078027e+00
1.112914148296593157e+04 5.835922634617290328e+00
1.115024448897795810e+04 5.844840906994921426e+00
1.117134749498997917e+04 5.853744712981479914e+00
1.119245050100200388e+04 5.862633994168463758e+00
1.121355350701402858e+04 5.871508692513722316e+00
1.123465651302605329e+04 5.880368750347837903e+00
1.125575951903807618e+04 5.889214110380530443e+00
1.127686252505009907e+04 5.898044715707014163e+00
1.129796553106212559e+04 5.906860509814386262e+00
1.131906853707414848e+04 5.915661436588028010e+00
1.134017154308617319e+04 5.924447440317964109e+00
1.136127454909819789e+04 5.933218465705243361e+00
1.138237755511022078e+04 5.941974457868359316e+00
1.140348056112224367e+04 5.950715362349590087e+00
1.142458356713426838e+04 5.959441125121387017e+00
1.144568657314629309e+04 5.968151692592791768e+00
1.146678957915831779e+04 5.976847011615769922e+00
1.148789258517034250e+04 5.985527029491642281e+00
1.150899559118236539e+04 5.994191693977420243e+00
1.153009859719438828e+04 6.002840953292217563e+00
1.155120160320641298e+04 6.011474756123641683e+00
1.157230460921843769e+04 6.020093051634145098e+00
1.159340761523046058e+04 6.028695789467430011e+00
1.161451062124248529e+04 6.037282919754820121e+00
1.163561362725450999e+04 6.045854393121667059e+00
1.165671663326653288e+04 6.054410160693683984e+00
1.167781963927855759e+04 6.062950174103389323e+00
1.169892264529058230e+04 6.071474385496427928e+00
1.172002565130260518e+04 6.079982747538014820e+00
1.174112865731462807e+04 6.088475213419286547e+00
1.176223166332665278e+04 6.096951736863646332e+00
1.178333466933867749e+04 6.105412272133234453e+00
1.180443767535070219e+04 6.113856774035212105e+00
1.182554068136272690e+04 6.122285197928240663e+00
1.184664368737474979e+04 6.130697499728795741e+00
1.186774669338677268e+04 6.139093635917568292e+00
1.188884969939879738e+04 6.147473563545852393e+00
1.190995270541082209e+04 6.155837240241922359e+00
1.193105571142284680e+04 6.164184624217431185e+00
1.195215871743487151e+04 6.172515674273755693e+00
1.197326172344689439e+04 6.180830349808454471e+00
1.199436472945891728e+04 6.189128610821527765e+00
1.201546773547094199e+04 6.197410417921943804e+00
1.203657074148296670e+04 6.205675732333897798e+00
1.205767374749498958e+04 6.213924515903275214e+00
1.207877675350701611e+04 6.222156731104004912e+00
1.209987975951903900e+04 6.230372341044413176e+00
1.212098276553106189e+04 6.238571309473668336e+00
1.214208577154308659e+04 6.246753600788137462e+00
1.216318877755511130e+04 6.254919180037728843e+00
1.218429178356713419e+04 6.263068012932340167e+00
1.220539478957915708e+04 6.271200065848162808e+00
1.222649779559118178e+04 6.279315305834184180e+00
1.224760080160320649e+04 6.287413700618435186e+00
1.226870380761523120e+04 6.295495218614451716e+00
1.228980681362725591e+04 6.303559828927669528e+00
1.231090981963927879e+04 6.311607501361722328e+00
1.233201282565130168e+04 6.319638206424926352e+00
1.235311583166332639e+04 6.327651915336606869e+00
1.237421883767535110e+04 6.335648600033479738e+00
1.239532184368737580e+04 6.343628233176043629e+00
1.241642484969940051e+04 6.351590788154962475e+00
1.243752785571142340e+04 6.359536239097485222e+00
1.245863086172344629e+04 6.367464560873740353e+00
1.247973386773547099e+04 6.375375729103206268e+00
1.250083687374749570e+04 6.383269720161027116e+00
1.252193987975951859e+04 6.391146511184471635e+00
1.254304288577154512e+04 6.399006080079233882e+00
1.256414589178356800e+04 6.406848405525860990e+00
1.258524889779559089e+04 6.414673466986133832e+00
1.260635190380761560e+04 6.422481244709434378e+00
1.262745490981964031e+04 6.430271719739163672e+00
1.264855791583166319e+04 6.438044873919057665e+00
1.266966092184368608e+04 6.445800689899632729e+00
1.269076392785571261e+04 6.453539151144564556e+00
1.271186693386773550e+04 6.461260241937004878e+00
1.273296993987976020e+04 6.468963947386050961e+00
1.275407294589178491e+04 6.476650253433087201e+00
1.277517595190380780e+04 6.484319146858139149e+00
1.279627895791583069e+04 6.491970615286311030e+00
1.281738196392785540e+04 6.499604647194127338e+00
1.283848496993988010e+04 6.507221231915968573e+00
1.285958797595190481e+04 6.575999036390757446e+00
1.305514783536923278e+04 6.662489971197179450e+00
1.325070769478655893e+04 6.748980906003599678e+00
1.344626755420388690e+04 6.835471840810021682e+00
1.364182741362121305e+04 6.921962775616441910e+00
1.383738727303854103e+04 7.008453710422863914e+00
1.403294713245586718e+04 7.094944645229285030e+00
1.422850699187319515e+04 7.181435580035706145e+00
1.442406685129052130e+04 7.267926514842127261e+00
1.461962671070784927e+04 7.354417449648548377e+00
1.481518657012517542e+04 7.440908384454969493e+00
1.501074642954250339e+04 7.527399319261390609e+00
1.520630628895982954e+04 7.613890254067811725e+00
1.540186614837715751e+04 7.700381188874233729e+00
1.559742600779448549e+04 7.786872123680654845e+00
1.579298586721181164e+04 7.873363058487075961e+00
1.598854572662913779e+04 7.959853993293496188e+00
1.618410558604646576e+04 8.046344928099918192e+00
1.637966544546379373e+04 8.132835862906338420e+00
1.657522530488111806e+04 8.219326797712758648e+00
1.677078516429844603e+04 8.305817732519180652e+00
1.696634502371577400e+04 8.392308667325602656e+00
1.716190488313310198e+04 8.478799602132024660e+00
1.735746474255042995e+04 8.565290536938444887e+00
1.755302460196775792e+04 8.651781471744866892e+00
1.774858446138508225e+04 8.738272406551287119e+00
1.794414432080241022e+04 8.824763341357709123e+00
1.813970418021973819e+04 8.911254276164131127e+00
1.833526403963706252e+04 8.997745210970551355e+00
1.853082389905439049e+04 9.084236145776971583e+00
1.872638375847171847e+04 9.170727080583393587e+00
1.892194361788904644e+04 9.257218015389815591e+00
1.911750347730637441e+04 9.343708950196237595e+00
1.931306333672369874e+04 9.430199885002656046e+00
1.950862319614102671e+04 9.516690819809078050e+00
1.970418305555835468e+04 9.603181754615500054e+00
1.989974291497567901e+04 9.689672689421920282e+00
2.009530277439300698e+04 9.776163624228342286e+00
2.029086263381033496e+04 9.862654559034762514e+00
2.048642249322766293e+04 9.949145493841184518e+00
2.068198235264499090e+04 1.003563642864760652e+01
2.087754221206231887e+04 1.012212736345402853e+01
2.107310207147964320e+04 1.020861829826044698e+01
2.126866193089697117e+04 1.029510923306686898e+01
2.146422179031429550e+04 1.038160016787328921e+01
2.165978164973162347e+04 1.046809110267971121e+01
2.185534150914895145e+04 1.055458203748613322e+01
2.205090136856627942e+04 1.064107297229255344e+01
2.224646122798360739e+04 1.072756390709897545e+01
2.244202108740093536e+04 1.081405484190539745e+01
2.263758094681826333e+04 1.090054577671181946e+01
2.283314080623558766e+04 1.098703671151823791e+01
2.302870066565291563e+04 1.107352764632465991e+01
2.322426052507023996e+04 1.116001858113108014e+01
2.341982038448756794e+04 1.124650951593750214e+01
2.361538024390489591e+04 1.133300045074392415e+01
2.381094010332222388e+04 1.141949138555034438e+01
2.400649996273955185e+04 1.150598232035676638e+01
2.420205982215687982e+04 1.159247325516318838e+01
2.439761968157420415e+04 1.167896418996960861e+01
2.459317954099153212e+04 1.176545512477602884e+01
2.478873940040885645e+04 1.185194605958244907e+01
2.498429925982618443e+04 1.193843699438887107e+01
2.517985911924351240e+04 1.202492792919529307e+01
2.537541897866084037e+04 1.211141886400171508e+01
2.557097883807816834e+04 1.219790979880813531e+01
2.576653869749549631e+04 1.228440073361455731e+01
2.596209855691282428e+04 1.237089166842097931e+01
2.615765841633014861e+04 1.245738260322739954e+01
2.635321827574747658e+04 1.254387353803381977e+01
2.654877813516480091e+04 1.263036447284024000e+01
2.674433799458212889e+04 1.271685540764666200e+01
2.693989785399945686e+04 1.280334634245308401e+01
2.713545771341678483e+04 1.288983727725950601e+01
2.733101757283411280e+04 1.297632821206592624e+01
2.752657743225144077e+04 1.306281914687234824e+01
2.772213729166876510e+04 1.314931008167876847e+01
2.791769715108609307e+04 1.323580101648519047e+01
2.811325701050341740e+04 1.332229195129161070e+01
2.830881686992074538e+04 1.340878288609803093e+01
2.850437672933807335e+04 1.349527382090445293e+01
2.869993658875540132e+04 1.358176475571087494e+01
2.889549644817272929e+04 1.366825569051729694e+01
2.909105630759005726e+04 1.375474662532371717e+01
2.928661616700738159e+04 1.384123756013013740e+01
2.948217602642470956e+04 1.392772849493655940e+01
2.967773588584203753e+04 1.401421942974298140e+01
2.987329574525936550e+04 1.410071036454940341e+01
3.006885560467668984e+04 1.418720129935582186e+01
3.026441546409401781e+04 1.427369223416224386e+01
3.045997532351134578e+04 1.436018316896866587e+01
3.065553518292867375e+04 1.444667410377508787e+01
3.085109504234599808e+04 1.453316503858150632e+01
3.104665490176332605e+04 1.461965597338792833e+01
3.124221476118065402e+04 1.470614690819435033e+01
3.143777462059798199e+04 1.479263784300077234e+01
3.163333448001530996e+04 1.487912877780719434e+01
3.182889433943263430e+04 1.496561971261361279e+01
3.202445419884996227e+04 1.505211064742003479e+01
3.222001405826729024e+04 1.513860158222645680e+01
3.241557391768461821e+04 1.522509251703287880e+01
3.261113377710194254e+04 1.531158345183929903e+01
3.280669363651926687e+04 1.539807438664571748e+01
3.300225349593660212e+04 1.548456532145214304e+01
3.319781335535392282e+04 1.557105625625856149e+01
3.339337321477125079e+04 1.565754719106498349e+01
3.358893307418857876e+04 1.574403812587140372e+01
3.378449293360590673e+04 1.583052906067782573e+01
3.398005279302323470e+04 1.591701999548424773e+01
3.417561265244055539e+04 1.600351093029066618e+01
3.437117251185789064e+04 1.609000186509708996e+01
3.456673237127521134e+04 1.617649279990350664e+01
3.476229223069254658e+04 1.626298373470993397e+01
3.495785209010986728e+04 1.634947466951635064e+01
3.515341194952719525e+04 1.643596560432277442e+01
3.534897180894452322e+04 1.652245653912919465e+01
3.554453166836185119e+04 1.660894747393561488e+01
3.574009152777917916e+04 1.669543840874203866e+01
3.593565138719649985e+04 1.678192934354845534e+01
3.613121124661383510e+04 1.686842027835487912e+01
3.632677110603115580e+04 1.695491121316129934e+01
3.652233096544849104e+04 1.704140214796772312e+01
3.671789082486581174e+04 1.712789308277413980e+01
3.691345068428313971e+04 1.721438401758056358e+01
3.710901054370046768e+04 1.730087495238698381e+01
3.730457040311779565e+04 1.738736588719340759e+01
3.750013026253512362e+04 1.747385682199982782e+01
3.769569012195244431e+04 1.756034775680624449e+01
3.789124998136977956e+04 1.764683869161267182e+01
3.808680984078710026e+04 1.773332962641908850e+01
3.828236970020443550e+04 1.781982056122551228e+01
3.847792955962175620e+04 1.790631149603193251e+01
3.867348941903908417e+04 1.799280243083835273e+01
3.886904927845641214e+04 1.807929336564477651e+01
3.906460913787374011e+04 1.816578430045119674e+01
3.926016899729106808e+04 1.825227523525761697e+01
3.945572885670838878e+04 1.833876617006403720e+01
3.965128871612572402e+04 1.842525710487046098e+01
3.984684857554304472e+04 1.851174803967688121e+01
4.004240843496037269e+04 1.859823897448330143e+01
4.023796829437770066e+04 1.868472990928972166e+01
4.043352815379502863e+04 1.877122084409614544e+01
4.062908801321235660e+04 1.885771177890256567e+01
4.082464787262967729e+04 1.894420271370898590e+01
4.102020773204701254e+04 1.903069364851540968e+01
4.121576759146433324e+04 1.911718458332182635e+01
4.141132745088166848e+04 1.920367551812825369e+01
4.160688731029898918e+04 1.929016645293467036e+01
4.180244716971631715e+04 1.937665738774109414e+01
4.199800702913364512e+04 1.946314832254751437e+01
4.219356688855097309e+04 1.954963925735393460e+01
4.238912674796830106e+04 1.963613019216035838e+01
4.258468660738562176e+04 1.972262112696677505e+01
4.278024646680295700e+04 1.980911206177319883e+01
4.297580632622027770e+04 1.989560299657961906e+01
4.317136618563761294e+04 1.998209393138604284e+01
4.336692604505493364e+04 2.006858486619246307e+01
4.356248590447226161e+04 2.015507580099888330e+01
4.375804576388958958e+04 2.024156673580530352e+01
4.395360562330691755e+04 2.032805767061172730e+01
4.414916548272424552e+04 2.041454860541814753e+01
4.434472534214156622e+04 2.050103954022456776e+01
4.454028520155890146e+04 2.058753047503099154e+01
4.473584506097622216e+04 2.067402140983740821e+01
4.493140492039355740e+04 2.076051234464383555e+01
4.512696477981087810e+04 2.084700327945025222e+01
4.532252463922820607e+04 2.093349421425667600e+01
4.551808449864553404e+04 2.101998514906309623e+01
4.571364435806285474e+04 2.110647608386951291e+01
4.590920421748018998e+04 2.119296701867594024e+01
4.610476407689751068e+04 2.127945795348235691e+01
4.630032393631484592e+04 2.136594888828878425e+01
4.649588379573216662e+04 2.145243982309520092e+01
4.669144365514950186e+04 2.153893075790162470e+01
4.688700351456682256e+04 2.162542169270804493e+01
4.708256337398414325e+04 2.171191262751446160e+01
4.727812323340147850e+04 2.179840356232088894e+01
4.747368309281879920e+04 2.188489449712730561e+01
4.766924295223613444e+04 2.197138543193372939e+01
4.786480281165345514e+04 2.205787636674014962e+01
4.806036267107079038e+04 2.214436730154657340e+01
4.825592253048811108e+04 2.223085823635299008e+01
4.845148238990544633e+04 2.231734917115941741e+01
4.864704224932276702e+04 2.240384010596583408e+01
4.884260210874008771e+04 2.249033104077225431e+01
4.903816196815742296e+04 2.257682197557867809e+01
4.923372182757474366e+04 2.266331291038509477e+01
4.942928168699207890e+04 2.274980384519152210e+01
4.962484154640939960e+04 2.283629477999793878e+01
4.982040140582673484e+04 2.292278571480436611e+01
5.001596126524405554e+04 2.300927664961078278e+01
5.021152112466139079e+04 2.309576758441720656e+01
5.040708098407871148e+04 2.318225851922362679e+01
5.060264084349603218e+04 2.326874945403004347e+01
5.079820070291336742e+04 2.335524038883647080e+01
5.099376056233068812e+04 2.344173132364288747e+01
5.118932042174802336e+04 2.352822225844931125e+01
5.138488028116534406e+04 2.361471319325573148e+01
5.158044014058267931e+04 2.370120412806215526e+01
5.177600000000000000e+04 2.378769506286857549e+01
