2.423050000000000182e+03 1.307911555236382917e+00
2.444134068136272617e+03 1.319954894394790301e+00
2.465218136272545053e+03 1.331965853042330394e+00
2.486302204408817488e+03 1.343944733678254400e+00
2.507386272545089923e+03 1.355891836954766783e+00
2.528470340681362359e+03 1.367807461681568970e+00
2.549554408817635249e+03 1.379691904830405713e+00
2.570638476953907684e+03 1.391545461539612560e+00
2.591722545090180574e+03 1.403368425118661555e+00
2.612806613226453010e+03 1.415161087052706490e+00
2.633890681362725445e+03 1.426923737007132154e+00
2.654974749498997880e+03 1.438656662832094257e+00
2.676058817635270316e+03 1.450360150567074236e+00
2.697142885771542751e+03 1.462034484445416060e+00
2.718226953907815641e+03 1.473679946898881488e+00
2.739311022044088077e+03 1.485296818562188648e+00
2.760395090180360512e+03 1.496885378277564183e+00
2.781479158316633402e+03 1.508445903099285612e+00
2.802563226452905838e+03 1.519978668298227698e+00
2.823647294589178273e+03 1.531483947366411247e+00
2.844731362725450708e+03 1.542962012021547702e+00
2.865815430861723144e+03 1.554413132211583060e+00
2.886899498997996034e+03 1.565837576119250008e+00
2.907983567134268469e+03 1.577235610166607405e+00
2.929067635270540904e+03 1.588607499019590641e+00
2.950151703406813795e+03 1.599953505592556890e+00
2.971235771543086230e+03 1.611273891052831031e+00
2.992319839679358665e+03 1.622568914825251341e+00
3.013403907815631101e+03 1.633838834596716527e+00
3.034487975951903536e+03 1.645083906320732980e+00
3.055572044088175971e+03 1.656304384221957360e+00
3.076656112224448862e+03 1.667500520800747399e+00
3.097740180360721752e+03 1.678672566837702496e+00
3.118824248496994187e+03 1.689820771398218291e+00
3.139908316633266622e+03 1.700945381837021930e+00
3.160992384769539058e+03 1.712046643802728418e+00
3.182076452905811493e+03 1.723124801242381876e+00
3.203160521042083928e+03 1.734180096405999016e+00
3.224244589178356364e+03 1.745212769851122836e+00
3.245328657314629254e+03 1.756223060447361650e+00
3.266412725450902144e+03 1.767211205380941674e+00
3.287496793587174579e+03 1.778177440159244060e+00
3.308580861723447015e+03 1.789121998615363474e+00
3.329664929859719450e+03 1.800045112912643130e+00
3.350748997995991886e+03 1.810947013549225826e+00
3.371833066132264321e+03 1.821827929362603404e+00
3.392917134268536756e+03 1.832688087534153798e+00
3.414001202404809192e+03 1.843527713593697825e+00
3.435085270541082082e+03 1.854347031424037340e+00
3.456169338677354517e+03 1.865146263265506477e+00
3.477253406813627407e+03 1.875925629720512244e+00
3.498337474949899843e+03 1.886685349758087771e+00
3.519421543086172278e+03 1.897425640718434892e+00
3.540505611222444713e+03 1.908146718317467183e+00
3.561589679358717149e+03 1.918848796651361877e+00
3.582673747494990039e+03 1.929532088201104445e+00
3.603757815631262474e+03 1.940196803837031414e+00
3.624841883767534910e+03 1.950843152823380944e+00
3.645925951903807345e+03 1.961471342822835862e+00
3.667010020040080235e+03 1.972081579901072024e+00
3.688094088176352670e+03 1.982674068531302014e+00
3.709178156312625106e+03 1.993249011598827281e+00
3.730262224448897996e+03 2.003806610405574506e+00
3.751346292585169977e+03 2.014347064674647747e+00
3.772430360721442867e+03 2.024870572554880788e+00
3.793514428857715302e+03 2.035377330625367964e+00
3.814598496993987737e+03 2.045867533900025848e+00
3.835682565130260173e+03 2.056341375832127394e+00
3.856766633266533063e+03 2.066799048318856524e+00
3.877850701402805498e+03 2.077240741705851157e+00
3.898934769539077934e+03 2.087666644791748460e+00
3.920018837675350824e+03 2.098076944832731883e+00
3.941102905811623259e+03 2.108471827547079513e+00
3.962186973947895694e+03 2.118851477119707116e+00
3.983271042084168130e+03 2.129216076206711605e+00
4.004355110220440565e+03 2.139565805939927401e+00
4.025439178356713001e+03 2.149900845931461912e+00
4.046523246492985891e+03 2.160221374278248785e+00
4.067607314629258326e+03 2.170527567566591376e+00
4.088691382765531216e+03 2.180819600876705788e+00
4.109775450901803197e+03 2.191097647787273672e+00
4.130859519038076542e+03 2.201361880379982594e+00
4.151943587174348067e+03 2.211612469244077950e+00
4.173027655310621412e+03 2.221849583480899781e+00
4.194111723446892938e+03 2.232073390708444460e+00
4.215195791583166283e+03 2.242284057065891734e+00
4.236279859719438718e+03 2.252481747218167296e+00
4.257363927855711154e+03 2.262666624360479606e+00
4.278447995991983589e+03 2.272838850222867357e+00
4.299532064128256025e+03 2.282998585074751396e+00
4.320616132264529369e+03 2.293145987729472424e+00
4.341700200400800895e+03 2.303281215548844241e+00
4.362784268537074240e+03 2.313404424447696783e+00
4.383868336673345766e+03 2.323515768898420042e+00
4.404952404809619111e+03 2.333615401935516420e+00
4.426036472945891546e+03 2.343703475160139327e+00
4.447120541082163982e+03 2.353780138744647754e+00
4.468204609218436417e+03 2.363845541437145759e+00
4.489288677354708852e+03 2.373899830566031266e+00
4.510372745490982197e+03 2.383943152044540437e+00
4.531456813627253723e+03 2.393975650375300024e+00
4.552540881763527068e+03 2.403997468654862857e+00
4.573624949899799503e+03 2.414008748578265084e+00
4.594709018036071939e+03 2.424009630443565211e+00
4.615793086172344374e+03 2.434000253156392901e+00
4.636877154308616809e+03 2.443980754234494235e+00
4.657961222444889245e+03 2.453951269812279179e+00
4.679045290581161680e+03 2.463911934645366841e+00
4.700129358717435025e+03 2.473862882115133388e+00
4.721213426853706551e+03 2.483804244233250635e+00
4.742297494989979896e+03 2.493736151646246846e+00
4.763381563126252331e+03 2.503658733640039546e+00
4.784465631262524766e+03 2.513572118144486112e+00
4.805549699398797202e+03 2.523476431737933012e+00
4.826633767535069637e+03 2.533371799651757073e+00
4.847717835671342982e+03 2.543258345774915163e+00
4.868801903807614508e+03 2.553136192658488568e+00
4.889885971943887853e+03 2.563005461520230455e+00
4.910970040080159379e+03 2.572866272249110686e+00
4.932054108216432724e+03 2.582718743409865070e+00
4.953138176352705159e+03 2.592562992247534837e+00
4.974222244488977594e+03 2.602399134692021221e+00
4.995306312625250939e+03 2.612227285362627605e+00
5.016390380761522465e+03 2.622047557572600773e+00
5.037474448897795810e+03 2.631860063333689936e+00
5.058558517034067336e+03 2.641664913360677325e+00
5.079642585170340681e+03 2.651462217075938099e+00
5.100726653306613116e+03 2.661252082613975833e+00
5.121810721442885551e+03 2.671034616825980201e+00
5.142894789579157987e+03 2.680809925284357131e+00
5.163978857715430422e+03 2.690578112287292711e+00
5.185062925851703767e+03 2.700339280863284674e+00
5.206146993987975293e+03 2.710093532775699643e+00
5.227231062124248638e+03 2.719840968527313052e+00
5.248315130260520164e+03 2.729581687364855291e+00
5.269399198396793508e+03 2.739315787283559622e+00
5.290483266533065944e+03 2.749043365031710984e+00
5.311567334669338379e+03 2.758764516115186360e+00
5.332651402805611724e+03 2.768479334802008029e+00
5.353735470941883250e+03 2.778187914126878155e+00
5.374819539078156595e+03 2.787890345895742694e+00
5.395903607214428121e+03 2.797586720690315332e+00
5.416987675350701466e+03 2.807277127872648936e+00
5.438071743486972991e+03 2.816961655589659497e+00
5.459155811623246336e+03 2.826640390777686029e+00
5.480239879759518772e+03 2.836313419167026506e+00
5.501323947895791207e+03 2.845980825286496874e+00
5.522408016032064552e+03 2.855642692467966981e+00
5.543492084168336078e+03 2.865299102850905832e+00
5.564576152304609423e+03 2.874950137386940163e+00
5.585660220440880948e+03 2.884595875844384594e+00
5.606744288577154293e+03 2.894236396812801537e+00
5.627828356713425819e+03 2.903871777707535351e+00
5.648912424849699164e+03 2.913502094774269136e+00
5.669996492985972509e+03 2.923127423093567323e+00
5.691080561122244035e+03 2.932747836585414269e+00
5.712164629258517380e+03 2.942363408013773274e+00
5.733248697394788906e+03 2.951974208991124726e+00
5.754332765531062250e+03 2.961580309983014025e+00
5.775416833667333776e+03 2.971181780312597720e+00
5.796500901803607121e+03 2.980778688165187873e+00
5.817584969939879556e+03 2.990371100592807529e+00
5.838669038076151992e+03 2.999959083518720426e+00
5.859753106212425337e+03 3.009542701741988679e+00
5.880837174348696863e+03 3.019122018942021590e+00
5.901921242484970207e+03 3.028697097683112460e+00
5.923005310621241733e+03 3.038267999418991394e+00
5.944089378757515078e+03 3.047834784497368332e+00
5.965173446893786604e+03 3.057397512164478748e+00
5.986257515030059949e+03 3.066956240569634673e+00
6.007341583166332384e+03 3.076511026769765067e+00
6.028425651302604820e+03 3.086061926733965066e+00
6.049509719438878165e+03 3.095608995348042125e+00
6.070593787575149690e+03 3.105152286419060825e+00
6.091677855711423035e+03 3.114691852679891682e+00
6.112761923847694561e+03 3.124227745793753286e+00
6.133845991983967906e+03 3.133760016358761558e+00
6.154930060120240341e+03 3.143288713912476773e+00
6.176014128256512777e+03 3.152813886936445709e+00
6.197098196392786122e+03 3.162335582860751337e+00
6.218182264529057647e+03 3.171853848068559856e+00
6.239266332665330992e+03 3.181368727900660609e+00
6.260350400801602518e+03 3.190880266660021114e+00
6.281434468937875863e+03 3.200388507616326983e+00
6.302518537074147389e+03 3.209893493010528509e+00
6.323602605210420734e+03 3.219395264059390804e+00
6.344686673346693169e+03 3.228893860960038165e+00
6.365770741482965605e+03 3.238389322894492217e+00
6.386854809619238949e+03 3.247881688034237158e+00
6.407938877755510475e+03 3.257370993544743243e+00
6.429022945891783820e+03 3.266857275590032916e+00
6.450107014028055346e+03 3.276340569337209629e+00
6.471191082164328691e+03 3.285820908961020859e+00
6.492275150300601126e+03 3.295298327648388703e+00
6.513359218436873562e+03 3.304772857602970682e+00
6.534443286573145997e+03 3.314244530049689885e+00
6.555527354709418432e+03 3.323713375239295331e+00
6.576611422845691777e+03 3.333179422452901886e+00
6.597695490981963303e+03 3.342642700006538625e+00
6.618779559118236648e+03 3.352103235255690095e+00
6.639863627254509083e+03 3.361561054599844223e+00
6.660947695390781519e+03 3.371016183487051343e+00
6.682031763527053954e+03 3.380468646418447243e+00
6.703115831663326389e+03 3.389918466952815734e+00
6.724199899799598825e+03 3.399365667711132133e+00
6.745283967935871260e+03 3.408810270381106733e+00
6.766368036072144605e+03 3.418252295721730061e+00
6.787452104208416131e+03 3.427691763567825234e+00
6.808536172344689476e+03 3.437128692834588772e+00
6.829620240480961911e+03 3.446563101522134964e+00
6.850704308617234346e+03 3.455995006720047336e+00
6.871788376753506782e+03 3.465424424611925236e+00
6.892872444889779217e+03 3.474851370479926427e+00
6.913956513026051653e+03 3.484275858709305673e+00
6.935040581162324088e+03 3.493697902792986199e+00
6.956124649298597433e+03 3.503117515336075183e+00
6.977208717434869868e+03 3.512534708060427224e+00
6.998292785571142304e+03 3.521949491809190924e+00
7.019376853707414739e+03 3.531361876551353696e+00
7.040460921843687174e+03 3.540771871386275471e+00
7.061544989979959610e+03 3.550179484548255715e+00
7.082629058116232045e+03 3.559584723411063134e+00
7.103713126252504480e+03 3.568987594492488036e+00
7.124797194388776916e+03 3.578388103458893355e+00
7.145881262525049351e+03 3.587786255129749691e+00
7.166965330661322696e+03 3.597182053482189890e+00
7.188049398797595131e+03 3.606575501655552962e+00
7.209133466933867567e+03 3.615966601955934223e+00
7.230217535070140002e+03 3.625355355860720330e+00
7.251301603206412437e+03 3.634741764023146082e+00
7.272385671342684873e+03 3.644125826276840563e+00
7.293469739478957308e+03 3.653507541640362177e+00
7.314553807615229744e+03 3.662886908321762114e+00
7.335637875751502179e+03 3.672263923723110945e+00
7.356721943887775524e+03 3.681638584445065199e+00
7.377806012024047959e+03 3.691010886291395288e+00
7.398890080160320394e+03 3.700380824273543645e+00
7.419974148296592830e+03 3.709748392615165535e+00
7.441058216432865265e+03 3.719113584756674307e+00
7.462142284569137701e+03 3.728476393359799523e+00
7.483226352705410136e+03 3.737836810312108682e+00
7.504310420841682571e+03 3.747194826731584438e+00
7.525394488977955007e+03 3.756550432971143216e+00
7.546478557114228352e+03 3.765903618623195559e+00
7.567562625250500787e+03 3.775254372524191382e+00
7.588646693386773222e+03 3.784602682759164338e+00
7.609730761523045658e+03 3.793948536666273519e+00
7.630814829659318093e+03 3.803291920841364249e+00
7.651898897795590528e+03 3.812632821142492023e+00
7.672982965931862964e+03 3.821971222694489079e+00
7.694067034068135399e+03 3.831307109893500318e+00
7.715151102204407835e+03 3.840640466411531229e+00
7.736235170340681179e+03 3.849971275200995358e+00
7.757319238476953615e+03 3.859299518499256898e+00
7.778403306613226050e+03 3.868625177833183493e+00
7.799487374749498485e+03 3.877948234023684826e+00
7.820571442885770921e+03 3.887268667190264093e+00
7.841655511022043356e+03 3.896586456755567696e+00
7.862739579158315792e+03 3.905901581449914950e+00
7.883823647294588227e+03 3.915214019315865102e+00
7.904907715430861572e+03 3.924523747712749699e+00
7.925991783567134007e+03 3.933830743321225398e+00
7.947075851703406443e+03 3.943134982147817880e+00
7.968159919839678878e+03 3.952436439529464884e+00
7.989243987975951313e+03 3.961735090138072124e+00
8.010328056112223749e+03 3.971030907985046543e+00
8.031412124248496184e+03 3.980323866425848234e+00
8.052496192384768619e+03 3.989613938164544571e+00
8.073580260521041055e+03 3.998901095258339922e+00
8.094664328657314400e+03 4.008185309122143991e+00
8.115748396793586835e+03 4.017466550533089986e+00
8.136832464929859270e+03 4.026744789635104738e+00
8.157916533066131706e+03 4.036019995943446403e+00
8.179000601202404141e+03 4.045292138349244837e+00
8.200084669338677486e+03 4.054561185124060607e+00
8.221168737474949012e+03 4.063827103924417372e+00
8.242252805611222357e+03 4.073089861796356459e+00
8.263336873747493883e+03 4.082349425179981672e+00
8.284420941883767227e+03 4.091605759914010321e+00
8.305505010020038753e+03 4.100858831240302038e+00
8.326589078156312098e+03 4.110108603808429351e+00
8.347673146292585443e+03 4.119355041680199392e+00
8.368757214428856969e+03 4.128598108334222694e+00
8.389841282565128495e+03 4.137837766670443784e+00
8.410925350701401840e+03 4.147073979014696654e+00
8.432009418837675184e+03 4.156306707123236244e+00
8.453093486973946710e+03 4.165535912187312562e+00
8.474177555110220055e+03 4.174761554837683519e+00
8.495261623246493400e+03 4.183983595149182833e+00
8.516345691382764926e+03 4.193201992645260390e+00
8.537429759519036452e+03 4.202416706302530613e+00
8.558513827655309797e+03 4.211627694555319934e+00
8.579597895791583142e+03 4.220834915300191170e+00
8.600681963927854667e+03 4.230038325900533636e+00
8.621766032064128012e+03 4.239237883191064427e+00
8.642850100200399538e+03 4.248433543482404318e+00
8.663934168336672883e+03 4.257625262565612800e+00
8.685018236472944409e+03 4.266812995716728452e+00
8.706102304609219573e+03 4.275996697701330618e+00
8.727186372745491099e+03 4.285176322779069125e+00
8.748270440881762624e+03 4.294351824708218857e+00
8.769354509018035969e+03 4.303523156750235223e+00
8.790438577154309314e+03 4.312690271674280318e+00
8.811522645290580840e+03 4.321853121761781935e+00
8.832606713426852366e+03 4.331011658810970388e+00
8.853690781563125711e+03 4.340165834141447299e+00
8.874774849699399056e+03 4.349315598598701982e+00
8.895858917835670582e+03 4.358460902558682015e+00
8.916942985971943926e+03 4.367601695932311401e+00
8.938027054108215452e+03 4.376737928170075342e+00
8.959111122244488797e+03 4.385869548266530416e+00
8.980195190380760323e+03 4.394996504764870693e+00
9.001279258517033668e+03 4.404118745761476106e+00
9.022363326653305194e+03 4.413236218910435049e+00
9.043447394789578539e+03 4.422348871428120276e+00
9.064531462925851883e+03 4.431456650097715055e+00
9.085615531062125228e+03 4.440559501273774856e+00
9.106699599198396754e+03 4.449657370886754393e+00
9.127783667334668280e+03 4.458750204447568422e+00
9.148867735470941625e+03 4.467837947052135661e+00
9.169951803607214970e+03 4.476920543385919160e+00
9.191035871743486496e+03 4.485997937728479990e+00
9.212119939879758022e+03 4.495070073958018497e+00
9.233204008016031366e+03 4.504136895555918230e+00
9.254288076152304711e+03 4.513198345611304063e+00
9.275372144288576237e+03 4.522254366825567473e+00
9.296456212424849582e+03 4.531304901516943318e+00
9.317540280561121108e+03 4.540349891625012901e+00
9.338624348697394453e+03 4.549389278715302076e+00
9.359708416833665979e+03 4.558423003983785193e+00
9.380792484969939323e+03 4.567451008261446788e+00
9.401876553106212668e+03 4.576473232018834381e+00
9.422960621242484194e+03 4.585489615370587302e+00
9.444044689378757539e+03 4.594500098080011696e+00
9.465128757515030884e+03 4.603504619563590694e+00
9.486212825651302410e+03 4.612503118895554977e+00
9.507296893787573936e+03 4.621495534812423145e+00
9.528380961923847281e+03 4.630481805717547417e+00
9.549465030060120625e+03 4.639461869685660211e+00
9.570549098196392151e+03 4.648435664467415407e+00
9.591633166332663677e+03 4.657403127493948247e+00
9.612717234468937022e+03 4.666364195881400612e+00
9.633801302605210367e+03 4.675318806435484476e+00
9.654885370741481893e+03 4.684266895656027607e+00
9.675969438877755238e+03 4.693208399741504167e+00
9.697053507014026763e+03 4.702143254593597277e+00
9.718137575150300108e+03 4.711071395821742058e+00
9.739221643286573453e+03 4.719992758747653561e+00
9.760305711422844979e+03 4.728907278409918646e+00
9.781389779559118324e+03 4.737814889568477739e+00
9.802473847695389850e+03 4.746715526709226474e+00
9.823557915831663195e+03 4.755609124048538305e+00
9.844641983967934721e+03 4.764495615537807538e+00
9.865726052104208065e+03 4.773374934867998576e+00
9.886810120240479591e+03 4.782247015474203167e+00
9.907894188376752936e+03 4.791111790540179882e+00
9.928978256513026281e+03 4.799969193002883827e+00
9.950062324649297807e+03 4.808819155557035430e+00
9.971146392785571152e+03 4.817661610659664362e+00
9.992230460921842678e+03 4.826496490534641914e+00
1.001331452905811602e+04 4.835323727177240016e+00
1.003439859719438755e+04 4.844143252358673379e+00
1.005548266533066089e+04 4.852954997630635425e+00
1.007656673346693424e+04 4.861758894329870628e+00
1.009765080160320576e+04 4.870554873582687350e+00
1.011873486973947729e+04 4.879342866309524851e+00
1.013981893787575063e+04 4.888122803229501656e+00
1.016090300601202398e+04 4.896894614864963913e+00
1.018198707414829551e+04 4.905658231545989345e+00
1.020307114228456885e+04 4.914413583415011999e+00
1.022415521042084220e+04 4.923160600431282674e+00
1.024523927855711372e+04 4.931899212375485675e+00
1.026632334669338525e+04 4.940629348854244540e+00
1.028740741482965859e+04 4.949350939304673069e+00
1.030849148296593194e+04 4.958063912998938783e+00
1.032957555110220346e+04 4.966768199048789967e+00
1.035065961923847681e+04 4.975463726410115584e+00
1.037174368737475015e+04 4.984150423887477643e+00
1.039282775551102168e+04 4.992828220138678219e+00
1.041391182364729320e+04 5.001497043679276722e+00
1.043499589178356655e+04 5.010156822887166683e+00
1.045607995991983989e+04 5.018807486007101915e+00
1.047716402805611142e+04 5.027448961155245755e+00
1.049824809619238295e+04 5.036081176323721209e+00
1.051933216432865811e+04 5.044704059385169082e+00
1.054041623246492964e+04 5.053317538097244821e+00
1.056150030060120116e+04 5.061921540107242379e+00
1.058258436873747451e+04 5.070515992956580398e+00
1.060366843687374785e+04 5.079100824085357679e+00
1.062475250501001938e+04 5.087675960836923750e+00
1.064583657314629090e+04 5.096241330462407682e+00
1.066692064128256425e+04 5.104796860125256686e+00
1.068800470941883759e+04 5.113342476905801348e+00
1.070908877755510912e+04 5.121878107805787117e+00
1.073017284569138246e+04 5.130403679752927992e+00
1.075125691382765581e+04 5.138919119605448671e+00
1.077234098196392733e+04 5.147424354156640902e+00
1.079342505010019886e+04 5.155919310139386980e+00
1.081450911823647220e+04 5.164403914230732973e+00
1.083559318637274555e+04 5.172878093056414883e+00
1.085667725450901708e+04 5.181341773195414113e+00
1.087776132264528860e+04 5.189794881184510267e+00
1.089884539078156376e+04 5.198237343522798426e+00
1.091992945891783529e+04 5.206669086676281921e+00
1.094101352705410682e+04 5.215090037082370067e+00
1.096209759519038016e+04 5.223500121154453169e+00
1.098318166332665351e+04 5.231899265286453549e+00
1.100426573146292503e+04 5.240287395857347263e+00
1.102534979959919656e+04 5.248664439235728452e+00
1.104643386773547172e+04 5.257030321784352367e+00
1.106751793587174325e+04 5.265384969864664200e+00
1.108860200400801477e+04 5.273728309841387407e+00
1.110968607214428812e+04 5.282060268087033883e+00
1.113077014028056146e+04 5.290380770986442549e+00
1.115185420841683299e+04 5.298689744941356139e+00
1.117293827655310452e+04 5.306987116374960678e+00
1.119402234468937968e+04 5.315272811736416081e+00
1.121510641282565120e+04 5.323546757505404514e+00
1.123619048096192273e+04 5.331808880196698297e+00
1.125727454909819426e+04 5.340059106364680730e+00
1.127835861723446942e+04 5.348297362607901562e+00
1.129944268537074095e+04 5.356523575573636897e+00
1.132052675350701247e+04 5.364737671962403809e+00
1.134161082164328764e+04 5.372939578532537119e+00
1.136269488977955916e+04 5.381129222104723553e+00
1.138377895791583069e+04 5.389306529566550097e+00
1.140486302605210221e+04 5.397471427877032824e+00
1.142594709418837738e+04 5.405623844071197226e+00
1.144703116232464890e+04 5.413763705264600823e+00
1.146811523046092043e+04 5.421890938657882408e+00
1.148919929859719377e+04 5.430005471541300643e+00
1.151028336673346712e+04 5.438107231299309063e+00
1.153136743486973864e+04 5.446196145415073353e+00
1.155245150300601017e+04 5.454272141475007274e+00
1.157353557114228533e+04 5.462335147173381422e+00
1.159461963927855686e+04 5.470385090316790766e+00
1.161570370741482839e+04 5.478421898828752745e+00
1.163678777555110173e+04 5.486445500754228988e+00
1.165787184368737508e+04 5.494455824264185217e+00
1.167895591182364660e+04 5.502452797660136952e+00
1.170003997995991813e+04 5.510436349378675658e+00
1.172112404809619329e+04 5.518406407996051755e+00
1.174220811623246482e+04 5.526362902232681229e+00
1.176329218436873634e+04 5.534305760957714426e+00
1.178437625250500969e+04 5.542234913193574641e+00
1.180546032064128303e+04 5.550150288120526909e+00
1.182654438877755456e+04 5.558051815081176628e+00
1.184762845691382608e+04 5.565939423585053447e+00
1.186871252505009943e+04 5.573813043313174731e+00
1.188979659318637277e+04 5.581672604122518422e+00
1.191088066132264430e+04 5.589518036050640681e+00
1.193196472945891765e+04 5.597349269320204712e+00
1.195304879759519099e+04 5.605166234343505138e+00
1.197413286573146252e+04 5.612968861727031467e+00
1.199521693386773404e+04 5.620757082276009342e+00
1.201630100200400739e+04 5.628530826998947134e+00
1.203738507014028073e+04 5.636290027112202949e+00
1.205846913827655226e+04 5.644034614044486808e+00
1.207955320641282560e+04 5.651764519441439205e+00
1.210063727454909895e+04 5.659479675170171475e+00
1.212172134268537047e+04 5.667180013323815047e+00
1.214280541082164200e+04 5.674865466226046706e+00
1.216388947895791534e+04 5.682535966435667163e+00
1.218497354709418869e+04 5.690191446751130755e+00
1.220605761523046021e+04 5.697831840215071608e+00
1.222714168336673174e+04 5.705457080118891966e+00
1.224822575150300509e+04 5.713067100007279464e+00
1.226930981963927843e+04 5.720661833682749275e+00
1.229039388777554996e+04 5.728241215210225334e+00
1.231147795591182330e+04 5.735805178921529190e+00
1.233256202404809665e+04 5.743353659419985213e+00
1.235364609218436817e+04 5.750886591584945862e+00
1.237473016032063970e+04 5.758403910576309848e+00
1.239581422845691304e+04 5.765905551839097143e+00
1.241689829659318639e+04 5.773391451108003558e+00
1.243798236472945791e+04 5.780861544411914466e+00
1.245906643286573126e+04 5.788315768078490464e+00
1.248015050100200460e+04 5.795754058738672221e+00
1.250123456913827613e+04 5.803176353331254589e+00
1.252231863727454765e+04 5.810582589107431417e+00
1.254340270541082100e+04 5.817972703635319931e+00
1.256448677354709434e+04 5.825346634804549950e+00
1.258557084168336587e+04 5.832704320830752742e+00
1.260665490981963922e+04 5.840045700260141359e+00
1.262773897795591074e+04 5.847370711974079427e+00
1.264882304609218409e+04 5.854679295193566446e+00
1.266990711422845561e+04 5.861971389483838557e+00
1.269099118236472896e+04 5.869246934758891143e+00
1.271207525050100230e+04 5.876505871286019200e+00
1.273315931863727383e+04 5.883748139690383461e+00
1.275424338677354717e+04 5.890973680959534775e+00
1.277532745490981870e+04 5.898182436447974908e+00
1.279641152304609204e+04 5.905374347881722663e+00
1.281749559118236357e+04 5.912549357362783198e+00
1.283857965931863691e+04 5.919707407373793195e+00
1.285966372745491026e+04 5.975357102292676359e+00
1.305522320621141807e+04 6.055098526241661006e+00
1.325078268496792589e+04 6.134839950190645652e+00
1.344634216372443370e+04 6.214581374139632075e+00
1.364190164248094152e+04 6.294322798088616722e+00
1.383746112123744933e+04 6.374064222037601368e+00
1.403302059999395715e+04 6.453805645986586015e+00
1.422858007875046678e+04 6.533547069935572438e+00
1.442413955750697460e+04 6.613288493884557084e+00
1.461969903626348241e+04 6.693029917833541731e+00
1.481525851501999023e+04 6.772771341782528154e+00
1.501081799377649804e+04 6.852512765731512800e+00
1.520637747253300586e+04 6.932254189680497447e+00
1.540193695128951367e+04 7.011995613629482094e+00
1.559749643004602149e+04 7.091737037578466740e+00
1.579305590880252930e+04 7.171478461527453163e+00
1.598861538755903712e+04 7.251219885476437810e+00
1.618417486631554493e+04 7.330961309425422456e+00
1.637973434507205457e+04 7.410702733374408879e+00
1.657529382382856056e+04 7.490444157323393526e+00
1.677085330258507020e+04 7.570185581272378172e+00
1.696641278134157619e+04 7.649927005221362819e+00
1.716197226009808583e+04 7.729668429170349242e+00
1.735753173885459546e+04 7.809409853119333889e+00
1.755309121761110146e+04 7.889151277068318535e+00
1.774865069636760745e+04 7.968892701017303182e+00
1.794421017512411709e+04 8.048634124966289605e+00
1.813976965388062672e+04 8.128375548915274251e+00
1.833532913263713272e+04 8.208116972864258898e+00
1.853088861139364235e+04 8.287858396813245321e+00
1.872644809015014835e+04 8.367599820762229967e+00
1.892200756890665798e+04 8.447341244711214614e+00
1.911756704766316398e+04 8.527082668660199261e+00
1.931312652641967361e+04 8.606824092609185684e+00
1.950868600517617961e+04 8.686565516558168554e+00
1.970424548393268924e+04 8.766306940507154977e+00
1.989980496268919524e+04 8.846048364456139623e+00
2.009536444144570487e+04 8.925789788405126046e+00
2.029092392020221450e+04 9.005531212354110693e+00
2.048648339895872050e+04 9.085272636303095339e+00
2.068204287771522650e+04 9.165014060252079986e+00
2.087760235647173613e+04 9.244755484201066409e+00
2.107316183522824576e+04 9.324496908150051055e+00
2.126872131398475176e+04 9.404238332099035702e+00
2.146428079274125776e+04 9.483979756048020349e+00
2.165984027149777103e+04 9.563721179997008548e+00
2.185539975025427702e+04 9.643462603945991418e+00
2.205095922901078302e+04 9.723204027894976065e+00
2.224651870776729265e+04 9.802945451843962488e+00
2.244207818652380229e+04 9.882686875792947134e+00
2.263763766528030828e+04 9.962428299741931781e+00
2.283319714403681428e+04 1.004216972369091643e+01
2.302875662279332391e+04 1.012191114763990285e+01
2.322431610154983355e+04 1.020165257158888750e+01
2.341987558030633954e+04 1.028139399553787214e+01
2.361543505906284554e+04 1.036113541948685679e+01
2.381099453781935517e+04 1.044087684343584321e+01
2.400655401657586481e+04 1.052061826738482786e+01
2.420211349533237080e+04 1.060035969133381251e+01
2.439767297408888044e+04 1.068010111528279893e+01
2.459323245284539007e+04 1.075984253923178358e+01
2.478879193160189607e+04 1.083958396318076822e+01
2.498435141035840206e+04 1.091932538712975287e+01
2.517991088911491170e+04 1.099906681107873929e+01
2.537547036787142133e+04 1.107880823502772394e+01
2.557102984662792733e+04 1.115854965897670859e+01
2.576658932538443332e+04 1.123829108292569323e+01
2.596214880414094296e+04 1.131803250687467965e+01
2.615770828289745259e+04 1.139777393082366430e+01
2.635326776165395859e+04 1.147751535477264895e+01
2.654882724041046458e+04 1.155725677872163359e+01
2.674438671916697785e+04 1.163699820267062002e+01
2.693994619792348385e+04 1.171673962661960466e+01
2.713550567667998985e+04 1.179648105056858931e+01
2.733106515543649948e+04 1.187622247451757573e+01
2.752662463419300911e+04 1.195596389846656038e+01
2.772218411294951511e+04 1.203570532241554503e+01
2.791774359170602111e+04 1.211544674636452967e+01
2.811330307046253074e+04 1.219518817031351610e+01
2.830886254921904037e+04 1.227492959426250074e+01
2.850442202797554637e+04 1.235467101821148539e+01
2.869998150673205237e+04 1.243441244216047004e+01
2.889554098548856200e+04 1.251415386610945468e+01
2.909110046424507163e+04 1.259389529005844111e+01
2.928665994300157763e+04 1.267363671400742575e+01
2.948221942175808726e+04 1.275337813795641217e+01
2.967777890051459326e+04 1.283311956190539505e+01
2.987333837927110289e+04 1.291286098585438147e+01
3.006889785802760889e+04 1.299260240980336611e+01
3.026445733678411852e+04 1.307234383375235076e+01
3.046001681554062816e+04 1.315208525770133718e+01
3.065557629429713415e+04 1.323182668165032183e+01
3.085113577305364379e+04 1.331156810559930825e+01
3.104669525181014978e+04 1.339130952954829112e+01
3.124225473056665942e+04 1.347105095349727755e+01
3.143781420932316541e+04 1.355079237744626219e+01
3.163337368807967505e+04 1.363053380139524862e+01
3.182893316683618104e+04 1.371027522534423149e+01
3.202449264559269068e+04 1.379001664929321791e+01
3.222005212434919667e+04 1.386975807324220256e+01
3.241561160310570631e+04 1.394949949719118720e+01
3.261117108186221230e+04 1.402924092114017185e+01
3.280673056061872194e+04 1.410898234508915827e+01
3.300229003937523521e+04 1.418872376903814470e+01
3.319784951813174121e+04 1.426846519298712934e+01
3.339340899688824720e+04 1.434820661693611399e+01
3.358896847564475320e+04 1.442794804088509864e+01
3.378452795440125919e+04 1.450768946483408328e+01
3.398008743315776519e+04 1.458743088878306615e+01
3.417564691191427846e+04 1.466717231273205435e+01
3.437120639067078446e+04 1.474691373668103900e+01
3.456676586942729773e+04 1.482665516063002542e+01
3.476232534818380373e+04 1.490639658457901007e+01
3.495788482694030972e+04 1.498613800852799471e+01
3.515344430569681572e+04 1.506587943247697936e+01
3.534900378445332171e+04 1.514562085642596223e+01
3.554456326320983499e+04 1.522536228037495043e+01
3.574012274196634098e+04 1.530510370432393508e+01
3.593568222072285425e+04 1.538484512827292150e+01
3.613124169947936025e+04 1.546458655222190615e+01
3.632680117823586625e+04 1.554432797617089079e+01
3.652236065699237224e+04 1.562406940011987544e+01
3.671792013574887824e+04 1.570381082406886009e+01
3.691347961450538423e+04 1.578355224801784296e+01
3.710903909326189751e+04 1.586329367196683116e+01
3.730459857201840350e+04 1.594303509591581580e+01
3.750015805077491677e+04 1.602277651986480222e+01
3.769571752953142277e+04 1.610251794381378687e+01
3.789127700828792877e+04 1.618225936776277152e+01
3.808683648704443476e+04 1.626200079171175616e+01
3.828239596580094076e+04 1.634174221566073726e+01
3.847795544455745403e+04 1.642148363960972546e+01
3.867351492331396003e+04 1.650122506355871010e+01
3.886907440207047330e+04 1.658096648750769830e+01
3.906463388082697929e+04 1.666070791145668295e+01
3.926019335958348529e+04 1.674044933540566760e+01
3.945575283833999129e+04 1.682019075935465224e+01
3.965131231709649728e+04 1.689993218330363689e+01
3.984687179585300328e+04 1.697967360725262154e+01
4.004243127460951655e+04 1.705941503120160618e+01
4.023799075336602255e+04 1.713915645515059083e+01
4.043355023212253582e+04 1.721889787909957903e+01
4.062910971087904181e+04 1.729863930304856368e+01
4.082466918963554781e+04 1.737838072699754832e+01
4.102022866839205381e+04 1.745812215094653297e+01
4.121578814714855980e+04 1.753786357489551762e+01
4.141134762590507307e+04 1.761760499884450226e+01
4.160690710466157907e+04 1.769734642279348691e+01
4.180246658341809234e+04 1.777708784674247511e+01
4.199802606217459834e+04 1.785682927069145975e+01
4.219358554093110433e+04 1.793657069464044440e+01
4.238914501968761033e+04 1.801631211858942905e+01
4.258470449844411633e+04 1.809605354253841369e+01
4.278026397720062232e+04 1.817579496648739834e+01
4.297582345595713559e+04 1.825553639043638299e+01
4.317138293471364886e+04 1.833527781438537119e+01
4.336694241347015486e+04 1.841501923833435583e+01
4.356250189222666086e+04 1.849476066228334048e+01
4.375806137098316685e+04 1.857450208623232513e+01
4.395362084973967285e+04 1.865424351018130977e+01
4.414918032849617884e+04 1.873398493413029442e+01
4.434473980725269212e+04 1.881372635807927907e+01
4.454029928600919811e+04 1.889346778202826371e+01
4.473585876476571138e+04 1.897320920597725191e+01
4.493141824352221738e+04 1.905295062992623656e+01
4.512697772227872338e+04 1.913269205387522121e+01
4.532253720103522937e+04 1.921243347782420585e+01
4.551809667979173537e+04 1.929217490177319050e+01
4.571365615854824136e+04 1.937191632572217159e+01
4.590921563730476191e+04 1.945165774967116334e+01
4.610477511606126791e+04 1.953139917362014799e+01
4.630033459481777390e+04 1.961114059756913264e+01
4.649589407357427990e+04 1.969088202151811728e+01
4.669145355233078590e+04 1.977062344546710193e+01
4.688701303108729189e+04 1.985036486941608658e+01
4.708257250984379789e+04 1.993010629336506767e+01
4.727813198860030388e+04 2.000984771731405232e+01
4.747369146735682443e+04 2.008958914126304407e+01
4.766925094611333043e+04 2.016933056521202872e+01
4.786481042486983642e+04 2.024907198916101336e+01
4.806036990362634242e+04 2.032881341310999801e+01
4.825592938238284842e+04 2.040855483705898266e+01
4.845148886113935441e+04 2.048829626100796730e+01
4.864704833989586041e+04 2.056803768495694840e+01
4.884260781865238096e+04 2.064777910890594015e+01
4.903816729740888695e+04 2.072752053285492480e+01
4.923372677616539295e+04 2.080726195680390944e+01
4.942928625492189894e+04 2.088700338075289409e+01
4.962484573367840494e+04 2.096674480470187873e+01
4.982040521243491094e+04 2.104648622865086338e+01
5.001596469119141693e+04 2.112622765259984448e+01
5.021152416994792293e+04 2.120596907654882912e+01
5.040708364870444348e+04 2.128571050049782087e+01
5.060264312746094947e+04 2.136545192444680552e+01
5.079820260621745547e+04 2.144519334839579017e+01
5.099376208497396146e+04 2.152493477234477481e+01
5.118932156373046746e+04 2.160467619629375946e+01
5.138488104248697346e+04 2.168441762024274055e+01
5.158044052124347945e+04 2.176415904419172520e+01
5.177600000000000000e+04 2.184390046814071695e+01
