2.319425000000000182e+03 7.329155923269789596e+00
2.340753807615230471e+03 7.358027670452072400e+00
2.362082615230460760e+03 7.386720150278008212e+00
2.383411422845691504e+03 7.415234063384739116e+00
2.404740230460921794e+03 7.443570113504250685e+00
2.426069038076152538e+03 7.471729007431031633e+00
2.447397845691382827e+03 7.499711454989759218e+00
2.468726653306613116e+03 7.527518169002930470e+00
2.490055460921843860e+03 7.555149865258549369e+00
2.511384268537074149e+03 7.582607262477777610e+00
2.532713076152304893e+03 7.609891082282594255e+00
2.554041883767535182e+03 7.637002049163474027e+00
2.575370691382765472e+03 7.663940890447034526e+00
2.596699498997995761e+03 7.690708336263699429e+00
2.618028306613226505e+03 7.717305119515383005e+00
2.639357114228456794e+03 7.743731975843113347e+00
2.660685921843687538e+03 7.769989643594733764e+00
2.682014729458917827e+03 7.796078863792534897e+00
2.703343537074148117e+03 7.822000380100950778e+00
2.724672344689378860e+03 7.847754938794182067e+00
2.746001152304609604e+03 7.873343288723887667e+00
2.767329959919839894e+03 7.898766181286839050e+00
2.788658767535070183e+03 7.924024370392576344e+00
2.809987575150300472e+03 7.949118612431084863e+00
2.831316382765530761e+03 7.974049666240444978e+00
2.852645190380761505e+03 7.998818293074492658e+00
2.873973997995992249e+03 8.023425256570495989e+00
2.895302805611222539e+03 8.047871322716815712e+00
2.916631613226452828e+03 8.072157259820549768e+00
2.937960420841683117e+03 8.096283838475214267e+00
2.959289228456913861e+03 8.120251831528404907e+00
2.980618036072144605e+03 8.144062014049445963e+00
3.001946843687374894e+03 8.167715163297067704e+00
3.023275651302605183e+03 8.191212058687064257e+00
3.044604458917835473e+03 8.214553481759960363e+00
3.065933266533066217e+03 8.237740216148640826e+00
3.087262074148296506e+03 8.260773047546081216e+00
3.108590881763527250e+03 8.283652763672947117e+00
3.129919689378757539e+03 8.306380154245282199e+00
3.151248496993987828e+03 8.328956010942167865e+00
3.172577304609218572e+03 8.351381127373393554e+00
3.193906112224449316e+03 8.373656299047105733e+00
3.215234919839679151e+03 8.395782323337478203e+00
3.236563727454909895e+03 8.417759999452384179e+00
3.257892535070140639e+03 8.439590128401020408e+00
3.279221342685370473e+03 8.461273512961639653e+00
3.300550150300601217e+03 8.482810957649125072e+00
3.321878957915831506e+03 8.504203268682740458e+00
3.343207765531062250e+03 8.525451253953727715e+00
3.364536573146292540e+03 8.546555722992994930e+00
3.385865380761522829e+03 8.567517486938786675e+00
3.407194188376753573e+03 8.588337358504322339e+00
3.428522995991983862e+03 8.609016151945493078e+00
3.449851803607214606e+03 8.629554683028487716e+00
3.471180611222444895e+03 8.649953768997484360e+00
3.492509418837675184e+03 8.670214228542295842e+00
3.513838226452905928e+03 8.690336881766032917e+00
3.535167034068136672e+03 8.710322550152785226e+00
3.556495841683366962e+03 8.730172056535261405e+00
3.577824649298597251e+03 8.749886225062450507e+00
3.599153456913827540e+03 8.769465881167320731e+00
3.620482264529058284e+03 8.788911851534429331e+00
3.641811072144288119e+03 8.808224964067630225e+00
3.663139879759518863e+03 8.827406047857710547e+00
3.684468687374749607e+03 8.846455933150057405e+00
3.705797494989979896e+03 8.865375451312326405e+00
3.727126302605210185e+03 8.884165434802113737e+00
3.748455110220440929e+03 8.902826717134590950e+00
3.769783917835671218e+03 8.921360132850189473e+00
3.791112725450901962e+03 8.939766517482258479e+00
3.812441533066132251e+03 8.958046707524722763e+00
3.833770340681362541e+03 8.976201540399756595e+00
3.855099148296593285e+03 8.994231854425425610e+00
3.876427955911823574e+03 9.012138488783381973e+00
3.897756763527054318e+03 9.029922283486481405e+00
3.919085571142284607e+03 9.047584079346492558e+00
3.940414378757514896e+03 9.065124717941730026e+00
3.961743186372745640e+03 9.082545041584729972e+00
3.983071993987975929e+03 9.099845893289913334e+00
4.004400801603206673e+03 9.117028116741220600e+00
4.025729609218436963e+03 9.134092556259819418e+00
4.047058416833667252e+03 9.151040056771746478e+00
4.068387224448897996e+03 9.167871463775547625e+00
4.089716032064128740e+03 9.184587623309994342e+00
4.111044839679358120e+03 9.201189381921679455e+00
4.132373647294589318e+03 9.217677586632735398e+00
4.153702454909819608e+03 9.234053084908460107e+00
4.175031262525049897e+03 9.250316724625015752e+00
4.196360070140280186e+03 9.266469354037054629e+00
4.217688877755510475e+03 9.282511821745396574e+00
4.239017685370741674e+03 9.298444976664704598e+00
4.260346492985971963e+03 9.314269667991132096e+00
4.281675300601202252e+03 9.329986745169964735e+00
4.303004108216433451e+03 9.345597057863354706e+00
4.324332915831662831e+03 9.361101455917886227e+00
4.345661723446894030e+03 9.376500789332325780e+00
4.366990531062124319e+03 9.391795908225216039e+00
4.388319338677354608e+03 9.406987662802599459e+00
4.409648146292584897e+03 9.422076903325622865e+00
4.430976953907815187e+03 9.437064480078245055e+00
4.452305761523046385e+03 9.451951243334875130e+00
4.473634569138275765e+03 9.466738043328042806e+00
4.494963376753506964e+03 9.481425730216070491e+00
4.516292184368738162e+03 9.496015154050708063e+00
4.537620991983967542e+03 9.510507164744808506e+00
4.558949799599198741e+03 9.524902612040021310e+00
4.580278607214429030e+03 9.539202345474414813e+00
4.601607414829659319e+03 9.553407214350153609e+00
4.622936222444889609e+03 9.567518067701151097e+00
4.644265030060119898e+03 9.581535754260752213e+00
4.665593837675351097e+03 9.595461122429394862e+00
4.686922645290580476e+03 9.609295020242225149e+00
4.708251452905811675e+03 9.623038295336847625e+00
4.729580260521041964e+03 9.636691794920896115e+00
4.750909068136272253e+03 9.650256365739762643e+00
4.772237875751503452e+03 9.663732854044223330e+00
4.793566683366733741e+03 9.677122105558119358e+00
4.814895490981964031e+03 9.690424965446009509e+00
4.836224298597194320e+03 9.703642278280842248e+00
4.857553106212424609e+03 9.716774888011606492e+00
4.878881913827655808e+03 9.729823637930998359e+00
4.900210721442885188e+03 9.742789370643102131e+00
4.921539529058116386e+03 9.755672928031003721e+00
4.942868336673346676e+03 9.768475151224524922e+00
4.964197144288576965e+03 9.781196880567817331e+00
4.985525951903807254e+03 9.793838955587080619e+00
5.006854759519037543e+03 9.806402214958168884e+00
5.028183567134268742e+03 9.818887496474305365e+00
5.049512374749499031e+03 9.831295637013717226e+00
5.070841182364729320e+03 9.843627472507304077e+00
5.092169989979959610e+03 9.855883837906311840e+00
5.113498797595189899e+03 9.868065567149955086e+00
5.134827605210421098e+03 9.880173493133140639e+00
5.156156412825651387e+03 9.892208447674086358e+00
5.177485220440881676e+03 9.904171261481973687e+00
5.198814028056112875e+03 9.916062764124681905e+00
5.220142835671342254e+03 9.927883783996346523e+00
5.241471643286573453e+03 9.939635148285123734e+00
5.262800450901802833e+03 9.951317682940771903e+00
5.284129258517034032e+03 9.962932212642357399e+00
5.305458066132264321e+03 9.974479560765917796e+00
5.326786873747494610e+03 9.985960549352107307e+00
5.348115681362725809e+03 9.997375999073863539e+00
5.369444488977955189e+03 1.000872672920408846e+01
5.390773296593186387e+03 1.002001355758325118e+01
5.412102104208417586e+03 1.003123730058717022e+01
5.433430911823646966e+03 1.004239877309452922e+01
5.454759719438877255e+03 1.005349878845464318e+01
5.476088527054108454e+03 1.006453815845509325e+01
5.497417334669338743e+03 1.007551769328937397e+01
5.518746142284569032e+03 1.008643820152456883e+01
5.540074949899799321e+03 1.009730049006902064e+01
5.561403757515030520e+03 1.010810536413996985e+01
5.582732565130259900e+03 1.011885362723125681e+01
5.604061372745491099e+03 1.012954608108091392e+01
5.625390180360721388e+03 1.014018352563893011e+01
5.646718987975951677e+03 1.015076675903479853e+01
5.668047795591182876e+03 1.016129657754530413e+01
5.689376603206413165e+03 1.017177377556204476e+01
5.710705410821643454e+03 1.018219914555924888e+01
5.732034218436872834e+03 1.019257347806128777e+01
5.753363026052104033e+03 1.020289756161046313e+01
5.774691833667335231e+03 1.021317218273456362e+01
5.796020641282564611e+03 1.022339812591462760e+01
5.817349448897795810e+03 1.023357617355252813e+01
5.838678256513026099e+03 1.024370710593866285e+01
5.860007064128256388e+03 1.025379170121963668e+01
5.881335871743486678e+03 1.026383073536591439e+01
5.902664679358716967e+03 1.027382498213940920e+01
5.923993486973948166e+03 1.028377521306130049e+01
5.945322294589178455e+03 1.029368219737954959e+01
5.966651102204408744e+03 1.030354670203663048e+01
5.987979909819639033e+03 1.031336949163721428e+01
6.009308717434869322e+03 1.032315132841573302e+01
6.030637525050100521e+03 1.033289297220417424e+01
6.051966332665329901e+03 1.034259518039963055e+01
6.073295140280561100e+03 1.035225870793203029e+01
6.094623947895791389e+03 1.036188430723181852e+01
6.115952755511021678e+03 1.037147272819748522e+01
6.137281563126251967e+03 1.038102471816339900e+01
6.158610370741482257e+03 1.039054102186739215e+01
6.179939178356713455e+03 1.040002238141836699e+01
6.201267985971943745e+03 1.040946953626408344e+01
6.222596793587174034e+03 1.041888322315872273e+01
6.243925601202405232e+03 1.042826417613056478e+01
6.265254408817634612e+03 1.043761312644970829e+01
6.286583216432865811e+03 1.044693080259566642e+01
6.307912024048095191e+03 1.045621793022507617e+01
6.329240831663326389e+03 1.046547523213929765e+01
6.350569639278556679e+03 1.047470342825215894e+01
6.371898446893786968e+03 1.048390323555758030e+01
6.393227254509018167e+03 1.049307536809720887e+01
6.414556062124247546e+03 1.050222053692813162e+01
6.435884869739478745e+03 1.051133945009050663e+01
6.457213677354709944e+03 1.052043281257522267e+01
6.478542484969939323e+03 1.052950132629160507e+01
6.499871292585169613e+03 1.053854569003501673e+01
6.521200100200400811e+03 1.054756659945454444e+01
6.542528907815631101e+03 1.055656474702069758e+01
6.563857715430861390e+03 1.056554082199301625e+01
6.585186523046091679e+03 1.057449551038777358e+01
6.606515330661322878e+03 1.058342949494559804e+01
6.627844138276552258e+03 1.059234345509918285e+01
6.649172945891783456e+03 1.060123806694093673e+01
6.670501753507013746e+03 1.061011400319059561e+01
6.691830561122244035e+03 1.061897193316296395e+01
6.713159368737475234e+03 1.062781252273551402e+01
6.734488176352705523e+03 1.063663643431609174e+01
6.755816983967935812e+03 1.064544432681055497e+01
6.777145791583165192e+03 1.065423685559044031e+01
6.798474599198396390e+03 1.066301467246063162e+01
6.819803406813627589e+03 1.067177842562703560e+01
6.841132214428856969e+03 1.068052875966415272e+01
6.862461022044088168e+03 1.068926631548291795e+01
6.883789829659318457e+03 1.069799173029818107e+01
6.905118637274548746e+03 1.070670563759649596e+01
6.926447444889779035e+03 1.071540866710371276e+01
6.947776252505009325e+03 1.072410144475268723e+01
6.969105060120240523e+03 1.073278459265088003e+01
6.990433867735469903e+03 1.074145872904806609e+01
7.011762675350701102e+03 1.075012446830402979e+01
7.033091482965931391e+03 1.075878242085616066e+01
7.054420290581161680e+03 1.076743319318710945e+01
7.075749098196392879e+03 1.077607738779255442e+01
7.097077905811623168e+03 1.078471560314875433e+01
7.118406713426853457e+03 1.079334843368021168e+01
7.139735521042084656e+03 1.080197646972746028e+01
7.161064328657314036e+03 1.081060029751456497e+01
7.182393136272545235e+03 1.081922049911691630e+01
7.203721943887774614e+03 1.082783765242878005e+01
7.225050751503005813e+03 1.083645233113109185e+01
7.246379559118236102e+03 1.084506510465897478e+01
7.267708366733466391e+03 1.085367653816950551e+01
7.289037174348697590e+03 1.086228719250934915e+01
7.310365981963926970e+03 1.087089762418239403e+01
7.331694789579158169e+03 1.087950838531745035e+01
7.353023597194389367e+03 1.088812002363594189e+01
7.374352404809618747e+03 1.089673308241939154e+01
7.395681212424849036e+03 1.090534810047740422e+01
7.417010020040080235e+03 1.091396561211498195e+01
7.438338827655310524e+03 1.092258614710044640e+01
7.459667635270540814e+03 1.093121023063298125e+01
7.480996442885771103e+03 1.093983838331027414e+01
7.502325250501002301e+03 1.094847112109629350e+01
7.523654058116231681e+03 1.095710895528879547e+01
7.544982865731462880e+03 1.096575239248716827e+01
7.566311673346693169e+03 1.097440193455990354e+01
7.587640480961923458e+03 1.098305807861241590e+01
7.608969288577153748e+03 1.099172131695461374e+01
7.630298096192384946e+03 1.100039213706860863e+01
7.651626903807615236e+03 1.100907102157632167e+01
7.672955711422844615e+03 1.101775844820725325e+01
7.694284519038075814e+03 1.102645488976597221e+01
7.715613326653307013e+03 1.103516081409999217e+01
7.736942134268536392e+03 1.104387668406725709e+01
7.758270941883766682e+03 1.105260295750390043e+01
7.779599749498997880e+03 1.106134008719186212e+01
7.800928557114228170e+03 1.107008852082656958e+01
7.822257364729458459e+03 1.107884870098461150e+01
7.843586172344688748e+03 1.108762106509135847e+01
7.864914979959919947e+03 1.109640604538871500e+01
7.886243787575149327e+03 1.110520406890262457e+01
7.907572595190380525e+03 1.111401555741096914e+01
7.928901402805610815e+03 1.112284092741091257e+01
7.950230210420841104e+03 1.113168059008689070e+01
7.971559018036072302e+03 1.114053495127808446e+01
7.992887825651302592e+03 1.114940441144609551e+01
8.014216633266532881e+03 1.115828936564262008e+01
8.035545440881762261e+03 1.116719020347723301e+01
8.056874248496993459e+03 1.117610730908485905e+01
8.078203056112224658e+03 1.118504106109348584e+01
8.099531863727454038e+03 1.119399183259195141e+01
8.120860671342685237e+03 1.120295999109749907e+01
8.142189478957915526e+03 1.121194589852341039e+01
8.163518286573145815e+03 1.122094991114679807e+01
8.184847094188377014e+03 1.122997237957610928e+01
8.206175901803606394e+03 1.123901364871887409e+01
8.227504709418837592e+03 1.124807405774942026e+01
8.248833517034066972e+03 1.125715394007644576e+01
8.270162324649298171e+03 1.126625362331066782e+01
8.291491132264527550e+03 1.127537342923258379e+01
8.312819939879758749e+03 1.128451367376003844e+01
8.334148747494989948e+03 1.129367466691598665e+01
8.355477555110221147e+03 1.130285671279601445e+01
8.376806362725450526e+03 1.131206010953618346e+01
8.398135170340681725e+03 1.132128514928048801e+01
8.419463977955911105e+03 1.133053211814869066e+01
8.440792785571142304e+03 1.133980129620391608e+01
8.462121593186373502e+03 1.134909295742027879e+01
8.483450400801602882e+03 1.135840736965063158e+01
8.504779208416832262e+03 1.136774479459410614e+01
8.526108016032063460e+03 1.137710548776395214e+01
8.547436823647294659e+03 1.138648969845498726e+01
8.568765631262524039e+03 1.139589766971140428e+01
8.590094438877755238e+03 1.140532963829447510e+01
8.611423246492986436e+03 1.141478583465000796e+01
8.632752054108215816e+03 1.142426648287622371e+01
8.654080861723447015e+03 1.143377180069136045e+01
8.675409669338678214e+03 1.144330199940117510e+01
8.696738476953907593e+03 1.145285728386689073e+01
8.718067284569136973e+03 1.146243785247261116e+01
8.739396092184368172e+03 1.147204389709308892e+01
8.760724899799599370e+03 1.148167560306144175e+01
8.782053707414830569e+03 1.149133314913668080e+01
8.803382515030059949e+03 1.150101670747149996e+01
8.824711322645289329e+03 1.151072644357986619e+01
8.846040130260520527e+03 1.152046251630465079e+01
8.867368937875751726e+03 1.153022507778543471e+01
8.888697745490982925e+03 1.154001427342596031e+01
8.910026553106212305e+03 1.154983024186200780e+01
8.931355360721441684e+03 1.155967311492895533e+01
8.952684168336672883e+03 1.156954301762939252e+01
8.974012975951904082e+03 1.157944006810087600e+01
8.995341783567133461e+03 1.158936437758349314e+01
9.016670591182364660e+03 1.159931605038774194e+01
9.037999398797594040e+03 1.160929518386184256e+01
9.059328206412825239e+03 1.161930186835968470e+01
9.080657014028056437e+03 1.162933618720841267e+01
9.101985821643287636e+03 1.163939821667607788e+01
9.123314629258517016e+03 1.164948802593929500e+01
9.144643436873746396e+03 1.165960567705081985e+01
9.165972244488977594e+03 1.166975122490743644e+01
9.187301052104208793e+03 1.167992471721739278e+01
9.208629859719438173e+03 1.169012619446820267e+01
9.229958667334669371e+03 1.170035568989421648e+01
9.251287474949898751e+03 1.171061322944436256e+01
9.272616282565129950e+03 1.172089883174975711e+01
9.293945090180361149e+03 1.173121250809140292e+01
9.315273897795592347e+03 1.174155426236779221e+01
9.336602705410821727e+03 1.175192409106268343e+01
9.357931513026051107e+03 1.176232198321256561e+01
9.379260320641282306e+03 1.177274792037459150e+01
9.400589128256513504e+03 1.178320187659398322e+01
9.421917935871742884e+03 1.179368381837188196e+01
9.443246743486974083e+03 1.180419370463291884e+01
9.464575551102203463e+03 1.181473148669281237e+01
9.485904358717434661e+03 1.182529710822623414e+01
9.507233166332665860e+03 1.183589050523426778e+01
9.528561973947895240e+03 1.184651160601215736e+01
9.549890781563124619e+03 1.185716033111707901e+01
9.571219589178355818e+03 1.186783659333550034e+01
9.592548396793587017e+03 1.187854029765112962e+01
9.613877204408818216e+03 1.188927134121253992e+01
9.635206012024047595e+03 1.190002961330072750e+01
9.656534819639278794e+03 1.191081499529673593e+01
9.677863627254508174e+03 1.192162736064947737e+01
9.699192434869739373e+03 1.193246657484341000e+01
9.720521242484970571e+03 1.194333249536593300e+01
9.741850050100199951e+03 1.195422497167540499e+01
9.763178857715429331e+03 1.196514384516846263e+01
9.784507665330660529e+03 1.197608894914800004e+01
9.805836472945891728e+03 1.198706010879049089e+01
9.827165280561122927e+03 1.199805714111410282e+01
9.848494088176352307e+03 1.200907985494587393e+01
9.869822895791583505e+03 1.202012805088969571e+01
9.891151703406812885e+03 1.203120152129389453e+01
9.912480511022044084e+03 1.204230005021880245e+01
9.933809318637275283e+03 1.205342341340463008e+01
9.955138126252504662e+03 1.206457137823884551e+01
9.976466933867734042e+03 1.207574370372406847e+01
9.997795741482965241e+03 1.208694014044565179e+01
1.001912454909819644e+04 1.209816043053933754e+01
1.004045335671342764e+04 1.210940430765892017e+01
1.006178216432865884e+04 1.212067149694389911e+01
1.008311097194388822e+04 1.213196171498720588e+01
1.010443977955911760e+04 1.214327466980276071e+01
1.012576858717434880e+04 1.215461006079325657e+01
1.014709739478957999e+04 1.216596757871770151e+01
1.016842620240480937e+04 1.217734690565915301e+01
1.018975501002003875e+04 1.218874771499237042e+01
1.021108381763526995e+04 1.220016967135148178e+01
1.023241262525050115e+04 1.221161243059764701e+01
1.025374143286573235e+04 1.222307563978666067e+01
1.027507024048096355e+04 1.223455893713672538e+01
1.029639904809619111e+04 1.224606195199599412e+01
1.031772785571142231e+04 1.225758430481038985e+01
1.033905666332665351e+04 1.226912560709099864e+01
1.036038547094188471e+04 1.228068546138215567e+01
1.038171427855711408e+04 1.229226346122854174e+01
1.040304308617234346e+04 1.230385919114343451e+01
1.042437189378757466e+04 1.231547222657599505e+01
1.044570070140280586e+04 1.232710213387900566e+01
1.046702950901803524e+04 1.233874847027657395e+01
1.048835831663326644e+04 1.235041078383180846e+01
1.050968712424849582e+04 1.236208861341447651e+01
1.053101593186372702e+04 1.237378148866850580e+01
1.055234473947895822e+04 1.238548892997995843e+01
1.057367354709418942e+04 1.239721044844445075e+01
1.059500235470941880e+04 1.240894554583484677e+01
1.061633116232464999e+04 1.242069371456894622e+01
1.063765996993987937e+04 1.243245443767734670e+01
1.065898877755511057e+04 1.244422718877062195e+01
1.068031758517033995e+04 1.245601143200753924e+01
1.070164639278557115e+04 1.246780662206237267e+01
1.072297520040080053e+04 1.247961220409261784e+01
1.074430400801603173e+04 1.249142761370671906e+01
1.076563281563126293e+04 1.250325227693171470e+01
1.078696162324649413e+04 1.251508561018095911e+01
1.080829043086172351e+04 1.252692702022158500e+01
1.082961923847695289e+04 1.253877590414242604e+01
1.085094804609218409e+04 1.255063164932143494e+01
1.087227685370741528e+04 1.256249363339357927e+01
1.089360566132264648e+04 1.257436122421837155e+01
1.091493446893787586e+04 1.258623377984741865e+01
1.093626327655310524e+04 1.259811064849241546e+01
1.095759208416833644e+04 1.260999116849243151e+01
1.097892089178356764e+04 1.262187466828185123e+01
1.100024969939879884e+04 1.263376046635791283e+01
1.102157850701402640e+04 1.264564787124836975e+01
1.104290731462925760e+04 1.265753618147922666e+01
1.106423612224448880e+04 1.266942468554230672e+01
1.108556492985972000e+04 1.268131266186293260e+01
1.110689373747495119e+04 1.269319937876772997e+01
1.112822254509018057e+04 1.270508409445201181e+01
1.114955135270540995e+04 1.271696605694778626e+01
1.117088016032064115e+04 1.272884450409109647e+01
1.119220896793587235e+04 1.274071866348985438e+01
1.121353777555110173e+04 1.275258775249157850e+01
1.123486658316633111e+04 1.276445097815077823e+01
1.125619539078156231e+04 1.277630753719689949e+01
1.127752419839679351e+04 1.278815661600189557e+01
1.129885300601202471e+04 1.279999739054781571e+01
1.132018181362725591e+04 1.281182902639449317e+01
1.134151062124248529e+04 1.282365067864735764e+01
1.136283942885771467e+04 1.283546149192488528e+01
1.138416823647294586e+04 1.284726060032636497e+01
1.140549704408817706e+04 1.285904712739960942e+01
1.142682585170340644e+04 1.287082018610842482e+01
1.144815465931863582e+04 1.288257887880060437e+01
1.146948346693386702e+04 1.289432229717522205e+01
1.149081227454909822e+04 1.290604952225051072e+01
1.151214108216432942e+04 1.291775962433159819e+01
1.153346988977955880e+04 1.292945166297786486e+01
1.155479869739478818e+04 1.294112468697090890e+01
1.157612750501001938e+04 1.295277773428213663e+01
1.159745631262525058e+04 1.296440983204022146e+01
1.161878512024048177e+04 1.297601999649911164e+01
1.164011392785571115e+04 1.298760723300534181e+01
1.166144273547094053e+04 1.299917053596605143e+01
1.168277154308617173e+04 1.301070888881625010e+01
1.170410035070140293e+04 1.302222126398685731e+01
1.172542915831663231e+04 1.303370662287211701e+01
1.174675796593186351e+04 1.304516391579735668e+01
1.176808677354709289e+04 1.305659208198657595e+01
1.178941558116232409e+04 1.306799004953034782e+01
1.181074438877755529e+04 1.307935673535305554e+01
1.183207319639278649e+04 1.309069104518096438e+01
1.185340200400801587e+04 1.310199187350966454e+01
1.187473081162324524e+04 1.311325810357182320e+01
1.189605961923847644e+04 1.312448860730471623e+01
1.191738842685370764e+04 1.313568224531812234e+01
1.193871723446893702e+04 1.314683786686182998e+01
1.196004604208416822e+04 1.315795430979314773e+01
1.198137484969939760e+04 1.316903040054495122e+01
1.200270365731462880e+04 1.318006495409307632e+01
1.202403246492986000e+04 1.319105677392395037e+01
1.204536127254509120e+04 1.320200465200242945e+01
1.206669008016032058e+04 1.321290736873934080e+01
1.208801888777554996e+04 1.322376369295926679e+01
1.210934769539078115e+04 1.323457238186794171e+01
1.213067650300601235e+04 1.324533218102025600e+01
1.215200531062124173e+04 1.325604182428770628e+01
1.217333411823647293e+04 1.326670003382612251e+01
1.219466292585170231e+04 1.327730552004321041e+01
1.221599173346693351e+04 1.328785698156650597e+01
1.223732054108216471e+04 1.329835310521066560e+01
1.225864934869739409e+04 1.330879256594547400e+01
1.227997815631262347e+04 1.331917402686320528e+01
1.230130696392785467e+04 1.332949613914654208e+01
1.232263577154308587e+04 1.333975754203608233e+01
1.234396457915831706e+04 1.334995686279796345e+01
1.236529338677354644e+04 1.336009271669179910e+01
1.238662219438877764e+04 1.337016370693797285e+01
1.240795100200400702e+04 1.338016842468551104e+01
1.242927980961923822e+04 1.339010544897977439e+01
1.245060861723446942e+04 1.339997334673000395e+01
1.247193742484969880e+04 1.340977067267701628e+01
1.249326623246492818e+04 1.341949596936094125e+01
1.251459504008015938e+04 1.342914776708882130e+01
1.253592384769539058e+04 1.343872458390221780e+01
1.255725265531062178e+04 1.344822492554499149e+01
1.257858146292585116e+04 1.345764728543100830e+01
1.259991027054108235e+04 1.346699014461150057e+01
1.262123907815631173e+04 1.347625197174302514e+01
1.264256788577154293e+04 1.348543122305504482e+01
1.266389669338677413e+04 1.349452634231767334e+01
1.268522550100200351e+04 1.350353576080906848e+01
1.270655430861723289e+04 1.351245789728340441e+01
1.272788311623246409e+04 1.352129115793826841e+01
1.274921192384769529e+04 1.353003393638267937e+01
1.277054073146292649e+04 1.353868461360427844e+01
1.279186953907815769e+04 1.354724155793739371e+01
1.281319834669338525e+04 1.355570312503054708e+01
1.283452715430861645e+04 1.356406765781401447e+01
1.285585596192384764e+04 1.357233348646771631e+01
1.287718476953907884e+04 1.359537517008863361e+01
1.307302806215446071e+04 1.369534247071763744e+01
1.326887135476984258e+04 1.379530977134664127e+01
1.346471464738522263e+04 1.389527707197564155e+01
1.366055794000060450e+04 1.399524437260464538e+01
1.385640123261598637e+04 1.409521167323364921e+01
1.405224452523136824e+04 1.419517897386265304e+01
1.424808781784675011e+04 1.429514627449165687e+01
1.444393111046213016e+04 1.439511357512066070e+01
1.463977440307751203e+04 1.449508087574966453e+01
1.483561769569289390e+04 1.459504817637866836e+01
1.503146098830827577e+04 1.469501547700767219e+01
1.522730428092365764e+04 1.479498277763667602e+01
1.542314757353903769e+04 1.489495007826567985e+01
1.561899086615442138e+04 1.499491737889468368e+01
1.581483415876980143e+04 1.509488467952368573e+01
1.601067745138518330e+04 1.519485198015268956e+01
1.620652074400056517e+04 1.529481928078169339e+01
1.640236403661594522e+04 1.539478658141069722e+01
1.659820732923132891e+04 1.549475388203970105e+01
1.679405062184670896e+04 1.559472118266870488e+01
1.698989391446208901e+04 1.569468848329770694e+01
1.718573720707747270e+04 1.579465578392671077e+01
1.738158049969285275e+04 1.589462308455571460e+01
1.757742379230823644e+04 1.599459038518471843e+01
1.777326708492361649e+04 1.609455768581372226e+01
1.796911037753900018e+04 1.619452498644272609e+01
1.816495367015438023e+04 1.629449228707172992e+01
1.836079696276976028e+04 1.639445958770073020e+01
1.855664025538514397e+04 1.649442688832973758e+01
1.875248354800052402e+04 1.659439418895873786e+01
1.894832684061590408e+04 1.669436148958774169e+01
1.914417013323128776e+04 1.679432879021674552e+01
1.934001342584667145e+04 1.689429609084575290e+01
1.953585671846205150e+04 1.699426339147475318e+01
1.973170001107743155e+04 1.709423069210375701e+01
1.992754330369281524e+04 1.719419799273276084e+01
2.012338659630819529e+04 1.729416529336176467e+01
2.031922988892357534e+04 1.739413259399076850e+01
2.051507318153895903e+04 1.749409989461977233e+01
2.071091647415433908e+04 1.759406719524877616e+01
2.090675976676972277e+04 1.769403449587777999e+01
2.110260305938510282e+04 1.779400179650678382e+01
2.129844635200048651e+04 1.789396909713578765e+01
2.149428964461586656e+04 1.799393639776479148e+01
2.169013293723124661e+04 1.809390369839379531e+01
2.188597622984663030e+04 1.819387099902279914e+01
2.208181952246201035e+04 1.829383829965180297e+01
2.227766281507739041e+04 1.839380560028080325e+01
2.247350610769277409e+04 1.849377290090981063e+01
2.266934940030815778e+04 1.859374020153881446e+01
2.286519269292353420e+04 1.869370750216781474e+01
2.306103598553891788e+04 1.879367480279681857e+01
2.325687927815430157e+04 1.889364210342582595e+01
2.345272257076968162e+04 1.899360940405482623e+01
2.364856586338506168e+04 1.909357670468383006e+01
2.384440915600044536e+04 1.919354400531283389e+01
2.404025244861582541e+04 1.929351130594183772e+01
2.423609574123120547e+04 1.939347860657083800e+01
2.443193903384658915e+04 1.949344590719984183e+01
2.462778232646197284e+04 1.959341320782884921e+01
2.482362561907735289e+04 1.969338050845784949e+01
2.501946891169273295e+04 1.979334780908685332e+01
2.521531220430811663e+04 1.989331510971585715e+01
2.541115549692349668e+04 1.999328241034486098e+01
2.560699878953887674e+04 2.009324971097386481e+01
2.580284208215426042e+04 2.019321701160286864e+01
2.599868537476964048e+04 2.029318431223187247e+01
2.619452866738502053e+04 2.039315161286087630e+01
2.639037196000040421e+04 2.049311891348988013e+01
2.658621525261578790e+04 2.059308621411888396e+01
2.678205854523116795e+04 2.069305351474788779e+01
2.697790183784654801e+04 2.079302081537689162e+01
2.717374513046193169e+04 2.089298811600589545e+01
2.736958842307731175e+04 2.099295541663489928e+01
2.756543171569269180e+04 2.109292271726390311e+01
2.776127500830807548e+04 2.119289001789290694e+01
2.795711830092345917e+04 2.129285731852191077e+01
2.815296159353883559e+04 2.139282461915091105e+01
2.834880488615421928e+04 2.149279191977991843e+01
2.854464817876960296e+04 2.159275922040892226e+01
2.874049147138498302e+04 2.169272652103792609e+01
2.893633476400036307e+04 2.179269382166692637e+01
2.913217805661574675e+04 2.189266112229593020e+01
2.932802134923112681e+04 2.199262842292493403e+01
2.952386464184651049e+04 2.209259572355393786e+01
2.971970793446189055e+04 2.219256302418294169e+01
2.991555122707727060e+04 2.229253032481194197e+01
3.011139451969265428e+04 2.239249762544094935e+01
3.030723781230803434e+04 2.249246492606994963e+01
3.050308110492341802e+04 2.259243222669895701e+01
3.069892439753879808e+04 2.269239952732795729e+01
3.089476769015417813e+04 2.279236682795696112e+01
3.109061098276956182e+04 2.289233412858596495e+01
3.128645427538494187e+04 2.299230142921496878e+01
3.148229756800032555e+04 2.309226872984397261e+01
3.167814086061570561e+04 2.319223603047297644e+01
3.187398415323108566e+04 2.329220333110198027e+01
3.206982744584646935e+04 2.339217063173098410e+01
3.226567073846184940e+04 2.349213793235998793e+01
3.246151403107723308e+04 2.359210523298899176e+01
3.265735732369261314e+04 2.369207253361799559e+01
3.285320061630799319e+04 2.379203983424699942e+01
3.304904390892337688e+04 2.389200713487600325e+01
3.324488720153876056e+04 2.399197443550500708e+01
3.344073049415413698e+04 2.409194173613401091e+01
3.363657378676952067e+04 2.419190903676301474e+01
3.383241707938490435e+04 2.429187633739201857e+01
3.402826037200028077e+04 2.439184363802101529e+01
3.422410366461566446e+04 2.449181093865002623e+01
3.441994695723104815e+04 2.459177823927903006e+01
3.461579024984642456e+04 2.469174553990802679e+01
3.481163354246181552e+04 2.479171284053703772e+01
3.500747683507719194e+04 2.489168014116604155e+01
3.520332012769256835e+04 2.499164744179503828e+01
3.539916342030795931e+04 2.509161474242404921e+01
3.559500671292333573e+04 2.519158204305304594e+01
3.579085000553871942e+04 2.529154934368205687e+01
3.598669329815410310e+04 2.539151664431106070e+01
3.618253659076947952e+04 2.549148394494005743e+01
3.637837988338486321e+04 2.559145124556906126e+01
3.657422317600024689e+04 2.569141854619806509e+01
3.677006646861562331e+04 2.579138584682706892e+01
3.696590976123100700e+04 2.589135314745607275e+01
3.716175305384639069e+04 2.599132044808507658e+01
3.735759634646176710e+04 2.609128774871408041e+01
3.755343963907715079e+04 2.619125504934308424e+01
3.774928293169253448e+04 2.629122234997208807e+01
3.794512622430791089e+04 2.639118965060109190e+01
3.814096951692329458e+04 2.649115695123009573e+01
3.833681280953867827e+04 2.659112425185909956e+01
3.853265610215405468e+04 2.669109155248810339e+01
3.872849939476944564e+04 2.679105885311710722e+01
3.892434268738482206e+04 2.689102615374611105e+01
3.912018598000019847e+04 2.699099345437510777e+01
3.931602927261558943e+04 2.709096075500411871e+01
3.951187256523096585e+04 2.719092805563312254e+01
3.970771585784634954e+04 2.729089535626212637e+01
3.990355915046173322e+04 2.739086265689113020e+01
4.009940244307710964e+04 2.749082995752013403e+01
4.029524573569249333e+04 2.759079725814913786e+01
4.049108902830787702e+04 2.769076455877814169e+01
4.068693232092325343e+04 2.779073185940713842e+01
4.088277561353863712e+04 2.789069916003614935e+01
4.107861890615402081e+04 2.799066646066515318e+01
4.127446219876939722e+04 2.809063376129414991e+01
4.147030549138478091e+04 2.819060106192315374e+01
4.166614878400016460e+04 2.829056836255215757e+01
4.186199207661554101e+04 2.839053566318116140e+01
4.205783536923093197e+04 2.849050296381017233e+01
4.225367866184630839e+04 2.859047026443916906e+01
4.244952195446168480e+04 2.869043756506817289e+01
4.264536524707707576e+04 2.879040486569718382e+01
4.284120853969245218e+04 2.889037216632618055e+01
4.303705183230783587e+04 2.899033946695518438e+01
4.323289512492321956e+04 2.909030676758418821e+01
4.342873841753859597e+04 2.919027406821319204e+01
4.362458171015397966e+04 2.929024136884219587e+01
4.382042500276936335e+04 2.939020866947119970e+01
4.401626829538473976e+04 2.949017597010020353e+01
4.421211158800012345e+04 2.959014327072920736e+01
4.440795488061550714e+04 2.969011057135821119e+01
4.460379817323088355e+04 2.979007787198721502e+01
4.479964146584626724e+04 2.989004517261621885e+01
4.499548475846165093e+04 2.999001247324522268e+01
4.519132805107702734e+04 3.008997977387422651e+01
4.538717134369241103e+04 3.018994707450323034e+01
4.558301463630779472e+04 3.028991437513223417e+01
4.577885792892317113e+04 3.038988167576123089e+01
4.597470122153856209e+04 3.048984897639024183e+01
4.617054451415393851e+04 3.058981627701924566e+01
4.636638780676931492e+04 3.068978357764824239e+01
4.656223109938470589e+04 3.078975087827725332e+01
4.675807439200008230e+04 3.088971817890625005e+01
4.695391768461545871e+04 3.098968547953525388e+01
4.714976097723084968e+04 3.108965278016426481e+01
4.734560426984622609e+04 3.118962008079326154e+01
4.754144756246160250e+04 3.128958738142226537e+01
4.773729085507699347e+04 3.138955468205127630e+01
4.793313414769236988e+04 3.148952198268027303e+01
4.812897744030776084e+04 3.158948928330928396e+01
4.832482073292313726e+04 3.168945658393828069e+01
4.852066402553851367e+04 3.178942388456728452e+01
4.871650731815390463e+04 3.188939118519629545e+01
4.891235061076928105e+04 3.198935848582529218e+01
4.910819390338465746e+04 3.208932578645429601e+01
4.930403719600004843e+04 3.218929308708329984e+01
4.949988048861542484e+04 3.228926038771230367e+01
4.969572378123080125e+04 3.238922768834130750e+01
4.989156707384619222e+04 3.248919498897031133e+01
5.008741036646156863e+04 3.258916228959931516e+01
5.028325365907694504e+04 3.268912959022831188e+01
5.047909695169233601e+04 3.278909689085732282e+01
5.067494024430771242e+04 3.288906419148632665e+01
5.087078353692308883e+04 3.298903149211532337e+01
5.106662682953847980e+04 3.308899879274433431e+01
5.126247012215385621e+04 3.318896609337333814e+01
5.145831341476924717e+04 3.328893339400234197e+01
5.165415670738462359e+04 3.338890069463134580e+01
5.185000000000000000e+04 3.348886799526034252e+01
