2.899149999999999636e+03 3.637070615843966959e+00
2.919285971943887489e+03 3.663757831280024302e+00
2.939421943887775342e+03 3.690221755581216012e+00
2.959557915831663195e+03 3.716464293477826697e+00
2.979693887775551048e+03 3.742487340921539563e+00
2.999829859719438900e+03 3.768292785099389697e+00
3.019965831663326753e+03 3.793882504447652959e+00
3.040101803607214606e+03 3.819258368665789494e+00
3.060237775551102459e+03 3.844422238730353492e+00
3.080373747494989857e+03 3.869375966908914943e+00
3.100509719438877710e+03 3.894121396773982280e+00
3.120645691382765108e+03 3.918660363216917464e+00
3.140781663326652961e+03 3.942994692461871065e+00
3.160917635270540814e+03 3.967126202079680031e+00
3.181053607214428666e+03 3.991056701001811202e+00
3.201189579158316519e+03 4.014787989534264412e+00
3.221325551102204372e+03 4.038321859371501787e+00
3.241461523046092225e+03 4.061660093610369060e+00
3.261597494989979623e+03 4.084804466764008879e+00
3.281733466933867930e+03 4.107756744775789670e+00
3.301869438877755329e+03 4.130518685033221615e+00
3.322005410821643181e+03 4.153092036381878849e+00
3.342141382765530579e+03 4.175478539139313661e+00
3.362277354709418432e+03 4.197679925108985799e+00
3.382413326653306285e+03 4.219697917594186443e+00
3.402549298597194138e+03 4.241534231411939970e+00
3.422685270541081991e+03 4.263190572906943920e+00
3.442821242484969844e+03 4.284668639965481418e+00
3.462957214428857696e+03 4.305970122029341596e+00
3.483093186372745549e+03 4.327096700109738237e+00
3.503229158316633402e+03 4.348050046801232860e+00
3.523365130260521255e+03 4.368831826295663134e+00
3.543501102204408653e+03 4.389443694396044648e+00
3.563637074148296506e+03 4.409887298530511757e+00
3.583773046092184359e+03 4.430164277766222014e+00
3.603909018036071757e+03 4.450276262823282813e+00
3.624044989979959610e+03 4.470224876088680688e+00
3.644180961923847462e+03 4.490011731630189296e+00
3.664316933867735315e+03 4.509638435210286289e+00
3.684452905811623168e+03 4.529106584300091498e+00
3.704588877755510566e+03 4.548417768093276692e+00
3.724724849699398419e+03 4.567573567519983335e+00
3.744860821643286272e+03 4.586575555260751003e+00
3.764996793587174579e+03 4.605425295760428028e+00
3.785132765531062432e+03 4.624124345242106138e+00
3.805268737474949376e+03 4.642674251721025769e+00
3.825404709418837228e+03 4.661076555018502710e+00
3.845540681362725081e+03 4.679332786775856512e+00
3.865676653306612934e+03 4.697444470468319366e+00
3.885812625250500787e+03 4.715413121418961850e+00
3.905948597194388640e+03 4.733240246812609797e+00
3.926084569138276493e+03 4.750927345709773597e+00
3.946220541082164345e+03 4.768475909060555296e+00
3.966356513026052198e+03 4.785887419718585889e+00
3.986492484969940051e+03 4.803163352454930646e+00
4.006628456913827449e+03 4.820305173972014856e+00
4.026764428857715302e+03 4.837314342917550469e+00
4.046900400801603155e+03 4.854192309898445856e+00
4.067036372745490553e+03 4.870940517494732447e+00
4.087172344689378406e+03 4.887560400273488703e+00
4.107308316633266259e+03 4.904053384802755211e+00
4.127444288577154111e+03 4.920420889665454212e+00
4.147580260521041964e+03 4.936664325473310022e+00
4.167716232464928908e+03 4.952785094880775674e+00
4.187852204408816760e+03 4.968784592598959549e+00
4.207988176352704613e+03 4.984664205409513826e+00
4.228124148296592466e+03 5.000425312178590431e+00
4.248260120240481228e+03 5.016069283870756124e+00
4.268396092184368172e+03 5.031597483562890716e+00
4.288532064128256025e+03 5.047011266458125256e+00
4.308668036072143877e+03 5.062311979899766889e+00
4.328804008016031730e+03 5.077500963385208621e+00
4.348939979959919583e+03 5.092579548579843518e+00
4.369075951903807436e+03 5.107549059331015329e+00
4.389211923847695289e+03 5.122410811681896270e+00
4.409347895791583142e+03 5.137166113885438534e+00
4.429483867735470994e+03 5.151816266418297374e+00
4.449619839679358847e+03 5.166362561994725766e+00
4.469755811623246700e+03 5.180806285580510817e+00
4.489891783567134553e+03 5.195148714406903068e+00
4.510027755511022406e+03 5.209391117984514707e+00
4.530163727454909349e+03 5.223534758117255983e+00
4.550299699398798111e+03 5.237580888916262722e+00
4.570435671342685055e+03 5.251530756813791889e+00
4.590571643286572908e+03 5.265385600577161540e+00
4.610707615230460760e+03 5.279146651322673023e+00
4.630843587174347704e+03 5.292815132529506528e+00
4.650979559118235557e+03 5.306392260053682364e+00
4.671115531062123409e+03 5.319879242141942299e+00
4.691251503006011262e+03 5.333277279445697516e+00
4.711387474949899115e+03 5.346587565034932155e+00
4.731523446893786968e+03 5.359811284412127286e+00
4.751659418837674821e+03 5.372949615526191991e+00
4.771795390781562674e+03 5.386003728786367795e+00
4.791931362725450526e+03 5.398974787076170401e+00
4.812067334669338379e+03 5.411863945767284356e+00
4.832203306613226232e+03 5.424672352733495018e+00
4.852339278557114085e+03 5.437401148364623182e+00
4.872475250501001938e+03 5.450051465580426857e+00
4.892611222444889790e+03 5.462624429844521678e+00
4.912747194388777643e+03 5.475121159178315544e+00
4.932883166332665496e+03 5.487542764174915710e+00
4.953019138276553349e+03 5.499890348013060759e+00
4.973155110220441202e+03 5.512165006471036577e+00
4.993291082164329055e+03 5.524367827940585229e+00
5.013427054108216907e+03 5.536499893440847586e+00
5.033563026052103851e+03 5.548562276632253543e+00
5.053698997995991704e+03 5.560556043830485073e+00
5.073834969939879556e+03 5.572482254020359349e+00
5.093970941883766500e+03 5.584341958869760703e+00
5.114106913827655262e+03 5.596136202743572596e+00
5.134242885771543115e+03 5.607866022717571397e+00
5.154378857715430058e+03 5.619532448592387652e+00
5.174514829659318821e+03 5.631136502907385655e+00
5.194650801603205764e+03 5.642679200954603402e+00
5.214786773547094526e+03 5.654161550792681012e+00
5.234922745490981470e+03 5.665584553260758049e+00
5.255058717434869322e+03 5.676949201992416150e+00
5.275194689378757175e+03 5.688256483429591448e+00
5.295330661322645028e+03 5.699507376836484340e+00
5.315466633266532881e+03 5.710702854313504773e+00
5.335602605210420734e+03 5.721843880811162464e+00
5.355738577154308587e+03 5.732931414144014859e+00
5.375874549098196439e+03 5.743966405004574227e+00
5.396010521042084292e+03 5.754949796977223642e+00
5.416146492985972145e+03 5.765882526552138287e+00
5.436282464929859998e+03 5.776765523139233416e+00
5.456418436873746941e+03 5.787599709082047461e+00
5.476554408817635704e+03 5.798385999671671343e+00
5.496690380761522647e+03 5.809125303160691089e+00
5.516826352705410500e+03 5.819818520777080728e+00
5.536962324649298353e+03 5.830466546738145794e+00
5.557098296593185296e+03 5.841070268264420662e+00
5.577234268537074058e+03 5.851630565593609390e+00
5.597370240480961911e+03 5.862148311994499039e+00
5.617506212424848854e+03 5.872624373780869433e+00
5.637642184368737617e+03 5.883059610325433120e+00
5.657778156312624560e+03 5.893454874073751348e+00
5.677914128256513322e+03 5.903811010558133177e+00
5.698050100200400266e+03 5.914128858411578094e+00
5.718186072144288119e+03 5.924409249381705322e+00
5.738322044088175971e+03 5.934653008344636049e+00
5.758458016032063824e+03 5.944860953318956476e+00
5.778593987975951677e+03 5.955033895479614259e+00
5.798729959919839530e+03 5.965172639171846924e+00
5.818865931863727383e+03 5.975277981925090742e+00
5.839001903807615236e+03 5.985350714466914468e+00
5.859137875751503088e+03 5.995391620736934435e+00
5.879273847695390941e+03 6.005401477900746521e+00
5.899409819639278794e+03 6.015381056363830581e+00
5.919545791583166647e+03 6.025331119785469980e+00
5.939681763527054500e+03 6.035252425092686224e+00
5.959817735470941443e+03 6.045145722494147833e+00
5.979953707414829296e+03 6.055011755494103198e+00
6.000089679358717149e+03 6.064851260906295671e+00
6.020225651302604092e+03 6.074664968867854675e+00
6.040361623246492854e+03 6.084453602853278298e+00
6.060497595190379798e+03 6.094217879688299533e+00
6.080633567134267651e+03 6.103958509563830681e+00
6.100769539078156413e+03 6.113676196049874889e+00
6.120905511022043356e+03 6.123371636109463445e+00
6.141041482965932119e+03 6.133045520112544224e+00
6.161177454909819062e+03 6.142698531849935861e+00
6.181313426853706915e+03 6.152331348547237511e+00
6.201449398797594768e+03 6.161944640878738610e+00
6.221585370741482620e+03 6.171539072981339302e+00
6.241721342685370473e+03 6.181115302468496608e+00
6.261857314629258326e+03 6.190673980444110214e+00
6.281993286573146179e+03 6.200215751516472196e+00
6.302129258517034032e+03 6.209741253812169681e+00
6.322265230460921885e+03 6.219251118990012372e+00
6.342401202404809737e+03 6.228745972254939645e+00
6.362537174348697590e+03 6.238226432371975605e+00
6.382673146292585443e+03 6.247693111680115763e+00
6.402809118236473296e+03 6.257146616106240344e+00
6.422945090180360239e+03 6.266587545179095997e+00
6.443081062124248092e+03 6.276016492043122952e+00
6.463217034068135945e+03 6.285434043472465149e+00
6.483353006012023798e+03 6.294840779884831150e+00
6.503488977955911650e+03 6.304237275355450976e+00
6.523624949899798594e+03 6.313624097630953003e+00
6.543760921843686447e+03 6.323001808143347446e+00
6.563896893787575209e+03 6.332370962023888161e+00
6.584032865731462152e+03 6.341732108117021482e+00
6.604168837675350915e+03 6.351085788994306647e+00
6.624304809619237858e+03 6.360432540968324666e+00
6.644440781563125711e+03 6.369772894106619177e+00
6.664576753507013564e+03 6.379107372245583107e+00
6.684712725450901416e+03 6.388436493004407524e+00
6.704848697394789269e+03 6.397760767799020698e+00
6.724984669338677122e+03 6.407080701855941030e+00
6.745120641282564975e+03 6.416396794226258748e+00
6.765256613226452828e+03 6.425709537799537685e+00
6.785392585170339771e+03 6.435019419317731248e+00
6.805528557114228533e+03 6.444326919389106401e+00
6.825664529058115477e+03 6.453632512502167629e+00
6.845800501002004239e+03 6.462936667039569372e+00
6.865936472945891182e+03 6.472239845292039107e+00
6.886072444889779035e+03 6.481542503472314642e+00
6.906208416833667798e+03 6.490845091729026350e+00
6.926344388777554741e+03 6.500148054160653999e+00
6.946480360721443503e+03 6.509451828829448061e+00
6.966616332665330447e+03 6.518756847775306618e+00
6.986752304609218299e+03 6.528063537029751728e+00
7.006888276553105243e+03 6.537372316629811664e+00
7.027024248496994005e+03 6.546683600631954647e+00
7.047160220440880948e+03 6.555997797126009274e+00
7.067296192384769711e+03 6.565315308249090265e+00
7.087432164328656654e+03 6.574636530199512663e+00
7.107568136272544507e+03 6.583961853250706042e+00
7.127704108216432360e+03 6.593291661765134926e+00
7.147840080160320213e+03 6.602626334208245851e+00
7.167976052104208065e+03 6.611966243162360257e+00
7.188112024048095918e+03 6.621311755340599348e+00
7.208247995991983771e+03 6.630663231600802732e+00
7.228383967935871624e+03 6.640021026959470163e+00
7.248519939879759477e+03 6.649385490605652649e+00
7.268655911823647330e+03 6.658756965914898629e+00
7.288791883767534273e+03 6.668135790463145085e+00
7.308927855711423035e+03 6.677522296040669936e+00
7.329063827655309979e+03 6.686916808666010681e+00
7.349199799599198741e+03 6.696319648599838636e+00
7.369335771543086594e+03 6.705731130358936198e+00
7.389471743486973537e+03 6.715151562730079959e+00
7.409607715430862299e+03 6.724581248784000209e+00
7.429743687374749243e+03 6.734020485889256946e+00
7.449879659318637096e+03 6.743469565726182502e+00
7.470015631262524039e+03 6.752928774300803738e+00
7.490151603206412801e+03 6.762398391958756250e+00
7.510287575150299745e+03 6.771878693399214555e+00
7.530423547094188507e+03 6.781369947688791200e+00
7.550559519038075450e+03 6.790872418275482048e+00
7.570695490981963303e+03 6.800386363002571599e+00
7.590831462925851156e+03 6.809912034122571178e+00
7.610967434869739009e+03 6.819449678311102936e+00
7.631103406813626862e+03 6.828999536680870897e+00
7.651239378757514714e+03 6.838561844795530753e+00
7.671375350701402567e+03 6.848136832683644926e+00
7.691511322645290420e+03 6.857724724852598541e+00
7.711647294589178273e+03 6.867325740302495873e+00
7.731783266533066126e+03 6.876940092540115401e+00
7.751919238476953069e+03 6.886567989592814243e+00
7.772055210420841831e+03 6.896209634022429924e+00
7.792191182364728775e+03 6.905865222939240766e+00
7.812327154308617537e+03 6.915534948015848116e+00
7.832463126252505390e+03 6.925218995501120745e+00
7.852599098196392333e+03 6.934917546234112606e+00
7.872735070140281096e+03 6.944630775657975263e+00
7.892871042084168039e+03 6.954358853833859655e+00
7.913007014028056801e+03 6.964101945454896914e+00
7.933142985971943745e+03 6.973860209860074377e+00
7.953278957915831597e+03 6.983633801048132916e+00
7.973414929859718541e+03 6.993422867691540645e+00
7.993550901803607303e+03 7.003227553150390250e+00
8.013686873747494246e+03 7.013047995486311414e+00
8.033822845691383009e+03 7.022884327476402788e+00
8.053958817635269952e+03 7.032736676627139083e+00
8.074094789579157805e+03 7.042605165188335903e+00
8.094230761523045658e+03 7.052489910166988452e+00
8.114366733466933510e+03 7.062391023341268337e+00
8.134502705410821363e+03 7.072308611274410239e+00
8.154638677354709216e+03 7.082242775328629669e+00
8.174774649298596159e+03 7.092193611679066478e+00
8.194910621242484922e+03 7.102161211327670642e+00
8.215046593186372775e+03 7.112145660117150214e+00
8.235182565130260627e+03 7.122147038744895298e+00
8.255318537074148480e+03 7.132165422776889585e+00
8.275454509018036333e+03 7.142200882661597916e+00
8.295590480961924186e+03 7.152253483743926665e+00
8.315726452905812039e+03 7.162323286279159262e+00
8.335862424849699892e+03 7.172410345446841973e+00
8.355998396793587744e+03 7.182514711364698101e+00
8.376134368737475597e+03 7.192636429102575057e+00
8.396270340681361631e+03 7.202775538696378987e+00
8.416406312625251303e+03 7.212932075161920586e+00
8.436542284569139156e+03 7.223106068508945654e+00
8.456678256513027009e+03 7.233297543754925840e+00
8.476814228456913042e+03 7.243506520939125615e+00
8.496950200400800895e+03 7.253733015136393902e+00
8.517086172344688748e+03 7.263977036471153781e+00
8.537222144288578420e+03 7.274238590131321125e+00
8.557358116232464454e+03 7.284517676382179729e+00
8.577494088176352307e+03 7.294814290580359462e+00
8.597630060120238340e+03 7.305128423187717601e+00
8.617766032064128012e+03 7.315460059785285019e+00
8.637902004008015865e+03 7.325809181087163502e+00
8.658037975951903718e+03 7.336175762954428414e+00
8.678173947895789752e+03 7.346559776409134379e+00
8.698309919839677605e+03 7.356961187648148659e+00
8.718445891783565457e+03 7.367379958057090228e+00
8.738581863727455129e+03 7.377816044224285719e+00
8.758717835671342982e+03 7.388269397954648099e+00
8.778853807615229016e+03 7.398739966283619296e+00
8.798989779559116869e+03 7.409227691491094170e+00
8.819125751503004722e+03 7.419732511115332940e+00
8.839261723446894393e+03 7.430254357966862067e+00
8.859397695390780427e+03 7.440793160142439078e+00
8.879533667334668280e+03 7.451348841038939241e+00
8.899669639278556133e+03 7.461921319367283978e+00
8.919805611222443986e+03 7.472510509166365722e+00
8.939941583166331839e+03 7.483116319816969231e+00
8.960077555110219691e+03 7.493738656055665359e+00
8.980213527054107544e+03 7.504377417988811416e+00
9.000349498997995397e+03 7.515032501106349017e+00
9.020485470941883250e+03 7.525703796295815096e+00
9.040621442885771103e+03 7.536391189856280093e+00
9.060757414829658956e+03 7.547094563512128929e+00
9.080893386773546808e+03 7.557813794427186593e+00
9.101029358717434661e+03 7.568548755218463597e+00
9.121165330661322514e+03 7.579299313970180307e+00
9.141301302605210367e+03 7.590065334247618090e+00
9.161437274549098220e+03 7.600846675111108119e+00
9.181573246492986073e+03 7.611643191129879860e+00
9.201709218436873925e+03 7.622454732396035659e+00
9.221845190380761778e+03 7.633281144538481833e+00
9.241981162324649631e+03 7.644122268736759374e+00
9.262117134268537484e+03 7.654977941735081615e+00
9.282253106212425337e+03 7.665847995856184482e+00
9.302389078156313190e+03 7.676732259015254911e+00
9.322525050100199223e+03 7.687630554733850374e+00
9.342661022044088895e+03 7.698542702153837070e+00
9.362796993987976748e+03 7.709468516051324549e+00
9.382932965931864601e+03 7.720407806850528409e+00
9.403068937875750635e+03 7.731360380637751994e+00
9.423204909819638488e+03 7.742326039175234875e+00
9.443340881763526340e+03 7.753304579915162087e+00
9.463476853707416012e+03 7.764295796013562345e+00
9.483612825651302046e+03 7.775299476344113003e+00
9.503748797595189899e+03 7.786315405512286070e+00
9.523884769539075933e+03 7.797343363869002175e+00
9.544020741482965605e+03 7.808383127524792577e+00
9.564156713426853457e+03 7.819434468363545498e+00
9.584292685370741310e+03 7.830497154056533127e+00
9.604428657314627344e+03 7.841570948076305392e+00
9.624564629258515197e+03 7.852655609710531337e+00
9.644700601202403050e+03 7.863750894076075859e+00
9.664836573146292722e+03 7.874856552132767362e+00
9.684972545090178755e+03 7.885972330697392785e+00
9.705108517034066608e+03 7.897097972457629567e+00
9.725244488977954461e+03 7.908233215985932318e+00
9.745380460921842314e+03 7.919377795753478111e+00
9.765516432865731986e+03 7.930531442144038046e+00
9.785652404809618019e+03 7.941693881467973171e+00
9.805788376753505872e+03 7.952864835976085622e+00
9.825924348697393725e+03 7.964044023873602107e+00
9.846060320641281578e+03 7.975231159334033038e+00
9.866196292585169431e+03 7.986425952513130255e+00
9.886332264529057284e+03 7.997628109562807452e+00
9.906468236472945136e+03 8.008837332645065032e+00
9.926604208416832989e+03 8.020053319945853687e+00
9.946740180360720842e+03 8.031275765689070312e+00
9.966876152304608695e+03 8.042504360150449116e+00
9.987012124248496548e+03 8.053738789671452736e+00
1.000714809619238440e+04 8.064978736673275250e+00
1.002728406813627225e+04 8.076223879670628492e+00
1.004742004008016011e+04 8.087473893285832105e+00
1.006755601202404796e+04 8.098728448262567881e+00
1.008769198396793581e+04 8.109987211479928959e+00
1.010782795591182366e+04 8.121249845966255876e+00
1.012796392785571152e+04 8.132516010913091620e+00
1.014809989979959937e+04 8.143785361689115376e+00
1.016823587174348722e+04 8.155057549854017651e+00
1.018837184368737508e+04 8.166332223172506843e+00
1.020850781563126293e+04 8.177609025628122197e+00
1.022864378757515078e+04 8.188887597437195964e+00
1.024877975951903863e+04 8.200167575062847547e+00
1.026891573146292649e+04 8.211448591228787564e+00
1.028905170340681434e+04 8.222730274933272909e+00
1.030918767535070219e+04 8.234012251463109777e+00
1.032932364729458823e+04 8.245294142407457727e+00
1.034945961923847790e+04 8.256575565671827377e+00
1.036959559118236393e+04 8.267856135491946645e+00
1.038973156312625360e+04 8.279135462447765548e+00
1.040986753507013964e+04 8.290413153477274477e+00
1.043000350701402749e+04 8.301688811890432618e+00
1.045013947895791352e+04 8.312962037383245573e+00
1.047027545090180320e+04 8.324232426051450418e+00
1.049041142284569105e+04 8.335499570404639513e+00
1.051054739478957890e+04 8.346763059380037930e+00
1.053068336673346494e+04 8.358022478356470941e+00
1.055081933867735279e+04 8.369277409168386583e+00
1.057095531062124064e+04 8.380527430119574461e+00
1.059109128256513031e+04 8.391772115997262915e+00
1.061122725450901635e+04 8.403011038085931972e+00
1.063136322645290420e+04 8.414243764181323471e+00
1.065149919839679205e+04 8.425469858604245132e+00
1.067163517034067991e+04 8.436688882214642859e+00
1.069177114228456958e+04 8.447900392425353289e+00
1.071190711422845561e+04 8.459103943216163657e+00
1.073204308617234346e+04 8.470299085147651397e+00
1.075217905811623132e+04 8.481485365375164065e+00
1.077231503006011917e+04 8.492662327662642952e+00
1.079245100200400702e+04 8.503829512396658075e+00
1.081258697394789488e+04 8.514986456600270870e+00
1.083272294589178273e+04 8.526132693946916419e+00
1.085285891783567058e+04 8.537267754774426010e+00
1.087299488977955843e+04 8.548391166098888050e+00
1.089313086172344629e+04 8.559502451628539177e+00
1.091326683366733414e+04 8.570601131777713988e+00
1.093340280561122199e+04 8.581686723680748585e+00
1.095353877755510985e+04 8.592758741206026230e+00
1.097367474949899770e+04 8.603816694969660617e+00
1.099381072144288555e+04 8.614860092349607257e+00
1.101394669338677340e+04 8.625888437499572348e+00
1.103408266533066126e+04 8.636901231362784870e+00
1.105421863727454911e+04 8.647897971686035135e+00
1.107435460921843696e+04 8.658878153033725766e+00
1.109449058116232482e+04 8.669841266801416424e+00
1.111462655310621267e+04 8.680786801230132355e+00
1.113476252505010052e+04 8.691714241420072540e+00
1.115489849699398837e+04 8.702623069344578965e+00
1.117503446893787623e+04 8.713512763864084576e+00
1.119517044088176408e+04 8.724382800739959976e+00
1.121530641282565193e+04 8.735232652648543095e+00
1.123544238476953979e+04 8.746061789194989444e+00
1.125557835671342582e+04 8.756869676927168555e+00
1.127571432865731549e+04 8.767655779349610157e+00
1.129585030060120152e+04 8.778419556937503643e+00
1.131598627254509120e+04 8.789160467150505696e+00
1.133612224448897905e+04 8.799877964446672252e+00
1.135625821643286508e+04 8.810571500296486391e+00
1.137639418837675476e+04 8.821240523196639316e+00
1.139653016032064079e+04 8.831884478684036921e+00
1.141666613226453046e+04 8.842502809349703341e+00
1.143680210420841649e+04 8.853094954852727128e+00
1.145693807615230435e+04 8.863660351934020909e+00
1.147707404809619038e+04 8.874198434430587312e+00
1.149721002004008005e+04 8.884708633289015722e+00
1.151734599198396791e+04 8.895190376579719782e+00
1.153748196392785576e+04 8.905643089510759225e+00
1.155761793587174179e+04 8.916066194441690129e+00
1.157775390781562965e+04 8.926459110897582150e+00
1.159788987975951932e+04 8.936821255582923840e+00
1.161802585170340717e+04 8.947152042395440930e+00
1.163816182364729320e+04 8.957450882440173956e+00
1.165829779559118106e+04 8.967717184043344503e+00
1.167843376753506891e+04 8.977950352766189468e+00
1.169856973947895858e+04 8.988149791418951651e+00
1.171870571142284462e+04 8.998314900074799283e+00
1.173884168336673247e+04 9.008445076083788194e+00
1.175897765531062032e+04 9.018539714086667658e+00
1.177911362725450817e+04 9.028598206028936701e+00
1.179924959919839603e+04 9.038619941174644623e+00
1.181938557114228388e+04 9.048604306120413554e+00
1.183952154308617173e+04 9.058550684809254960e+00
1.185965751503005959e+04 9.068458458544547796e+00
1.187979348697394744e+04 9.078327006004030864e+00
1.189992945891783529e+04 9.088155703253537609e+00
1.192006543086172314e+04 9.097943923761157237e+00
1.194020140280561100e+04 9.107691038410901996e+00
1.196033737474949885e+04 9.117396415516843433e+00
1.198047334669338670e+04 9.127059420836848957e+00
1.200060931863727455e+04 9.136679417586694996e+00
1.202074529058116241e+04 9.146255766453837310e+00
1.204088126252505026e+04 9.155787825611350073e+00
1.206101723446893811e+04 9.165274950731983949e+00
1.208115320641282597e+04 9.174716495001790761e+00
1.210128917835671200e+04 9.184111809134456905e+00
1.212142515030060167e+04 9.193460241384816101e+00
1.214156112224448952e+04 9.202761137563125970e+00
1.216169709418837738e+04 9.212013841048596774e+00
1.218183306613226341e+04 9.221217692803762134e+00
1.220196903807615126e+04 9.230372031387984677e+00
1.222210501002004094e+04 9.239476192971707746e+00
1.224224098196392879e+04 9.248529511350120913e+00
1.226237695390781482e+04 9.257531317957234052e+00
1.228251292585170268e+04 9.266480941879766675e+00
1.230264889779559053e+04 9.275377709871001741e+00
1.232278486973948020e+04 9.284220946364815319e+00
1.234292084168336805e+04 9.293009973489535724e+00
1.236305681362725409e+04 9.301744111081845290e+00
1.238319278557114194e+04 9.310422676700692790e+00
1.240332875751502797e+04 9.319044985641316003e+00
1.242346472945891946e+04 9.327610350949065321e+00
1.244360070140280550e+04 9.336118083433312620e+00
1.246373667334669335e+04 9.344567491681484483e+00
1.248387264529057938e+04 9.352957882072882256e+00
1.250400861723446724e+04 9.361288558792521641e+00
1.252414458917835691e+04 9.369558823845366646e+00
1.254428056112224476e+04 9.377767977069806804e+00
1.256441653306613080e+04 9.385915316152047438e+00
1.258455250501001865e+04 9.394000136639640175e+00
1.260468847695390650e+04 9.402021731955606754e+00
1.262482444889779617e+04 9.409979393412326587e+00
1.264496042084168221e+04 9.417872410225404778e+00
1.266509639278557006e+04 9.425700069527685798e+00
1.268523236472945791e+04 9.433461656383096638e+00
1.270536833667334577e+04 9.441156453800566339e+00
1.272550430861723362e+04 9.448783742748030789e+00
1.274564028056112147e+04 9.456342802166204820e+00
1.276577625250500932e+04 9.463832908982649172e+00
1.278591222444889718e+04 9.471253338125668719e+00
1.280604819639278503e+04 9.478603362538116528e+00
1.282618416833667288e+04 9.485882253191441293e+00
1.284632014028056074e+04 9.493089279099557132e+00
1.286645611222444859e+04 9.576999267120660519e+00
1.306204175990171279e+04 9.680487097449351097e+00
1.325762740757897700e+04 9.783974927778039898e+00
1.345321305525624120e+04 9.887462758106728700e+00
1.364879870293350541e+04 9.990950588435417501e+00
1.384438435061076962e+04 1.009443841876410808e+01
1.403996999828803382e+04 1.019792624909279688e+01
1.423555564596529803e+04 1.030141407942148746e+01
1.443114129364256041e+04 1.040490190975017626e+01
1.462672694131982462e+04 1.050838974007886506e+01
1.482231258899708882e+04 1.061187757040755386e+01
1.501789823667435303e+04 1.071536540073624266e+01
1.521348388435161723e+04 1.081885323106493324e+01
1.540906953202888144e+04 1.092234106139362204e+01
1.560465517970614565e+04 1.102582889172231084e+01
1.580024082738340985e+04 1.112931672205100142e+01
1.599582647506067406e+04 1.123280455237969022e+01
1.619141212273793826e+04 1.133629238270837902e+01
1.638699777041520065e+04 1.143978021303706782e+01
1.658258341809246485e+04 1.154326804336575840e+01
1.677816906576972906e+04 1.164675587369444720e+01
1.697375471344699326e+04 1.175024370402313600e+01
1.716934036112425747e+04 1.185373153435182658e+01
1.736492600880152168e+04 1.195721936468051538e+01
1.756051165647878588e+04 1.206070719500920418e+01
1.775609730415605009e+04 1.216419502533789476e+01
1.795168295183331429e+04 1.226768285566658356e+01
1.814726859951057850e+04 1.237117068599527236e+01
1.834285424718784270e+04 1.247465851632396294e+01
1.853843989486510691e+04 1.257814634665265174e+01
1.873402554254237111e+04 1.268163417698134054e+01
1.892961119021963532e+04 1.278512200731003112e+01
1.912519683789689952e+04 1.288860983763871992e+01
1.932078248557416373e+04 1.299209766796740873e+01
1.951636813325142793e+04 1.309558549829609930e+01
1.971195378092869214e+04 1.319907332862478810e+01
1.990753942860595271e+04 1.330256115895347513e+01
2.010312507628322055e+04 1.340604898928216748e+01
2.029871072396048112e+04 1.350953681961085451e+01
2.049429637163774896e+04 1.361302464993954686e+01
2.068988201931500953e+04 1.371651248026823389e+01
2.088546766699227737e+04 1.382000031059692446e+01
2.108105331466953794e+04 1.392348814092561149e+01
2.127663896234680578e+04 1.402697597125430384e+01
2.147222461002406635e+04 1.413046380158299087e+01
2.166781025770133056e+04 1.423395163191167967e+01
2.186339590537859476e+04 1.433743946224037025e+01
2.205898155305585897e+04 1.444092729256905905e+01
2.225456720073312317e+04 1.454441512289774963e+01
2.245015284841038738e+04 1.464790295322643843e+01
2.264573849608765158e+04 1.475139078355512723e+01
2.284132414376491579e+04 1.485487861388381781e+01
2.303690979144217999e+04 1.495836644421250661e+01
2.323249543911944420e+04 1.506185427454119541e+01
2.342808108679670841e+04 1.516534210486988599e+01
2.362366673447397261e+04 1.526882993519857479e+01
2.381925238215123682e+04 1.537231776552726359e+01
2.401483802982850102e+04 1.547580559585595417e+01
2.421042367750576523e+04 1.557929342618464297e+01
2.440600932518302579e+04 1.568278125651332999e+01
2.460159497286029364e+04 1.578626908684202235e+01
2.479718062053755420e+04 1.588975691717070937e+01
2.499276626821482205e+04 1.599324474749939995e+01
2.518835191589208262e+04 1.609673257782808875e+01
2.538393756356935046e+04 1.620022040815678110e+01
2.557952321124661103e+04 1.630370823848546635e+01
2.577510885892387887e+04 1.640719606881415871e+01
2.597069450660113944e+04 1.651068389914284751e+01
2.616628015427840728e+04 1.661417172947153631e+01
2.636186580195566785e+04 1.671765955980022511e+01
2.655745144963293569e+04 1.682114739012891391e+01
2.675303709731019626e+04 1.692463522045760271e+01
2.694862274498746046e+04 1.702812305078629151e+01
2.714420839266472467e+04 1.713161088111498032e+01
2.733979404034198888e+04 1.723509871144366912e+01
2.753537968801925308e+04 1.733858654177236147e+01
2.773096533569651729e+04 1.744207437210105027e+01
2.792655098337378149e+04 1.754556220242973907e+01
2.812213663105104570e+04 1.764905003275843143e+01
2.831772227872830990e+04 1.775253786308712023e+01
2.851330792640557411e+04 1.785602569341580903e+01
2.870889357408283831e+04 1.795951352374449783e+01
2.890447922176010252e+04 1.806300135407318663e+01
2.910006486943736672e+04 1.816648918440187543e+01
2.929565051711463093e+04 1.826997701473056424e+01
2.949123616479189513e+04 1.837346484505925304e+01
2.968682181246915934e+04 1.847695267538794539e+01
2.988240746014642355e+04 1.858044050571663419e+01
3.007799310782368775e+04 1.868392833604532299e+01
3.027357875550095196e+04 1.878741616637401535e+01
3.046916440317821252e+04 1.889090399670269704e+01
3.066475005085547673e+04 1.899439182703139295e+01
3.086033569853274093e+04 1.909787965736008175e+01
3.105592134621000514e+04 1.920136748768877055e+01
3.125150699388726935e+04 1.930485531801745935e+01
3.144709264156453355e+04 1.940834314834614815e+01
3.164267828924179776e+04 1.951183097867483696e+01
3.183826393691906196e+04 1.961531880900352576e+01
3.203384958459632617e+04 1.971880663933221456e+01
3.222943523227359037e+04 1.982229446966090336e+01
3.242502087995085458e+04 1.992578229998959216e+01
3.262060652762811878e+04 2.002927013031828096e+01
3.281619217530538299e+04 2.013275796064696976e+01
3.301177782298265083e+04 2.023624579097566567e+01
3.320736347065991140e+04 2.033973362130435447e+01
3.340294911833717197e+04 2.044322145163303617e+01
3.359853476601443981e+04 2.054670928196173207e+01
3.379412041369170765e+04 2.065019711229042088e+01
3.398970606136896822e+04 2.075368494261910968e+01
3.418529170904622879e+04 2.085717277294779848e+01
3.438087735672349663e+04 2.096066060327648728e+01
3.457646300440076448e+04 2.106414843360518319e+01
3.477204865207802504e+04 2.116763626393386488e+01
3.496763429975528561e+04 2.127112409426255368e+01
3.516321994743255345e+04 2.137461192459124959e+01
3.535880559510982130e+04 2.147809975491993839e+01
3.555439124278708186e+04 2.158158758524862719e+01
3.574997689046434243e+04 2.168507541557731599e+01
3.594556253814160300e+04 2.178856324590599769e+01
3.614114818581887084e+04 2.189205107623469360e+01
3.633673383349613869e+04 2.199553890656338240e+01
3.653231948117339925e+04 2.209902673689207120e+01
3.672790512885065982e+04 2.220251456722076000e+01
3.692349077652792766e+04 2.230600239754944880e+01
3.711907642420519551e+04 2.240949022787813760e+01
3.731466207188245608e+04 2.251297805820682640e+01
3.751024771955971664e+04 2.261646588853551521e+01
3.770583336723698449e+04 2.271995371886420401e+01
3.790141901491425233e+04 2.282344154919289991e+01
3.809700466259151290e+04 2.292692937952158871e+01
3.829259031026877346e+04 2.303041720985027041e+01
3.848817595794604131e+04 2.313390504017896632e+01
3.868376160562330915e+04 2.323739287050765512e+01
3.887934725330056972e+04 2.334088070083634392e+01
3.907493290097783029e+04 2.344436853116503272e+01
3.927051854865509813e+04 2.354785636149372152e+01
3.946610419633236597e+04 2.365134419182241032e+01
3.966168984400962654e+04 2.375483202215109912e+01
3.985727549168688711e+04 2.385831985247978793e+01
4.005286113936415495e+04 2.396180768280847673e+01
4.024844678704142279e+04 2.406529551313717263e+01
4.044403243471868336e+04 2.416878334346586144e+01
4.063961808239594393e+04 2.427227117379454313e+01
4.083520373007320450e+04 2.437575900412323193e+01
4.103078937775047234e+04 2.447924683445192784e+01
4.122637502542774018e+04 2.458273466478061664e+01
4.142196067310500075e+04 2.468622249510930544e+01
4.161754632078226132e+04 2.478971032543799424e+01
4.181313196845952916e+04 2.489319815576668304e+01
4.200871761613679701e+04 2.499668598609537185e+01
4.220430326381405757e+04 2.510017381642406065e+01
4.239988891149131814e+04 2.520366164675274945e+01
4.259547455916858598e+04 2.530714947708143825e+01
4.279106020684585383e+04 2.541063730741013416e+01
4.298664585452311439e+04 2.551412513773881585e+01
4.318223150220037496e+04 2.561761296806750465e+01
4.337781714987764281e+04 2.572110079839620056e+01
4.357340279755491065e+04 2.582458862872488936e+01
4.376898844523217122e+04 2.592807645905357816e+01
4.396457409290943178e+04 2.603156428938226696e+01
4.416015974058669963e+04 2.613505211971095576e+01
4.435574538826396747e+04 2.623853995003964457e+01
4.455133103594122804e+04 2.634202778036833337e+01
4.474691668361848861e+04 2.644551561069702217e+01
4.494250233129575645e+04 2.654900344102571097e+01
4.513808797897302429e+04 2.665249127135440688e+01
4.533367362665028486e+04 2.675597910168308857e+01
4.552925927432754543e+04 2.685946693201177737e+01
4.572484492200481327e+04 2.696295476234047328e+01
4.592043056968207384e+04 2.706644259266915498e+01
4.611601621735934168e+04 2.716993042299785088e+01
4.631160186503660225e+04 2.727341825332653968e+01
4.650718751271387009e+04 2.737690608365522849e+01
4.670277316039113066e+04 2.748039391398391729e+01
4.689835880806839850e+04 2.758388174431260609e+01
4.709394445574565907e+04 2.768736957464129489e+01
4.728953010342292691e+04 2.779085740496998369e+01
4.748511575110018748e+04 2.789434523529867249e+01
4.768070139877745532e+04 2.799783306562736840e+01
4.787628704645471589e+04 2.810132089595605009e+01
4.807187269413197646e+04 2.820480872628473890e+01
4.826745834180924430e+04 2.830829655661343480e+01
4.846304398948650487e+04 2.841178438694211650e+01
4.865862963716377271e+04 2.851527221727081240e+01
4.885421528484103328e+04 2.861876004759949410e+01
4.904980093251830112e+04 2.872224787792819001e+01
4.924538658019556169e+04 2.882573570825687881e+01
4.944097222787282954e+04 2.892922353858556761e+01
4.963655787555009010e+04 2.903271136891425641e+01
4.983214352322735795e+04 2.913619919924294521e+01
5.002772917090461851e+04 2.923968702957163401e+01
5.022331481858188636e+04 2.934317485990032282e+01
5.041890046625914692e+04 2.944666269022901162e+01
5.061448611393641477e+04 2.955015052055770752e+01
5.081007176161367533e+04 2.965363835088638922e+01
5.100565740929094318e+04 2.975712618121508513e+01
5.120124305696820375e+04 2.986061401154377393e+01
5.139682870464547159e+04 2.996410184187246273e+01
5.159241435232273216e+04 3.006758967220115153e+01
5.178800000000000000e+04 3.017107750252984033e+01
