2.946449999999999818e+03 1.964636901113026246e+00
2.966485170340681179e+03 1.985413485786239773e+00
2.986520340681362541e+03 2.005972708529665915e+00
3.006555511022044357e+03 2.026317390848634936e+00
3.026590681362725263e+03 2.046450332777740577e+00
3.046625851703406624e+03 2.066374312954449621e+00
3.066661022044087986e+03 2.086092088692727664e+00
3.086696192384769802e+03 2.105606396056646012e+00
3.106731362725450708e+03 2.124919949934004570e+00
3.126766533066132070e+03 2.144035444109941402e+00
3.146801703406813431e+03 2.162955551340558280e+00
3.166836873747495247e+03 2.181682923426528475e+00
3.186872044088176153e+03 2.200220191286711646e+00
3.206907214428857515e+03 2.218569965031778501e+00
3.226942384769538876e+03 2.236734834037826580e+00
3.246977555110220692e+03 2.254717367019981822e+00
3.267012725450901598e+03 2.272520112106032997e+00
3.287047895791582960e+03 2.290145596910036829e+00
3.307083066132264321e+03 2.307596328605939107e+00
3.327118236472946137e+03 2.324874794001188683e+00
3.347153406813627043e+03 2.341983459610349705e+00
3.367188577154308405e+03 2.358924771728726277e+00
3.387223747494989766e+03 2.375701156505976464e+00
3.407258917835671582e+03 2.392315020019720961e+00
3.427294088176352489e+03 2.408768748349168654e+00
3.447329258517033850e+03 2.425064707648721729e+00
3.467364428857715211e+03 2.441205244221610116e+00
3.487399599198397027e+03 2.457192684593487719e+00
3.507434769539077934e+03 2.473029335586057087e+00
3.527469939879759295e+03 2.488717484390686074e+00
3.547505110220440656e+03 2.504259398642033396e+00
3.567540280561122472e+03 2.519657326491636873e+00
3.587575450901803379e+03 2.534913496681565626e+00
3.607610621242484740e+03 2.550030118618002106e+00
3.627645791583166101e+03 2.565009382444888075e+00
3.647680961923847917e+03 2.579853459117512848e+00
3.667716132264528824e+03 2.594564500476159274e+00
3.687751302605210185e+03 2.609144639319691095e+00
3.707786472945891546e+03 2.623595989479190038e+00
3.727821643286573362e+03 2.637920645891556504e+00
3.747856813627254724e+03 2.652120684673140438e+00
3.767891983967935630e+03 2.666198163193349124e+00
3.787927154308616991e+03 2.680155120148258518e+00
3.807962324649298807e+03 2.693993575634242355e+00
3.827997494989979714e+03 2.707715531221575489e+00
3.848032665330661075e+03 2.721322970028063004e+00
3.868067835671342436e+03 2.734817856792640001e+00
3.888103006012024252e+03 2.748202137949005142e+00
3.908138176352705614e+03 2.761477741699223110e+00
3.928173346693386520e+03 2.774646578087346604e+00
3.948208517034068336e+03 2.787710539073036564e+00
3.968243687374749697e+03 2.800671498605165510e+00
3.988278857715430604e+03 2.813531312695453757e+00
4.008314028056111965e+03 2.826291819492062096e+00
4.028349198396793781e+03 2.838954839353224457e+00
4.048384368737475143e+03 2.851522174920863684e+00
4.068419539078156504e+03 2.863995611194192215e+00
4.088454709418837410e+03 2.876376915603347406e+00
4.108489879759519681e+03 2.888667838082999317e+00
4.128525050100201042e+03 2.900870111145965602e+00
4.148560220440881494e+03 2.912985449956823736e+00
4.168595390781562855e+03 2.925015552405543673e+00
4.188630561122245126e+03 2.936962099181081420e+00
4.208665731462926487e+03 2.948826753845017024e+00
4.228700901803607849e+03 2.960611162905146365e+00
4.248736072144288300e+03 2.972316955889122703e+00
4.268771242484970571e+03 2.983945745418060014e+00
4.288806412825651933e+03 2.995499127280142559e+00
4.308841583166332384e+03 3.006978680504261980e+00
4.328876753507013746e+03 3.018385967433606432e+00
4.348911923847696016e+03 3.029722533799298567e+00
4.368947094188377378e+03 3.040989908794004215e+00
4.388982264529058739e+03 3.052189605145541051e+00
4.409017434869739191e+03 3.063323119190505928e+00
4.429052605210421461e+03 3.074391930947894203e+00
4.449087775551102823e+03 3.085397504192691542e+00
4.469122945891783274e+03 3.096341286529522563e+00
4.489158116232464636e+03 3.107224709466244406e+00
4.509193286573146906e+03 3.118049188487566070e+00
4.529228456913828268e+03 3.128816123128674853e+00
4.549263627254509629e+03 3.139526897048847687e+00
4.569298797595190081e+03 3.150182878105060702e+00
4.589333967935872352e+03 3.160785418425608562e+00
4.609369138276553713e+03 3.171335854483725569e+00
4.629404308617234165e+03 3.181835507171199673e+00
4.649439478957916435e+03 3.192285681871980252e+00
4.669474649298597797e+03 3.202687668535815213e+00
4.689509819639279158e+03 3.213042741751838349e+00
4.709544989979960519e+03 3.223352160822202883e+00
4.729580160320640971e+03 3.233617169835709682e+00
4.749615330661323242e+03 3.243838997741391061e+00
4.769650501002004603e+03 3.254018858422151439e+00
4.789685671342685055e+03 3.264157950768383110e+00
4.809720841683367325e+03 3.274257458751564265e+00
4.829756012024048687e+03 3.284318551497891647e+00
4.849791182364730048e+03 3.294342383361903437e+00
4.869826352705411409e+03 3.304330094000062168e+00
4.889861523046092771e+03 3.314282808444407813e+00
4.909896693386774132e+03 3.324201637176152246e+00
4.929931863727455493e+03 3.334087676199311900e+00
4.949967034068135945e+03 3.343942007114299564e+00
4.970002204408818216e+03 3.353765697191565920e+00
4.990037374749499577e+03 3.363559799445196674e+00
5.010072545090180938e+03 3.373325352706546099e+00
5.030107715430862299e+03 3.383063381697832384e+00
5.050142885771542751e+03 3.392774897105769405e+00
5.070178056112225022e+03 3.402460895655183393e+00
5.090213226452906383e+03 3.412122360182626046e+00
5.110248396793586835e+03 3.421760259709968999e+00
5.130283567134269106e+03 3.431375549518066670e+00
5.150318737474950467e+03 3.440969171220328526e+00
5.170353907815630919e+03 3.450542052836357065e+00
5.190389078156313190e+03 3.460095108865552938e+00
5.210424248496993641e+03 3.469629240360748490e+00
5.230459418837675912e+03 3.479145335001810224e+00
5.250494589178357273e+03 3.488644267169253688e+00
5.270529759519037725e+03 3.498126898017854813e+00
5.290564929859719996e+03 3.507594075550293233e+00
5.310600100200401357e+03 3.517046634690736973e+00
5.330635270541081809e+03 3.526485397358475993e+00
5.350670440881764080e+03 3.535911172541529979e+00
5.370705611222444531e+03 3.545324756370268560e+00
5.390740781563126802e+03 3.554726932191035971e+00
5.410775951903808163e+03 3.564118470639745517e+00
5.430811122244488615e+03 3.573500129715518447e+00
5.450846292585170886e+03 3.582872654854278416e+00
5.470881462925852247e+03 3.592236779002395686e+00
5.490916633266532699e+03 3.601593222690273599e+00
5.510951803607214970e+03 3.610942694105983897e+00
5.530986973947896331e+03 3.620285889168870952e+00
5.551022144288577692e+03 3.629623491603194196e+00
5.571057314629259054e+03 3.638956173011686168e+00
5.591092484969939505e+03 3.648284592949250893e+00
5.611127655310621776e+03 3.657609398996497063e+00
5.631162825651303137e+03 3.666931226833418656e+00
5.651197995991983589e+03 3.676250700312973407e+00
5.671233166332665860e+03 3.685568431534712808e+00
5.691268336673347221e+03 3.694885020918396989e+00
5.711303507014028582e+03 3.704201057277604292e+00
5.731338677354709944e+03 3.713517117893371910e+00
5.751373847695390396e+03 3.722833768587758385e+00
5.771409018036072666e+03 3.732151563797543758e+00
5.791444188376754028e+03 3.741471046647744991e+00
5.811479358717434479e+03 3.750792749025316120e+00
5.831514529058116750e+03 3.760117191652729396e+00
5.851549699398798111e+03 3.769444884161578635e+00
5.871584869739479473e+03 3.778776325166226080e+00
5.891620040080160834e+03 3.788112002337394202e+00
5.911655210420841286e+03 3.797452392475794802e+00
5.931690380761523556e+03 3.806797961585742129e+00
5.951725551102204918e+03 3.816149164948759775e+00
5.971760721442885369e+03 3.825506447197221327e+00
5.991795891783567640e+03 3.834870242387926176e+00
6.011831062124249001e+03 3.844240974075765926e+00
6.031866232464930363e+03 3.853619055387300207e+00
6.051901402805611724e+03 3.863004889094383110e+00
6.071936573146292176e+03 3.872398867687797619e+00
6.091971743486974447e+03 3.881801373450846526e+00
6.112006913827655808e+03 3.891212778532972649e+00
6.132042084168336260e+03 3.900633445023402146e+00
6.152077254509018530e+03 3.910063725024722103e+00
6.172112424849699892e+03 3.919503960726524738e+00
6.192147595190381253e+03 3.928954484479004527e+00
6.212182765531062614e+03 3.938415618866598855e+00
6.232217935871743066e+03 3.947887676781565602e+00
6.252253106212425337e+03 3.957370961497651329e+00
6.272288276553106698e+03 3.966865766743650212e+00
6.292323446893787150e+03 3.976372376777063344e+00
6.312358617234469421e+03 3.985891066457702081e+00
6.332393787575150782e+03 3.995422101321294051e+00
6.352428957915832143e+03 4.004965737653112257e+00
6.372464128256513504e+03 4.014522222561574871e+00
6.392499298597193956e+03 4.024091794051902760e+00
6.412534468937876227e+03 4.033674681099665982e+00
6.432569639278557588e+03 4.043271103724465299e+00
6.452604809619238040e+03 4.052881273063525747e+00
6.472639979959920311e+03 4.062505391445289327e+00
6.492675150300601672e+03 4.072143652463063646e+00
6.512710320641283033e+03 4.081796241048617269e+00
6.532745490981964394e+03 4.091463333545825698e+00
6.552780661322644846e+03 4.101145097784248961e+00
6.572815831663327117e+03 4.110841693152756271e+00
6.592851002004008478e+03 4.120553270673178226e+00
6.612886172344688930e+03 4.130279973073869293e+00
6.632921342685371201e+03 4.140021934863367115e+00
6.652956513026052562e+03 4.149779282403981640e+00
6.672991683366733923e+03 4.159552133985431333e+00
6.693026853707415285e+03 4.169340599898433197e+00
6.713062024048095736e+03 4.179144782508356748e+00
6.733097194388778007e+03 4.188964776328803374e+00
6.753132364729459368e+03 4.198800668095239885e+00
6.773167535070139820e+03 4.208652536838618730e+00
6.793202705410822091e+03 4.218520453958971572e+00
6.813237875751503452e+03 4.228404483299073036e+00
6.833273046092184813e+03 4.238304681217983649e+00
6.853308216432866175e+03 4.248221096664750895e+00
6.873343386773547536e+03 4.258153771251950381e+00
6.893378557114228897e+03 4.268102739329341588e+00
6.913413727454910259e+03 4.278068028057474770e+00
6.933448897795591620e+03 4.288049657481337817e+00
6.953484068136272981e+03 4.298047640603906316e+00
6.973519238476954342e+03 4.308061983459798405e+00
6.993554408817635704e+03 4.318092685188914537e+00
7.013589579158317065e+03 4.328139738109998191e+00
7.033624749498998426e+03 4.338203127794323599e+00
7.053659919839679787e+03 4.348282833139211156e+00
7.073695090180361149e+03 4.358378826441756893e+00
7.093730260521042510e+03 4.368491073472361208e+00
7.113765430861723871e+03 4.378619533548396170e+00
7.133800601202405232e+03 4.388764159607805304e+00
7.153835771543086594e+03 4.398924898282689178e+00
7.173870941883767955e+03 4.409101689972994897e+00
7.193906112224449316e+03 4.419294468920054619e+00
7.213941282565130678e+03 4.429503163280235967e+00
7.233976452905812039e+03 4.439727695198570245e+00
7.254011623246493400e+03 4.449967980882356677e+00
7.274046793587174761e+03 4.460223930674769299e+00
7.294081963927856123e+03 4.470495449128492282e+00
7.314117134268537484e+03 4.480782435079293968e+00
7.334152304609218845e+03 4.491084781719713703e+00
7.354187474949900206e+03 4.501402376672618111e+00
7.374222645290581568e+03 4.511735102064828418e+00
7.394257815631262929e+03 4.522082834600775314e+00
7.414292985971944290e+03 4.532445445636045456e+00
7.434328156312625651e+03 4.542822801251084286e+00
7.454363326653307013e+03 4.553214762324709675e+00
7.474398496993988374e+03 4.563621184607840497e+00
7.494433667334669735e+03 4.574041918797012052e+00
7.514468837675351097e+03 4.584476810608056674e+00
7.534504008016032458e+03 4.594925700849703532e+00
7.554539178356713819e+03 4.605388425497177529e+00
7.574574348697395180e+03 4.615864815765818641e+00
7.594609519038076542e+03 4.626354698184752756e+00
7.614644689378757903e+03 4.636857894670409763e+00
7.634679859719439264e+03 4.647374222600240579e+00
7.654715030060120625e+03 4.657903494886230789e+00
7.674750200400801987e+03 4.668445520048623010e+00
7.694785370741483348e+03 4.679000102289451846e+00
7.714820541082164709e+03 4.689567041566201411e+00
7.734855711422846070e+03 4.700146133665405124e+00
7.754890881763527432e+03 4.710737170276266816e+00
7.774926052104208793e+03 4.721339939064288949e+00
7.794961222444890154e+03 4.731954223744858190e+00
7.814996392785571516e+03 4.742579804156880741e+00
7.835031563126252877e+03 4.753216456336407880e+00
7.855066733466934238e+03 4.763863952590256190e+00
7.875101903807615599e+03 4.774522061569559384e+00
7.895137074148296961e+03 4.785190548343482675e+00
7.915172244488978322e+03 4.795869174472773722e+00
7.935207414829659683e+03 4.806557698083403274e+00
7.955242585170341044e+03 4.817255873940158750e+00
7.975277755511022406e+03 4.827963453520267123e+00
7.995312925851703767e+03 4.838680185087056884e+00
8.015348096192385128e+03 4.849405813763499218e+00
8.035383266533066490e+03 4.860140081605884177e+00
8.055418436873747851e+03 4.870882727677406265e+00
8.075453607214429212e+03 4.881633488121795317e+00
8.095488777555110573e+03 4.892392096236894083e+00
8.115523947895791935e+03 4.903158282548349511e+00
8.135559118236473296e+03 4.913931774883166348e+00
8.155594288577154657e+03 4.924712298443336245e+00
8.175629458917836018e+03 4.935499575879466860e+00
8.195664629258517380e+03 4.946293327364394976e+00
8.215699799599198741e+03 4.957093270666786289e+00
8.235734969939880102e+03 4.967899121224777836e+00
8.255770140280561463e+03 4.978710592219570685e+00
8.275805310621242825e+03 4.989527394649059033e+00
8.295840480961924186e+03 5.000349237401437108e+00
8.315875651302605547e+03 5.011175827328848698e+00
8.335910821643286909e+03 5.022006869320937206e+00
8.355945991983968270e+03 5.032842066378510282e+00
8.375981162324649631e+03 5.043681119687161818e+00
8.396016332665330992e+03 5.054523728690874407e+00
8.416051503006012354e+03 5.065369591165601371e+00
8.436086673346693715e+03 5.076218403292952708e+00
8.456121843687375076e+03 5.087069859733747812e+00
8.476157014028056437e+03 5.097923653701664115e+00
8.496192184368737799e+03 5.108779477036858196e+00
8.516227354709419160e+03 5.119637020279552253e+00
8.536262525050100521e+03 5.130495972743686295e+00
8.556297695390781882e+03 5.141356022590487740e+00
8.576332865731463244e+03 5.152216856902153808e+00
8.596368036072144605e+03 5.163078161755392692e+00
8.616403206412825966e+03 5.173939622295112173e+00
8.636438376753507328e+03 5.184800922807970558e+00
8.656473547094188689e+03 5.195661746796033320e+00
8.676508717434870050e+03 5.206521777050378219e+00
8.696543887775551411e+03 5.217380695724716411e+00
8.716579058116232773e+03 5.228238184408990463e+00
8.736614228456914134e+03 5.239093924203033659e+00
8.756649398797595495e+03 5.249947595790123600e+00
8.776684569138276856e+03 5.260798879510645065e+00
8.796719739478958218e+03 5.271647455435696905e+00
8.816754909819639579e+03 5.282493003440692725e+00
8.836790080160320940e+03 5.293335203278978440e+00
8.856825250501002301e+03 5.304173734655503125e+00
8.876860420841683663e+03 5.315008277300334427e+00
8.896895591182365024e+03 5.325838511042369383e+00
8.916930761523046385e+03 5.336664115882878257e+00
8.936965931863727747e+03 5.347484772069176273e+00
8.957001102204409108e+03 5.358300160168234960e+00
8.977036272545090469e+03 5.369109961140236642e+00
8.997071442885771830e+03 5.379913856412256834e+00
9.017106613226453192e+03 5.390711527951853377e+00
9.037141783567134553e+03 5.401502658340710639e+00
9.057176953907815914e+03 5.412286930848202893e+00
9.077212124248497275e+03 5.423064029505034078e+00
9.097247294589178637e+03 5.433833639176898878e+00
9.117282464929859998e+03 5.444595445638017672e+00
9.137317635270541359e+03 5.455349135644821601e+00
9.157352805611222720e+03 5.466094397009523043e+00
9.177387975951904082e+03 5.476830918673765147e+00
9.197423146292585443e+03 5.487558390782229623e+00
9.217458316633266804e+03 5.498276504756208993e+00
9.237493486973948166e+03 5.508984953367312976e+00
9.257528657314629527e+03 5.519683430810990110e+00
9.277563827655310888e+03 5.530371632780196833e+00
9.297598997995992249e+03 5.541049256539027468e+00
9.317634168336673611e+03 5.551716000996260725e+00
9.337669338677354972e+03 5.562371566779045651e+00
9.357704509018036333e+03 5.573015656306518295e+00
9.377739679358717694e+03 5.583647973863323344e+00
9.397774849699399056e+03 5.594268225673369344e+00
9.417810020040080417e+03 5.604876119973326354e+00
9.437845190380761778e+03 5.615471367086325216e+00
9.457880360721443139e+03 5.626053679495515603e+00
9.477915531062124501e+03 5.636622771917727093e+00
9.497950701402805862e+03 5.647178361377030775e+00
9.517985871743487223e+03 5.657720167278404766e+00
9.538021042084168585e+03 5.668247911481345547e+00
9.558056212424849946e+03 5.678761318373459765e+00
9.578091382765531307e+03 5.689260114944094227e+00
9.598126553106212668e+03 5.699744030857961441e+00
9.618161723446894030e+03 5.710212798528720768e+00
9.638196893787575391e+03 5.720666153192614622e+00
9.658232064128256752e+03 5.731103832982151758e+00
9.678267234468938113e+03 5.741525578999600476e+00
9.698302404809619475e+03 5.751931135390665695e+00
9.718337575150300836e+03 5.762320249418134033e+00
9.738372745490982197e+03 5.772692671535456732e+00
9.758407915831663558e+03 5.783048155460308593e+00
9.778443086172344920e+03 5.793386458248362736e+00
9.798478256513026281e+03 5.803707340366726974e+00
9.818513426853707642e+03 5.814010565767712357e+00
9.838548597194389004e+03 5.824295901962299737e+00
9.858583767535070365e+03 5.834563120093879895e+00
9.878618937875751726e+03 5.844811995011840011e+00
9.898654108216433087e+03 5.855042305345133258e+00
9.918689278557114449e+03 5.865253833575946096e+00
9.938724448897795810e+03 5.875446366113274976e+00
9.958759619238477171e+03 5.885619693366562544e+00
9.978794789579158532e+03 5.895773609819358718e+00
9.998829959919839894e+03 5.905907914102802359e+00
1.001886513026052125e+04 5.916022409069432442e+00
1.003890030060120262e+04 5.926116901866592457e+00
1.005893547094188398e+04 5.936191204010248690e+00
1.007897064128256534e+04 5.946245131458434585e+00
1.009900581162324670e+04 5.956278504684961561e+00
1.011904098196392806e+04 5.966291148753065876e+00
1.013907615230460942e+04 5.976282893388917827e+00
1.015911132264529078e+04 5.986253573055298816e+00
1.017914649298597215e+04 5.996203027025252652e+00
1.019918166332665351e+04 6.006131099455608968e+00
1.021921683366733487e+04 6.016037639460696695e+00
1.023925200400801623e+04 6.025922501185879909e+00
1.025928717434869759e+04 6.035785543881242887e+00
1.027932234468937895e+04 6.045626631975167697e+00
1.029935751503006031e+04 6.055445635147938432e+00
1.031939268537074167e+04 6.065242428405370312e+00
1.033942785571142304e+04 6.075016892152475201e+00
1.035946302605210440e+04 6.084768912266976137e+00
1.037949819639278576e+04 6.094498380173035912e+00
1.039953336673346712e+04 6.104205192914772482e+00
1.041956853707414848e+04 6.113889253229945808e+00
1.043960370741482984e+04 6.123550469623526560e+00
1.045963887775551120e+04 6.133188756441351863e+00
1.047967404809619256e+04 6.142804033943719766e+00
1.049970921843687393e+04 6.152396228379026333e+00
1.051974438877755529e+04 6.161965272057343235e+00
1.053977955911823665e+04 6.171511103424056621e+00
1.055981472945891801e+04 6.181033667133470466e+00
1.057984989979959937e+04 6.190532914122479191e+00
1.059988507014028073e+04 6.200008801684115056e+00
1.061992024048096209e+04 6.209461293541147064e+00
1.063995541082164345e+04 6.218890359919790889e+00
1.065999058116232482e+04 6.228295977623290902e+00
1.068002575150300618e+04 6.237678130105441809e+00
1.070006092184368754e+04 6.247036807544350090e+00
1.072009609218436890e+04 6.256372006915942308e+00
1.074013126252505026e+04 6.265683732067643952e+00
1.076016643286573162e+04 6.274971993791927716e+00
1.078020160320641298e+04 6.284236809900027865e+00
1.080023677354709434e+04 6.293478205295496508e+00
1.082027194388777571e+04 6.302696212047769642e+00
1.084030711422845707e+04 6.311890869465914378e+00
1.086034228456913843e+04 6.321062224172107058e+00
1.088037745490981979e+04 6.330210330175347622e+00
1.090041262525050115e+04 6.339335248945028312e+00
1.092044779559118251e+04 6.348437049484577877e+00
1.094048296593186387e+04 6.357515808405025837e+00
1.096051813627254523e+04 6.366571609998699977e+00
1.098055330661322660e+04 6.375604546312731991e+00
1.100058847695390796e+04 6.384614717222810931e+00
1.102062364729458932e+04 6.393602230506665762e+00
1.104065881763527068e+04 6.402567201917805484e+00
1.106069398797595204e+04 6.411509755258983922e+00
1.108072915831663340e+04 6.420430022456018904e+00
1.110076432865731476e+04 6.429328143631199310e+00
1.112079949899799612e+04 6.438204267177034978e+00
1.114083466933867749e+04 6.447058549829845830e+00
1.116086983967935885e+04 6.455891156743298609e+00
1.118090501002004021e+04 6.464702261562186969e+00
1.120094018036072157e+04 6.473492046495860741e+00
1.122097535070140293e+04 6.482260702392000695e+00
1.124101052104208429e+04 6.491008428810141062e+00
1.126104569138276565e+04 6.499735434095278208e+00
1.128108086172344701e+04 6.508441935451547700e+00
1.130111603206412838e+04 6.517128159015865840e+00
1.132115120240480974e+04 6.525794339931383803e+00
1.134118637274549110e+04 6.534440722421303249e+00
1.136122154308617246e+04 6.543067559862340232e+00
1.138125671342685382e+04 6.551675114858454663e+00
1.140129188376753518e+04 6.560263659314359508e+00
1.142132705410821654e+04 6.568833474509198744e+00
1.144136222444889790e+04 6.577384851170228863e+00
1.146139739478957927e+04 6.585918089546288101e+00
1.148143256513026063e+04 6.594433499481464622e+00
1.150146773547094199e+04 6.602931400488848190e+00
1.152150290581162335e+04 6.611412121823902588e+00
1.154153807615230471e+04 6.619876002558298111e+00
1.156157324649298607e+04 6.628323391653420771e+00
1.158160841683366743e+04 6.636754648034003168e+00
1.160164358717434880e+04 6.645170140661715408e+00
1.162167875751503016e+04 6.653570248608901672e+00
1.164171392785571152e+04 6.661955361132009479e+00
1.166174909819639288e+04 6.670325877745336918e+00
1.168178426853707424e+04 6.678682208294629774e+00
1.170181943887775560e+04 6.687024773030696423e+00
1.172185460921843696e+04 6.695354002682972983e+00
1.174188977955911832e+04 6.703670338533198603e+00
1.176192494989979969e+04 6.711974232489044567e+00
1.178196012024048105e+04 6.720266147157595071e+00
1.180199529058116241e+04 6.728546555919144190e+00
1.182203046092184377e+04 6.736815943000746820e+00
1.184206563126252513e+04 6.745074803549786502e+00
1.186210080160320649e+04 6.753323643707594748e+00
1.188213597194388785e+04 6.761562980683180513e+00
1.190217114228456921e+04 6.769793342826687876e+00
1.192220631262525058e+04 6.778015269703096202e+00
1.194224148296593194e+04 6.786229312165875882e+00
1.196227665330661330e+04 6.794436032430533956e+00
1.198231182364729466e+04 6.802636004148215676e+00
1.200234699398797602e+04 6.810829812479423317e+00
1.202238216432865738e+04 6.819018054167516496e+00
1.204241733466933874e+04 6.827201337612411436e+00
1.206245250501002010e+04 6.835380282944139019e+00
1.208248767535070147e+04 6.843555522096472110e+00
1.210252284569138283e+04 6.851727698880605288e+00
1.212255801603206419e+04 6.859897469058739539e+00
1.214259318637274555e+04 6.868065500417539937e+00
1.216262835671342691e+04 6.876232472842062293e+00
1.218266352705410827e+04 6.884399078389078497e+00
1.220269869739478963e+04 6.892566021360907236e+00
1.222273386773547099e+04 6.900734018378883228e+00
1.224276903807615236e+04 6.908903798456990764e+00
1.226280420841683372e+04 6.917076103075626925e+00
1.228283937875751508e+04 6.925251686254998873e+00
1.230287454909819644e+04 6.933431314628907494e+00
1.232290971943887780e+04 6.941615767518220181e+00
1.234294488977955916e+04 6.949805837004720210e+00
1.236298006012024052e+04 6.958002328004443626e+00
1.238301523046092188e+04 6.966206058341428253e+00
1.240305040080160325e+04 6.974417858821449379e+00
1.242308557114228461e+04 6.982638573305396612e+00
1.244312074148296597e+04 6.990869058782996248e+00
1.246315591182364733e+04 6.999110185446520305e+00
1.248319108216432869e+04 7.007362836764273517e+00
1.250322625250501005e+04 7.015627909554269515e+00
1.252326142284569141e+04 7.023906314057823508e+00
1.254329659318637277e+04 7.032198974013161852e+00
1.256333176352705414e+04 7.040506826729125756e+00
1.258336693386773550e+04 7.048830823158563241e+00
1.260340210420841686e+04 7.057171927972293091e+00
1.262343727454909822e+04 7.065531119632386670e+00
1.264347244488977958e+04 7.073909390465961344e+00
1.266350761523046094e+04 7.082307746738794485e+00
1.268354278557114230e+04 7.090727208728846875e+00
1.270357795591182366e+04 7.099168810799985074e+00
1.272361312625250503e+04 7.107633601475503937e+00
1.274364829659318639e+04 7.116122643511856971e+00
1.276368346693386775e+04 7.124637013972116684e+00
1.278371863727454911e+04 7.133177804299704050e+00
1.280375380761523047e+04 7.141746120392022057e+00
1.282378897795591183e+04 7.150343082673979112e+00
1.284382414829659319e+04 7.158969826171657225e+00
1.286385931863727455e+04 7.234794431047690821e+00
1.305939771402100632e+04 7.328272107191580176e+00
1.325493610940473991e+04 7.421749783335469530e+00
1.345047450478847168e+04 7.515227459479358885e+00
1.364601290017220344e+04 7.608705135623246463e+00
1.384155129555593521e+04 7.702182811767135817e+00
1.403708969093966880e+04 7.795660487911025172e+00
1.423262808632340057e+04 7.889138164054912750e+00
1.442816648170713233e+04 7.982615840198802104e+00
1.462370487709086592e+04 8.076093516342691458e+00
1.481924327247459769e+04 8.169571192486579037e+00
1.501478166785832946e+04 8.263048868630468391e+00
1.521032006324206304e+04 8.356526544774357745e+00
1.540585845862579481e+04 8.450004220918247100e+00
1.560139685400952658e+04 8.543481897062134678e+00
1.579693524939325835e+04 8.636959573206024032e+00
1.599247364477699011e+04 8.730437249349911610e+00
1.618801204016072370e+04 8.823914925493800965e+00
1.638355043554445547e+04 8.917392601637690319e+00
1.657908883092818724e+04 9.010870277781577897e+00
1.677462722631192082e+04 9.104347953925469028e+00
1.697016562169565441e+04 9.197825630069358382e+00
1.716570401707938436e+04 9.291303306213245961e+00
1.736124241246311794e+04 9.384780982357135315e+00
1.755678080784685153e+04 9.478258658501024669e+00
1.775231920323058148e+04 9.571736334644912247e+00
1.794785759861431507e+04 9.665214010788801602e+00
1.814339599399804501e+04 9.758691686932689180e+00
1.833893438938177860e+04 9.852169363076578534e+00
1.853447278476550855e+04 9.945647039220466112e+00
1.873001118014924214e+04 1.003912471536435547e+01
1.892554957553297572e+04 1.013260239150824482e+01
1.912108797091670567e+04 1.022608006765213240e+01
1.931662636630043926e+04 1.031955774379602175e+01
1.951216476168417284e+04 1.041303541993991111e+01
1.970770315706790279e+04 1.050651309608380046e+01
1.990324155245163638e+04 1.059999077222768982e+01
2.009877994783536997e+04 1.069346844837157917e+01
2.029431834321909992e+04 1.078694612451546675e+01
2.048985673860283350e+04 1.088042380065935610e+01
2.068539513398656709e+04 1.097390147680324546e+01
2.088093352937029704e+04 1.106737915294713304e+01
2.107647192475403062e+04 1.116085682909102239e+01
2.127201032013776421e+04 1.125433450523491175e+01
2.146754871552149416e+04 1.134781218137879932e+01
2.166308711090522775e+04 1.144128985752268868e+01
2.185862550628896133e+04 1.153476753366657803e+01
2.205416390167269128e+04 1.162824520981046561e+01
2.224970229705642487e+04 1.172172288595435496e+01
2.244524069244015845e+04 1.181520056209824432e+01
2.264077908782388840e+04 1.190867823824213190e+01
2.283631748320761835e+04 1.200215591438601948e+01
2.303185587859135558e+04 1.209563359052991061e+01
2.322739427397508553e+04 1.218911126667379996e+01
2.342293266935881547e+04 1.228258894281768754e+01
2.361847106474254906e+04 1.237606661896157689e+01
2.381400946012628265e+04 1.246954429510546625e+01
2.400954785551001260e+04 1.256302197124935383e+01
2.420508625089374618e+04 1.265649964739324318e+01
2.440062464627747977e+04 1.274997732353713253e+01
2.459616304166120972e+04 1.284345499968102011e+01
2.479170143704494330e+04 1.293693267582490947e+01
2.498723983242867689e+04 1.303041035196879882e+01
2.518277822781240684e+04 1.312388802811268640e+01
2.537831662319614043e+04 1.321736570425657575e+01
2.557385501857987401e+04 1.331084338040046511e+01
2.576939341396360396e+04 1.340432105654435269e+01
2.596493180934733755e+04 1.349779873268824204e+01
2.616047020473107114e+04 1.359127640883213139e+01
2.635600860011480108e+04 1.368475408497601897e+01
2.655154699549853467e+04 1.377823176111990833e+01
2.674708539088226826e+04 1.387170943726379946e+01
2.694262378626599821e+04 1.396518711340768704e+01
2.713816218164973179e+04 1.405866478955157639e+01
2.733370057703346538e+04 1.415214246569546575e+01
2.752923897241719533e+04 1.424562014183935332e+01
2.772477736780092528e+04 1.433909781798324090e+01
2.792031576318466250e+04 1.443257549412713203e+01
2.811585415856839245e+04 1.452605317027101961e+01
2.831139255395212240e+04 1.461953084641490719e+01
2.850693094933585598e+04 1.471300852255879654e+01
2.870246934471958957e+04 1.480648619870268590e+01
2.889800774010331952e+04 1.489996387484657347e+01
2.909354613548705311e+04 1.499344155099046283e+01
2.928908453087078669e+04 1.508691922713435218e+01
2.948462292625451664e+04 1.518039690327823976e+01
2.968016132163825023e+04 1.527387457942212912e+01
2.987569971702198382e+04 1.536735225556601847e+01
3.007123811240571376e+04 1.546082993170990605e+01
3.026677650778944735e+04 1.555430760785379540e+01
3.046231490317318094e+04 1.564778528399768653e+01
3.065785329855691089e+04 1.574126296014157411e+01
3.085339169394064447e+04 1.583474063628546347e+01
3.104893008932437806e+04 1.592821831242935282e+01
3.124446848470810801e+04 1.602169598857323862e+01
3.144000688009184159e+04 1.611517366471712975e+01
3.163554527547557518e+04 1.620865134086101733e+01
3.183108367085930513e+04 1.630212901700490491e+01
3.202662206624303872e+04 1.639560669314879604e+01
3.222216046162676867e+04 1.648908436929268362e+01
3.241769885701050225e+04 1.658256204543657120e+01
3.261323725239423584e+04 1.667603972158046233e+01
3.280877564777796215e+04 1.676951739772434635e+01
3.300431404316169937e+04 1.686299507386823748e+01
3.319985243854543660e+04 1.695647275001212861e+01
3.339539083392916655e+04 1.704995042615601619e+01
3.359092922931289650e+04 1.714342810229990732e+01
3.378646762469662644e+04 1.723690577844379490e+01
3.398200602008035639e+04 1.733038345458768248e+01
3.417754441546409362e+04 1.742386113073157361e+01
3.437308281084782357e+04 1.751733880687546119e+01
3.456862120623156079e+04 1.761081648301935232e+01
3.476415960161529074e+04 1.770429415916323990e+01
3.495969799699902069e+04 1.779777183530712747e+01
3.515523639238275064e+04 1.789124951145101505e+01
3.535077478776648786e+04 1.798472718759490618e+01
3.554631318315021781e+04 1.807820486373879376e+01
3.574185157853395503e+04 1.817168253988268489e+01
3.593738997391768498e+04 1.826516021602657247e+01
3.613292836930141493e+04 1.835863789217046005e+01
3.632846676468514488e+04 1.845211556831434763e+01
3.652400516006888211e+04 1.854559324445823876e+01
3.671954355545261205e+04 1.863907092060212634e+01
3.691508195083634928e+04 1.873254859674601747e+01
3.711062034622007923e+04 1.882602627288990504e+01
3.730615874160380918e+04 1.891950394903379262e+01
3.750169713698753912e+04 1.901298162517768020e+01
3.769723553237126907e+04 1.910645930132156778e+01
3.789277392775500630e+04 1.919993697746545891e+01
3.808831232313874352e+04 1.929341465360935004e+01
3.828385071852247347e+04 1.938689232975323762e+01
3.847938911390620342e+04 1.948037000589712520e+01
3.867492750928993337e+04 1.957384768204101277e+01
3.887046590467366332e+04 1.966732535818490035e+01
3.906600430005740054e+04 1.976080303432879148e+01
3.926154269544113049e+04 1.985428071047267906e+01
3.945708109082486772e+04 1.994775838661657374e+01
3.965261948620859766e+04 2.004123606276046132e+01
3.984815788159232761e+04 2.013471373890434890e+01
4.004369627697605756e+04 2.022819141504823648e+01
4.023923467235979479e+04 2.032166909119212761e+01
4.043477306774352473e+04 2.041514676733601519e+01
4.063031146312726196e+04 2.050862444347990632e+01
4.082584985851099191e+04 2.060210211962379390e+01
4.102138825389472186e+04 2.069557979576768147e+01
4.121692664927845181e+04 2.078905747191156905e+01
4.141246504466218903e+04 2.088253514805546018e+01
4.160800344004591898e+04 2.097601282419934776e+01
4.180354183542965620e+04 2.106949050034323889e+01
4.199908023081338615e+04 2.116296817648712647e+01
4.219461862619711610e+04 2.125644585263101405e+01
4.239015702158084605e+04 2.134992352877490163e+01
4.258569541696457600e+04 2.144340120491878920e+01
4.278123381234831322e+04 2.153687888106268034e+01
4.297677220773205045e+04 2.163035655720657147e+01
4.317231060311578040e+04 2.172383423335045904e+01
4.336784899849951034e+04 2.181731190949434662e+01
4.356338739388324029e+04 2.191078958563823420e+01
4.375892578926697024e+04 2.200426726178212178e+01
4.395446418465070747e+04 2.209774493792601291e+01
4.415000258003443741e+04 2.219122261406990049e+01
4.434554097541817464e+04 2.228470029021379162e+01
4.454107937080190459e+04 2.237817796635767920e+01
4.473661776618563454e+04 2.247165564250156677e+01
4.493215616156936449e+04 2.256513331864545435e+01
4.512769455695310171e+04 2.265861099478934548e+01
4.532323295233683166e+04 2.275208867093323306e+01
4.551877134772056888e+04 2.284556634707712419e+01
4.571430974310429883e+04 2.293904402322101177e+01
4.590984813848802878e+04 2.303252169936489935e+01
4.610538653387175873e+04 2.312599937550878693e+01
4.630092492925549595e+04 2.321947705165267806e+01
4.649646332463922590e+04 2.331295472779656919e+01
4.669200172002295585e+04 2.340643240394045677e+01
4.688754011540669308e+04 2.349991008008434790e+01
4.708307851079042302e+04 2.359338775622823547e+01
4.727861690617415297e+04 2.368686543237212305e+01
4.747415530155789020e+04 2.378034310851601418e+01
4.766969369694162015e+04 2.387382078465990176e+01
4.786523209232535010e+04 2.396729846080378934e+01
4.806077048770908732e+04 2.406077613694768047e+01
4.825630888309281727e+04 2.415425381309156805e+01
4.845184727847654722e+04 2.424773148923545563e+01
4.864738567386028444e+04 2.434120916537934676e+01
4.884292406924401439e+04 2.443468684152323434e+01
4.903846246462774434e+04 2.452816451766712191e+01
4.923400086001148156e+04 2.462164219381101304e+01
4.942953925539521151e+04 2.471511986995490062e+01
4.962507765077894146e+04 2.480859754609878820e+01
4.982061604616267869e+04 2.490207522224267933e+01
5.001615444154640863e+04 2.499555289838656691e+01
5.021169283693013858e+04 2.508903057453045449e+01
5.040723123231387581e+04 2.518250825067434562e+01
5.060276962769760576e+04 2.527598592681823320e+01
5.079830802308133570e+04 2.536946360296212077e+01
5.099384641846506565e+04 2.546294127910600835e+01
5.118938481384880288e+04 2.555641895524989948e+01
5.138492320923253283e+04 2.564989663139378706e+01
5.158046160461626278e+04 2.574337430753767464e+01
5.177600000000000000e+04 2.583685198368156577e+01
