1.236650000000000091e+03 1.034774773599428244e+01
1.248104609218436963e+03 1.039972819085408773e+01
1.259559218436873834e+03 1.045113133007752992e+01
1.271013827655310706e+03 1.050196177194805180e+01
1.282468436873747578e+03 1.055222411425523354e+01
1.293923046092184450e+03 1.060192293432833743e+01
1.305377655310621321e+03 1.065106278906987747e+01
1.316832264529058193e+03 1.069964821498917829e+01
1.328286873747495065e+03 1.074768372823593943e+01
1.339741482965931937e+03 1.079517382463379072e+01
1.351196092184368808e+03 1.084212297971384587e+01
1.362650701402805680e+03 1.088853564874829338e+01
1.374105310621242552e+03 1.093441626678391820e+01
1.385559919839679424e+03 1.097976924867569615e+01
1.397014529058116295e+03 1.102459898912032621e+01
1.408469138276553167e+03 1.106890986268981791e+01
1.419923747494990039e+03 1.111270622386503604e+01
1.431378356713426911e+03 1.115599240706926132e+01
1.442832965931863782e+03 1.119877272670176538e+01
1.454287575150300654e+03 1.124105147717135011e+01
1.465742184368737526e+03 1.128283293292993505e+01
1.477196793587174398e+03 1.132412134850608965e+01
1.488651402805611269e+03 1.136492095853861706e+01
1.500106012024048141e+03 1.140523597781010423e+01
1.511560621242485013e+03 1.144507060128048614e+01
1.523015230460921885e+03 1.148442900412060297e+01
1.534469839679358756e+03 1.152331534174576255e+01
1.545924448897795628e+03 1.156173374984931712e+01
1.557379058116232500e+03 1.159968834443619201e+01
1.568833667334669371e+03 1.163718322185646414e+01
1.580288276553106243e+03 1.167422245883894405e+01
1.591742885771543115e+03 1.171081011252470105e+01
1.603197494989979987e+03 1.174695022050063642e+01
1.614652104208416858e+03 1.178264680083305116e+01
1.626106713426853730e+03 1.181790385210120675e+01
1.637561322645290602e+03 1.185272535343087341e+01
1.649015931863727474e+03 1.188711526452791745e+01
1.660470541082164345e+03 1.192107752571182999e+01
1.671925150300601217e+03 1.195461605794929838e+01
1.683379759519038089e+03 1.198773476288778639e+01
1.694834368737474961e+03 1.202043752288907363e+01
1.706288977955911832e+03 1.205272820106281983e+01
1.717743587174348704e+03 1.208461064130014151e+01
1.729198196392785576e+03 1.211608866830714604e+01
1.740652805611222448e+03 1.214716608763850836e+01
1.752107414829659319e+03 1.217784668573104057e+01
1.763562024048096191e+03 1.220813422993724195e+01
1.775016633266533063e+03 1.223803246855885263e+01
1.786471242484969935e+03 1.226754513088042842e+01
1.797925851703406806e+03 1.229667592720289981e+01
1.809380460921843678e+03 1.232542854887712380e+01
1.820835070140280550e+03 1.235380666833745522e+01
1.832289679358717422e+03 1.238181393913528971e+01
1.843744288577154293e+03 1.240945399597265641e+01
1.855198897795591165e+03 1.243673045473576089e+01
1.866653507014028037e+03 1.246364691252852808e+01
1.878108116232464909e+03 1.249020694770618789e+01
1.889562725450901780e+03 1.251641411990884478e+01
1.901017334669338652e+03 1.254227197009500649e+01
1.912471943887775524e+03 1.256778402057516253e+01
1.923926553106212623e+03 1.259295377504535374e+01
1.935381162324649267e+03 1.261778471862070639e+01
1.946835771543086366e+03 1.264228031786903372e+01
1.958290380761523011e+03 1.266644402084436116e+01
1.969744989979960110e+03 1.269027925712049942e+01
1.981199599198396754e+03 1.271378943782461057e+01
1.992654208416833853e+03 1.273697795567075808e+01
2.004108817635270498e+03 1.275984818499348172e+01
2.015563426853707597e+03 1.278240348178134411e+01
2.027018036072144241e+03 1.280464718371050203e+01
2.038472645290581340e+03 1.282658261017826717e+01
2.049927254509017985e+03 1.284821306233665972e+01
2.061381863727455311e+03 1.286954182312597261e+01
2.072836472945891728e+03 1.289057215730833583e+01
2.084291082164328600e+03 1.291130731150126110e+01
2.095745691382765472e+03 1.293175051421125410e+01
2.107200300601202343e+03 1.295190497586729350e+01
2.118654909819639215e+03 1.297177388885446980e+01
2.130109519038076087e+03 1.299136042754748388e+01
2.141564128256512959e+03 1.301066774834426454e+01
2.153018737474949830e+03 1.302969898969948837e+01
2.164473346693386702e+03 1.304845727215815288e+01
2.175927955911823574e+03 1.306694569838914077e+01
2.187382565130260446e+03 1.308516735321878599e+01
2.198837174348697317e+03 1.310312530366441308e+01
2.210291783567134189e+03 1.312082259896792635e+01
2.221746392785571061e+03 1.313826227062935104e+01
2.233201002004007933e+03 1.315544733244039577e+01
2.244655611222444804e+03 1.317238078051803818e+01
2.256110220440881676e+03 1.318906559333804118e+01
2.267564829659318548e+03 1.320550473176854922e+01
2.279019438877755420e+03 1.322170113910364186e+01
2.290474048096192291e+03 1.323765774109688920e+01
2.301928657314629163e+03 1.325337744599491252e+01
2.313383266533066035e+03 1.326886314457095217e+01
2.324837875751502906e+03 1.328411771015843001e+01
2.336292484969939778e+03 1.329914399868447639e+01
2.347747094188376650e+03 1.331394484870355477e+01
2.359201703406813976e+03 1.332852308143097275e+01
2.370656312625250393e+03 1.334288150077645696e+01
2.382110921843687720e+03 1.335702289337771198e+01
2.393565531062124137e+03 1.337095002863399529e+01
2.405020140280561463e+03 1.338466565873964598e+01
2.416474749498997880e+03 1.339817251871769699e+01
2.427929358717435207e+03 1.341147332645337009e+01
2.439383967935871624e+03 1.342457078272770943e+01
2.450838577154308950e+03 1.343746757125107294e+01
2.462293186372745367e+03 1.345016635869674815e+01
2.473747795591182694e+03 1.346266979473448089e+01
2.485202404809619111e+03 1.347498051206405734e+01
2.496657014028056437e+03 1.348710112644883274e+01
2.508111623246492854e+03 1.349903423674933300e+01
2.519566232464929726e+03 1.351078242495679760e+01
2.531020841683366598e+03 1.352234825622672076e+01
2.542475450901803470e+03 1.353373427891244241e+01
2.553930060120240341e+03 1.354494302459870880e+01
2.565384669338677213e+03 1.355597700813520134e+01
2.576839278557114085e+03 1.356683872767012744e+01
2.588293887775550957e+03 1.357753066468376879e+01
2.599748496993987828e+03 1.358805528402207230e+01
2.611203106212424700e+03 1.359841503393014150e+01
2.622657715430861572e+03 1.360861234608587012e+01
2.634112324649298444e+03 1.361864963563347075e+01
2.645566933867735315e+03 1.362852930121703210e+01
2.657021543086172187e+03 1.363825372501408140e+01
2.668476152304609059e+03 1.364782527276917179e+01
2.679930761523045931e+03 1.365724629382740396e+01
2.691385370741482802e+03 1.366651912116801348e+01
2.702839979959919674e+03 1.367564607143791733e+01
2.714294589178356546e+03 1.368462944498528699e+01
2.725749198396793417e+03 1.369347152589309502e+01
2.737203807615230289e+03 1.370217458201270233e+01
2.748658416833667161e+03 1.371074086499739408e+01
2.760113026052104033e+03 1.371917261033592972e+01
2.771567635270540904e+03 1.372747203738614630e+01
2.783022244488977776e+03 1.373564134940848369e+01
2.794476853707414648e+03 1.374368273359956127e+01
2.805931462925851520e+03 1.375159836112573508e+01
2.817386072144288391e+03 1.375939038715665674e+01
2.828840681362725718e+03 1.376706095089883419e+01
2.840295290581162590e+03 1.377461217562919948e+01
2.851749899799599461e+03 1.378204616872866950e+01
2.863204509018036333e+03 1.378936502171569067e+01
2.874659118236473205e+03 1.379657081027981391e+01
2.886113727454910077e+03 1.380366559431525886e+01
2.897568336673346494e+03 1.381065141795446927e+01
2.909022945891783820e+03 1.381753030960167017e+01
2.920477555110220237e+03 1.382430428196643923e+01
2.931932164328657564e+03 1.383097533209725860e+01
2.943386773547093981e+03 1.383754544141505960e+01
2.954841382765531307e+03 1.384401657574684208e+01
2.966295991983967724e+03 1.385039068535916051e+01
2.977750601202405051e+03 1.385666970499173622e+01
2.989205210420841468e+03 1.386285555389099855e+01
3.000659819639278794e+03 1.386895013584365977e+01
3.012114428857715211e+03 1.387495533921025626e+01
3.023569038076152538e+03 1.388087303695870389e+01
3.035023647294588955e+03 1.388670508669792802e+01
3.046478256513026281e+03 1.389245333071128918e+01
3.057932865731462698e+03 1.389811959599029478e+01
3.069387474949900025e+03 1.390370569426807101e+01
3.080842084168336442e+03 1.390921342205293243e+01
3.092296693386773768e+03 1.391464456066195687e+01
3.103751302605210185e+03 1.392000087625456217e+01
3.115205911823647511e+03 1.392528411986601178e+01
3.126660521042083928e+03 1.393049602744107140e+01
3.138115130260521255e+03 1.393563831986744717e+01
3.149569739478957672e+03 1.394071270300944931e+01
3.161024348697394998e+03 1.394572086774150144e+01
3.172478957915831415e+03 1.395066448998173136e+01
3.183933567134268742e+03 1.395554523072549102e+01
3.195388176352705159e+03 1.396036473607895800e+01
3.206842785571142485e+03 1.396512463729267317e+01
3.218297394789578902e+03 1.396982655079510671e+01
3.229752004008016229e+03 1.397447207822623128e+01
3.241206613226452646e+03 1.397906280647106492e+01
3.252661222444889972e+03 1.398360030769324780e+01
3.264115831663326389e+03 1.398808613936858514e+01
3.275570440881763716e+03 1.399252184431862389e+01
3.287025050100200133e+03 1.399690895074421348e+01
3.298479659318637459e+03 1.400124897225903453e+01
3.309934268537073876e+03 1.400554340792323949e+01
3.321388877755511203e+03 1.400979374227690499e+01
3.332843486973947620e+03 1.401400144537367609e+01
3.344298096192384946e+03 1.401816797281428961e+01
3.355752705410821363e+03 1.402229476578017930e+01
3.367207314629258690e+03 1.402638325106695660e+01
3.378661923847695107e+03 1.403043484111803885e+01
3.390116533066132433e+03 1.403445093405818156e+01
3.401571142284568850e+03 1.403843291372706403e+01
3.413025751503006177e+03 1.404238214971283050e+01
3.424480360721442594e+03 1.404629999738562240e+01
3.435934969939879920e+03 1.405018779793121020e+01
3.447389579158316337e+03 1.405404687838449185e+01
3.458844188376753664e+03 1.405787855166309974e+01
3.470298797595190081e+03 1.406168411660090811e+01
3.481753406813627407e+03 1.406546485798165236e+01
3.493208016032063824e+03 1.406922204657243647e+01
3.504662625250501151e+03 1.407295693915735058e+01
3.516117234468937568e+03 1.407667077857097304e+01
3.527571843687374894e+03 1.408036479373198446e+01
3.539026452905811311e+03 1.408404019967665732e+01
3.550481062124248638e+03 1.408769819759253927e+01
3.561935671342685055e+03 1.409133997485187884e+01
3.573390280561122381e+03 1.409496670504527671e+01
3.584844889779558798e+03 1.409857954801518254e+01
3.596299498997996125e+03 1.410217964988952666e+01
3.607754108216432542e+03 1.410576814311521865e+01
3.619208717434869868e+03 1.410934614649173469e+01
3.630663326653306285e+03 1.411291476520469246e+01
3.642117935871743612e+03 1.411647509085940300e+01
3.653572545090180029e+03 1.412002820151437632e+01
3.665027154308617355e+03 1.412357516171499761e+01
3.676481763527053772e+03 1.412711702252699375e+01
3.687936372745491099e+03 1.413065482156998698e+01
3.699390981963927516e+03 1.413418958305114614e+01
3.710845591182364842e+03 1.413772231779868349e+01
3.722300200400801259e+03 1.414125402329538161e+01
3.733754809619238586e+03 1.414478568371225009e+01
3.745209418837675003e+03 1.414831826994200981e+01
3.756664028056112329e+03 1.415185273963269630e+01
3.768118637274548746e+03 1.415539003722116718e+01
3.779573246492986073e+03 1.415893109396673211e+01
3.791027855711422490e+03 1.416247682798466734e+01
3.802482464929859361e+03 1.416602814427978707e+01
3.813937074148296233e+03 1.416958593478002193e+01
3.825391683366733105e+03 1.417315107836995836e+01
3.836846292585169977e+03 1.417672444092439399e+01
3.848300901803606848e+03 1.418030687534191436e+01
3.859755511022043720e+03 1.418389922157848204e+01
3.871210120240480592e+03 1.418750230668091206e+01
3.882664729458917463e+03 1.419111694482054098e+01
3.894119338677354335e+03 1.419474393732669348e+01
3.905573947895791207e+03 1.419838407272029812e+01
3.917028557114228079e+03 1.420203812674743737e+01
3.928483166332665405e+03 1.420570686241291725e+01
3.939937775551102277e+03 1.420939103001378534e+01
3.951392384769539149e+03 1.421309136717294130e+01
3.962846993987976020e+03 1.421680859887269222e+01
3.974301603206412892e+03 1.422054343748826177e+01
3.985756212424849764e+03 1.422429658282141318e+01
3.997210821643286636e+03 1.422806872213400986e+01
4.008665430861723507e+03 1.423186053018152286e+01
4.020120040080160379e+03 1.423567266924661112e+01
4.031574649298597251e+03 1.423950578917273013e+01
4.043029258517034123e+03 1.424336052739763581e+01
4.054483867735470994e+03 1.424723750898697006e+01
4.065938476953907866e+03 1.425113734666782328e+01
4.077393086172344738e+03 1.425506064086226843e+01
4.088847695390781610e+03 1.425900797972095368e+01
4.100302304609218481e+03 1.426297993915667739e+01
4.111756913827655808e+03 1.426697708287790256e+01
4.123211523046092225e+03 1.427099996242233360e+01
4.134666132264528642e+03 1.427504911719050362e+01
4.146120741482965968e+03 1.427912507447930146e+01
4.157575350701403295e+03 1.428322834951553411e+01
4.169029959919839712e+03 1.428735944548954784e+01
4.180484569138276129e+03 1.429151885358869301e+01
4.191939178356713455e+03 1.429570705303093803e+01
4.203393787575150782e+03 1.429992451109845497e+01
4.214848396793587199e+03 1.430417168317113408e+01
4.226303006012023616e+03 1.430844901276016401e+01
4.237757615230460942e+03 1.431275693154160322e+01
4.249212224448898269e+03 1.431709585938987850e+01
4.260666833667334686e+03 1.432146620441147000e+01
4.272121442885771103e+03 1.432586836297834409e+01
4.283576052104208429e+03 1.433030271976159575e+01
4.295030661322645756e+03 1.433476964776497020e+01
4.306485270541082173e+03 1.433926950835843250e+01
4.317939879759518590e+03 1.434380265131173182e+01
4.329394488977955916e+03 1.434836941482799588e+01
4.340849098196393243e+03 1.435297012557721708e+01
4.352303707414829660e+03 1.435760509872987356e+01
4.363758316633266077e+03 1.436227463799045978e+01
4.375212925851703403e+03 1.436697903563107026e+01
4.386667535070140730e+03 1.437171857252494256e+01
4.398122144288577147e+03 1.437649351818005705e+01
4.409576753507013564e+03 1.438130413077260705e+01
4.421031362725450890e+03 1.438615065718066788e+01
4.432485971943888217e+03 1.439103333301769716e+01
4.443940581162324634e+03 1.439595238266608135e+01
4.455395190380761960e+03 1.440090801931075326e+01
4.466849799599198377e+03 1.440590044497271371e+01
4.478304408817635704e+03 1.441092985054259579e+01
4.489759018036072121e+03 1.441599641581425573e+01
4.501213627254509447e+03 1.442110030951827859e+01
4.512668236472945864e+03 1.442624168935558870e+01
4.524122845691383191e+03 1.443142070203097127e+01
4.535577454909819608e+03 1.443663748328668106e+01
4.547032064128256025e+03 1.444189215793595693e+01
4.558486673346693351e+03 1.444718483989658431e+01
4.569941282565130678e+03 1.445251563222456781e+01
4.581395891783567095e+03 1.445788462714746281e+01
4.592850501002003512e+03 1.446329190609817772e+01
4.604305110220440838e+03 1.446873753974838017e+01
4.615759719438878165e+03 1.447422158804210746e+01
4.627214328657314582e+03 1.447974410022934855e+01
4.638668937875750999e+03 1.448530511489958350e+01
4.650123547094188325e+03 1.449090466001533173e+01
4.661578156312625651e+03 1.449654275294570915e+01
4.673032765531062068e+03 1.450221940050004754e+01
4.684487374749498485e+03 1.450793459896137172e+01
4.695941983967935812e+03 1.451368833412007042e+01
4.707396593186373138e+03 1.451948058130729180e+01
4.718851202404809555e+03 1.452531130542867999e+01
4.730305811623245972e+03 1.453118046099781502e+01
4.741760420841683299e+03 1.453708799216986236e+01
4.753215030060120625e+03 1.454303383277502526e+01
4.764669639278557042e+03 1.454901790635223158e+01
4.776124248496993459e+03 1.455504012618257725e+01
4.787578857715430786e+03 1.456110039532298472e+01
4.799033466933868112e+03 1.456719860663974409e+01
4.810488076152304529e+03 1.457333464284194235e+01
4.821942685370740946e+03 1.457950837651525156e+01
4.833397294589178273e+03 1.458571967015532245e+01
4.844851903807615599e+03 1.459196837620136655e+01
4.856306513026052016e+03 1.459825433706979148e+01
4.867761122244488433e+03 1.460457738518773319e+01
4.879215731462925760e+03 1.461093734302652969e+01
4.890670340681363086e+03 1.461733402313537944e+01
4.902124949899800413e+03 1.462376722817492869e+01
4.913579559118235920e+03 1.463023675095068121e+01
4.925034168336673247e+03 1.463674237444674198e+01
4.936488777555110573e+03 1.464328387185926061e+01
4.947943386773547900e+03 1.464986100662998147e+01
4.959397995991983407e+03 1.465647353247992868e+01
4.970852605210420734e+03 1.466312119344286025e+01
4.982307214428858060e+03 1.466980372389879683e+01
4.993761823647295387e+03 1.467652084860769790e+01
5.005216432865730894e+03 1.468327228274299046e+01
5.016671042084168221e+03 1.469005773192501962e+01
5.028125651302605547e+03 1.469687689225473193e+01
5.039580260521042874e+03 1.470372945034726264e+01
5.051034869739478381e+03 1.471061508336530288e+01
5.062489478957915708e+03 1.471753345905291610e+01
5.073944088176353034e+03 1.472448423576896914e+01
5.085398697394790361e+03 1.473146706252056504e+01
5.096853306613225868e+03 1.473848157899688260e+01
5.108307915831663195e+03 1.474552741560252400e+01
5.119762525050100521e+03 1.475260419349113228e+01
5.131217134268537848e+03 1.475971152459901070e+01
5.142671743486973355e+03 1.476684901167861952e+01
5.154126352705410682e+03 1.477401624833211180e+01
5.165580961923848008e+03 1.478121281904499895e+01
5.177035571142285335e+03 1.478843829921961728e+01
5.188490180360721752e+03 1.479569225520874021e+01
5.199944789579158169e+03 1.480297424434907683e+01
5.211399398797595495e+03 1.481028381499486990e+01
5.222854008016032822e+03 1.481762050655160934e+01
5.234308617234469239e+03 1.482498384950925008e+01
5.245763226452905656e+03 1.483237336547606411e+01
5.257217835671342982e+03 1.483978856721211415e+01
5.268672444889779399e+03 1.484722895866276993e+01
5.280127054108216726e+03 1.485469403499237373e+01
5.291581663326653143e+03 1.486218328261761279e+01
5.303036272545090469e+03 1.486969617924138021e+01
5.314490881763526886e+03 1.487723219388596441e+01
5.325945490981964213e+03 1.488479078692694557e+01
5.337400100200400630e+03 1.489237141012652721e+01
5.348854709418837956e+03 1.489997350666724962e+01
5.360309318637274373e+03 1.490759651118547247e+01
5.371763927855711700e+03 1.491523984980491058e+01
5.383218537074148117e+03 1.492290294017024443e+01
5.394673146292585443e+03 1.493058519148065777e+01
5.406127755511021860e+03 1.493828600452351196e+01
5.417582364729459186e+03 1.494600477170764918e+01
5.429036973947895603e+03 1.495374087709723554e+01
5.440491583166332930e+03 1.496149369644514060e+01
5.451946192384769347e+03 1.496926259722653185e+01
5.463400801603206673e+03 1.497704693867253134e+01
5.474855410821643090e+03 1.498484607180365025e+01
5.486310020040080417e+03 1.499265933946338869e+01
5.497764629258516834e+03 1.500048607635186393e+01
5.509219238476954160e+03 1.500832560905928226e+01
5.520673847695390577e+03 1.501617725609951393e+01
5.532128456913827904e+03 1.502404032794373023e+01
5.543583066132264321e+03 1.503191412705391983e+01
5.555037675350701647e+03 1.503979794791635172e+01
5.566492284569138064e+03 1.504769107707528875e+01
5.577946893787575391e+03 1.505559279316651455e+01
5.589401503006011808e+03 1.506350236695077172e+01
5.600856112224449134e+03 1.507141906134751608e+01
5.612310721442885551e+03 1.507934213146830871e+01
5.623765330661322878e+03 1.508727082465043345e+01
5.635219939879759295e+03 1.509520438049054647e+01
5.646674549098195712e+03 1.510314203087809481e+01
5.658129158316633038e+03 1.511108300002904592e+01
5.669583767535070365e+03 1.511902650451913388e+01
5.681038376753507691e+03 1.512697175331783939e+01
5.692492985971943199e+03 1.513491794782163957e+01
5.703947595190380525e+03 1.514286428188777300e+01
5.715402204408817852e+03 1.515080994186751795e+01
5.726856813627255178e+03 1.515875410664014922e+01
5.738311422845690686e+03 1.516669594764612583e+01
5.749766032064128012e+03 1.517463462892086667e+01
5.761220641282565339e+03 1.518256930712828634e+01
5.772675250501002665e+03 1.519049913159434162e+01
5.784129859719438173e+03 1.519842324434043768e+01
5.795584468937875499e+03 1.520634078011731205e+01
5.807039078156312826e+03 1.521425086643830937e+01
5.818493687374750152e+03 1.522215262361301136e+01
5.829948296593185660e+03 1.523004516478094317e+01
5.841402905811622986e+03 1.523792759594497248e+01
5.852857515030060313e+03 1.524579901600489862e+01
5.864312124248497639e+03 1.525365851679103102e+01
5.875766733466933147e+03 1.526150518309780857e+01
5.887221342685370473e+03 1.526933809271723952e+01
5.898675951903807800e+03 1.527715631647257233e+01
5.910130561122245126e+03 1.528495891825184394e+01
5.921585170340680634e+03 1.529274495504138009e+01
5.933039779559117960e+03 1.530051347695929032e+01
5.944494388777555287e+03 1.530826352728929862e+01
5.955948997995992613e+03 1.531599414251401292e+01
5.967403607214428121e+03 1.532370435234867223e+01
5.978858216432865447e+03 1.533139317977460081e+01
5.990312825651302774e+03 1.533905964107282571e+01
6.001767434869740100e+03 1.534670274585755578e+01
6.013222044088175608e+03 1.535432149710994665e+01
6.024676653306612934e+03 1.536191489121137721e+01
6.036131262525050261e+03 1.536948191797725904e+01
6.047585871743487587e+03 1.537702156069047810e+01
6.059040480961923095e+03 1.538453279613485591e+01
6.070495090180360421e+03 1.539201459462898924e+01
6.081949699398797748e+03 1.539946592005958514e+01
6.093404308617235074e+03 1.540688572991502525e+01
6.104858917835670582e+03 1.541427297531909524e+01
6.116313527054107908e+03 1.542162660106432526e+01
6.127768136272545235e+03 1.542894554564581178e+01
6.139222745490982561e+03 1.543622874129444611e+01
6.150677354709418978e+03 1.544347511401074335e+01
6.162131963927855395e+03 1.545068358359842087e+01
6.173586573146292722e+03 1.545785306369762857e+01
6.185041182364730048e+03 1.546498246181898395e+01
6.196495791583166465e+03 1.547207067937674196e+01
6.207950400801602882e+03 1.547911661172249076e+01
6.219405010020040208e+03 1.548611914817880830e+01
6.230859619238477535e+03 1.549307717207277513e+01
6.242314228456913952e+03 1.549998956076924372e+01
6.253768837675350369e+03 1.550685518570498189e+01
6.265223446893787695e+03 1.551367291242166679e+01
6.276678056112225022e+03 1.552044160059978495e+01
6.288132665330661439e+03 1.552716010409212899e+01
6.299587274549097856e+03 1.553382727095728200e+01
6.311041883767535182e+03 1.554044194349316932e+01
6.322496492985972509e+03 1.554700295827076140e+01
6.333951102204408926e+03 1.555350914616746039e+01
6.345405711422845343e+03 1.555995933240080831e+01
6.356860320641282669e+03 1.556635233656193229e+01
6.368314929859719086e+03 1.557268697264922075e+01
6.379769539078156413e+03 1.557896204910176330e+01
6.391224148296592830e+03 1.558517636883296831e+01
6.402678757515030156e+03 1.559132872926416802e+01
6.414133366733466573e+03 1.559741792235818636e+01
6.425587975951903900e+03 1.560344273465260478e+01
6.437042585170340317e+03 1.560940194729386121e+01
6.448497194388777643e+03 1.561529433607041106e+01
6.459951803607214060e+03 1.562111867144631638e+01
6.471406412825651387e+03 1.562687371859496466e+01
6.482861022044087804e+03 1.563255823743260642e+01
6.494315631262525130e+03 1.563817098265167616e+01
6.505770240480961547e+03 1.564371070375470651e+01
6.517224849699398874e+03 1.564917614508773980e+01
6.528679458917835291e+03 1.565456604587366840e+01
6.540134068136272617e+03 1.565987914024615257e+01
6.551588677354709034e+03 1.566511415728311896e+01
6.563043286573146361e+03 1.567026982103996069e+01
6.574497895791582778e+03 1.567534485058357951e+01
6.585952505010020104e+03 1.568033796002567115e+01
6.597407114228456521e+03 1.568524785855627179e+01
6.608861723446893848e+03 1.569007325047753199e+01
6.620316332665330265e+03 1.569481283523710502e+01
6.631770941883767591e+03 1.569946530746163660e+01
6.643225551102204918e+03 1.570402935699055291e+01
6.654680160320641335e+03 1.570850366890946681e+01
6.666134769539077752e+03 1.571288692358379357e+01
6.677589378757515078e+03 1.571717779669216419e+01
6.689043987975952405e+03 1.572137495926032180e+01
6.700498597194388822e+03 1.572547707769433423e+01
6.711953206412825239e+03 1.572948281381431990e+01
6.723407815631262565e+03 1.573339082488801743e+01
6.734862424849699892e+03 1.573719976366426820e+01
6.746317034068136309e+03 1.574090827840662321e+01
6.757771643286572726e+03 1.574451501292706190e+01
6.769226252505010052e+03 1.574801860661913366e+01
6.780680861723447379e+03 1.575141769449196794e+01
6.792135470941883796e+03 1.575471090720351164e+01
6.803590080160320213e+03 1.575789687109442561e+01
6.815044689378757539e+03 1.576097420822126338e+01
6.826499298597194866e+03 1.576394153639020779e+01
6.837953907815631283e+03 1.576679746919087322e+01
6.849408517034067700e+03 1.576954061602933521e+01
6.860863126252505026e+03 1.577216958216208198e+01
6.872317735470942353e+03 1.577468296872969233e+01
6.883772344689378770e+03 1.577707937278985284e+01
6.895226953907815187e+03 1.577935738735144966e+01
6.906681563126252513e+03 1.585239565880874224e+01
7.011723364316572770e+03 1.591477631152940830e+01
7.116765165506893027e+03 1.597715696425007259e+01
7.221806966697213284e+03 1.603953761697074043e+01
7.326848767887533540e+03 1.610191826969140294e+01
7.431890569077853797e+03 1.616429892241206900e+01
7.536932370268174054e+03 1.622667957513273507e+01
7.641974171458495221e+03 1.628906022785340113e+01
7.747015972648815477e+03 1.635144088057406719e+01
7.852057773839135734e+03 1.641382153329473326e+01
7.957099575029455991e+03 1.647620218601539932e+01
8.062141376219776248e+03 1.653858283873606538e+01
8.167183177410096505e+03 1.660096349145673145e+01
8.272224978600417671e+03 1.666334414417739751e+01
8.377266779790737928e+03 1.672572479689806357e+01
8.482308580981058185e+03 1.678810544961872964e+01
8.587350382171378442e+03 1.685048610233939570e+01
8.692392183361698699e+03 1.691286675506006176e+01
8.797433984552018956e+03 1.697524740778072783e+01
8.902475785742339212e+03 1.703762806050139034e+01
9.007517586932659469e+03 1.710000871322205995e+01
9.112559388122979726e+03 1.716238936594272246e+01
9.217601189313299983e+03 1.722477001866338853e+01
9.322642990503620240e+03 1.728715067138405459e+01
9.427684791693940497e+03 1.734953132410472065e+01
9.532726592884260754e+03 1.741191197682538672e+01
9.637768394074581010e+03 1.747429262954605278e+01
9.742810195264901267e+03 1.753667328226671884e+01
9.847851996455221524e+03 1.759905393498738491e+01
9.952893797645541781e+03 1.766143458770805097e+01
1.005793559883586204e+04 1.772381524042871703e+01
1.016297740002618229e+04 1.778619589314938310e+01
1.026801920121650255e+04 1.784857654587004561e+01
1.037306100240682281e+04 1.791095719859071522e+01
1.047810280359714307e+04 1.797333785131137773e+01
1.058314460478746514e+04 1.803571850403204735e+01
1.068818640597778540e+04 1.809809915675270986e+01
1.079322820716810566e+04 1.816047980947337948e+01
1.089827000835842591e+04 1.822286046219404199e+01
1.100331180954874617e+04 1.828524111491471160e+01
1.110835361073906643e+04 1.834762176763537411e+01
1.121339541192938668e+04 1.841000242035604018e+01
1.131843721311970694e+04 1.847238307307670624e+01
1.142347901431002720e+04 1.853476372579737230e+01
1.152852081550034745e+04 1.859714437851803837e+01
1.163356261669066771e+04 1.865952503123870443e+01
1.173860441788098797e+04 1.872190568395937049e+01
1.184364621907130822e+04 1.878428633668003656e+01
1.194868802026162848e+04 1.884666698940070262e+01
1.205372982145195056e+04 1.890904764212136868e+01
1.215877162264227081e+04 1.897142829484203475e+01
1.226381342383259107e+04 1.903380894756270081e+01
1.236885522502291133e+04 1.909618960028336687e+01
1.247389702621323158e+04 1.915857025300403293e+01
1.257893882740355184e+04 1.922095090572469900e+01
1.268398062859387210e+04 1.928333155844536151e+01
1.278902242978419235e+04 1.934571221116603112e+01
1.289406423097451261e+04 1.940809286388669364e+01
1.299910603216483287e+04 1.947047351660735970e+01
1.310414783335515313e+04 1.953285416932802576e+01
1.320918963454547338e+04 1.959523482204869183e+01
1.331423143573579364e+04 1.965761547476935789e+01
1.341927323692611390e+04 1.971999612749002395e+01
1.352431503811643415e+04 1.978237678021069001e+01
1.362935683930675441e+04 1.984475743293135608e+01
1.373439864049707467e+04 1.990713808565202214e+01
1.383944044168739492e+04 1.996951873837268465e+01
1.394448224287771518e+04 2.003189939109335427e+01
1.404952404406803544e+04 2.009428004381401678e+01
1.415456584525835569e+04 2.015666069653468639e+01
1.425960764644867595e+04 2.021904134925534890e+01
1.436464944763899621e+04 2.028142200197601852e+01
1.446969124882931646e+04 2.034380265469668103e+01
1.457473305001963672e+04 2.040618330741734709e+01
1.467977485120995698e+04 2.046856396013801316e+01
1.478481665240027723e+04 2.053094461285867922e+01
1.488985845359059749e+04 2.059332526557934528e+01
1.499490025478091775e+04 2.065570591830001135e+01
1.509994205597123982e+04 2.071808657102067741e+01
1.520498385716156008e+04 2.078046722374134347e+01
1.531002565835188034e+04 2.084284787646200954e+01
1.541506745954220060e+04 2.090522852918267560e+01
1.552010926073252085e+04 2.096760918190334166e+01
1.562515106192284111e+04 2.102998983462400417e+01
1.573019286311316137e+04 2.109237048734467379e+01
1.583523466430348162e+04 2.115475114006533630e+01
1.594027646549380188e+04 2.121713179278600592e+01
1.604531826668412214e+04 2.127951244550666843e+01
1.615036006787444239e+04 2.134189309822733804e+01
1.625540186906476265e+04 2.140427375094800055e+01
1.636044367025508291e+04 2.146665440366866662e+01
1.646548547144540498e+04 2.152903505638933268e+01
1.657052727263572160e+04 2.159141570910999519e+01
1.667556907382604550e+04 2.165379636183066481e+01
1.678061087501636212e+04 2.171617701455132732e+01
1.688565267620668601e+04 2.177855766727199693e+01
1.699069447739700263e+04 2.184093831999265944e+01
1.709573627858732652e+04 2.190331897271332906e+01
1.720077807977764678e+04 2.196569962543399512e+01
1.730581988096796704e+04 2.202808027815466119e+01
1.741086168215828729e+04 2.209046093087532370e+01
1.751590348334860755e+04 2.215284158359599331e+01
1.762094528453892781e+04 2.221522223631665582e+01
1.772598708572924807e+04 2.227760288903732544e+01
1.783102888691956832e+04 2.233998354175798795e+01
1.793607068810988858e+04 2.240236419447865757e+01
1.804111248930020884e+04 2.246474484719932008e+01
1.814615429049052909e+04 2.252712549991998614e+01
1.825119609168084935e+04 2.258950615264065220e+01
1.835623789287116961e+04 2.265188680536131827e+01
1.846127969406148986e+04 2.271426745808198433e+01
1.856632149525181012e+04 2.277664811080265039e+01
1.867136329644213038e+04 2.283902876352331646e+01
1.877640509763245063e+04 2.290140941624397897e+01
1.888144689882277089e+04 2.296379006896464858e+01
1.898648870001309115e+04 2.302617072168531109e+01
1.909153050120341140e+04 2.308855137440598071e+01
1.919657230239373166e+04 2.315093202712664322e+01
1.930161410358405556e+04 2.321331267984731284e+01
1.940665590477437217e+04 2.327569333256797535e+01
1.951169770596469607e+04 2.333807398528864496e+01
1.961673950715501269e+04 2.340045463800930747e+01
1.972178130834533658e+04 2.346283529072997709e+01
1.982682310953565320e+04 2.352521594345063960e+01
1.993186491072597710e+04 2.358759659617130922e+01
2.003690671191629372e+04 2.364997724889197173e+01
2.014194851310661761e+04 2.371235790161264134e+01
2.024699031429693423e+04 2.377473855433330385e+01
2.035203211548725812e+04 2.383711920705396992e+01
2.045707391667757474e+04 2.389949985977463598e+01
2.056211571786789864e+04 2.396188051249530204e+01
2.066715751905821526e+04 2.402426116521596811e+01
2.077219932024853915e+04 2.408664181793663417e+01
2.087724112143885577e+04 2.414902247065729668e+01
2.098228292262917967e+04 2.421140312337796274e+01
2.108732472381949628e+04 2.427378377609862881e+01
2.119236652500982018e+04 2.433616442881929487e+01
2.129740832620013680e+04 2.439854508153996093e+01
2.140245012739046069e+04 2.446092573426062700e+01
2.150749192858078095e+04 2.452330638698129661e+01
2.161253372977110121e+04 2.458568703970195912e+01
2.171757553096142146e+04 2.464806769242262519e+01
2.182261733215174172e+04 2.471044834514329125e+01
2.192765913334206198e+04 2.477282899786395731e+01
2.203270093453238223e+04 2.483520965058462338e+01
2.213774273572270249e+04 2.489759030330528944e+01
2.224278453691302275e+04 2.495997095602595550e+01
2.234782633810334301e+04 2.502235160874662157e+01
2.245286813929366326e+04 2.508473226146728763e+01
2.255790994048398352e+04 2.514711291418795014e+01
2.266295174167430378e+04 2.520949356690861975e+01
2.276799354286462403e+04 2.527187421962928227e+01
2.287303534405494429e+04 2.533425487234995188e+01
2.297807714524526455e+04 2.539663552507061439e+01
2.308311894643558480e+04 2.545901617779128046e+01
2.318816074762590506e+04 2.552139683051194652e+01
2.329320254881622532e+04 2.558377748323261258e+01
2.339824435000654921e+04 2.564615813595327865e+01
2.350328615119686583e+04 2.570853878867394471e+01
2.360832795238718973e+04 2.577091944139461077e+01
2.371336975357750634e+04 2.583330009411527683e+01
2.381841155476783024e+04 2.589568074683594290e+01
2.392345335595814686e+04 2.595806139955660541e+01
2.402849515714847075e+04 2.602044205227727502e+01
2.413353695833878737e+04 2.608282270499793754e+01
2.423857875952911127e+04 2.614520335771860715e+01
2.434362056071942789e+04 2.620758401043926966e+01
2.444866236190975178e+04 2.626996466315993928e+01
2.455370416310006840e+04 2.633234531588060179e+01
2.465874596429039229e+04 2.639472596860127140e+01
2.476378776548070891e+04 2.645710662132193391e+01
2.486882956667103281e+04 2.651948727404260353e+01
2.497387136786134943e+04 2.658186792676326604e+01
2.507891316905167332e+04 2.664424857948393566e+01
2.518395497024198994e+04 2.670662923220459817e+01
2.528899677143231384e+04 2.676900988492526778e+01
2.539403857262263045e+04 2.683139053764593029e+01
2.549908037381295435e+04 2.689377119036659636e+01
2.560412217500327097e+04 2.695615184308726242e+01
2.570916397619359486e+04 2.701853249580792848e+01
2.581420577738391148e+04 2.708091314852859455e+01
2.591924757857423538e+04 2.714329380124926061e+01
2.602428937976455200e+04 2.720567445396992312e+01
2.612933118095487589e+04 2.726805510669058918e+01
2.623437298214519251e+04 2.733043575941125525e+01
2.633941478333551640e+04 2.739281641213192131e+01
2.644445658452583302e+04 2.745519706485258737e+01
2.654949838571615692e+04 2.751757771757325344e+01
2.665454018690647354e+04 2.757995837029391595e+01
2.675958198809679743e+04 2.764233902301458556e+01
2.686462378928711405e+04 2.770471967573524807e+01
2.696966559047743795e+04 2.776710032845591769e+01
2.707470739166775456e+04 2.782948098117658020e+01
2.717974919285807846e+04 2.789186163389724982e+01
2.728479099404840235e+04 2.795424228661791943e+01
2.738983279523871897e+04 2.801662293933858194e+01
2.749487459642904287e+04 2.807900359205925156e+01
2.759991639761935949e+04 2.814138424477991407e+01
2.770495819880968338e+04 2.820376489750058369e+01
2.781000000000000000e+04 2.826614555022124620e+01
