1.200240000000000009e+03 1.082027550893915091e+01
1.211775390781563146e+03 1.086995595033893025e+01
1.223310781563126056e+03 1.091922882263289551e+01
1.234846172344689421e+03 1.096809607874773995e+01
1.246381563126252559e+03 1.101655967337672770e+01
1.257916953907815696e+03 1.106462156293085641e+01
1.269452344689378606e+03 1.111228370549001632e+01
1.280987735470941971e+03 1.115954806075416705e+01
1.292523126252504881e+03 1.120641658999448964e+01
1.304058517034068018e+03 1.125289125600457396e+01
1.315593907815631155e+03 1.129897402305156007e+01
1.327129298597194520e+03 1.134466685682731857e+01
1.338664689378757430e+03 1.138997172439961858e+01
1.350200080160320567e+03 1.143489059416328502e+01
1.361735470941883705e+03 1.147942543579137187e+01
1.373270861723446842e+03 1.152357822018631950e+01
1.384806252505009979e+03 1.156735091943113325e+01
1.396341643286572889e+03 1.161074550674053896e+01
1.407877034068136254e+03 1.165376395641215268e+01
1.419412424849699391e+03 1.169640824377764510e+01
1.430947815631262529e+03 1.173868034515391301e+01
1.442483206412825439e+03 1.178058223779423841e+01
1.454018597194388803e+03 1.182211589983945998e+01
1.465553987975951713e+03 1.186328331026913574e+01
1.477089378757514851e+03 1.190408644885270562e+01
1.488624769539077988e+03 1.194452729610066655e+01
1.500160160320641353e+03 1.198460783321573331e+01
1.511695551102204263e+03 1.202433004204400824e+01
1.523230941883767628e+03 1.206369590502613320e+01
1.534766332665330538e+03 1.210270740514847709e+01
1.546301723446893675e+03 1.214136652589428778e+01
1.557837114228456812e+03 1.217967525119486183e+01
1.569372505010019950e+03 1.221763556538070539e+01
1.580907895791583087e+03 1.225524945313271630e+01
1.592443286573146224e+03 1.229251889943332721e+01
1.603978677354709362e+03 1.232944588951768772e+01
1.615514068136272499e+03 1.236603240882483234e+01
1.627049458917835636e+03 1.240228044294882714e+01
1.638584849699398546e+03 1.243819197758996076e+01
1.650120240480961911e+03 1.247376899850589282e+01
1.661655631262524821e+03 1.250901349146282193e+01
1.673191022044088186e+03 1.254392744218666778e+01
1.684726412825651096e+03 1.257851283631421246e+01
1.696261803607214460e+03 1.261277165934428091e+01
1.707797194388777370e+03 1.264670589658891231e+01
1.719332585170340735e+03 1.268031753312450860e+01
1.730867975951903645e+03 1.271360855374302190e+01
1.742403366733466783e+03 1.274658094290309407e+01
1.753938757515029920e+03 1.277923668468125484e+01
1.765474148296593057e+03 1.281157776272305426e+01
1.777009539078156195e+03 1.284360616019426260e+01
1.788544929859719332e+03 1.287532385973200455e+01
1.800080320641282469e+03 1.290673284339594318e+01
1.811615711422845607e+03 1.293783509261945142e+01
1.823151102204408744e+03 1.296863258816075337e+01
1.834686492985971654e+03 1.299912731005412425e+01
1.846221883767535019e+03 1.302932123756102101e+01
1.857757274549098156e+03 1.305921634912128049e+01
1.869292665330661293e+03 1.308881462230426251e+01
1.880828056112224431e+03 1.311811803376002494e+01
1.892363446893787568e+03 1.314712855917048806e+01
1.903898837675350705e+03 1.317584817320060253e+01
1.915434228456913843e+03 1.320427884944951735e+01
1.926969619238476753e+03 1.323242256040173714e+01
1.938505010020039890e+03 1.326028127737830431e+01
1.950040400801603028e+03 1.328785697048793679e+01
1.961575791583166165e+03 1.331515160857822266e+01
1.973111182364729302e+03 1.334216715918677920e+01
1.984646573146292440e+03 1.336890558849241017e+01
1.996181963927855577e+03 1.339536886126627735e+01
2.007717354709418487e+03 1.342155894082305956e+01
2.019252745490981624e+03 1.344747778897213841e+01
2.030788136272544762e+03 1.347312736596873783e+01
2.042323527054108126e+03 1.349850963046511509e+01
2.053858917835671491e+03 1.352362653946170212e+01
2.065394308617234401e+03 1.354848004825830188e+01
2.076929699398797311e+03 1.357307211040521189e+01
2.088465090180360676e+03 1.359740467765444372e+01
2.100000480961923586e+03 1.362147969991083407e+01
2.111535871743486496e+03 1.364529912518326071e+01
2.123071262525049860e+03 1.366886489953576600e+01
2.134606653306613225e+03 1.369217896703875326e+01
2.146142044088176135e+03 1.371524326972013874e+01
2.157677434869739045e+03 1.373805974751652137e+01
2.169212825651302410e+03 1.376063033822434534e+01
2.180748216432865775e+03 1.378295697745106985e+01
2.192283607214428685e+03 1.380504159856632995e+01
2.203818997995991595e+03 1.382688613265311872e+01
2.215354388777554959e+03 1.384849250845892676e+01
2.226889779559118324e+03 1.386986265234692794e+01
2.238425170340681234e+03 1.389099848824715266e+01
2.249960561122244144e+03 1.391190193760761673e+01
2.261495951903807509e+03 1.393257491934552306e+01
2.273031342685370873e+03 1.395301934979842962e+01
2.284566733466933329e+03 1.397323714267538364e+01
2.296102124248496693e+03 1.399323020900811798e+01
2.307637515030060058e+03 1.401300045710219777e+01
2.319172905811622968e+03 1.403254979248820078e+01
2.330708296593185878e+03 1.405188011787286939e+01
2.342243687374749243e+03 1.407099333309029277e+01
2.353779078156312607e+03 1.408989133505306413e+01
2.365314468937875517e+03 1.410857601770343450e+01
2.376849859719438427e+03 1.412704927196450377e+01
2.388385250501001792e+03 1.414531298569137086e+01
2.399920641282565157e+03 1.416336904362230342e+01
2.411456032064128067e+03 1.418121932732989876e+01
2.422991422845690977e+03 1.419886571517225882e+01
2.434526813627254342e+03 1.421631008224415282e+01
2.446062204408817706e+03 1.423355430032817814e+01
2.457597595190380616e+03 1.425060023784593710e+01
2.469132985971943526e+03 1.426744975980918539e+01
2.480668376753506891e+03 1.428410472777102846e+01
2.492203767535070256e+03 1.430056699977703971e+01
2.503739158316633166e+03 1.431683843031647996e+01
2.515274549098196076e+03 1.433292087027343698e+01
2.526809939879759440e+03 1.434881616687797390e+01
2.538345330661322805e+03 1.436452616365733093e+01
2.549880721442885715e+03 1.438005270038707195e+01
2.561416112224448625e+03 1.439539761304224896e+01
2.572951503006011990e+03 1.441056273374857710e+01
2.584486893787574900e+03 1.442554989073360261e+01
2.596022284569137810e+03 1.444036090827784236e+01
2.607557675350701174e+03 1.445499760666599087e+01
2.619093066132264539e+03 1.446946180213804745e+01
2.630628456913827449e+03 1.448375530684051604e+01
2.642163847695390359e+03 1.449787992877755372e+01
2.653699238476953724e+03 1.451183747176212613e+01
2.665234629258516634e+03 1.452562973536720037e+01
2.676770020040079544e+03 1.453925851487687915e+01
2.688305410821642909e+03 1.455272560123760606e+01
2.699840801603206273e+03 1.456603278100929089e+01
2.711376192384769183e+03 1.457918183631650422e+01
2.722911583166332548e+03 1.459217454479962228e+01
2.734446973947895458e+03 1.460501267956602334e+01
2.745982364729458823e+03 1.461769800914122186e+01
2.757517755511021733e+03 1.463023229742005071e+01
2.769053146292584643e+03 1.464261730361782199e+01
2.780588537074148007e+03 1.465485478222148785e+01
2.792123927855711372e+03 1.466694648294083692e+01
2.803659318637274737e+03 1.467889415065961245e+01
2.815194709418837647e+03 1.469069952538670876e+01
2.826730100200400557e+03 1.470236434220734267e+01
2.838265490981963922e+03 1.471389033123419843e+01
2.849800881763526831e+03 1.472527921755859737e+01
2.861336272545089741e+03 1.473653272120169433e+01
2.872871663326653106e+03 1.474765255706559586e+01
2.884407054108216471e+03 1.475864043488454769e+01
2.895942444889779381e+03 1.476949805917612757e+01
2.907477835671342291e+03 1.478022712919236170e+01
2.919013226452905656e+03 1.479082933887092821e+01
2.930548617234468566e+03 1.480130637678631089e+01
2.942084008016031476e+03 1.481165992610096360e+01
2.953619398797594840e+03 1.482189166451646578e+01
2.965154789579158205e+03 1.483200326422473303e+01
2.976690180360721115e+03 1.484199639185910513e+01
2.988225571142284025e+03 1.485187270844559393e+01
2.999760961923847390e+03 1.486163386935399267e+01
3.011296352705410754e+03 1.487128152424907590e+01
3.022831743486973210e+03 1.488081731704174260e+01
3.034367134268536574e+03 1.489024288584019295e+01
3.045902525050099939e+03 1.489955986290109635e+01
3.057437915831663304e+03 1.490876987458075043e+01
3.068973306613226214e+03 1.491787454128625612e+01
3.080508697394789124e+03 1.492687547742666787e+01
3.092044088176352489e+03 1.493577429136417578e+01
3.103579478957915853e+03 1.494457258536527000e+01
3.115114869739478308e+03 1.495327195555189270e+01
3.126650260521041673e+03 1.496187399185262734e+01
3.138185651302605038e+03 1.497038027795384352e+01
3.149721042084168403e+03 1.497879239125086315e+01
3.161256432865731313e+03 1.498711190279914263e+01
3.172791823647294223e+03 1.499534037726543900e+01
3.184327214428857587e+03 1.500347937287894950e+01
3.195862605210420497e+03 1.501153044138250969e+01
3.207397995991983407e+03 1.501949512798372410e+01
3.218933386773546772e+03 1.502737497130620170e+01
3.230468777555110137e+03 1.503517150334060304e+01
3.242004168336673047e+03 1.504288624939592900e+01
3.253539559118235957e+03 1.505052072805062835e+01
3.265074949899799321e+03 1.505807645110375503e+01
3.276610340681362686e+03 1.506555492352615566e+01
3.288145731462925141e+03 1.507295764341162148e+01
3.299681122244488506e+03 1.508028610192808294e+01
3.311216513026051871e+03 1.508754178326872974e+01
3.322751903807614781e+03 1.509472616460322314e+01
3.334287294589177691e+03 1.510184071602883193e+01
3.345822685370741056e+03 1.510888690052159689e+01
3.357358076152304420e+03 1.511586617388753062e+01
3.368893466933866875e+03 1.512277998471373408e+01
3.380428857715430240e+03 1.512962977431959999e+01
3.391964248496993605e+03 1.513641697670798258e+01
3.403499639278556515e+03 1.514314301851631939e+01
3.415035030060120334e+03 1.514980931896785243e+01
3.426570420841683244e+03 1.515641728982274650e+01
3.438105811623246154e+03 1.516296833532931210e+01
3.449641202404809519e+03 1.516946385217508819e+01
3.461176593186372884e+03 1.517590522943807763e+01
3.472711983967935339e+03 1.518229384853790798e+01
3.484247374749498704e+03 1.518863108318696931e+01
3.495782765531062068e+03 1.519491829934158034e+01
3.507318156312624978e+03 1.520115685515320081e+01
3.518853547094187888e+03 1.520734810091951239e+01
3.530388937875751253e+03 1.521349337903566656e+01
3.541924328657314618e+03 1.521959402394543304e+01
3.553459719438877073e+03 1.522565136209232683e+01
3.564995110220440438e+03 1.523166671187080290e+01
3.576530501002003803e+03 1.523764138357742937e+01
3.588065891783566713e+03 1.524357667936203597e+01
3.599601282565129623e+03 1.524947389317889268e+01
3.611136673346692987e+03 1.525533431073787227e+01
3.622672064128256352e+03 1.526115920945560234e+01
3.634207454909819262e+03 1.526694985840665097e+01
3.645742845691382172e+03 1.527270751827468942e+01
3.657278236472945537e+03 1.527843344130365288e+01
3.668813627254508447e+03 1.528412887124889252e+01
3.680349018036071357e+03 1.528979504332837536e+01
3.691884408817634721e+03 1.529543318417382380e+01
3.703419799599198086e+03 1.530104451178190317e+01
3.714955190380760996e+03 1.530663023546534163e+01
3.726490581162323906e+03 1.531219155580415858e+01
3.738025971943887271e+03 1.531772966459678997e+01
3.749561362725450635e+03 1.532324574481126156e+01
3.761096753507014000e+03 1.532874097053637641e+01
3.772632144288576910e+03 1.533421650693282601e+01
3.784167535070139820e+03 1.533967351018442571e+01
3.795702925851703185e+03 1.534511312744924005e+01
3.807238316633266550e+03 1.535053649681075782e+01
3.818773707414829460e+03 1.535594474722906355e+01
3.830309098196392370e+03 1.536133899849195750e+01
3.841844488977955734e+03 1.536672036116621065e+01
3.853379879759518644e+03 1.537208993654866518e+01
3.864915270541081554e+03 1.537744881661742902e+01
3.876450661322644919e+03 1.538279808398298165e+01
3.887986052104208284e+03 1.538813881183944865e+01
3.899521442885771194e+03 1.539347206391567013e+01
3.911056833667334104e+03 1.539879889442641847e+01
3.922592224448897468e+03 1.540412034802353780e+01
3.934127615230460378e+03 1.540943745974712620e+01
3.945663006012023288e+03 1.541475125497671073e+01
3.957198396793586653e+03 1.542006274938239940e+01
3.968733787575150018e+03 1.542537294887601362e+01
3.980269178356712928e+03 1.543068284956233249e+01
3.991804569138275838e+03 1.543599343769017906e+01
4.003339959919839202e+03 1.544130568960366112e+01
4.014875350701402567e+03 1.544662057169325919e+01
4.026410741482965022e+03 1.545193904034704424e+01
4.037946132264528387e+03 1.545726204190186337e+01
4.049481523046091752e+03 1.546259051259442430e+01
4.061016913827654662e+03 1.546792537851252725e+01
4.072552304609218481e+03 1.547326755554623290e+01
4.084087695390781391e+03 1.547861794933897883e+01
4.095623086172344301e+03 1.548397745523883451e+01
4.107158476953907666e+03 1.548934695824951824e+01
4.118693867735470121e+03 1.549472733298174276e+01
4.130229258517033486e+03 1.550011944360423399e+01
4.141764649298596851e+03 1.550552414379498956e+01
4.153300040080160215e+03 1.551094227669238812e+01
4.164835430861723580e+03 1.551637467484639465e+01
4.176370821643286035e+03 1.552182216016970706e+01
4.187906212424849400e+03 1.552728554388893301e+01
4.199441603206412765e+03 1.553276562649571879e+01
4.210976993987975220e+03 1.553826319769798836e+01
4.222512384769538585e+03 1.554377903637101177e+01
4.234047775551101950e+03 1.554931391050868683e+01
4.245583166332664405e+03 1.555486857717460758e+01
4.257118557114228679e+03 1.556044378245325888e+01
4.268653947895791134e+03 1.556604026140120212e+01
4.280189338677354499e+03 1.557165873799824496e+01
4.291724729458917864e+03 1.557729992509857198e+01
4.303260120240480319e+03 1.558296452438193391e+01
4.314795511022043684e+03 1.558865322630480676e+01
4.326330901803607048e+03 1.559436671005157748e+01
4.337866292585169504e+03 1.560010564348566220e+01
4.349401683366732868e+03 1.560587068310075587e+01
4.360937074148296233e+03 1.561166247397186169e+01
4.372472464929858688e+03 1.561748164970665798e+01
4.384007855711422962e+03 1.562332883239641390e+01
4.395543246492985418e+03 1.562920463256740433e+01
4.407078637274548782e+03 1.563510964913192502e+01
4.418614028056112147e+03 1.564104446933943748e+01
4.430149418837674602e+03 1.564700966872787369e+01
4.441684809619238877e+03 1.565300581107466371e+01
4.453220200400801332e+03 1.565903344834799427e+01
4.464755591182364697e+03 1.566509312065792514e+01
4.476290981963928061e+03 1.567118535620757669e+01
4.487826372745490517e+03 1.567731067124425159e+01
4.499361763527053881e+03 1.568346957001068454e+01
4.510897154308617246e+03 1.568966254469615151e+01
4.522432545090179701e+03 1.569589007538762182e+01
4.533967935871743066e+03 1.570215263002095973e+01
4.545503326653306431e+03 1.570845066433209070e+01
4.557038717434868886e+03 1.571478462180813729e+01
4.568574108216433160e+03 1.572115493363861738e+01
4.580109498997995615e+03 1.572756201866659076e+01
4.591644889779558071e+03 1.573400628333983420e+01
4.603180280561122345e+03 1.574048812166198452e+01
4.614715671342684800e+03 1.574700791514375986e+01
4.626251062124248165e+03 1.575356603275404233e+01
4.637786452905811529e+03 1.576016283087114189e+01
4.649321843687373985e+03 1.576679865323385599e+01
4.660857234468937349e+03 1.577347383089275823e+01
4.672392625250500714e+03 1.578018868216122073e+01
4.683928016032063169e+03 1.578694351256673656e+01
4.695463406813626534e+03 1.579373861480195096e+01
4.706998797595189899e+03 1.580057426867588610e+01
4.718534188376752354e+03 1.580745074106513570e+01
4.730069579158316628e+03 1.581436828586497967e+01
4.741604969939879084e+03 1.582132714394055917e+01
4.753140360721443358e+03 1.582832754307806589e+01
4.764675751503005813e+03 1.583536969793587623e+01
4.776211142284568268e+03 1.584245380999578501e+01
4.787746533066132542e+03 1.584958006751405613e+01
4.799281923847694998e+03 1.585674864547272023e+01
4.810817314629258362e+03 1.586395970553060231e+01
4.822352705410821727e+03 1.587121339597464598e+01
4.833888096192384182e+03 1.587850985167093576e+01
4.845423486973947547e+03 1.588584919401590412e+01
4.856958877755510912e+03 1.589323153088759888e+01
4.868494268537073367e+03 1.590065695659668421e+01
4.880029659318636732e+03 1.590812555183773291e+01
4.891565050100200096e+03 1.591563738364030733e+01
4.903100440881762552e+03 1.592319250532021435e+01
4.914635831663326826e+03 1.593079095643062004e+01
4.926171222444889281e+03 1.593843276271313947e+01
4.937706613226452646e+03 1.594611793604920003e+01
4.949242004008016011e+03 1.595384647441098380e+01
4.960777394789578466e+03 1.596161836181278382e+01
4.972312785571141831e+03 1.596943356826200500e+01
4.983848176352705195e+03 1.597729204971047245e+01
4.995383567134267651e+03 1.598519374800551773e+01
5.006918957915831015e+03 1.599313859084115741e+01
5.018454348697394380e+03 1.600112649170925394e+01
5.029989739478956835e+03 1.600915734985069605e+01
5.041525130260520200e+03 1.601723105020658267e+01
5.053060521042083565e+03 1.602534746336935711e+01
5.064595911823646929e+03 1.603350644553396975e+01
5.076131302605210294e+03 1.604170783844905301e+01
5.087666693386772749e+03 1.604995146936811778e+01
5.099202084168337024e+03 1.605823715100067162e+01
5.110737474949899479e+03 1.606656468146344352e+01
5.122272865731462844e+03 1.607493384423141336e+01
5.133808256513026208e+03 1.608334440808918231e+01
5.145343647294588663e+03 1.609179612708203422e+01
5.156879038076152028e+03 1.610028874046700764e+01
5.168414428857715393e+03 1.610882197266427340e+01
5.179949819639277848e+03 1.611739553320804674e+01
5.191485210420841213e+03 1.612600911669804304e+01
5.203020601202404578e+03 1.613466240275035091e+01
5.214555991983967033e+03 1.614335505594883813e+01
5.226091382765531307e+03 1.615208672579614202e+01
5.237626773547093762e+03 1.616085704666497236e+01
5.249162164328657127e+03 1.616966563774918342e+01
5.260697555110220492e+03 1.617851210301499520e+01
5.272232945891782947e+03 1.618739603115207970e+01
5.283768336673346312e+03 1.619631699552484605e+01
5.295303727454909676e+03 1.620527455412349838e+01
5.306839118236472132e+03 1.621426824951532097e+01
5.318374509018035496e+03 1.622329760879567928e+01
5.329909899799598861e+03 1.623236214353931217e+01
5.341445290581161316e+03 1.624146134975148925e+01
5.352980681362725591e+03 1.625059470781911841e+01
5.364516072144288046e+03 1.625976168246194220e+01
5.376051462925850501e+03 1.626896172268376262e+01
5.387586853707414775e+03 1.627819426172349893e+01
5.399122244488977231e+03 1.628745871700637693e+01
5.410657635270541505e+03 1.629675449009517507e+01
5.422193026052103960e+03 1.630608096664136042e+01
5.433728416833667325e+03 1.631543751633616779e+01
5.445263807615230689e+03 1.632482349286185297e+01
5.456799198396793145e+03 1.633423823384283580e+01
5.468334589178356509e+03 1.634368106079692851e+01
5.479869979959919874e+03 1.635315127908634025e+01
5.491405370741482329e+03 1.636264817786898718e+01
5.502940761523045694e+03 1.637217103004965679e+01
5.514476152304609059e+03 1.638171909223106226e+01
5.526011543086171514e+03 1.639129160466510626e+01
5.537546933867734879e+03 1.640088779120404183e+01
5.549082324649298243e+03 1.641050685925156927e+01
5.560617715430860699e+03 1.642014799971412486e+01
5.572153106212424973e+03 1.642981038695184992e+01
5.583688496993987428e+03 1.643949317872995408e+01
5.595223887775550793e+03 1.644919551616986908e+01
5.606759278557114158e+03 1.645891652370018932e+01
5.618294669338676613e+03 1.646865530900812402e+01
5.629830060120240887e+03 1.647841096299050889e+01
5.641365450901803342e+03 1.648818255970498825e+01
5.652900841683366707e+03 1.649796915632118299e+01
5.664436232464930072e+03 1.650776979307188697e+01
5.675971623246492527e+03 1.651758349320421360e+01
5.687507014028055892e+03 1.652740926293076740e+01
5.699042404809619256e+03 1.653724609138077994e+01
5.710577795591181712e+03 1.654709295055128493e+01
5.722113186372745986e+03 1.655694879525835717e+01
5.733648577154308441e+03 1.656681256308822725e+01
5.745183967935870896e+03 1.657668317434836425e+01
5.756719358717435171e+03 1.658655953201876798e+01
5.768254749498997626e+03 1.659644052170310147e+01
5.779790140280560991e+03 1.660632501157979135e+01
5.791325531062124355e+03 1.661621185235328824e+01
5.802860921843686810e+03 1.662609987720515647e+01
5.814396312625250175e+03 1.663598790174532382e+01
5.825931703406813540e+03 1.664587472396309664e+01
5.837467094188375995e+03 1.665575912417856586e+01
5.849002484969939360e+03 1.666563986499348715e+01
5.860537875751502725e+03 1.667551569124272959e+01
5.872073266533065180e+03 1.668538532994518064e+01
5.883608657314629454e+03 1.669524749025511312e+01
5.895144048096191909e+03 1.670510086341326428e+01
5.906679438877754365e+03 1.671494412269793983e+01
5.918214829659318639e+03 1.672477592337637020e+01
5.929750220440881094e+03 1.673459490265566529e+01
5.941285611222444459e+03 1.674439967963411746e+01
5.952821002004007823e+03 1.675418885525232326e+01
5.964356392785571188e+03 1.676396101224430879e+01
5.975891783567134553e+03 1.677371471508879353e+01
5.987427174348697008e+03 1.678344850996025883e+01
5.998962565130260373e+03 1.679316092468013721e+01
6.010497955911823738e+03 1.680285046866806553e+01
6.022033346693386193e+03 1.681251563289293216e+01
6.033568737474949558e+03 1.682215488982405915e+01
6.045104128256512922e+03 1.683176669338249098e+01
6.056639519038075377e+03 1.684134947889197775e+01
6.068174909819639652e+03 1.685090166303034209e+01
6.079710300601202107e+03 1.686042164378039132e+01
6.091245691382765472e+03 1.686990780038134830e+01
6.102781082164328836e+03 1.687935849327985594e+01
6.114316472945891292e+03 1.688877206408118425e+01
6.125851863727454656e+03 1.689814683550041607e+01
6.137387254509018021e+03 1.690748111131355813e+01
6.148922645290580476e+03 1.691677317630878008e+01
6.160458036072143841e+03 1.692602129623755047e+01
6.171993426853707206e+03 1.693522371776572299e+01
6.183528817635269661e+03 1.694437866842486784e+01
6.195064208416833026e+03 1.695348435656328689e+01
6.206599599198396390e+03 1.696253897129730959e+01
6.218134989979958846e+03 1.697154068246226899e+01
6.229670380761523120e+03 1.698048764056390070e+01
6.241205771543085575e+03 1.698937797672934380e+01
6.252741162324648940e+03 1.699820980265833725e+01
6.264276553106212305e+03 1.700698121057447310e+01
6.275811943887774760e+03 1.701569027317619742e+01
6.287347334669339034e+03 1.702433504358824479e+01
6.298882725450901489e+03 1.703291355531238338e+01
6.310418116232464854e+03 1.704142382217908391e+01
6.321953507014028219e+03 1.704986383829828611e+01
6.333488897795590674e+03 1.705823157801073364e+01
6.345024288577154039e+03 1.706652499583913141e+01
6.356559679358717403e+03 1.707474202643934547e+01
6.368095070140279859e+03 1.708288058455146796e+01
6.379630460921843223e+03 1.709093856495103836e+01
6.391165851703406588e+03 1.709891384240017231e+01
6.402701242484969043e+03 1.710680427159890726e+01
6.414236633266533318e+03 1.711460768713610747e+01
6.425772024048095773e+03 1.712232190344073146e+01
6.437307414829659137e+03 1.712994471473306390e+01
6.448842805611222502e+03 1.713747389497590135e+01
6.460378196392784957e+03 1.714490719782548211e+01
6.471913587174348322e+03 1.715224235658294205e+01
6.483448977955911687e+03 1.715947708414532968e+01
6.494984368737474142e+03 1.716660907295680616e+01
6.506519759519037507e+03 1.717363599495979543e+01
6.518055150300600872e+03 1.718055550154619482e+01
6.529590541082163327e+03 1.718736522350837959e+01
6.541125931863727601e+03 1.719406277099072611e+01
6.552661322645290056e+03 1.720064573344030023e+01
6.564196713426852511e+03 1.720711167955845156e+01
6.575732104208416786e+03 1.721345815725173622e+01
6.587267494989979241e+03 1.721968269358309911e+01
6.598802885771542606e+03 1.722578279472315188e+01
6.610338276553105970e+03 1.723175594590128767e+01
6.621873667334669335e+03 1.723759961135672114e+01
6.633409058116232700e+03 1.724331123428993351e+01
6.644944448897795155e+03 1.724888823681348526e+01
6.656479839679358520e+03 1.725432801990357845e+01
6.668015230460921885e+03 1.725962796335083738e+01
6.679550621242484340e+03 1.726478542571170749e+01
6.691086012024047704e+03 1.726979774425959135e+01
6.702621402805611069e+03 1.727466223493587805e+01
6.714156793587173524e+03 1.727937619230145216e+01
6.725692184368737799e+03 1.728393688948737505e+01
6.737227575150300254e+03 1.728834157814648620e+01
6.748762965931862709e+03 1.729258748840417326e+01
6.760298356713426983e+03 1.729667182880998411e+01
6.771833747494989439e+03 1.730059178628850702e+01
6.783369138276552803e+03 1.730434452609037876e+01
6.794904529058116168e+03 1.730792719174397121e+01
6.806439919839678623e+03 1.731133690500598021e+01
6.817975310621241988e+03 1.731457076581303411e+01
6.829510701402805353e+03 1.731762585223258455e+01
6.841046092184367808e+03 1.732049922041422363e+01
6.852581482965931173e+03 1.732318790454084478e+01
6.864116873747494537e+03 1.732568891677956202e+01
6.875652264529056993e+03 1.732799924723329354e+01
6.887187655310621267e+03 1.733011586389161707e+01
6.898723046092183722e+03 1.733203571258203368e+01
6.910258436873747087e+03 1.741799285717398149e+01
7.015360655783929360e+03 1.749377407341815527e+01
7.120462874694111633e+03 1.756955528966232549e+01
7.225565093604293907e+03 1.764533650590649927e+01
7.330667312514475270e+03 1.772111772215066949e+01
7.435769531424657544e+03 1.779689893839484327e+01
7.540871750334839817e+03 1.787268015463901349e+01
7.645973969245022090e+03 1.794846137088318727e+01
7.751076188155204363e+03 1.802424258712735750e+01
7.856178407065386637e+03 1.810002380337153127e+01
7.961280625975568910e+03 1.817580501961570150e+01
8.066382844885751183e+03 1.825158623585987527e+01
8.171485063795933456e+03 1.832736745210404905e+01
8.276587282706115730e+03 1.840314866834821927e+01
8.381689501616298003e+03 1.847892988459238950e+01
8.486791720526478457e+03 1.855471110083656328e+01
8.591893939436660730e+03 1.863049231708073350e+01
8.696996158346843004e+03 1.870627353332490728e+01
8.802098377257025277e+03 1.878205474956907750e+01
8.907200596167207550e+03 1.885783596581325128e+01
9.012302815077389823e+03 1.893361718205742505e+01
9.117405033987572097e+03 1.900939839830159528e+01
9.222507252897754370e+03 1.908517961454576550e+01
9.327609471807936643e+03 1.916096083078993928e+01
9.432711690718118916e+03 1.923674204703411306e+01
9.537813909628301190e+03 1.931252326327828328e+01
9.642916128538483463e+03 1.938830447952245351e+01
9.748018347448665736e+03 1.946408569576662728e+01
9.853120566358848009e+03 1.953986691201080106e+01
9.958222785269030283e+03 1.961564812825497128e+01
1.006332500417921256e+04 1.969142934449914506e+01
1.016842722308939483e+04 1.976721056074331528e+01
1.027352944199957710e+04 1.984299177698748906e+01
1.037863166090975938e+04 1.991877299323165929e+01
1.048373387981994165e+04 1.999455420947583306e+01
1.058883609873012210e+04 2.007033542572000329e+01
1.069393831764030438e+04 2.014611664196417706e+01
1.079904053655048665e+04 2.022189785820834729e+01
1.090414275546066892e+04 2.029767907445252106e+01
1.100924497437085120e+04 2.037346029069669129e+01
1.111434719328103347e+04 2.044924150694086507e+01
1.121944941219121574e+04 2.052502272318503884e+01
1.132455163110139802e+04 2.060080393942920907e+01
1.142965385001158029e+04 2.067658515567337929e+01
1.153475606892176074e+04 2.075236637191755307e+01
1.163985828783194302e+04 2.082814758816172329e+01
1.174496050674212529e+04 2.090392880440589352e+01
1.185006272565230756e+04 2.097971002065006729e+01
1.195516494456248984e+04 2.105549123689424107e+01
1.206026716347267211e+04 2.113127245313841129e+01
1.216536938238285438e+04 2.120705366938258507e+01
1.227047160129303666e+04 2.128283488562675529e+01
1.237557382020321893e+04 2.135861610187092907e+01
1.248067603911340120e+04 2.143439731811510285e+01
1.258577825802358348e+04 2.151017853435927307e+01
1.269088047693376575e+04 2.158595975060344330e+01
1.279598269584394802e+04 2.166174096684761707e+01
1.290108491475413030e+04 2.173752218309179085e+01
1.300618713366431257e+04 2.181330339933596107e+01
1.311128935257449484e+04 2.188908461558013130e+01
1.321639157148467712e+04 2.196486583182430508e+01
1.332149379039485939e+04 2.204064704806847885e+01
1.342659600930504166e+04 2.211642826431264908e+01
1.353169822821522393e+04 2.219220948055682285e+01
1.363680044712540621e+04 2.226799069680099308e+01
1.374190266603558848e+04 2.234377191304516685e+01
1.384700488494577075e+04 2.241955312928934063e+01
1.395210710385595303e+04 2.249533434553351086e+01
1.405720932276613530e+04 2.257111556177768108e+01
1.416231154167631576e+04 2.264689677802185486e+01
1.426741376058649803e+04 2.272267799426602508e+01
1.437251597949668030e+04 2.279845921051019531e+01
1.447761819840686258e+04 2.287424042675436908e+01
1.458272041731704485e+04 2.295002164299854286e+01
1.468782263622722712e+04 2.302580285924271664e+01
1.479292485513740939e+04 2.310158407548688686e+01
1.489802707404758985e+04 2.317736529173105708e+01
1.500312929295777212e+04 2.325314650797523086e+01
1.510823151186795440e+04 2.332892772421940109e+01
1.521333373077813667e+04 2.340470894046357131e+01
1.531843594968831894e+04 2.348049015670774509e+01
1.542353816859850122e+04 2.355627137295191886e+01
1.552864038750868349e+04 2.363205258919609264e+01
1.563374260641886576e+04 2.370783380544026286e+01
1.573884482532904804e+04 2.378361502168443309e+01
1.584394704423923031e+04 2.385939623792860687e+01
1.594904926314941258e+04 2.393517745417278064e+01
1.605415148205959485e+04 2.401095867041695087e+01
1.615925370096977713e+04 2.408673988666112109e+01
1.626435591987995940e+04 2.416252110290529487e+01
1.636945813879014167e+04 2.423830231914946864e+01
1.647456035770032395e+04 2.431408353539363887e+01
1.657966257661050622e+04 2.438986475163780909e+01
1.668476479552068849e+04 2.446564596788198287e+01
1.678986701443087077e+04 2.454142718412615665e+01
1.689496923334105304e+04 2.461720840037033042e+01
1.700007145225123531e+04 2.469298961661450065e+01
1.710517367116141759e+04 2.476877083285867087e+01
1.721027589007159986e+04 2.484455204910284465e+01
1.731537810898178213e+04 2.492033326534701843e+01
1.742048032789196441e+04 2.499611448159118865e+01
1.752558254680214668e+04 2.507189569783535887e+01
1.763068476571232895e+04 2.514767691407953265e+01
1.773578698462251123e+04 2.522345813032370643e+01
1.784088920353269350e+04 2.529923934656787665e+01
1.794599142244287214e+04 2.537502056281204688e+01
1.805109364135305441e+04 2.545080177905622065e+01
1.815619586026323668e+04 2.552658299530039088e+01
1.826129807917341896e+04 2.560236421154456110e+01
1.836640029808360123e+04 2.567814542778873488e+01
1.847150251699378350e+04 2.575392664403290865e+01
1.857660473590396577e+04 2.582970786027707888e+01
1.868170695481414805e+04 2.590548907652124910e+01
1.878680917372433032e+04 2.598127029276542288e+01
1.889191139263451259e+04 2.605705150900959666e+01
1.899701361154469487e+04 2.613283272525377043e+01
1.910211583045487714e+04 2.620861394149794066e+01
1.920721804936505941e+04 2.628439515774211088e+01
1.931232026827524169e+04 2.636017637398628466e+01
1.941742248718542396e+04 2.643595759023045844e+01
1.952252470609560623e+04 2.651173880647462866e+01
1.962762692500578851e+04 2.658752002271879888e+01
1.973272914391597078e+04 2.666330123896297266e+01
1.983783136282615305e+04 2.673908245520714644e+01
1.994293358173633533e+04 2.681486367145131666e+01
2.004803580064651760e+04 2.689064488769548689e+01
2.015313801955669987e+04 2.696642610393966066e+01
2.025824023846688215e+04 2.704220732018383444e+01
2.036334245737706442e+04 2.711798853642800822e+01
2.046844467628724669e+04 2.719376975267217844e+01
2.057354689519742897e+04 2.726955096891634867e+01
2.067864911410761124e+04 2.734533218516052244e+01
2.078375133301779351e+04 2.742111340140469622e+01
2.088885355192797579e+04 2.749689461764886644e+01
2.099395577083815806e+04 2.757267583389303667e+01
2.109905798974834033e+04 2.764845705013721044e+01
2.120416020865852261e+04 2.772423826638138422e+01
2.130926242756870124e+04 2.780001948262555089e+01
2.141436464647888351e+04 2.787580069886972467e+01
2.151946686538906579e+04 2.795158191511389845e+01
2.162456908429924806e+04 2.802736313135806867e+01
2.172967130320943033e+04 2.810314434760223889e+01
2.183477352211961261e+04 2.817892556384641267e+01
2.193987574102979488e+04 2.825470678009058645e+01
2.204497795993997715e+04 2.833048799633475667e+01
2.215008017885015943e+04 2.840626921257892690e+01
2.225518239776034170e+04 2.848205042882310067e+01
2.236028461667052397e+04 2.855783164506727445e+01
2.246538683558070625e+04 2.863361286131144468e+01
2.257048905449088852e+04 2.870939407755561845e+01
2.267559127340107079e+04 2.878517529379978868e+01
2.278069349231125307e+04 2.886095651004396245e+01
2.288579571122143534e+04 2.893673772628813268e+01
2.299089793013161761e+04 2.901251894253230645e+01
2.309600014904179989e+04 2.908830015877648023e+01
2.320110236795198216e+04 2.916408137502065046e+01
2.330620458686216443e+04 2.923986259126482423e+01
2.341130680577234671e+04 2.931564380750899446e+01
2.351640902468252898e+04 2.939142502375316823e+01
2.362151124359271125e+04 2.946720623999733846e+01
2.372661346250289353e+04 2.954298745624151223e+01
2.383171568141307580e+04 2.961876867248568246e+01
2.393681790032325807e+04 2.969454988872985624e+01
2.404192011923344035e+04 2.977033110497402646e+01
2.414702233814362262e+04 2.984611232121820024e+01
2.425212455705380489e+04 2.992189353746237046e+01
2.435722677596398717e+04 2.999767475370654424e+01
2.446232899487416944e+04 3.007345596995071801e+01
2.456743121378435171e+04 3.014923718619488824e+01
2.467253343269453399e+04 3.022501840243906202e+01
2.477763565160471626e+04 3.030079961868323224e+01
2.488273787051489853e+04 3.037658083492740602e+01
2.498784008942508081e+04 3.045236205117157624e+01
2.509294230833526308e+04 3.052814326741575002e+01
2.519804452724544535e+04 3.060392448365992024e+01
2.530314674615562762e+04 3.067970569990409402e+01
2.540824896506580626e+04 3.075548691614826424e+01
2.551335118397598853e+04 3.083126813239243447e+01
2.561845340288617081e+04 3.090704934863660824e+01
2.572355562179635308e+04 3.098283056488077847e+01
2.582865784070653535e+04 3.105861178112495224e+01
2.593376005961671763e+04 3.113439299736912247e+01
2.603886227852689990e+04 3.121017421361329625e+01
2.614396449743708217e+04 3.128595542985746647e+01
2.624906671634726445e+04 3.136173664610164025e+01
2.635416893525744672e+04 3.143751786234581402e+01
2.645927115416762899e+04 3.151329907858998425e+01
2.656437337307781127e+04 3.158908029483415802e+01
2.666947559198799354e+04 3.166486151107832825e+01
2.677457781089817581e+04 3.174064272732250203e+01
2.687968002980835809e+04 3.181642394356667225e+01
2.698478224871854036e+04 3.189220515981084603e+01
2.708988446762872263e+04 3.196798637605501625e+01
2.719498668653890491e+04 3.204376759229919003e+01
2.730008890544908718e+04 3.211954880854335670e+01
2.740519112435926945e+04 3.219533002478753758e+01
2.751029334326945173e+04 3.227111124103170425e+01
2.761539556217963400e+04 3.234689245727587803e+01
2.772049778108981627e+04 3.242267367352005181e+01
2.782559999999999854e+04 3.249845488976421848e+01
