8.139400000000000546e+02 1.762591308243336208e+00
8.196088577154308723e+02 1.770457417878656070e+00
8.252777154308616900e+02 1.778349009572707695e+00
8.309465731462926215e+02 1.786265565108756004e+00
8.366154308617234392e+02 1.794206570767261866e+00
8.422842885771542569e+02 1.802171517309435700e+00
8.479531462925851883e+02 1.810159899960790630e+00
8.536220040080160061e+02 1.818171218394696309e+00
8.592908617234468238e+02 1.826204976715934070e+00
8.649597194388777552e+02 1.834260683444248308e+00
8.706285771543086867e+02 1.842337851497904078e+00
8.762974348697395044e+02 1.850435998177237362e+00
8.819662925851703221e+02 1.858554645148210449e+00
8.876351503006012535e+02 1.866693318425966197e+00
8.933040080160320713e+02 1.874851548358381859e+00
8.989728657314628890e+02 1.883028869609622458e+00
9.046417234468938204e+02 1.891224821143694168e+00
9.103105811623246382e+02 1.899438946207999024e+00
9.159794388777554559e+02 1.907670792316889852e+00
9.216482965931863873e+02 1.915919911235221873e+00
9.273171543086173187e+02 1.924185858961907636e+00
9.329860120240481365e+02 1.932468195713471504e+00
9.386548697394789542e+02 1.940766485907602368e+00
9.443237274549098856e+02 1.949080298146708135e+00
9.499925851703407034e+02 1.957409205201471103e+00
9.556614428857715211e+02 1.965752783994397790e+00
9.613303006012024525e+02 1.974110615583377415e+00
9.669991583166331566e+02 1.982482285145232170e+00
9.726680160320640880e+02 1.990867381959274818e+00
9.783368737474950194e+02 1.999265499390858736e+00
9.840057314629257235e+02 2.007676234874932852e+00
9.896745891783566549e+02 2.016099189899598798e+00
9.953434468937875863e+02 2.024533969989659177e+00
1.001012304609218290e+03 2.032980184690176273e+00
1.006681162324649222e+03 2.041437447550024764e+00
1.012350020040080153e+03 2.049905376105441324e+00
1.018018877755511085e+03 2.058383591863586659e+00
1.023687735470941789e+03 2.066871720286092007e+00
1.029356593186372720e+03 2.075369390772616729e+00
1.035025450901803652e+03 2.083876236644401025e+00
1.040694308617234356e+03 2.092391895127820423e+00
1.046363166332665287e+03 2.100916007337939373e+00
1.052032024048096218e+03 2.109448218262063968e+00
1.057700881763526922e+03 2.117988176743299533e+00
1.063369739478957854e+03 2.126535535464098459e+00
1.069038597194388785e+03 2.135089950929821789e+00
1.074707454909819717e+03 2.143651083452284389e+00
1.080376312625250421e+03 2.152218597133315647e+00
1.086045170340681352e+03 2.160792159848312188e+00
1.091714028056112284e+03 2.169371443229787921e+00
1.097382885771542988e+03 2.177956122650932969e+00
1.103051743486973919e+03 2.186545877209162825e+00
1.108720601202404850e+03 2.195140389709677287e+00
1.114389458917835555e+03 2.203739346649009612e+00
1.120058316633266486e+03 2.212342438198582784e+00
1.125727174348697190e+03 2.220949358188263112e+00
1.131396032064128121e+03 2.229559804089915609e+00
1.137064889779559053e+03 2.238173477000953149e+00
1.142733747494989984e+03 2.246790081627896285e+00
1.148402605210420916e+03 2.255409326269924186e+00
1.154071462925851620e+03 2.264030922802425572e+00
1.159740320641282551e+03 2.272654586660560305e+00
1.165409178356713255e+03 2.281280036822805002e+00
1.171078036072144187e+03 2.289906995794512845e+00
1.176746893787575118e+03 2.298535189591463634e+00
1.182415751503006049e+03 2.307164347723420939e+00
1.188084609218436981e+03 2.315794203177682142e+00
1.193753466933867685e+03 2.324424492402636044e+00
1.199422324649298389e+03 2.333054955291314680e+00
1.205091182364729320e+03 2.341685335164948256e+00
1.210760040080160252e+03 2.350315378756518303e+00
1.216428897795591183e+03 2.358944836194310390e+00
1.222097755511022115e+03 2.367573460985471279e+00
1.227766613226452819e+03 2.376201009999559410e+00
1.233435470941883750e+03 2.384827243452101619e+00
1.239104328657314454e+03 2.393451924888143623e+00
1.244773186372745386e+03 2.402074821165808949e+00
1.250442044088176317e+03 2.410695702439845434e+00
1.256110901803607248e+03 2.419314342145188590e+00
1.261779759519038180e+03 2.427930516980507214e+00
1.267448617234468884e+03 2.436544006891760095e+00
1.273117474949899815e+03 2.445154595055752278e+00
1.278786332665330519e+03 2.453762067863684670e+00
1.284455190380761451e+03 2.462366214904712081e+00
1.290124048096192382e+03 2.470966828949494598e+00
1.295792905811623314e+03 2.479563705933751194e+00
1.301461763527054245e+03 2.488156644941815099e+00
1.307130621242484949e+03 2.496745448190187400e+00
1.312799478957915653e+03 2.505329921011089755e+00
1.318468336673346585e+03 2.513909871836019772e+00
1.324137194388777516e+03 2.522485112179304600e+00
1.329806052104208447e+03 2.531055456621652322e+00
1.335474909819639379e+03 2.539620722793710428e+00
1.341143767535070083e+03 2.548180731359616313e+00
1.346812625250500787e+03 2.556735306000551322e+00
1.352481482965931718e+03 2.565284273398296566e+00
1.358150340681362650e+03 2.573827463218783862e+00
1.363819198396793581e+03 2.582364708095653327e+00
1.369488056112224513e+03 2.590895843613805205e+00
1.375156913827655217e+03 2.599420708292951687e+00
1.380825771543086148e+03 2.607939143571174068e+00
1.386494629258517080e+03 2.616450993788476787e+00
1.392163486973947784e+03 2.624956106170339254e+00
1.397832344689378715e+03 2.633454330811269450e+00
1.403501202404809646e+03 2.641945520658359747e+00
1.409170060120240578e+03 2.650429531494840507e+00
1.414838917835671509e+03 2.658906221923631463e+00
1.420507775551102213e+03 2.667375453350899761e+00
1.426176633266532917e+03 2.675837089969609561e+00
1.431845490981963849e+03 2.684290998743079637e+00
1.437514348697394780e+03 2.692737049388534754e+00
1.443183206412825712e+03 2.701175114360660601e+00
1.448852064128256416e+03 2.709605068835156505e+00
1.454520921843687347e+03 2.718026790692292138e+00
1.460189779559118051e+03 2.726440160500457122e+00
1.465858637274548983e+03 2.734845061499719954e+00
1.471527494989979914e+03 2.743241379585376727e+00
1.477196352705410845e+03 2.751629003291508724e+00
1.482865210420841549e+03 2.760007823774535574e+00
1.488534068136272481e+03 2.768377734796767520e+00
1.494202925851703185e+03 2.776738632709961685e+00
1.499871783567134116e+03 2.785090416438873451e+00
1.505540641282565048e+03 2.793432987464811834e+00
1.511209498997995979e+03 2.801766249809194420e+00
1.516878356713426683e+03 2.810090110017098297e+00
1.522547214428857842e+03 2.818404477140816322e+00
1.528216072144288319e+03 2.826709262723410276e+00
1.533884929859719477e+03 2.835004380782265354e+00
1.539553787575150182e+03 2.843289747792641098e+00
1.545222645290581113e+03 2.851565282671231216e+00
1.550891503006012044e+03 2.859830906759710523e+00
1.556560360721442976e+03 2.868086543808294753e+00
1.562229218436873680e+03 2.876332119959291056e+00
1.567898076152304611e+03 2.884567563730651152e+00
1.573566933867735315e+03 2.892792805999527150e+00
1.579235791583166247e+03 2.901007779985827817e+00
1.584904649298597178e+03 2.909212421235766843e+00
1.590573507014028110e+03 2.917406667605421333e+00
1.596242364729458814e+03 2.925590459244281405e+00
1.601911222444889745e+03 2.933763738578809566e+00
1.607580080160320449e+03 2.941926450295988538e+00
1.613248937875751380e+03 2.950078541326881520e+00
1.618917795591182312e+03 2.958219960830181350e+00
1.624586653306613243e+03 2.966350660175763210e+00
1.630255511022043947e+03 2.974470592928245338e+00
1.635924368737474879e+03 2.982579714830537299e+00
1.641593226452905583e+03 2.990677983787392691e+00
1.647262084168336742e+03 2.998765359848968970e+00
1.652930941883767446e+03 3.006841805194376605e+00
1.658599799599198377e+03 3.014907284115233566e+00
1.664268657314629081e+03 3.022961762999220703e+00
1.669937515030060013e+03 3.031005210313635789e+00
1.675606372745490944e+03 3.039037596588944012e+00
1.681275230460921648e+03 3.047058894402337792e+00
1.686944088176352579e+03 3.055069078361283275e+00
1.692612945891783511e+03 3.063068125087079707e+00
1.698281803607214442e+03 3.071056013198413481e+00
1.703950661322645374e+03 3.079032723294908180e+00
1.709619519038076078e+03 3.086998237940682621e+00
1.715288376753506782e+03 3.094952541647898236e+00
1.720957234468937713e+03 3.102895620860323334e+00
1.726626092184368645e+03 3.110827463936876480e+00
1.732294949899799576e+03 3.118748061135188543e+00
1.737963807615230508e+03 3.126657404595147849e+00
1.743632665330661212e+03 3.134555488322464889e+00
1.749301523046091916e+03 3.142442308172217480e+00
1.754970380761522847e+03 3.150317861832408806e+00
1.760639238476953778e+03 3.158182148807518352e+00
1.766308096192384710e+03 3.166035170402058618e+00
1.771976953907815641e+03 3.173876929704130490e+00
1.777645811623246345e+03 3.181707431568969291e+00
1.783314669338677277e+03 3.189526682602509489e+00
1.788983527054108208e+03 3.197334691144929408e+00
1.794652384769538912e+03 3.205131467254209721e+00
1.800321242484969844e+03 3.212917022689686153e+00
1.805990100200400775e+03 3.220691370895606198e+00
1.811658957915831706e+03 3.228454526984677386e+00
1.817327815631262638e+03 3.236206507721623993e+00
1.822996673346693342e+03 3.243947331506744636e+00
1.828665531062124046e+03 3.251677018359457882e+00
1.834334388777554977e+03 3.259395589901862955e+00
1.840003246492985909e+03 3.267103069342294219e+00
1.845672104208416840e+03 3.274799481458869010e+00
1.851340961923847772e+03 3.282484852583045676e+00
1.857009819639278476e+03 3.290159210583176730e+00
1.862678677354709180e+03 3.297822584848063343e+00
1.868347535070140111e+03 3.305475006270508942e+00
1.874016392785571043e+03 3.313116507230870589e+00
1.879685250501001974e+03 3.320747121580615691e+00
1.885354108216432905e+03 3.328366884625877820e+00
1.891022965931863610e+03 3.335975833111005429e+00
1.896691823647294314e+03 3.343574005202118116e+00
1.902360681362725472e+03 3.351161440470662001e+00
1.908029539078156176e+03 3.358738179876960661e+00
1.913698396793587108e+03 3.366304265753772729e+00
1.919367254509018039e+03 3.373859741789842381e+00
1.925036112224448743e+03 3.381404653013453832e+00
1.930704969939879902e+03 3.388939045775987147e+00
1.936373827655310606e+03 3.396462967735470961e+00
1.942042685370741310e+03 3.403976467840134745e+00
1.947711543086172242e+03 3.411479596311966400e+00
1.953380400801603173e+03 3.418972404630261863e+00
1.959049258517034104e+03 3.426454945515182260e+00
1.964718116232465036e+03 3.433927272911307504e+00
1.970386973947895740e+03 3.441389441971185903e+00
1.976055831663326444e+03 3.448841509038895303e+00
1.981724689378757375e+03 3.456283531633591366e+00
1.987393547094188307e+03 3.463715568433062941e+00
1.993062404809619238e+03 3.471137679257285669e+00
1.998731262525050170e+03 3.478549925051977354e+00
2.004400120240480874e+03 3.485952367872152458e+00
2.010068977955911578e+03 3.493345070865672142e+00
2.015737835671342737e+03 3.500728098256799647e+00
2.021406693386773441e+03 3.508101515329756115e+00
2.027075551102204372e+03 3.515465388412274628e+00
2.032744408817635076e+03 3.522819784859151593e+00
2.038413266533065780e+03 3.530164773035800341e+00
2.044082124248496939e+03 3.537500422301809166e+00
2.049750981963927643e+03 3.544826802994491821e+00
2.055419839679358574e+03 3.552143986412438892e+00
2.061088697394789506e+03 3.559452044799079395e+00
2.066757555110219982e+03 3.566751051326226829e+00
2.072426412825651369e+03 3.574041080077638988e+00
2.078095270541081845e+03 3.581322206032566235e+00
2.083764128256512777e+03 3.588594505049311767e+00
2.089432985971943708e+03 3.595858053848779434e+00
2.095101843687374640e+03 3.603112929998030900e+00
2.100770701402805571e+03 3.610359211893840570e+00
2.106439559118236502e+03 3.617596978746244751e+00
2.112108416833667434e+03 3.624826310562099696e+00
2.117777274549097910e+03 3.632047288128636531e+00
2.123446132264528842e+03 3.639259992997012638e+00
2.129114989979960228e+03 3.646464507465862148e+00
2.134783847695390705e+03 3.653660914564856199e+00
2.140452705410821181e+03 3.660849298038255206e+00
2.146121563126252113e+03 3.668029742328460685e+00
2.151790420841683044e+03 3.675202332559569296e+00
2.157459278557113976e+03 3.682367154520929109e+00
2.163128136272544907e+03 3.689524294650690539e+00
2.168796993987975839e+03 3.696673840019362167e+00
2.174465851703406770e+03 3.703815878313365673e+00
2.180134709418837701e+03 3.710950497818584992e+00
2.185803567134268178e+03 3.718077787403927026e+00
2.191472424849699564e+03 3.725197836504870352e+00
2.197141282565130496e+03 3.732310735107017052e+00
2.202810140280560972e+03 3.739416573729657856e+00
2.208478997995991449e+03 3.746515443409311086e+00
2.214147855711422380e+03 3.753607435683287363e+00
2.219816713426853767e+03 3.760692642573240541e+00
2.225485571142284243e+03 3.767771156568717750e+00
2.231154428857715175e+03 3.774843070610718332e+00
2.236823286573146106e+03 3.781908478075247437e+00
2.242492144288577038e+03 3.788967472756866961e+00
2.248161002004007969e+03 3.796020148852249143e+00
2.253829859719438900e+03 3.803066600943735054e+00
2.259498717434869832e+03 3.810106923982885085e+00
2.265167575150300763e+03 3.817141213274030775e+00
2.270836432865731240e+03 3.824169564457832848e+00
2.276505290581162171e+03 3.831192073494834816e+00
2.282174148296593103e+03 3.838208836649013911e+00
2.287843006012024034e+03 3.845219950471337356e+00
2.293511863727454511e+03 3.852225511783312406e+00
2.299180721442885442e+03 3.859225617660548391e+00
2.304849579158316374e+03 3.866220365416304539e+00
2.310518436873747305e+03 3.873209852585039137e+00
2.316187294589178236e+03 3.880194176905977343e+00
2.321856152304609168e+03 3.887173436306648799e+00
2.327525010020040099e+03 3.894147728886456328e+00
2.333193867735471031e+03 3.901117152900219764e+00
2.338862725450901962e+03 3.908081806741731778e+00
2.344531583166332439e+03 3.915041788927315913e+00
2.350200440881763370e+03 3.921997198079377522e+00
2.355869298597194302e+03 3.928948132909954705e+00
2.361538156312625233e+03 3.935894692204280787e+00
2.367207014028055710e+03 3.942836974804322825e+00
2.372875871743486641e+03 3.949775079592357852e+00
2.378544729458917573e+03 3.956709105474505161e+00
2.384213587174348504e+03 3.963639151364292346e+00
2.389882444889779435e+03 3.970565316166207115e+00
2.395551302605210367e+03 3.977487698759246015e+00
2.401220160320641298e+03 3.984406397980478687e+00
2.406889018036072230e+03 3.991321512608590361e+00
2.412557875751502706e+03 3.998233141347443897e+00
2.418226733466934093e+03 4.005141382809627615e+00
2.423895591182365024e+03 4.012046335500014216e+00
2.429564448897795501e+03 4.018948097799314390e+00
2.435233306613225977e+03 4.025846767947626859e+00
2.440902164328656909e+03 4.032742444027992867e+00
2.446571022044088295e+03 4.039635223949954224e+00
2.452239879759518772e+03 4.046525205433104233e+00
2.457908737474949703e+03 4.053412485990641301e+00
2.463577595190380634e+03 4.060297162912922531e+00
2.469246452905811566e+03 4.067179333251020878e+00
2.474915310621242497e+03 4.074059093800275200e+00
2.480584168336673429e+03 4.080936541083842961e+00
2.486253026052104360e+03 4.087811771336260946e+00
2.491921883767535292e+03 4.094684880486994416e+00
2.497590741482965768e+03 4.101555964143988930e+00
2.503259599198396700e+03 4.108425117577229280e+00
2.508928456913827176e+03 4.115292435702286866e+00
2.514597314629258108e+03 4.122158013063884852e+00
2.520266172344689039e+03 4.129021943819436657e+00
2.525935030060119971e+03 4.135884321722615553e+00
2.531603887775550902e+03 4.142745240106895821e+00
2.537272745490981833e+03 4.149604791869109910e+00
2.542941603206412765e+03 4.156463069453013581e+00
2.548610460921843696e+03 4.163320164832818193e+00
2.554279318637274173e+03 4.170176169496767393e+00
2.559948176352705559e+03 4.177031174430675620e+00
2.565617034068136491e+03 4.183885270101486142e+00
2.571285891783566967e+03 4.190738546440824663e+00
2.576954749498997444e+03 4.197591092828556469e+00
2.582623607214428375e+03 4.204442998076341809e+00
2.588292464929859307e+03 4.211294350411176168e+00
2.593961322645290238e+03 4.218145237458962526e+00
2.599630180360721170e+03 4.224995746228052518e+00
2.605299038076152101e+03 4.231845963092805363e+00
2.610967895791583032e+03 4.238695973777140580e+00
2.616636753507013964e+03 4.245545863338092474e+00
2.622305611222444895e+03 4.252395716149365512e+00
2.627974468937875827e+03 4.259245615884879044e+00
2.633643326653306758e+03 4.266095645502337774e+00
2.639312184368737235e+03 4.272945887226770267e+00
2.644981042084167711e+03 4.279796422534091427e+00
2.650649899799599098e+03 4.286647332134657873e+00
2.656318757515030029e+03 4.293498695956804667e+00
2.661987615230460506e+03 4.300350593130424670e+00
2.667656472945891437e+03 4.307203101970509707e+00
2.673325330661322369e+03 4.314056299960698837e+00
2.678994188376753300e+03 4.320910263736839951e+00
2.684663046092184231e+03 4.327765069070542481e+00
2.690331903807615163e+03 4.334620790852733663e+00
2.696000761523046094e+03 4.341477503077204148e+00
2.701669619238477026e+03 4.348335278824171368e+00
2.707338476953907957e+03 4.355194190243828700e+00
2.713007334669338434e+03 4.362054308539896397e+00
2.718676192384769365e+03 4.368915703953186735e+00
2.724345050100200297e+03 4.375778445745138967e+00
2.730013907815630773e+03 4.382642602181396896e+00
2.735682765531061705e+03 4.389508240515340276e+00
2.741351623246492636e+03 4.396375426971650846e+00
2.747020480961923568e+03 4.403244226729869482e+00
2.752689338677354499e+03 4.410114703907939138e+00
2.758358196392785430e+03 4.416986921545763778e+00
2.764027054108216362e+03 4.423860941588769080e+00
2.769695911823647293e+03 4.430736824871443602e+00
2.775364769539078225e+03 4.437614631100898599e+00
2.781033627254508701e+03 4.444494418840427841e+00
2.786702484969939633e+03 4.451376245493054995e+00
2.792371342685371019e+03 4.458260167285079234e+00
2.798040200400801496e+03 4.465146239249654592e+00
2.803709058116231972e+03 4.472034515210312478e+00
2.809377915831662904e+03 4.478925047764538370e+00
2.815046773547093835e+03 4.485817888267318310e+00
2.820715631262524766e+03 4.492713086814685397e+00
2.826384488977955698e+03 4.499610692227295594e+00
2.832053346693386629e+03 4.506510752033950240e+00
2.837722204408817561e+03 4.513413312455172743e+00
2.843391062124248492e+03 4.520318418386763959e+00
2.849059919839679424e+03 4.527226113383335360e+00
2.854728777555110355e+03 4.534136439641883953e+00
2.860397635270540832e+03 4.541049437985336112e+00
2.866066492985971763e+03 4.547965147846102951e+00
2.871735350701402240e+03 4.554883607249637478e+00
2.877404208416833626e+03 4.561804852797983756e+00
2.883073066132264103e+03 4.568728919653329612e+00
2.888741923847695034e+03 4.575655841521568234e+00
2.894410781563125965e+03 4.582585650635845553e+00
2.900079639278556897e+03 4.589518377740116506e+00
2.905748496993987828e+03 4.596454052072698637e+00
2.911417354709418760e+03 4.603392701349822147e+00
2.917086212424849691e+03 4.610334351749195037e+00
2.922755070140280623e+03 4.617279027893541610e+00
2.928423927855711554e+03 4.624226752834170284e+00
2.934092785571142485e+03 4.631177548034516533e+00
2.939761643286572962e+03 4.638131433353708033e+00
2.945430501002003894e+03 4.645088427030100497e+00
2.951099358717434370e+03 4.652048545664853485e+00
2.956768216432865756e+03 4.659011804205472451e+00
2.962437074148296233e+03 4.665978215929359685e+00
2.968105931863727164e+03 4.672947792427376790e+00
2.973774789579158096e+03 4.679920543587391180e+00
2.979443647294589027e+03 4.686896477577835896e+00
2.985112505010019959e+03 4.693875600831259653e+00
2.990781362725450890e+03 4.700857918027883109e+00
2.996450220440881822e+03 4.707843432079145352e+00
3.002119078156312753e+03 4.714832144111275269e+00
3.007787935871743230e+03 4.721824053448823832e+00
3.013456793587174616e+03 4.728819157598229239e+00
3.019125651302605092e+03 4.735817452231378510e+00
3.024794509018036024e+03 4.742818931169145102e+00
3.030463366733466501e+03 4.749823586364946948e+00
3.036132224448897432e+03 4.756831407888313379e+00
3.041801082164328363e+03 4.763842383908422740e+00
3.047469939879759295e+03 4.770856500677663092e+00
3.053138797595190226e+03 4.777873742515192035e+00
3.058807655310621158e+03 4.784894091790473425e+00
3.064476513026052089e+03 4.791917528906851409e+00
3.070145370741483021e+03 4.798944032285096029e+00
3.075814228456913952e+03 4.805973578346947050e+00
3.081483086172344883e+03 4.813006141498682666e+00
3.087151943887775360e+03 4.820041694114673092e+00
3.092820801603206291e+03 4.827080206520916406e+00
3.098489659318636768e+03 4.834121646978616127e+00
3.104158517034068154e+03 4.841165981667725937e+00
3.109827374749498631e+03 4.848213174670481962e+00
3.115496232464929562e+03 4.855263187955001669e+00
3.121165090180360494e+03 4.862315981358793948e+00
3.126833947895791425e+03 4.869371512572346461e+00
3.132502805611222357e+03 4.876429737122655261e+00
3.138171663326653288e+03 4.883490608356786389e+00
3.143840521042084220e+03 4.890554077425433910e+00
3.149509378757515151e+03 4.897620093266478847e+00
3.155178236472945628e+03 4.904688602588517909e+00
3.160847094188377014e+03 4.911759549854455287e+00
3.166515951903807490e+03 4.918832877265025161e+00
3.172184809619238422e+03 4.925908524742355077e+00
3.177853667334668899e+03 4.932986429913523985e+00
3.183522525050099830e+03 4.940066528094118503e+00
3.189191382765530761e+03 4.947148752271774086e+00
3.194860240480961693e+03 4.954233033089737503e+00
3.200529098196392624e+03 4.961319298830430213e+00
3.206197955911823556e+03 4.968407475398969986e+00
3.211866813627254487e+03 4.975497486306776906e+00
3.217535671342685418e+03 4.982589252655071910e+00
3.223204529058116350e+03 4.989682693118458801e+00
3.228873386773547281e+03 4.996777723928495618e+00
3.234542244488977758e+03 5.003874258857200275e+00
3.240211102204408235e+03 5.010972209200648564e+00
3.245879959919839621e+03 5.018071483762511775e+00
3.251548817635270098e+03 5.025171988837604964e+00
3.257217675350701029e+03 5.032273628195445880e+00
3.262886533066131960e+03 5.039376303063814788e+00
3.268555390781562892e+03 5.046479912112297406e+00
3.274224248496993823e+03 5.053584351435846500e+00
3.279893106212424755e+03 5.060689514538339040e+00
3.285561963927855686e+03 5.067795292316109368e+00
3.291230821643286617e+03 5.074901573041538327e+00
3.296899679358717094e+03 5.082008242346573113e+00
3.302568537074148480e+03 5.089115183206294191e+00
3.308237394789578957e+03 5.096222275922481337e+00
3.313906252505009888e+03 5.103329398107145920e+00
3.319575110220440365e+03 5.110436424666095157e+00
3.325243967935871297e+03 5.117543227782504367e+00
3.330912825651302228e+03 5.124649676900420836e+00
3.336581683366733159e+03 5.131755638708374256e+00
3.342250541082164091e+03 5.138860977122904572e+00
3.347919398797595022e+03 5.145965553272093373e+00
3.353588256513025954e+03 5.153069225479173454e+00
3.359257114228456885e+03 5.160171849246030007e+00
3.364925971943887816e+03 5.167273277236778206e+00
3.370594829659318748e+03 5.174373359261323913e+00
3.376263687374749225e+03 5.181471942258891517e+00
3.381932545090180156e+03 5.188568870281606848e+00
3.387601402805611087e+03 5.195663984478038344e+00
3.393270260521042019e+03 5.202757123076741763e+00
3.398939118236472495e+03 5.209848121369825336e+00
3.404607975951903427e+03 5.216936811696509579e+00
3.410276833667334358e+03 5.224023023426662249e+00
3.415945691382765290e+03 5.231106582944370587e+00
3.421614549098196221e+03 5.238187313631487818e+00
3.427283406813627153e+03 5.245265035851177871e+00
3.432952264529058084e+03 5.252339566931489401e+00
3.438621122244489015e+03 5.259410721148896073e+00
3.444289979959919947e+03 5.266478309711837724e+00
3.449958837675350878e+03 5.273542140744311268e+00
3.455627695390781355e+03 5.280602019269393210e+00
3.461296553106212286e+03 5.287657747192799462e+00
3.466965410821642763e+03 5.294709123286447827e+00
3.472634268537074149e+03 5.301755943172008045e+00
3.478303126252504626e+03 5.308797999304444737e+00
3.483971983967935557e+03 5.315835080955595870e+00
3.489640841683366489e+03 5.322866974197694390e+00
3.495309699398797420e+03 5.329893461886959116e+00
3.500978557114228352e+03 5.336914323647106606e+00
3.506647414829659283e+03 5.343929335852951823e+00
3.512316272545090214e+03 5.350938271613916442e+00
3.517985130260521146e+03 5.357940900757618863e+00
3.523653987975951623e+03 5.364936989813401169e+00
3.529322845691382554e+03 5.371926301995904041e+00
3.534991703406813485e+03 5.378908597188607033e+00
3.540660561122244417e+03 5.385883631927386617e+00
3.546329418837674893e+03 5.392851159384077775e+00
3.551998276553105825e+03 5.399810929350007171e+00
3.557667134268536756e+03 5.406762688219574287e+00
3.563335991983967688e+03 5.413706178973781036e+00
3.569004849699398619e+03 5.420641141163802246e+00
3.574673707414829551e+03 5.427567310894522379e+00
3.580342565130260482e+03 5.434484420808125549e+00
3.586011422845691413e+03 5.441392200067597607e+00
3.591680280561122345e+03 5.448290374340317044e+00
3.597349138276553276e+03 5.455178665781601488e+00
3.603017995991983753e+03 5.462056793018251533e+00
3.608686853707414684e+03 5.468924471132117660e+00
3.614355711422845161e+03 5.475781411643649399e+00
3.620024569138276547e+03 5.479061292417425122e+00
3.675053591403913288e+03 5.546701857490825560e+00
3.730082613669550028e+03 5.614342422564225998e+00
3.785111635935186769e+03 5.681982987637626437e+00
3.840140658200823964e+03 5.749623552711028651e+00
3.895169680466460704e+03 5.817264117784429089e+00
3.950198702732097445e+03 5.884904682857829528e+00
4.005227724997734185e+03 5.952545247931231742e+00
4.060256747263370926e+03 6.020185813004632180e+00
4.115285769529007666e+03 6.087826378078032619e+00
4.170314791794644407e+03 6.155466943151433057e+00
4.225343814060281147e+03 6.223107508224835271e+00
4.280372836325917888e+03 6.290748073298235710e+00
4.335401858591554628e+03 6.358388638371636148e+00
4.390430880857191369e+03 6.426029203445036586e+00
4.445459903122828109e+03 6.493669768518438801e+00
4.500488925388464850e+03 6.561310333591839239e+00
4.555517947654101590e+03 6.628950898665239677e+00
4.610546969919739240e+03 6.696591463738641892e+00
4.665575992185375981e+03 6.764232028812042330e+00
4.720605014451012721e+03 6.831872593885442768e+00
4.775634036716649462e+03 6.899513158958844983e+00
4.830663058982286202e+03 6.967153724032245421e+00
4.885692081247922943e+03 7.034794289105645859e+00
4.940721103513559683e+03 7.102434854179046297e+00
4.995750125779196424e+03 7.170075419252448512e+00
5.050779148044833164e+03 7.237715984325848950e+00
5.105808170310469905e+03 7.305356549399249388e+00
5.160837192576106645e+03 7.372997114472649827e+00
5.215866214841743385e+03 7.440637679546052041e+00
5.270895237107381035e+03 7.508278244619454256e+00
5.325924259373017776e+03 7.575918809692854694e+00
5.380953281638654516e+03 7.643559374766255132e+00
5.435982303904291257e+03 7.711199939839655570e+00
5.491011326169927997e+03 7.778840504913057785e+00
5.546040348435564738e+03 7.846481069986458223e+00
5.601069370701201478e+03 7.914121635059858662e+00
5.656098392966838219e+03 7.981762200133259100e+00
5.711127415232474959e+03 8.049402765206661314e+00
5.766156437498111700e+03 8.117043330280061753e+00
5.821185459763748440e+03 8.184683895353462191e+00
5.876214482029385181e+03 8.252324460426862629e+00
5.931243504295021921e+03 8.319965025500264844e+00
5.986272526560658662e+03 8.387605590573665282e+00
6.041301548826295402e+03 8.455246155647065720e+00
6.096330571091932143e+03 8.522886720720466158e+00
6.151359593357568883e+03 8.590527285793866596e+00
6.206388615623205624e+03 8.658167850867268811e+00
6.261417637888842364e+03 8.725808415940669249e+00
6.316446660154479105e+03 8.793448981014069687e+00
6.371475682420115845e+03 8.861089546087470126e+00
6.426504704685752586e+03 8.928730111160872340e+00
6.481533726951389326e+03 8.996370676234272779e+00
6.536562749217026976e+03 9.064011241307674993e+00
6.591591771482663717e+03 9.131651806381075431e+00
6.646620793748300457e+03 9.199292371454477646e+00
6.701649816013937198e+03 9.266932936527878084e+00
6.756678838279573938e+03 9.334573501601278522e+00
6.811707860545210679e+03 9.402214066674678961e+00
6.866736882810847419e+03 9.469854631748081175e+00
6.921765905076485069e+03 9.537495196821481613e+00
6.976794927342121809e+03 9.605135761894883828e+00
7.031823949607758550e+03 9.672776326968284266e+00
7.086852971873395290e+03 9.740416892041684704e+00
7.141881994139032031e+03 9.808057457115085143e+00
7.196911016404668771e+03 9.875698022188487357e+00
7.251940038670305512e+03 9.943338587261887795e+00
7.306969060935942252e+03 1.001097915233528823e+01
7.361998083201578993e+03 1.007861971740868867e+01
7.417027105467215733e+03 1.014626028248209089e+01
7.472056127732852474e+03 1.021390084755549132e+01
7.527085149998489214e+03 1.028154141262889176e+01
7.582114172264125955e+03 1.034918197770229220e+01
7.637143194529762695e+03 1.041682254277569442e+01
7.692172216795399436e+03 1.048446310784909485e+01
7.747201239061036176e+03 1.055210367292249529e+01
7.802230261326672917e+03 1.061974423799589573e+01
7.857259283592309657e+03 1.068738480306929794e+01
7.912288305857946398e+03 1.075502536814269838e+01
7.967317328123583138e+03 1.082266593321609882e+01
8.022346350389219879e+03 1.089030649828949926e+01
8.077375372654856619e+03 1.095794706336290147e+01
8.132404394920493360e+03 1.102558762843630191e+01
8.187433417186130100e+03 1.109322819350970235e+01
8.242462439451766841e+03 1.116086875858310279e+01
8.297491461717403581e+03 1.122850932365650500e+01
8.352520483983040322e+03 1.129614988872990544e+01
8.407549506248677062e+03 1.136379045380330588e+01
8.462578528514315622e+03 1.143143101887670987e+01
8.517607550779952362e+03 1.149907158395011031e+01
8.572636573045589103e+03 1.156671214902351075e+01
8.627665595311225843e+03 1.163435271409691119e+01
8.682694617576862584e+03 1.170199327917031340e+01
8.737723639842499324e+03 1.176963384424371384e+01
8.792752662108136064e+03 1.183727440931711428e+01
8.847781684373772805e+03 1.190491497439051471e+01
8.902810706639409545e+03 1.197255553946391693e+01
8.957839728905046286e+03 1.204019610453731737e+01
9.012868751170683026e+03 1.210783666961071781e+01
9.067897773436319767e+03 1.217547723468411824e+01
9.122926795701956507e+03 1.224311779975752046e+01
9.177955817967593248e+03 1.231075836483092090e+01
9.232984840233229988e+03 1.237839892990432134e+01
9.288013862498866729e+03 1.244603949497772177e+01
9.343042884764503469e+03 1.251368006005112399e+01
9.398071907030140210e+03 1.258132062512452443e+01
9.453100929295776950e+03 1.264896119019792486e+01
9.508129951561413691e+03 1.271660175527132530e+01
9.563158973827050431e+03 1.278424232034472752e+01
9.618187996092687172e+03 1.285188288541812796e+01
9.673217018358323912e+03 1.291952345049152839e+01
9.728246040623960653e+03 1.298716401556492883e+01
9.783275062889597393e+03 1.305480458063832927e+01
9.838304085155234134e+03 1.312244514571173148e+01
9.893333107420870874e+03 1.319008571078513192e+01
9.948362129686507615e+03 1.325772627585853236e+01
1.000339115195214436e+04 1.332536684093193280e+01
1.005842017421778110e+04 1.339300740600533501e+01
1.011344919648341784e+04 1.346064797107873545e+01
1.016847821874905458e+04 1.352828853615213589e+01
1.022350724101469314e+04 1.359592910122553988e+01
1.027853626328032988e+04 1.366356966629894032e+01
1.033356528554596662e+04 1.373121023137234076e+01
1.038859430781160336e+04 1.379885079644574120e+01
1.044362333007724010e+04 1.386649136151914341e+01
1.049865235234287684e+04 1.393413192659254385e+01
1.055368137460851358e+04 1.400177249166594429e+01
1.060871039687415032e+04 1.406941305673934473e+01
1.066373941913978706e+04 1.413705362181274694e+01
1.071876844140542380e+04 1.420469418688614738e+01
1.077379746367106054e+04 1.427233475195954782e+01
1.082882648593669728e+04 1.433997531703294825e+01
1.088385550820233402e+04 1.440761588210635047e+01
1.093888453046797076e+04 1.447525644717975091e+01
1.099391355273360750e+04 1.454289701225315135e+01
1.104894257499924424e+04 1.461053757732655178e+01
1.110397159726488098e+04 1.467817814239995400e+01
1.115900061953051772e+04 1.474581870747335444e+01
1.121402964179615446e+04 1.481345927254675487e+01
1.126905866406179121e+04 1.488109983762015531e+01
1.132408768632742795e+04 1.494874040269355753e+01
1.137911670859306469e+04 1.501638096776695797e+01
1.143414573085870143e+04 1.508402153284035840e+01
1.148917475312433817e+04 1.515166209791375884e+01
1.154420377538997491e+04 1.521930266298716106e+01
1.159923279765561165e+04 1.528694322806056149e+01
1.165426181992124839e+04 1.535458379313396193e+01
1.170929084218688513e+04 1.542222435820736237e+01
1.176431986445252187e+04 1.548986492328076459e+01
1.181934888671816043e+04 1.555750548835416680e+01
1.187437790898379717e+04 1.562514605342756724e+01
1.192940693124943391e+04 1.569278661850096945e+01
1.198443595351507065e+04 1.576042718357436989e+01
1.203946497578070739e+04 1.582806774864777033e+01
1.209449399804634413e+04 1.589570831372117077e+01
1.214952302031198087e+04 1.596334887879457298e+01
1.220455204257761761e+04 1.603098944386797342e+01
1.225958106484325435e+04 1.609863000894137386e+01
1.231461008710889109e+04 1.616627057401477430e+01
1.236963910937452783e+04 1.623391113908817474e+01
1.242466813164016457e+04 1.630155170416157517e+01
1.247969715390580131e+04 1.636919226923497561e+01
1.253472617617143806e+04 1.643683283430837605e+01
1.258975519843707480e+04 1.650447339938178004e+01
1.264478422070271154e+04 1.657211396445518048e+01
1.269981324296834828e+04 1.663975452952858092e+01
1.275484226523398502e+04 1.670739509460198136e+01
1.280987128749962176e+04 1.677503565967538179e+01
1.286490030976525850e+04 1.684267622474878223e+01
1.291992933203089524e+04 1.691031678982218267e+01
1.297495835429653198e+04 1.697795735489558311e+01
1.302998737656216872e+04 1.704559791996898355e+01
1.308501639882780546e+04 1.711323848504238399e+01
1.314004542109344220e+04 1.718087905011578442e+01
1.319507444335907894e+04 1.724851961518918841e+01
1.325010346562471568e+04 1.731616018026258885e+01
1.330513248789035424e+04 1.738380074533598929e+01
1.336016151015599098e+04 1.745144131040939328e+01
1.341519053242162772e+04 1.751908187548279372e+01
1.347021955468726446e+04 1.758672244055619416e+01
1.352524857695290120e+04 1.765436300562959460e+01
1.358027759921853794e+04 1.772200357070299503e+01
1.363530662148417468e+04 1.778964413577639547e+01
1.369033564374981142e+04 1.785728470084979591e+01
1.374536466601544817e+04 1.792492526592319635e+01
1.380039368828108491e+04 1.799256583099660034e+01
1.385542271054672165e+04 1.806020639607000078e+01
1.391045173281235839e+04 1.812784696114340122e+01
1.396548075507799513e+04 1.819548752621680165e+01
1.402050977734363187e+04 1.826312809129020209e+01
1.407553879960926861e+04 1.833076865636360253e+01
1.413056782187490535e+04 1.839840922143700297e+01
1.418559684414054209e+04 1.846604978651040341e+01
1.424062586640617883e+04 1.853369035158380740e+01
1.429565488867181557e+04 1.860133091665720784e+01
1.435068391093745231e+04 1.866897148173060828e+01
1.440571293320308905e+04 1.873661204680400871e+01
1.446074195546872579e+04 1.880425261187740915e+01
1.451577097773436253e+04 1.887189317695080959e+01
1.457079999999999927e+04 1.893953374202421003e+01
