8.129100000000000819e+02 1.434332561782133197e+00
8.185855310621242324e+02 1.439185220649991770e+00
8.242610621242486104e+02 1.444041641644315366e+00
8.299365931863727610e+02 1.448901816973788392e+00
8.356121242484969116e+02 1.453765738964075904e+00
8.412876553106212896e+02 1.458633400056658314e+00
8.469631863727454402e+02 1.463504792807658772e+00
8.526387174348698181e+02 1.468379909886680768e+00
8.583142484969939687e+02 1.473258744075637061e+00
8.639897795591182330e+02 1.478141288267582620e+00
8.696653106212424973e+02 1.483027535465547775e+00
8.753408416833667616e+02 1.487917478781369374e+00
8.810163727454910259e+02 1.492811111434523941e+00
8.866919038076152901e+02 1.497708426750959498e+00
8.923674348697395544e+02 1.502609418161928057e+00
8.980429659318637050e+02 1.507514079202817214e+00
9.037184969939880830e+02 1.512422403511983537e+00
9.093940280561122336e+02 1.517334384829583716e+00
9.150695591182366115e+02 1.522250016996408162e+00
9.207450901803607621e+02 1.527169293952711504e+00
9.264206212424849127e+02 1.532092209737046851e+00
9.320961523046091770e+02 1.537018758485096503e+00
9.377716833667334413e+02 1.541948934428504892e+00
9.434472144288577056e+02 1.546882731893710394e+00
9.491227454909819699e+02 1.551820145300778719e+00
9.547982765531062341e+02 1.556761169162234060e+00
9.604738076152304984e+02 1.561705798081891583e+00
9.661493386773547627e+02 1.566654026753690587e+00
9.718248697394790270e+02 1.571605849960524104e+00
9.775004008016032913e+02 1.576561262573075828e+00
9.831759318637275555e+02 1.581520259548647722e+00
9.888514629258517061e+02 1.586482835929994728e+00
9.945269939879759704e+02 1.591448986844156810e+00
1.000202525050100348e+03 1.596418707501290779e+00
1.005878056112224385e+03 1.601391993193502783e+00
1.011553587174348763e+03 1.606368839293680573e+00
1.017229118236473028e+03 1.611349241254325992e+00
1.022904649298597178e+03 1.616333194606386137e+00
1.028580180360721442e+03 1.621320694958087838e+00
1.034255711422845707e+03 1.626311737993767270e+00
1.039931242484969971e+03 1.631306319472704658e+00
1.045606773547094235e+03 1.636304435227954990e+00
1.051282304609218500e+03 1.641306081165180508e+00
1.056957835671342764e+03 1.646311253261483198e+00
1.062633366733467028e+03 1.651319947564237722e+00
1.068308897795591292e+03 1.656332160189923020e+00
1.073984428857715557e+03 1.661347887322953465e+00
1.079659959919839821e+03 1.666367125214513578e+00
1.085335490981964085e+03 1.671389870181388737e+00
1.091011022044088122e+03 1.676416118604797001e+00
1.096686553106212386e+03 1.681445866929223154e+00
1.102362084168336878e+03 1.686479111661248975e+00
1.108037615230460915e+03 1.691515849368387281e+00
1.113713146292585179e+03 1.696556076677913083e+00
1.119388677354709444e+03 1.701599790275695856e+00
1.125064208416833708e+03 1.706646986905032026e+00
1.130739739478957745e+03 1.711697663365478128e+00
1.136415270541082236e+03 1.716751816511682405e+00
1.142090801603206501e+03 1.721809443252215743e+00
1.147766332665330538e+03 1.726870540548405497e+00
1.153441863727454802e+03 1.731935105413168419e+00
1.159117394789579066e+03 1.737003134909840929e+00
1.164792925851703558e+03 1.742074626151013161e+00
1.170468456913827595e+03 1.747149576297359674e+00
1.176143987975951859e+03 1.752227982556473496e+00
1.181819519038076123e+03 1.757309842181696169e+00
1.187495050100200388e+03 1.762395152470952242e+00
1.193170581162324652e+03 1.767483910765580868e+00
1.198846112224448916e+03 1.772576114449166740e+00
1.204521643286573180e+03 1.777671760946373913e+00
1.210197174348697445e+03 1.782770847721778074e+00
1.215872705410821709e+03 1.787873372278697470e+00
1.221548236472945973e+03 1.792979332158026962e+00
1.227223767535070237e+03 1.798088724937068061e+00
1.232899298597194502e+03 1.803201548228364537e+00
1.238574829659318766e+03 1.808317799678529791e+00
1.244250360721443030e+03 1.813437476967085127e+00
1.249925891783567295e+03 1.818560577805286904e+00
1.255601422845691332e+03 1.823687099934961253e+00
1.261276953907815823e+03 1.828817041127336118e+00
1.266952484969940087e+03 1.833950399181873081e+00
1.272628016032064124e+03 1.839087171925100073e+00
1.278303547094188389e+03 1.844227357209443419e+00
1.283979078156312653e+03 1.849370952912059884e+00
1.289654609218436917e+03 1.854517956933669831e+00
1.295330140280561181e+03 1.859668367197388150e+00
1.301005671342685446e+03 1.864822181647557198e+00
1.306681202404809483e+03 1.869979398248579949e+00
1.312356733466933747e+03 1.875140014983750714e+00
1.318032264529058239e+03 1.880304029854088510e+00
1.323707795591182276e+03 1.885471440877168448e+00
1.329383326653306540e+03 1.890642246085955103e+00
1.335058857715430804e+03 1.895816443527634121e+00
1.340734388777555068e+03 1.900994031262444262e+00
1.346409919839679560e+03 1.906175007362510332e+00
1.352085450901803597e+03 1.911359369910674122e+00
1.357760981963927861e+03 1.916547116999329559e+00
1.363436513026052125e+03 1.921738246729251642e+00
1.369112044088176390e+03 1.926932757208430047e+00
1.374787575150300654e+03 1.932130646550902275e+00
1.380463106212424918e+03 1.937331912875584816e+00
1.386138637274549183e+03 1.942536554305106300e+00
1.391814168336673447e+03 1.947744568964638212e+00
1.397489699398797711e+03 1.952955954980728936e+00
1.403165230460921975e+03 1.958170710480134691e+00
1.408840761523046240e+03 1.963388833588653792e+00
1.414516292585170504e+03 1.968610322429955595e+00
1.420191823647294541e+03 1.973835175124415642e+00
1.425867354709419033e+03 1.979063389787947935e+00
1.431542885771543297e+03 1.984294964530834093e+00
1.437218416833667334e+03 1.989529897456559837e+00
1.442893947895791825e+03 1.994768186660644371e+00
1.448569478957915862e+03 2.000009830229473540e+00
1.454245010020040127e+03 2.005254826239132093e+00
1.459920541082164391e+03 2.010503172754235734e+00
1.465596072144288655e+03 2.015754867826763608e+00
1.471271603206412919e+03 2.021009909494891676e+00
1.476947134268536956e+03 2.026268295781822104e+00
1.482622665330661448e+03 2.031530024694618852e+00
1.488298196392785485e+03 2.036795094223037061e+00
1.493973727454909749e+03 2.042063502338358205e+00
1.499649258517034013e+03 2.047335246992219471e+00
1.505324789579158278e+03 2.052610326115447581e+00
1.511000320641282542e+03 2.057888737616892172e+00
1.516675851703406806e+03 2.063170479382255174e+00
1.522351382765531071e+03 2.068455549272924632e+00
1.528026913827655335e+03 2.073743945124808530e+00
1.533702444889779599e+03 2.079035664747165058e+00
1.539377975951903863e+03 2.084330705921434657e+00
1.545053507014028128e+03 2.089629066400072510e+00
1.550729038076152392e+03 2.094930743905383697e+00
1.556404569138276656e+03 2.100235736128351238e+00
1.562080100200400921e+03 2.105544040727470367e+00
1.567755631262525185e+03 2.110855655327581459e+00
1.573431162324649222e+03 2.116170577518699858e+00
1.579106693386773713e+03 2.121488804854851917e+00
1.584782224448897978e+03 2.126810334852903939e+00
1.590457755511022015e+03 2.132135164991395992e+00
1.596133286573146506e+03 2.137463292709373519e+00
1.601808817635270543e+03 2.142794715405220707e+00
1.607484348697394807e+03 2.148129430435491205e+00
1.613159879759519299e+03 2.153467435113741502e+00
1.618835410821643336e+03 2.158808726709362524e+00
1.624510941883767600e+03 2.164153302446413463e+00
1.630186472945891865e+03 2.169501159502451593e+00
1.635862004008016129e+03 2.174852295007365655e+00
1.641537535070140166e+03 2.180206706042210563e+00
1.647213066132264657e+03 2.185564389638034122e+00
1.652888597194388694e+03 2.190925342774714846e+00
1.658564128256512959e+03 2.196289562379790894e+00
1.664239659318637450e+03 2.201657045327295226e+00
1.669915190380761487e+03 2.207027788436582760e+00
1.675590721442885751e+03 2.212401788471169084e+00
1.681266252505010016e+03 2.217779042137558498e+00
1.686941783567134280e+03 2.223159546084076510e+00
1.692617314629258544e+03 2.228543296899704984e+00
1.698292845691382809e+03 2.233930291112909750e+00
1.703968376753507073e+03 2.239320525190477529e+00
1.709643907815631337e+03 2.244713995536346651e+00
1.715319438877755601e+03 2.250110698490435990e+00
1.720994969939879866e+03 2.255510630327483668e+00
1.726670501002004130e+03 2.260913787255873331e+00
1.732346032064128394e+03 2.266320165416470189e+00
1.738021563126252659e+03 2.271729760881451732e+00
1.743697094188376923e+03 2.277142569653140214e+00
1.749372625250501187e+03 2.282558587662833816e+00
1.755048156312625224e+03 2.287977810769642240e+00
1.760723687374749716e+03 2.293400234759315648e+00
1.766399218436873753e+03 2.298825855343077151e+00
1.772074749498998017e+03 2.304254668156458408e+00
1.777750280561122281e+03 2.309686668758127226e+00
1.783425811623246545e+03 2.315121852628724497e+00
1.789101342685370810e+03 2.320560215169690910e+00
1.794776873747495074e+03 2.326001751702104769e+00
1.800452404809619338e+03 2.331446457465512268e+00
1.806127935871743375e+03 2.336894327616757749e+00
1.811803466933867867e+03 2.342345357228818870e+00
1.817478997995992131e+03 2.347799541289637304e+00
1.823154529058116168e+03 2.353256874700950796e+00
1.828830060120240660e+03 2.358717352277126533e+00
1.834505591182364697e+03 2.364180968743993638e+00
1.840181122244488961e+03 2.369647718737672992e+00
1.845856653306613453e+03 2.375117596803412834e+00
1.851532184368737489e+03 2.380590597394418140e+00
1.857207715430861754e+03 2.386066714870684891e+00
1.862883246492986018e+03 2.391545943497831672e+00
1.868558777555110282e+03 2.397028277445931721e+00
1.874234308617234547e+03 2.402513710788345414e+00
1.879909839679358811e+03 2.408002237500551868e+00
1.885585370741483075e+03 2.413493851458982320e+00
1.891260901803607339e+03 2.418988546439852616e+00
1.896936432865731604e+03 2.424486316117994367e+00
1.902611963927855641e+03 2.429987154065686106e+00
1.908287494989980132e+03 2.435491053751490220e+00
1.913963026052104397e+03 2.440998008539079223e+00
1.919638557114228433e+03 2.446508011686071793e+00
1.925314088176352925e+03 2.452021056342865712e+00
1.930989619238476962e+03 2.457537135551465468e+00
1.936665150300601226e+03 2.463056242244320515e+00
1.942340681362725718e+03 2.468578369243154214e+00
1.948016212424849755e+03 2.474103509257794542e+00
1.953691743486974019e+03 2.479631654885010583e+00
1.959367274549098056e+03 2.485162798607341905e+00
1.965042805611222548e+03 2.490696932791931495e+00
1.970718336673346812e+03 2.496234049689357803e+00
1.976393867735470849e+03 2.501774141432467680e+00
1.982069398797595341e+03 2.507317200035208415e+00
1.987744929859719377e+03 2.512863217391458903e+00
1.993420460921843642e+03 2.518412185273864345e+00
1.999095991983968133e+03 2.523964095332666524e+00
2.004771523046092170e+03 2.529518939094534957e+00
2.010447054108216662e+03 2.535076707961403830e+00
2.016122585170340699e+03 2.540637393209298267e+00
2.021798116232464963e+03 2.546200985987171705e+00
2.027473647294589227e+03 2.551767477315735277e+00
2.033149178356713492e+03 2.557336858086290743e+00
2.038824709418837756e+03 2.562909119059563423e+00
2.044500240480962020e+03 2.568484250864532470e+00
2.050175771543086285e+03 2.574062243997266464e+00
2.055851302605210549e+03 2.579643088819753238e+00
2.061526833667334813e+03 2.585226775558731482e+00
2.067202364729459077e+03 2.590813294304526337e+00
2.072877895791582887e+03 2.596402635009877891e+00
2.078553426853707606e+03 2.601994787488776772e+00
2.084228957915831415e+03 2.607589741415292206e+00
2.089904488977956134e+03 2.613187486322409825e+00
2.095580020040080399e+03 2.618788011600860166e+00
2.101255551102204663e+03 2.624391306497949827e+00
2.106931082164328473e+03 2.629997360116398397e+00
2.112606613226453192e+03 2.635606161413166504e+00
2.118282144288577001e+03 2.641217699198290081e+00
2.123957675350701720e+03 2.646831962133711968e+00
2.129633206412825530e+03 2.652448938732114847e+00
2.135308737474950249e+03 2.658068617355751506e+00
2.140984268537074058e+03 2.663690986215281775e+00
2.146659799599198777e+03 2.669316033368598795e+00
2.152335330661322587e+03 2.674943746719664617e+00
2.158010861723446851e+03 2.680574114017343135e+00
2.163686392785571115e+03 2.686207122854231688e+00
2.169361923847695380e+03 2.691842760665489998e+00
2.175037454909819644e+03 2.697481014727679316e+00
2.180712985971943908e+03 2.703121872157587369e+00
2.186388517034068173e+03 2.708765319911066172e+00
2.192064048096192437e+03 2.714411344781860969e+00
2.197739579158316701e+03 2.720059933400444052e+00
2.203415110220440965e+03 2.725711072232846810e+00
2.209090641282565230e+03 2.731364747579491326e+00
2.214766172344689494e+03 2.737020945574024644e+00
2.220441703406813758e+03 2.742679652182147265e+00
2.226117234468937568e+03 2.748340853200448741e+00
2.231792765531062287e+03 2.754004534255240166e+00
2.237468296593186551e+03 2.759670680801383114e+00
2.243143827655310815e+03 2.765339278121125677e+00
2.248819358717434625e+03 2.771010311322932296e+00
2.254494889779559344e+03 2.776683765340316690e+00
2.260170420841683153e+03 2.782359624930674347e+00
2.265845951903807872e+03 2.788037874674115457e+00
2.271521482965932137e+03 2.793718498972295627e+00
2.277197014028055946e+03 2.799401482047248368e+00
2.282872545090180211e+03 2.805086807940219806e+00
2.288548076152304930e+03 2.810774460510497175e+00
2.294223607214428739e+03 2.816464423434244413e+00
2.299899138276553458e+03 2.822156680203332435e+00
2.305574669338677268e+03 2.827851214124171619e+00
2.311250200400801532e+03 2.833548008316544298e+00
2.316925731462925796e+03 2.839247045712439910e+00
2.322601262525050515e+03 2.844948309054880831e+00
2.328276793587174325e+03 2.850651780896760634e+00
2.333952324649298589e+03 2.856357443599671697e+00
2.339627855711422853e+03 2.862065279332744794e+00
2.345303386773547572e+03 2.867775270071471372e+00
2.350978917835671382e+03 2.873487397596543147e+00
2.356654448897796101e+03 2.879201643492682372e+00
2.362329979959919910e+03 2.884917989147472994e+00
2.368005511022044175e+03 2.890636415750194033e+00
2.373681042084168439e+03 2.896356904290652512e+00
2.379356573146292703e+03 2.902079435558013287e+00
2.385032104208416968e+03 2.907803990139634642e+00
2.390707635270541232e+03 2.913530548419898114e+00
2.396383166332665496e+03 2.919259090579041427e+00
2.402058697394789306e+03 2.924989596591988317e+00
2.407734228456914025e+03 2.930722046227188571e+00
2.413409759519038289e+03 2.936456419045440747e+00
2.419085290581162553e+03 2.942192694398729991e+00
2.424760821643286818e+03 2.947930851429060528e+00
2.430436352705411082e+03 2.953670869067283267e+00
2.436111883767534891e+03 2.959412726031933616e+00
2.441787414829659610e+03 2.965156400828061756e+00
2.447462945891783420e+03 2.970901871746061573e+00
2.453138476953908139e+03 2.976649116860509814e+00
2.458814008016031949e+03 2.982398114028992353e+00
2.464489539078156668e+03 2.988148840890938018e+00
2.470165070140280477e+03 2.993901274866452411e+00
2.475840601202405196e+03 2.999655393155149063e+00
2.481516132264529006e+03 3.005411172734981484e+00
2.487191663326653270e+03 3.011168590361076092e+00
2.492867194388777534e+03 3.016927622564565148e+00
2.498542725450901798e+03 3.022688245651415251e+00
2.504218256513026063e+03 3.028450435701264709e+00
2.509893787575150782e+03 3.034214168566253811e+00
2.515569318637274591e+03 3.039979419869855093e+00
2.521244849699398856e+03 3.045746165005708050e+00
2.526920380761523120e+03 3.051514379136452071e+00
2.532595911823647384e+03 3.057284037192554482e+00
2.538271442885771648e+03 3.063055113871147928e+00
2.543946973947895913e+03 3.068827583634860190e+00
2.549622505010020177e+03 3.074601420710645350e+00
2.555298036072143987e+03 3.080376599088618050e+00
2.560973567134268706e+03 3.086153092520885988e+00
2.566649098196392970e+03 3.091930874520380179e+00
2.572324629258517234e+03 3.097709918359687897e+00
2.578000160320641498e+03 3.103490197069887824e+00
2.583675691382765763e+03 3.109271683439376321e+00
2.589351222444889572e+03 3.115054350012706585e+00
2.595026753507014291e+03 3.120838169089414471e+00
2.600702284569138101e+03 3.126623112722856757e+00
2.606377815631262820e+03 3.132409152719039636e+00
2.612053346693386629e+03 3.138196260635450763e+00
2.617728877755511348e+03 3.143984407779893075e+00
2.623404408817635158e+03 3.149773565209318171e+00
2.629079939879759877e+03 3.155563703728655245e+00
2.634755470941883686e+03 3.161354793889646242e+00
2.640431002004007951e+03 3.167146805989676572e+00
2.646106533066132215e+03 3.172939710070608488e+00
2.651782064128256479e+03 3.178733475917612239e+00
2.657457595190380744e+03 3.184528073057998121e+00
2.663133126252505463e+03 3.190323470760051183e+00
2.668808657314629272e+03 3.196119638031860610e+00
2.674484188376753536e+03 3.201916543620153544e+00
2.680159719438877801e+03 3.207714156009126683e+00
2.685835250501002520e+03 3.213512443419280551e+00
2.691510781563126329e+03 3.219311373806246657e+00
2.697186312625250594e+03 3.225110914859627087e+00
2.702861843687374858e+03 3.230911034001819893e+00
2.708537374749498667e+03 3.236711698386856018e+00
2.714212905811623386e+03 3.242512874899230013e+00
2.719888436873747651e+03 3.248314530152730306e+00
2.725563967935871915e+03 3.254116630489276574e+00
2.731239498997996179e+03 3.259919141977745127e+00
2.736915030060120444e+03 3.265722030412808508e+00
2.742590561122244253e+03 3.271525261313760868e+00
2.748266092184368972e+03 3.277328799923356240e+00
2.753941623246493236e+03 3.283132611206637019e+00
2.759617154308617501e+03 3.288936659849765576e+00
2.765292685370741310e+03 3.294740910258861621e+00
2.770968216432866029e+03 3.300545326558828485e+00
2.776643747494989839e+03 3.306349872592189154e+00
2.782319278557114558e+03 3.312154511917917432e+00
2.787994809619238822e+03 3.317959207810269540e+00
2.793670340681363086e+03 3.323763923257616604e+00
2.799345871743486896e+03 3.329568620961279812e+00
2.805021402805611615e+03 3.335373263334358018e+00
2.810696933867735424e+03 3.341177812500562450e+00
2.816372464929859689e+03 3.346982230293049199e+00
2.822047995991983953e+03 3.352786478253251268e+00
2.827723527054108217e+03 3.358590517629710170e+00
2.833399058116232482e+03 3.364394309376908865e+00
2.839074589178357201e+03 3.370197814154104687e+00
2.844750120240481010e+03 3.376000992324158290e+00
2.850425651302605274e+03 3.381803803952371901e+00
2.856101182364729539e+03 3.387606208805314267e+00
2.861776713426853803e+03 3.393408166349660249e+00
2.867452244488978067e+03 3.399209635751017977e+00
2.873127775551102332e+03 3.405010575872762679e+00
2.878803306613226596e+03 3.410810945274867834e+00
2.884478837675350405e+03 3.416610702212742101e+00
2.890154368737475124e+03 3.422409804636054709e+00
2.895829899799598934e+03 3.428208210187572380e+00
2.901505430861723653e+03 3.434005876201990937e+00
2.907180961923847917e+03 3.439802759704766899e+00
2.912856492985972181e+03 3.445598817410948200e+00
2.918532024048095991e+03 3.451394005724011116e+00
2.924207555110220710e+03 3.457188280734686536e+00
2.929883086172344520e+03 3.462981598219796009e+00
2.935558617234469239e+03 3.468773913641085560e+00
2.941234148296593048e+03 3.474565182144052411e+00
2.946909679358717767e+03 3.480355358556782797e+00
2.952585210420841577e+03 3.486144397388780014e+00
2.958260741482966296e+03 3.491932252829800909e+00
2.963936272545090560e+03 3.497718878748684368e+00
2.969611803607214370e+03 3.503504228692184252e+00
2.975287334669338634e+03 3.509288255883805441e+00
2.980962865731463353e+03 3.515070913222630544e+00
2.986638396793587162e+03 3.520852153282154617e+00
2.992313927855711427e+03 3.526631928309120312e+00
2.997989458917835691e+03 3.532410190222344593e+00
3.003664989979959955e+03 3.538186890611554780e+00
3.009340521042084220e+03 3.543961980736221928e+00
3.015016052104208939e+03 3.549735411524387541e+00
3.020691583166332748e+03 3.555507133571500944e+00
3.026367114228457012e+03 3.561277097139252668e+00
3.032042645290581277e+03 3.567045252154398938e+00
3.037718176352705086e+03 3.572811548207603050e+00
3.043393707414829805e+03 3.578575934552262527e+00
3.049069238476954069e+03 3.584338360103341170e+00
3.054744769539078334e+03 3.590098773436204205e+00
3.060420300601202598e+03 3.595857122785449889e+00
3.066095831663326862e+03 3.601613356043738445e+00
3.071771362725450672e+03 3.607367420760628551e+00
3.077446893787575391e+03 3.613119264141407605e+00
3.083122424849699655e+03 3.618868833045923772e+00
3.088797955911823919e+03 3.624616073987419362e+00
3.094473486973947729e+03 3.630360933131361545e+00
3.100149018036072448e+03 3.636103356294277500e+00
3.105824549098196258e+03 3.641843288942582024e+00
3.111500080160320977e+03 3.647580676191415350e+00
3.117175611222444786e+03 3.653315462803471192e+00
3.122851142284569050e+03 3.659047593187829683e+00
3.128526673346693315e+03 3.664777011398792084e+00
3.134202204408818034e+03 3.670503661134709716e+00
3.139877735470941843e+03 3.676227485736820011e+00
3.145553266533066108e+03 3.681948428188074551e+00
3.151228797595190372e+03 3.687666431111975562e+00
3.156904328657314636e+03 3.693381436771403070e+00
3.162579859719438900e+03 3.699093387067453165e+00
3.168255390781563619e+03 3.704802223538266492e+00
3.173930921843687429e+03 3.710507887357859858e+00
3.179606452905811693e+03 3.716210319334962264e+00
3.185281983967935957e+03 3.721909459911843854e+00
3.190957515030059767e+03 3.727605249163146617e+00
3.196633046092184486e+03 3.733297626794725765e+00
3.202308577154308750e+03 3.738986532142468455e+00
3.207984108216433015e+03 3.744671904171137822e+00
3.213659639278557279e+03 3.750353681473198364e+00
3.219335170340681543e+03 3.756031802267650654e+00
3.225010701402805353e+03 3.761706204398864717e+00
3.230686232464930072e+03 3.767376825335409407e+00
3.236361763527054336e+03 3.773043602168885791e+00
3.242037294589178146e+03 3.778706471612761852e+00
3.247712825651302410e+03 3.784365370001202322e+00
3.253388356713427129e+03 3.790020233287898943e+00
3.259063887775550938e+03 3.795670997044908290e+00
3.264739418837675657e+03 3.801317596461479376e+00
3.270414949899799467e+03 3.806959966342888801e+00
3.276090480961923731e+03 3.812598041109268809e+00
3.281766012024047996e+03 3.818231754794446875e+00
3.287441543086172715e+03 3.823861041044768427e+00
3.293117074148296524e+03 3.829485833117938665e+00
3.298792605210420788e+03 3.835106063881847938e+00
3.304468136272545053e+03 3.840721665813408237e+00
3.310143667334669317e+03 3.846332570997382128e+00
3.315819198396793581e+03 3.851938711125217019e+00
3.321494729458918300e+03 3.857540017493877649e+00
3.327170260521042110e+03 3.863136421004678134e+00
3.332845791583166374e+03 3.868727852162111347e+00
3.338521322645290638e+03 3.874314241072688514e+00
3.344196853707414448e+03 3.879895517443761488e+00
3.349872384769539167e+03 3.885471610582363233e+00
3.355547915831663431e+03 3.891042449394036318e+00
3.361223446893787695e+03 3.896607962381666290e+00
3.366898977955911505e+03 3.902168077644312838e+00
3.372574509018036224e+03 3.907722722876044052e+00
3.378250040080160034e+03 3.913271825364766254e+00
3.383925571142284753e+03 3.918815311991058259e+00
3.389601102204409017e+03 3.924353109227002534e+00
3.395276633266533281e+03 3.929885143135019021e+00
3.400952164328657091e+03 3.935411339366693184e+00
3.406627695390781810e+03 3.940931623161615605e+00
3.412303226452906074e+03 3.946445919346205589e+00
3.417978757515030338e+03 3.951954152332551651e+00
3.423654288577154148e+03 3.957456246117237786e+00
3.429329819639278867e+03 3.962952124280177735e+00
3.435005350701402676e+03 3.968441709983449694e+00
3.440680881763527395e+03 3.973924925970123034e+00
3.446356412825651660e+03 3.979401694563097003e+00
3.452031943887775469e+03 3.984871937663927000e+00
3.457707474949899733e+03 3.990335576751661950e+00
3.463383006012024453e+03 3.995792532881674131e+00
3.469058537074148262e+03 4.001242726684490769e+00
3.474734068136272981e+03 4.006686078364626979e+00
3.480409599198396791e+03 4.012122507699419138e+00
3.486085130260521055e+03 4.017551934037856043e+00
3.491760661322645319e+03 4.022974276299411400e+00
3.497436192384770038e+03 4.028389452972877649e+00
3.503111723446893848e+03 4.033797382115190899e+00
3.508787254509018112e+03 4.039197981350278077e+00
3.514462785571142376e+03 4.044591167867872983e+00
3.520138316633266186e+03 4.049976858422356329e+00
3.525813847695390905e+03 4.055354969331593118e+00
3.531489378757515624e+03 4.060725416475753136e+00
3.537164909819639433e+03 4.066088115296150107e+00
3.542840440881763698e+03 4.071442980794076405e+00
3.548515971943887962e+03 4.076789927529629765e+00
3.554191503006011772e+03 4.082128869620547107e+00
3.559867034068136491e+03 4.087459720741039249e+00
3.565542565130260755e+03 4.092782394120620282e+00
3.571218096192385019e+03 4.098096802542943173e+00
3.576893627254508829e+03 4.103402858344626480e+00
3.582569158316633548e+03 4.108700473414093501e+00
3.588244689378757357e+03 4.113989559190398992e+00
3.593920220440882076e+03 4.119270026662062989e+00
3.599595751503006340e+03 4.124541786365908180e+00
3.605271282565130150e+03 4.129804748385879520e+00
3.610946813627254414e+03 4.135058822351893149e+00
3.616622344689379133e+03 4.140303917438656001e+00
3.622297875751502943e+03 4.157458522220048636e+00
3.677361705521595923e+03 4.212950625938788107e+00
3.732425535291688902e+03 4.268442729657526691e+00
3.787489365061781882e+03 4.323934833376266162e+00
3.842553194831874862e+03 4.379426937095005634e+00
3.897617024601967842e+03 4.434919040813745106e+00
3.952680854372060821e+03 4.490411144532484577e+00
4.007744684142153346e+03 4.545903248251223161e+00
4.062808513912246781e+03 4.601395351969964409e+00
4.117872343682339306e+03 4.656887455688702104e+00
4.172936173452432740e+03 4.712379559407443352e+00
4.228000003222525265e+03 4.767871663126181048e+00
4.283063832992618700e+03 4.823363766844920519e+00
4.338127662762711225e+03 4.878855870563659991e+00
4.393191492532803750e+03 4.934347974282399463e+00
4.448255322302897184e+03 4.989840078001138934e+00
4.503319152072990619e+03 5.045332181719878406e+00
4.558382981843083144e+03 5.100824285438617878e+00
4.613446811613175669e+03 5.156316389157357349e+00
4.668510641383269103e+03 5.211808492876096821e+00
4.723574471153362538e+03 5.267300596594836293e+00
4.778638300923455063e+03 5.322792700313575764e+00
4.833702130693547588e+03 5.378284804032315236e+00
4.888765960463641022e+03 5.433776907751054708e+00
4.943829790233733547e+03 5.489269011469794179e+00
4.998893620003826982e+03 5.544761115188533651e+00
5.053957449773919507e+03 5.600253218907273123e+00
5.109021279544012941e+03 5.655745322626012594e+00
5.164085109314105466e+03 5.711237426344752066e+00
5.219148939084197991e+03 5.766729530063489761e+00
5.274212768854291426e+03 5.822221633782231009e+00
5.329276598624384860e+03 5.877713737500970481e+00
5.384340428394477385e+03 5.933205841219709953e+00
5.439404258164569910e+03 5.988697944938447648e+00
5.494468087934663345e+03 6.044190048657188896e+00
5.549531917704756779e+03 6.099682152375928368e+00
5.604595747474849304e+03 6.155174256094667840e+00
5.659659577244941829e+03 6.210666359813405535e+00
5.714723407015035264e+03 6.266158463532146783e+00
5.769787236785128698e+03 6.321650567250886255e+00
5.824851066555221223e+03 6.377142670969625726e+00
5.879914896325313748e+03 6.432634774688363422e+00
5.934978726095407183e+03 6.488126878407104670e+00
5.990042555865499708e+03 6.543618982125842365e+00
6.045106385635592233e+03 6.599111085844581837e+00
6.100170215405685667e+03 6.654603189563321308e+00
6.155234045175779102e+03 6.710095293282060780e+00
6.210297874945871627e+03 6.765587397000800252e+00
6.265361704715964152e+03 6.821079500719539723e+00
6.320425534486057586e+03 6.876571604438279195e+00
6.375489364256151021e+03 6.932063708157018667e+00
6.430553194026243546e+03 6.987555811875758138e+00
6.485617023796336071e+03 7.043047915594497610e+00
6.540680853566429505e+03 7.098540019313237082e+00
6.595744683336522939e+03 7.154032123031976553e+00
6.650808513106615464e+03 7.209524226750716025e+00
6.705872342876707989e+03 7.265016330469455497e+00
6.760936172646801424e+03 7.320508434188194968e+00
6.816000002416893949e+03 7.376000537906934440e+00
6.871063832186986474e+03 7.431492641625673912e+00
6.926127661957079908e+03 7.486984745344413383e+00
6.981191491727173343e+03 7.542476849063152855e+00
7.036255321497265868e+03 7.597968952781892327e+00
7.091319151267358393e+03 7.653461056500630022e+00
7.146382981037451827e+03 7.708953160219371270e+00
7.201446810807545262e+03 7.764445263938110742e+00
7.256510640577637787e+03 7.819937367656850213e+00
7.311574470347730312e+03 7.875429471375587909e+00
7.366638300117823746e+03 7.930921575094329157e+00
7.421702129887917181e+03 7.986413678813068628e+00
7.476765959658009706e+03 8.041905782531808100e+00
7.531829789428102231e+03 8.097397886250545795e+00
7.586893619198195665e+03 8.152889989969287043e+00
7.641957448968288190e+03 8.208382093688024739e+00
7.697021278738380715e+03 8.263874197406764210e+00
7.752085108508474150e+03 8.319366301125503682e+00
7.807148938278567584e+03 8.374858404844244930e+00
7.862212768048660109e+03 8.430350508562982625e+00
7.917276597818753544e+03 8.485842612281723873e+00
7.972340427588846069e+03 8.541334716000463345e+00
8.027404257358939503e+03 8.596826819719202817e+00
8.082468087129032028e+03 8.652318923437940512e+00
8.137531916899124553e+03 8.707811027156679984e+00
8.192595746669217988e+03 8.763303130875419455e+00
8.247659576439309603e+03 8.818795234594158927e+00
8.302723406209403038e+03 8.874287338312898399e+00
8.357787235979496472e+03 8.929779442031637871e+00
8.412851065749589907e+03 8.985271545750377342e+00
8.467914895519683341e+03 9.040763649469118590e+00
8.522978725289776776e+03 9.096255753187858062e+00
8.578042555059868391e+03 9.151747856906595757e+00
8.633106384829961826e+03 9.207239960625335229e+00
8.688170214600053441e+03 9.262732064344074701e+00
8.743234044370146876e+03 9.318224168062814172e+00
8.798297874140240310e+03 9.373716271781553644e+00
8.853361703910333745e+03 9.429208375500293116e+00
8.908425533680427179e+03 9.484700479219034364e+00
8.963489363450518795e+03 9.540192582937772059e+00
9.018553193220612229e+03 9.595684686656511531e+00
9.073617022990703845e+03 9.651176790375249226e+00
9.128680852760797279e+03 9.706668894093988698e+00
9.183744682530890714e+03 9.762160997812729946e+00
9.238808512300984148e+03 9.817653101531469417e+00
9.293872342071077583e+03 9.873145205250208889e+00
9.348936171841171017e+03 9.928637308968948361e+00
9.404000001611262633e+03 9.984129412687687832e+00
9.459063831381356067e+03 1.003962151640642730e+01
9.514127661151447683e+03 1.009511362012516500e+01
9.569191490921541117e+03 1.015060572384390447e+01
9.624255320691634552e+03 1.020609782756264572e+01
9.679319150461727986e+03 1.026158993128138519e+01
9.734382980231821421e+03 1.031708203500012466e+01
9.789446810001913036e+03 1.037257413871886236e+01
9.844510639772006471e+03 1.042806624243760361e+01
9.899574469542098086e+03 1.048355834615634130e+01
9.954638299312191521e+03 1.053905044987508077e+01
1.000970212908228496e+04 1.059454255359382024e+01
1.006476595885237839e+04 1.065003465731255972e+01
1.011982978862247182e+04 1.070552676103130096e+01
1.017489361839256526e+04 1.076101886475004044e+01
1.022995744816265687e+04 1.081651096846877813e+01
1.028502127793275031e+04 1.087200307218751760e+01
1.034008510770284192e+04 1.092749517590625707e+01
1.039514893747293536e+04 1.098298727962499655e+01
1.045021276724302879e+04 1.103847938334373602e+01
1.050527659701312223e+04 1.109397148706247549e+01
1.056034042678321566e+04 1.114946359078121674e+01
1.061540425655330910e+04 1.120495569449995621e+01
1.067046808632340071e+04 1.126044779821869390e+01
1.072553191609349233e+04 1.131593990193743160e+01
1.078059574586358576e+04 1.137143200565617285e+01
1.083565957563367920e+04 1.142692410937491232e+01
1.089072340540377263e+04 1.148241621309365179e+01
1.094578723517386607e+04 1.153790831681239126e+01
1.100085106494395950e+04 1.159340042053113251e+01
1.105591489471405112e+04 1.164889252424987021e+01
1.111097872448414455e+04 1.170438462796860968e+01
1.116604255425423617e+04 1.175987673168734737e+01
1.122110638402432960e+04 1.181536883540608684e+01
1.127617021379442303e+04 1.187086093912482809e+01
1.133123404356451647e+04 1.192635304284356756e+01
1.138629787333460990e+04 1.198184514656230704e+01
1.144136170310470334e+04 1.203733725028104651e+01
1.149642553287479495e+04 1.209282935399978598e+01
1.155148936264488839e+04 1.214832145771852545e+01
1.160655319241498000e+04 1.220381356143726315e+01
1.166161702218507344e+04 1.225930566515600262e+01
1.171668085195516687e+04 1.231479776887474387e+01
1.177174468172526031e+04 1.237028987259348334e+01
1.182680851149535192e+04 1.242578197631222103e+01
1.188187234126544536e+04 1.248127408003096050e+01
1.193693617103553879e+04 1.253676618374970175e+01
1.199200000080563223e+04 1.259225828746844122e+01
1.204706383057572384e+04 1.264775039118717892e+01
1.210212766034581728e+04 1.270324249490591839e+01
1.215719149011591071e+04 1.275873459862465786e+01
1.221225531988600414e+04 1.281422670234339911e+01
1.226731914965609576e+04 1.286971880606213681e+01
1.232238297942618919e+04 1.292521090978087628e+01
1.237744680919628263e+04 1.298070301349961575e+01
1.243251063896637606e+04 1.303619511721835700e+01
1.248757446873646768e+04 1.309168722093709469e+01
1.254263829850656111e+04 1.314717932465583417e+01
1.259770212827665455e+04 1.320267142837457364e+01
1.265276595804674616e+04 1.325816353209331311e+01
1.270782978781683960e+04 1.331365563581205258e+01
1.276289361758693303e+04 1.336914773953079205e+01
1.281795744735702647e+04 1.342463984324953152e+01
1.287302127712711808e+04 1.348013194696827100e+01
1.292808510689721152e+04 1.353562405068701047e+01
1.298314893666730495e+04 1.359111615440574994e+01
1.303821276643739839e+04 1.364660825812448941e+01
1.309327659620749000e+04 1.370210036184322711e+01
1.314834042597758344e+04 1.375759246556196835e+01
1.320340425574767687e+04 1.381308456928070783e+01
1.325846808551777031e+04 1.386857667299944730e+01
1.331353191528786192e+04 1.392406877671818499e+01
1.336859574505795536e+04 1.397956088043692624e+01
1.342365957482804879e+04 1.403505298415566571e+01
1.347872340459814041e+04 1.409054508787440341e+01
1.353378723436823384e+04 1.414603719159314288e+01
1.358885106413832727e+04 1.420152929531188413e+01
1.364391489390842071e+04 1.425702139903062360e+01
1.369897872367851232e+04 1.431251350274936129e+01
1.375404255344860576e+04 1.436800560646810077e+01
1.380910638321869919e+04 1.442349771018684201e+01
1.386417021298879263e+04 1.447898981390558149e+01
1.391923404275888424e+04 1.453448191762431918e+01
1.397429787252897768e+04 1.458997402134305865e+01
1.402936170229907111e+04 1.464546612506179812e+01
1.408442553206916455e+04 1.470095822878053937e+01
1.413948936183925616e+04 1.475645033249927707e+01
1.419455319160934960e+04 1.481194243621801654e+01
1.424961702137944303e+04 1.486743453993675601e+01
1.430468085114953465e+04 1.492292664365549548e+01
1.435974468091962808e+04 1.497841874737423495e+01
1.441480851068972152e+04 1.503391085109297443e+01
1.446987234045981495e+04 1.508940295481171390e+01
1.452493617022990657e+04 1.514489505853045337e+01
1.458000000000000000e+04 1.520038716224919284e+01
