7.919249999999999545e+02 6.372184195315782063e+00
7.976782565130260991e+02 6.398665553934323569e+00
8.034315130260520164e+02 6.425044664590298993e+00
8.091847695390781610e+02 6.451321152606028342e+00
8.149380260521043056e+02 6.477494651903930034e+00
8.206912825651302228e+02 6.503564804966146085e+00
8.264445390781563674e+02 6.529531262794169066e+00
8.321977955911823983e+02 6.555393684868473514e+00
8.379510521042084292e+02 6.581151739108140220e+00
8.437043086172344601e+02 6.606805101830487637e+00
8.494575651302604911e+02 6.632353457710699729e+00
8.552108216432866357e+02 6.657796499741451157e+00
8.609640781563126666e+02 6.683133929192538680e+00
8.667173346693386975e+02 6.708365455570504565e+00
8.724705911823647284e+02 6.733490796578271542e+00
8.782238476953907593e+02 6.758509678074764437e+00
8.839771042084169039e+02 6.783421834034542464e+00
8.897303607214429348e+02 6.808227006507425294e+00
8.954836172344689658e+02 6.832924945578120912e+00
9.012368737474949967e+02 6.857515409325855238e+00
9.069901302605210276e+02 6.881998163783999090e+00
9.127433867735470585e+02 6.906372982899696922e+00
9.184966432865732031e+02 6.930639648493493787e+00
9.242498997995992340e+02 6.954797950218963187e+00
9.300031563126252649e+02 6.978847685522338473e+00
9.357564128256512959e+02 7.002788659602135368e+00
9.415096693386773268e+02 7.026620685368786035e+00
9.472629258517034714e+02 7.050343583404264258e+00
9.530161823647295023e+02 7.073957181921709747e+00
9.587694388777555332e+02 7.097461316725064862e+00
9.645226953907815641e+02 7.120855831168693584e+00
9.702759519038075950e+02 7.144140576117017361e+00
9.760292084168337396e+02 7.167315409904137624e+00
9.817824649298597706e+02 7.190380198293465419e+00
9.875357214428858015e+02 7.213334814437352804e+00
9.932889779559118324e+02 7.236179138836714486e+00
9.990422344689378633e+02 7.258913059300660109e+00
1.004795490981963894e+03 7.281536470906123881e+00
1.010548747494990039e+03 7.304049275957489762e+00
1.016302004008016070e+03 7.326451383946219309e+00
1.022055260521042101e+03 7.348742711510478642e+00
1.027808517034068245e+03 7.370923182394774287e+00
1.033561773547094162e+03 7.392992727409568587e+00
1.039315030060120307e+03 7.414951284390919994e+00
1.045068286573146452e+03 7.436798798160102919e+00
1.050821543086172369e+03 7.458535220483241801e+00
1.056574799599198286e+03 7.480160510030930965e+00
1.062328056112224431e+03 7.501674632337870463e+00
1.068081312625250575e+03 7.523077559762496591e+00
1.073834569138276493e+03 7.544369271446595526e+00
1.079587825651302637e+03 7.565549753274947165e+00
1.085341082164328782e+03 7.586618997834943201e+00
1.091094338677354699e+03 7.607577004376221197e+00
1.096847595190380844e+03 7.628423778770292429e+00
1.102600851703406988e+03 7.649159333470159083e+00
1.108354108216432905e+03 7.669783687469960753e+00
1.114107364729458823e+03 7.690296866264588083e+00
1.119860621242484967e+03 7.710698901809315942e+00
1.125613877755511112e+03 7.730989832479430390e+00
1.131367134268537029e+03 7.751169703029858304e+00
1.137120390781563174e+03 7.771238564554797890e+00
1.142873647294589091e+03 7.791196474447334097e+00
1.148626903807615236e+03 7.811043496359086902e+00
1.154380160320641380e+03 7.830779700159821388e+00
1.160133416833667297e+03 7.850405161897086259e+00
1.165886673346693442e+03 7.869919963755835468e+00
1.171639929859719359e+03 7.889324194018064063e+00
1.177393186372745504e+03 7.908617947022428041e+00
1.183146442885771648e+03 7.927801323123876642e+00
1.188899699398797566e+03 7.946874428653279310e+00
1.194652955911823710e+03 7.965837375877056203e+00
1.200406212424849627e+03 7.984690282956803387e+00
1.206159468937875772e+03 8.003433273908919787e+00
1.211912725450901917e+03 8.022066478564241265e+00
1.217665981963927834e+03 8.040590032527658693e+00
1.223419238476953979e+03 8.059004077137759126e+00
1.229172494989979896e+03 8.077308759426442109e+00
1.234925751503006040e+03 8.095504232078553741e+00
1.240679008016032185e+03 8.113590653391513641e+00
1.246432264529058102e+03 8.131568187234941902e+00
1.252185521042084019e+03 8.149437003010289615e+00
1.257938777555110164e+03 8.167197275610464047e+00
1.263692034068136309e+03 8.184849185379459158e+00
1.269445290581162226e+03 8.202392918071980787e+00
1.275198547094188370e+03 8.219828664813077168e+00
1.280951803607214515e+03 8.237156622057769439e+00
1.286705060120240432e+03 8.254376991550669729e+00
1.292458316633266577e+03 8.271489980285625876e+00
1.298211573146292722e+03 8.288495800465330632e+00
1.303964829659318639e+03 8.305394669460962831e+00
1.309718086172344556e+03 8.322186809771810800e+00
1.315471342685370701e+03 8.338872448984904651e+00
1.321224599198396845e+03 8.355451819734636132e+00
1.326977855711422762e+03 8.371925159662389149e+00
1.332731112224448907e+03 8.388292711376177380e+00
1.338484368737475052e+03 8.404554722410264134e+00
1.344237625250500969e+03 8.420711445184780430e+00
1.349990881763527113e+03 8.436763136965380383e+00
1.355744138276553258e+03 8.452710059822839739e+00
1.361497394789579175e+03 8.468552480592705933e+00
1.367250651302605092e+03 8.484290670834909065e+00
1.373003907815631237e+03 8.499924906793403068e+00
1.378757164328657382e+03 8.515455469355792673e+00
1.384510420841683299e+03 8.530882644012949712e+00
1.390263677354709444e+03 8.546206720818652514e+00
1.396016933867735588e+03 8.561427994349212867e+00
1.401770190380761505e+03 8.576546763663099426e+00
1.407523446893787650e+03 8.591563332260570007e+00
1.413276703406813795e+03 8.606478008043294992e+00
1.419029959919839712e+03 8.621291103273989620e+00
1.424783216432865629e+03 8.636002934536040954e+00
1.430536472945891774e+03 8.650613822693141941e+00
1.436289729458917918e+03 8.665124092848898840e+00
1.442042985971943835e+03 8.679534074306484825e+00
1.447796242484969980e+03 8.693844100528256291e+00
1.453549498997996125e+03 8.708054509095383366e+00
1.459302755511022042e+03 8.722165641667462666e+00
1.465056012024047959e+03 8.736177843942176224e+00
1.470809268537074104e+03 8.750091465614893593e+00
1.476562525050100248e+03 8.763906860338311233e+00
1.482315781563126166e+03 8.777624385682072372e+00
1.488069038076152538e+03 8.791244403092408177e+00
1.493822294589178455e+03 8.804767277851752283e+00
1.499575551102204372e+03 8.818193379038380186e+00
1.505328807615230517e+03 8.831523079486030881e+00
1.511082064128256661e+03 8.844756755743528487e+00
1.516835320641282578e+03 8.857894788034430533e+00
1.522588577154308496e+03 8.870937560216631823e+00
1.528341833667334640e+03 8.883885459742014490e+00
1.534095090180360785e+03 8.896738877616055419e+00
1.539848346693386702e+03 8.909498208357469196e+00
1.545601603206412847e+03 8.922163849957836845e+00
1.551354859719438991e+03 8.934736203841215030e+00
1.557108116232464909e+03 8.947215674823796761e+00
1.562861372745491053e+03 8.959602671073504609e+00
1.568614629258517198e+03 8.971897604069635435e+00
1.574367885771543115e+03 8.984100888562498000e+00
1.580121142284569032e+03 8.996212942533023948e+00
1.585874398797595177e+03 9.008234187152398320e+00
1.591627655310621321e+03 9.020165046741702497e+00
1.597380911823647466e+03 9.032005948731523404e+00
1.603134168336673383e+03 9.043757323621591127e+00
1.608887424849699300e+03 9.055419604940411205e+00
1.614640681362725445e+03 9.066993229204877380e+00
1.620393937875751590e+03 9.078478635879916325e+00
1.626147194388777734e+03 9.089876267338109272e+00
1.631900450901803652e+03 9.101186568819315426e+00
1.637653707414829569e+03 9.112409988390309579e+00
1.643406963927855713e+03 9.123546976904396644e+00
1.649160220440881858e+03 9.134597987961061705e+00
1.654913476953908003e+03 9.145563477865568558e+00
1.660666733466933920e+03 9.156443905588611543e+00
1.666419989979959837e+03 9.167239732725938950e+00
1.672173246492985982e+03 9.177951423457972879e+00
1.677926503006012126e+03 9.188579444509439753e+00
1.683679759519038271e+03 9.199124265109006160e+00
1.689433016032064188e+03 9.209586356948900487e+00
1.695186272545090105e+03 9.219966194144539884e+00
1.700939529058116250e+03 9.230264253194166102e+00
1.706692785571142394e+03 9.240481012938458250e+00
1.712446042084168312e+03 9.250616954520182844e+00
1.718199298597194229e+03 9.260672561343795905e+00
1.723952555110220374e+03 9.270648319035098339e+00
1.729705811623246518e+03 9.280544715400839806e+00
1.735459068136272663e+03 9.290362240388368775e+00
1.741212324649298807e+03 9.300101386045236396e+00
1.746965581162324725e+03 9.309762646478844772e+00
1.752718837675350642e+03 9.319346517816066822e+00
1.758472094188376786e+03 9.328853498162876789e+00
1.764225350701402931e+03 9.338284087563973657e+00
1.769978607214428848e+03 9.347638787962411655e+00
1.775731863727454765e+03 9.356918103159237887e+00
1.781485120240480910e+03 9.366122538773097972e+00
1.787238376753507055e+03 9.375252602199886098e+00
1.792991633266533199e+03 9.384308802572364883e+00
1.798744889779559344e+03 9.393291650719788777e+00
1.804498146292585261e+03 9.402201659127543465e+00
1.810251402805611178e+03 9.411039341896758614e+00
1.816004659318637323e+03 9.419805214703950824e+00
1.821757915831663468e+03 9.428499794760643482e+00
1.827511172344689385e+03 9.437123600772993726e+00
1.833264428857715529e+03 9.445677152901428286e+00
1.839017685370741447e+03 9.454160972720266898e+00
1.844770941883767591e+03 9.462575583177340377e+00
1.850524198396793508e+03 9.470921508553644230e+00
1.856277454909819880e+03 9.479199274422938970e+00
1.862030711422845798e+03 9.487409407611391288e+00
1.867783967935871715e+03 9.495552436157208120e+00
1.873537224448897632e+03 9.503628889270249402e+00
1.879290480961924004e+03 9.511639297291672790e+00
1.885043737474949921e+03 9.519584191653542860e+00
1.890796993987976066e+03 9.527464104838479386e+00
1.896550250501001983e+03 9.535279570339270094e+00
1.902303507014028128e+03 9.543031122618508277e+00
1.908056763527054045e+03 9.550719297068212654e+00
1.913810020040080190e+03 9.558344629969457884e+00
1.919563276553106334e+03 9.565907658452017515e+00
1.925316533066132251e+03 9.573408920453960746e+00
1.931069789579158169e+03 9.580848954681311369e+00
1.936823046092184541e+03 9.588228300567660511e+00
1.942576302605210458e+03 9.595547498233793604e+00
1.948329559118236602e+03 9.602807088447327999e+00
1.954082815631262520e+03 9.610007612582331049e+00
1.959836072144288664e+03 9.617149612578954176e+00
1.965589328657314582e+03 9.624233630903059833e+00
1.971342585170340726e+03 9.631260210505843133e+00
1.977095841683366871e+03 9.638229894783474805e+00
1.982849098196392788e+03 9.645143227536713937e+00
1.988602354709418705e+03 9.652000752930545602e+00
1.994355611222445077e+03 9.658803015453804264e+00
2.000108867735470994e+03 9.665550559878802517e+00
2.005862124248497139e+03 9.672243931220961599e+00
2.011615380761523056e+03 9.678883674698433026e+00
2.017368637274549201e+03 9.685470335691739763e+00
2.023121893787575345e+03 9.692004459703388974e+00
2.028875150300601263e+03 9.698486592317509647e+00
2.034628406813627407e+03 9.704917279159475996e+00
2.040381663326653097e+03 9.711297065855539756e+00
2.046134919839679242e+03 9.717626497992460699e+00
2.051888176352705159e+03 9.723906121077115827e+00
2.057641432865731531e+03 9.730136480496156537e+00
2.063394689378757903e+03 9.736318121475617815e+00
2.069147945891783820e+03 9.742451589040539872e+00
2.074901202404809737e+03 9.748537427974621750e+00
2.080654458917835655e+03 9.754576182779828741e+00
2.086407715430861572e+03 9.760568397636024685e+00
2.092160971943887944e+03 9.766514616360602474e+00
2.097914228456913406e+03 9.772415382368103920e+00
2.103667484969939778e+03 9.778271238629869799e+00
2.109420741482966150e+03 9.784082727633641952e+00
2.115173997995992067e+03 9.789850391343202674e+00
2.120927254509017985e+03 9.795574771158010563e+00
2.126680511022043902e+03 9.801256407872809717e+00
2.132433767535070274e+03 9.806895841637279787e+00
2.138187024048096191e+03 9.812493611915646952e+00
2.143940280561122563e+03 9.818050257446312656e+00
2.149693537074148480e+03 9.823566316201503668e+00
2.155446793587174398e+03 9.829042325346861730e+00
2.161200050100200315e+03 9.834478821201111387e+00
2.166953306613226232e+03 9.839876339195662069e+00
2.172706563126252604e+03 9.845235413834245719e+00
2.178459819639278976e+03 9.850556578652543749e+00
2.184213076152304893e+03 9.855840366177812228e+00
2.189966332665330810e+03 9.861087307888514175e+00
2.195719589178356728e+03 9.866297934173946516e+00
2.201472845691382645e+03 9.871472774293872376e+00
2.207226102204408562e+03 9.876612356338132059e+00
2.212979358717434934e+03 9.881717207186289542e+00
2.218732615230460851e+03 9.886787852467261217e+00
2.224485871743487223e+03 9.891824816518926866e+00
2.230239128256513141e+03 9.896828622347777937e+00
2.235992384769539058e+03 9.901799791588519639e+00
2.241745641282565430e+03 9.906738844463733429e+00
2.247498897795590892e+03 9.911646299743473776e+00
2.253252154308617264e+03 9.916522674704918217e+00
2.259005410821643181e+03 9.921368485091981881e+00
2.264758667334669553e+03 9.926184245074946233e+00
2.270511923847695471e+03 9.930970467210098462e+00
2.276265180360721388e+03 9.935727662399346016e+00
2.282018436873747305e+03 9.940456339849857770e+00
2.287771693386773677e+03 9.945157007033673224e+00
2.293524949899800049e+03 9.949830169647356115e+00
2.299278206412825966e+03 9.954476331571598280e+00
2.305031462925851883e+03 9.959095994830867937e+00
2.310784719438877801e+03 9.963689659553018885e+00
2.316537975951903718e+03 9.968257823928926342e+00
2.322291232464929635e+03 9.972800984172129901e+00
2.328044488977956007e+03 9.977319634478432064e+00
2.333797745490981924e+03 9.981814266985555406e+00
2.339551002004008296e+03 9.986285371732748217e+00
2.345304258517034214e+03 9.990733436620427454e+00
2.351057515030060131e+03 9.995158947369802149e+00
2.356810771543086048e+03 9.999562387482489711e+00
2.362564028056111965e+03 1.000394423820017309e+01
2.368317284569137882e+03 1.000830497846419220e+01
2.374070541082164254e+03 1.001264508487520999e+01
2.379823797595190626e+03 1.001696503165279495e+01
2.385577054108216544e+03 1.002126529059510318e+01
2.391330310621242461e+03 1.002554633103845561e+01
2.397083567134268378e+03 1.002980861981701111e+01
2.402836823647294750e+03 1.003405262122235264e+01
2.408590080160321122e+03 1.003827879696314440e+01
2.414343336673347039e+03 1.004248760612474634e+01
2.420096593186372957e+03 1.004667950512885000e+01
2.425849849699398874e+03 1.005085494769310728e+01
2.431603106212424791e+03 1.005501438479074849e+01
2.437356362725450708e+03 1.005915826461021290e+01
2.443109619238477080e+03 1.006328703251478807e+01
2.448862875751502997e+03 1.006740113100221912e+01
2.454616132264529369e+03 1.007150099966436230e+01
2.460369388777555287e+03 1.007558707514679242e+01
2.466122645290581204e+03 1.007965979110843158e+01
2.471875901803607121e+03 1.008371957818119213e+01
2.477629158316633038e+03 1.008776686392957700e+01
2.483382414829658956e+03 1.009180207281034924e+01
2.489135671342685328e+03 1.009582562613212531e+01
2.494888927855711700e+03 1.009983794201501439e+01
2.500642184368737617e+03 1.010383943535025608e+01
2.506395440881763534e+03 1.010783051775981178e+01
2.512148697394789451e+03 1.011181159755605741e+01
2.517901953907815823e+03 1.011578307970134993e+01
2.523655210420841740e+03 1.011974536576768990e+01
2.529408466933868112e+03 1.012369885389632884e+01
2.535161723446893575e+03 1.012764393875742464e+01
2.540914979959919947e+03 1.013158101150963297e+01
2.546668236472945864e+03 1.013551045975976805e+01
2.552421492985971781e+03 1.013943266752241534e+01
2.558174749498998153e+03 1.014334801517956564e+01
2.563928006012024071e+03 1.014725687944022781e+01
2.569681262525050442e+03 1.015115963330008242e+01
2.575434519038076360e+03 1.015505664600108560e+01
2.581187775551102277e+03 1.015894828299112262e+01
2.586941032064128194e+03 1.016283490588359761e+01
2.592694288577154111e+03 1.016671687241710309e+01
2.598447545090180029e+03 1.017059453641502387e+01
2.604200801603206401e+03 1.017446824774517822e+01
2.609954058116232773e+03 1.017833835227941819e+01
2.615707314629258690e+03 1.018220519185330453e+01
2.621460571142284607e+03 1.018606910422570166e+01
2.627213827655310524e+03 1.018993042303839047e+01
2.632967084168336442e+03 1.019378947777574851e+01
2.638720340681362813e+03 1.019764659372433258e+01
2.644473597194388731e+03 1.020150209193252522e+01
2.650226853707415103e+03 1.020535628917016524e+01
2.655980110220441020e+03 1.020920949788816401e+01
2.661733366733466937e+03 1.021306202617812886e+01
2.667486623246492854e+03 1.021691417773202915e+01
2.673239879759519226e+03 1.022076625180178766e+01
2.678993136272545598e+03 1.022461854315890051e+01
2.684746392785571061e+03 1.022847134205409958e+01
2.690499649298597433e+03 1.023232493417696531e+01
2.696252905811623350e+03 1.023617960061555010e+01
2.702006162324649267e+03 1.024003561781600524e+01
2.707759418837675184e+03 1.024389325754222568e+01
2.713512675350701102e+03 1.024775278683545388e+01
2.719265931863727474e+03 1.025161446797392983e+01
2.725019188376753846e+03 1.025547855843250034e+01
2.730772444889779763e+03 1.025934531084225476e+01
2.736525701402805680e+03 1.026321497295017515e+01
2.742278957915831597e+03 1.026708778757871698e+01
2.748032214428857515e+03 1.027096399258548409e+01
2.753785470941883432e+03 1.027484382082282011e+01
2.759538727454909804e+03 1.027872750009746383e+01
2.765291983967936176e+03 1.028261525313016378e+01
2.771045240480962093e+03 1.028650729751531401e+01
2.776798496993988010e+03 1.029040384568056865e+01
2.782551753507013927e+03 1.029430510484647954e+01
2.788305010020040299e+03 1.029821127698613026e+01
2.794058266533066217e+03 1.030212255878475247e+01
2.799811523046092134e+03 1.030603914159935464e+01
2.805564779559118506e+03 1.030996121141836497e+01
2.811318036072144423e+03 1.031388894882123708e+01
2.817071292585170340e+03 1.031782252893808760e+01
2.822824549098196258e+03 1.032176212140934979e+01
2.828577805611222175e+03 1.032570789034534897e+01
2.834331062124248547e+03 1.032965999428597925e+01
2.840084318637274919e+03 1.033361858616030560e+01
2.845837575150300836e+03 1.033758381324619080e+01
2.851590831663326753e+03 1.034155581712994554e+01
2.857344088176352670e+03 1.034553473366593224e+01
2.863097344689378588e+03 1.034952069293620980e+01
2.868850601202404505e+03 1.035351381921014458e+01
2.874603857715430877e+03 1.035751423090405687e+01
2.880357114228456794e+03 1.036152204054084436e+01
2.886110370741483166e+03 1.036553735470959836e+01
2.891863627254509083e+03 1.036956027402523617e+01
2.897616883767535001e+03 1.037359089308815108e+01
2.903370140280560918e+03 1.037762930044380383e+01
2.909123396793586835e+03 1.038167557854237444e+01
2.914876653306613207e+03 1.038572980369839982e+01
2.920629909819639579e+03 1.038979204605036699e+01
2.926383166332665496e+03 1.039386236952037379e+01
2.932136422845691413e+03 1.039794083177373807e+01
2.937889679358717331e+03 1.040202748417863710e+01
2.943642935871743248e+03 1.040612237176572386e+01
2.949396192384769620e+03 1.041022553318776644e+01
2.955149448897795537e+03 1.041433700067927504e+01
2.960902705410821909e+03 1.041845680001613417e+01
2.966655961923847826e+03 1.042258495047519773e+01
2.972409218436873743e+03 1.042672146479395678e+01
2.978162474949899661e+03 1.043086634913015587e+01
2.983915731462925578e+03 1.043501960302142706e+01
2.989668987975951950e+03 1.043918121934489918e+01
2.995422244488977867e+03 1.044335118427683007e+01
3.001175501002004239e+03 1.044752947725224956e+01
3.006928757515030156e+03 1.045171607092457045e+01
3.012682014028056074e+03 1.045591093112524739e+01
3.018435270541081991e+03 1.046011401682335773e+01
3.024188527054107908e+03 1.046432528008526930e+01
3.029941783567134280e+03 1.046854466603423361e+01
3.035695040080160197e+03 1.047277211281006970e+01
3.041448296593186569e+03 1.047700755152872354e+01
3.047201553106212486e+03 1.048125090624193589e+01
3.052954809619238404e+03 1.048550209389688348e+01
3.058708066132264321e+03 1.048976102429576329e+01
3.064461322645290238e+03 1.049402760005544621e+01
3.070214579158316610e+03 1.049830171656712707e+01
3.075967835671342982e+03 1.050258326195589831e+01
3.081721092184368899e+03 1.050687211704043733e+01
3.087474348697394817e+03 1.051116815529258020e+01
3.093227605210420734e+03 1.051547124279699119e+01
3.098980861723446651e+03 1.051978123821076849e+01
3.104734118236473023e+03 1.052409799272307644e+01
3.110487374749499395e+03 1.052842135001480273e+01
3.116240631262525312e+03 1.053275114621811781e+01
3.121993887775551229e+03 1.053708720987617298e+01
3.127747144288577147e+03 1.054142936190268820e+01
3.133500400801603064e+03 1.054577741554159687e+01
3.139253657314629436e+03 1.055013117632669051e+01
3.145006913827655353e+03 1.055449044204117470e+01
3.150760170340681270e+03 1.055885500267740440e+01
3.156513426853707642e+03 1.056322464039641673e+01
3.162266683366733560e+03 1.056759912948761126e+01
3.168019939879759477e+03 1.057197823632836631e+01
3.173773196392785394e+03 1.057636171934366942e+01
3.179526452905811311e+03 1.058074932896574438e+01
3.185279709418837683e+03 1.058514080759365683e+01
3.191032965931864055e+03 1.058953588955297676e+01
3.196786222444889972e+03 1.059393430105539124e+01
3.202539478957915890e+03 1.059833576015833856e+01
3.208292735470941807e+03 1.060273997672462798e+01
3.214045991983967724e+03 1.060714665238205434e+01
3.219799248496994096e+03 1.061155548048305874e+01
3.225552505010020468e+03 1.061596614606434130e+01
3.231305761523045931e+03 1.062037832580648455e+01
3.237059018036072302e+03 1.062479168799358931e+01
3.242812274549098220e+03 1.062920589247288738e+01
3.248565531062124137e+03 1.063362059061440057e+01
3.254318787575150509e+03 1.063803542527051782e+01
3.260072044088175971e+03 1.064245003073568796e+01
3.265825300601202343e+03 1.064686403270600756e+01
3.271578557114228715e+03 1.065127704823883548e+01
3.277331813627254633e+03 1.065568868571245886e+01
3.283085070140280550e+03 1.066009854478569352e+01
3.288838326653306467e+03 1.066450621635754636e+01
3.294591583166332384e+03 1.066891128252678556e+01
3.300344839679358756e+03 1.067331331655163140e+01
3.306098096192385128e+03 1.067771188280933359e+01
3.311851352705411045e+03 1.068210653675583899e+01
3.317604609218436963e+03 1.068649682488537245e+01
3.323357865731462880e+03 1.069088228469013302e+01
3.329111122244488797e+03 1.069526244461987474e+01
3.334864378757515169e+03 1.069963682404151051e+01
3.340617635270541086e+03 1.070400493319881008e+01
3.346370891783567004e+03 1.070836627317196310e+01
3.352124148296593376e+03 1.071272033583725403e+01
3.357877404809619293e+03 1.071706660382668375e+01
3.363630661322645210e+03 1.072140455048755037e+01
3.369383917835671127e+03 1.072573363984212946e+01
3.375137174348697044e+03 1.073005332654727795e+01
3.380890430861723416e+03 1.073436305585408590e+01
3.386643687374749788e+03 1.073866226356746978e+01
3.392396943887775706e+03 1.074295037600583846e+01
3.398150200400801623e+03 1.074722680996067048e+01
3.403903456913827540e+03 1.075149097265619957e+01
3.409656713426853457e+03 1.075574226170900616e+01
3.415409969939879829e+03 1.075998006508764604e+01
3.421163226452905747e+03 1.076420376107230936e+01
3.426916482965932119e+03 1.076841271821441559e+01
3.432669739478958036e+03 1.077260629529624580e+01
3.438422995991983953e+03 1.077678384129058742e+01
3.444176252505009870e+03 1.078094469532034161e+01
3.449929509018035787e+03 1.078508818661817692e+01
3.455682765531062159e+03 1.078921363448614379e+01
3.461436022044088077e+03 1.079332034825529973e+01
3.467189278557114449e+03 1.079740762724530256e+01
3.472942535070140366e+03 1.080147476072412793e+01
3.478695791583166283e+03 1.080552102786763591e+01
3.484449048096192200e+03 1.080954569771918727e+01
3.490202304609218118e+03 1.081354802914929536e+01
3.495955561122244490e+03 1.081752727081527077e+01
3.501708817635270862e+03 1.082148266112078971e+01
3.507462074148296779e+03 1.082541342817561869e+01
3.513215330661322696e+03 1.082931878975512774e+01
3.518968587174348613e+03 1.083319795326004176e+01
3.524721843687374530e+03 1.083705011567593246e+01
3.530475100200400902e+03 1.084087446353296968e+01
3.536228356713426820e+03 1.084467017286547375e+01
3.541981613226453192e+03 1.084843640917157437e+01
3.547734869739479109e+03 1.085217232737282700e+01
3.553488126252505026e+03 1.085587707177386108e+01
3.559241382765530943e+03 1.085954977602196792e+01
3.564994639278556861e+03 1.086318956306676142e+01
3.570747895791583232e+03 1.086679554511979617e+01
3.576501152304609604e+03 1.087036682361424234e+01
3.582254408817635522e+03 1.087390248916439006e+01
3.588007665330661439e+03 1.087740162152541146e+01
3.593760921843687356e+03 1.088086328955290583e+01
3.599514178356713273e+03 1.088428655116258170e+01
3.605267434869739645e+03 1.088767045328984118e+01
3.611020691382765563e+03 1.089101403184942285e+01
3.616773947895791480e+03 1.089431631169503945e+01
3.622527204408817852e+03 1.089757630657899945e+01
3.628280460921843769e+03 1.090079301911182341e+01
3.634033717434869686e+03 1.090396544072189400e+01
3.639786973947895603e+03 1.091292541471651845e+01
3.695120707747152210e+03 1.095253477616935811e+01
3.750454441546409271e+03 1.099214413762219955e+01
3.805788175345665877e+03 1.103175349907503922e+01
3.861121909144922938e+03 1.107136286052787888e+01
3.916455642944179544e+03 1.111097222198071854e+01
3.971789376743436605e+03 1.115058158343355998e+01
4.027123110542693212e+03 1.119019094488639965e+01
4.082456844341950273e+03 1.122980030633923931e+01
4.137790578141207334e+03 1.126940966779207898e+01
4.193124311940463485e+03 1.130901902924491864e+01
4.248458045739720546e+03 1.134862839069775831e+01
4.303791779538977607e+03 1.138823775215059975e+01
4.359125513338234668e+03 1.142784711360343941e+01
4.414459247137490820e+03 1.146745647505627907e+01
4.469792980936747881e+03 1.150706583650911874e+01
4.525126714736004942e+03 1.154667519796196018e+01
4.580460448535261094e+03 1.158628455941479807e+01
4.635794182334518155e+03 1.162589392086763951e+01
4.691127916133775216e+03 1.166550328232047917e+01
4.746461649933031367e+03 1.170511264377331884e+01
4.801795383732288428e+03 1.174472200522615850e+01
4.857129117531545489e+03 1.178433136667899817e+01
4.912462851330802550e+03 1.182394072813183783e+01
4.967796585130059611e+03 1.186355008958467927e+01
5.023130318929315763e+03 1.190315945103751893e+01
5.078464052728572824e+03 1.194276881249035860e+01
5.133797786527829885e+03 1.198237817394320004e+01
5.189131520327086037e+03 1.202198753539603793e+01
5.244465254126343098e+03 1.206159689684887937e+01
5.299798987925600159e+03 1.210120625830171903e+01
5.355132721724856310e+03 1.214081561975455870e+01
5.410466455524113371e+03 1.218042498120739836e+01
5.465800189323370432e+03 1.222003434266023802e+01
5.521133923122627493e+03 1.225964370411307769e+01
5.576467656921884554e+03 1.229925306556591913e+01
5.631801390721140706e+03 1.233886242701875879e+01
5.687135124520397767e+03 1.237847178847159846e+01
5.742468858319654828e+03 1.241808114992443990e+01
5.797802592118910979e+03 1.245769051137727956e+01
5.853136325918168041e+03 1.249729987283011923e+01
5.908470059717425102e+03 1.253690923428295889e+01
5.963803793516681253e+03 1.257651859573579856e+01
6.019137527315938314e+03 1.261612795718863822e+01
6.074471261115195375e+03 1.265573731864147788e+01
6.129804994914451527e+03 1.269534668009431755e+01
6.185138728713709497e+03 1.273495604154715899e+01
6.240472462512965649e+03 1.277456540299999865e+01
6.295806196312222710e+03 1.281417476445283832e+01
6.351139930111479771e+03 1.285378412590567976e+01
6.406473663910735922e+03 1.289339348735851765e+01
6.461807397709992983e+03 1.293300284881135909e+01
6.517141131509250044e+03 1.297261221026419875e+01
6.572474865308506196e+03 1.301222157171703842e+01
6.627808599107763257e+03 1.305183093316987808e+01
6.683142332907020318e+03 1.309144029462271774e+01
6.738476066706276470e+03 1.313104965607555741e+01
6.793809800505534440e+03 1.317065901752839885e+01
6.849143534304790592e+03 1.321026837898123674e+01
6.904477268104047653e+03 1.324987774043407818e+01
6.959811001903304714e+03 1.328948710188691962e+01
7.015144735702560865e+03 1.332909646333975751e+01
7.070478469501817926e+03 1.336870582479259895e+01
7.125812203301074987e+03 1.340831518624543861e+01
7.181145937100331139e+03 1.344792454769827827e+01
7.236479670899588200e+03 1.348753390915111794e+01
7.291813404698845261e+03 1.352714327060395760e+01
7.347147138498101413e+03 1.356675263205679727e+01
7.402480872297359383e+03 1.360636199350963871e+01
7.457814606096615535e+03 1.364597135496247660e+01
7.513148339895872596e+03 1.368558071641531804e+01
7.568482073695129657e+03 1.372519007786815948e+01
7.623815807494385808e+03 1.376479943932099737e+01
7.679149541293642869e+03 1.380440880077383881e+01
7.734483275092899930e+03 1.384401816222667847e+01
7.789817008892156082e+03 1.388362752367951813e+01
7.845150742691413143e+03 1.392323688513235780e+01
7.900484476490670204e+03 1.396284624658519746e+01
7.955818210289927265e+03 1.400245560803803713e+01
8.011151944089183417e+03 1.404206496949087679e+01
8.066485677888440478e+03 1.408167433094371646e+01
8.121819411687697539e+03 1.412128369239655790e+01
8.177153145486954600e+03 1.416089305384939756e+01
8.232486879286210751e+03 1.420050241530223722e+01
8.287820613085466903e+03 1.424011177675507689e+01
8.343154346884724873e+03 1.427972113820791833e+01
8.398488080683981025e+03 1.431933049966075799e+01
8.453821814483238995e+03 1.435893986111359766e+01
8.509155548282495147e+03 1.439854922256643732e+01
8.564489282081751298e+03 1.443815858401927699e+01
8.619823015881007450e+03 1.447776794547211665e+01
8.675156749680265420e+03 1.451737730692495632e+01
8.730490483479523391e+03 1.455698666837779953e+01
8.785824217278779543e+03 1.459659602983063742e+01
8.841157951078035694e+03 1.463620539128347708e+01
8.896491684877291846e+03 1.467581475273631675e+01
8.951825418676549816e+03 1.471542411418915819e+01
9.007159152475805968e+03 1.475503347564199785e+01
9.062492886275063938e+03 1.479464283709483752e+01
9.117826620074320090e+03 1.483425219854767718e+01
9.173160353873576241e+03 1.487386156000051685e+01
9.228494087672832393e+03 1.491347092145335651e+01
9.283827821472090363e+03 1.495308028290619617e+01
9.339161555271348334e+03 1.499268964435903939e+01
9.394495289070604485e+03 1.503229900581187728e+01
9.449829022869860637e+03 1.507190836726471694e+01
9.505162756669116789e+03 1.511151772871755661e+01
9.560496490468374759e+03 1.515112709017039805e+01
9.615830224267630911e+03 1.519073645162323771e+01
9.671163958066888881e+03 1.523034581307607738e+01
9.726497691866145033e+03 1.526995517452891704e+01
9.781831425665401184e+03 1.530956453598175671e+01
9.837165159464657336e+03 1.534917389743459637e+01
9.892498893263915306e+03 1.538878325888743603e+01
9.947832627063173277e+03 1.542839262034027925e+01
1.000316636086242943e+04 1.546800198179311714e+01
1.005850009466168558e+04 1.550761134324595680e+01
1.011383382846094173e+04 1.554722070469879647e+01
1.016916756226019970e+04 1.558683006615163791e+01
1.022450129605945585e+04 1.562643942760447757e+01
1.027983502985871382e+04 1.566604878905731724e+01
1.033516876365796998e+04 1.570565815051015690e+01
1.039050249745722613e+04 1.574526751196299656e+01
1.044583623125648228e+04 1.578487687341583623e+01
1.050116996505574025e+04 1.582448623486867589e+01
1.055650369885499822e+04 1.586409559632151733e+01
1.061183743265425437e+04 1.590370495777435700e+01
1.066717116645351052e+04 1.594331431922719666e+01
1.072250490025276667e+04 1.598292368068003633e+01
1.077783863405202464e+04 1.602253304213287777e+01
1.083317236785128080e+04 1.606214240358571743e+01
1.088850610165053877e+04 1.610175176503855710e+01
1.094383983544979492e+04 1.614136112649139676e+01
1.099917356924905107e+04 1.618097048794423642e+01
1.105450730304830722e+04 1.622057984939707609e+01
1.110984103684756519e+04 1.626018921084991575e+01
1.116517477064682316e+04 1.629979857230275542e+01
1.122050850444607931e+04 1.633940793375559508e+01
1.127584223824533547e+04 1.637901729520843475e+01
1.133117597204459162e+04 1.641862665666127441e+01
1.138650970584384959e+04 1.645823601811411763e+01
1.144184343964310574e+04 1.649784537956695729e+01
1.149717717344236371e+04 1.653745474101979696e+01
1.155251090724161986e+04 1.657706410247263662e+01
1.160784464104087601e+04 1.661667346392547628e+01
1.166317837484013216e+04 1.665628282537831595e+01
1.171851210863939014e+04 1.669589218683115917e+01
1.177384584243864811e+04 1.673550154828399883e+01
1.182917957623790426e+04 1.677511090973683849e+01
1.188451331003716041e+04 1.681472027118967816e+01
1.193984704383641656e+04 1.685432963264251782e+01
1.199518077763567453e+04 1.689393899409535749e+01
1.205051451143493068e+04 1.693354835554819715e+01
1.210584824523418865e+04 1.697315771700103681e+01
1.216118197903344480e+04 1.701276707845387648e+01
1.221651571283270096e+04 1.705237643990671614e+01
1.227184944663195893e+04 1.709198580135955581e+01
1.232718318043121508e+04 1.713159516281239547e+01
1.238251691423047123e+04 1.717120452426523514e+01
1.243785064802972920e+04 1.721081388571807480e+01
1.249318438182898535e+04 1.725042324717091446e+01
1.254851811562824150e+04 1.729003260862375413e+01
1.260385184942749947e+04 1.732964197007659735e+01
1.265918558322675563e+04 1.736925133152943346e+01
1.271451931702601360e+04 1.740886069298227667e+01
1.276985305082526975e+04 1.744847005443511634e+01
1.282518678462452590e+04 1.748807941588795600e+01
1.288052051842378387e+04 1.752768877734079922e+01
1.293585425222304002e+04 1.756729813879363533e+01
1.299118798602229617e+04 1.760690750024647500e+01
1.304652171982155414e+04 1.764651686169931821e+01
1.310185545362081029e+04 1.768612622315215788e+01
1.315718918742006645e+04 1.772573558460499754e+01
1.321252292121932442e+04 1.776534494605783721e+01
1.326785665501858057e+04 1.780495430751067687e+01
1.332319038881783854e+04 1.784456366896351653e+01
1.337852412261709469e+04 1.788417303041635620e+01
1.343385785641635084e+04 1.792378239186919586e+01
1.348919159021560881e+04 1.796339175332203553e+01
1.354452532401486496e+04 1.800300111477487519e+01
1.359985905781412112e+04 1.804261047622771486e+01
1.365519279161337909e+04 1.808221983768055452e+01
1.371052652541263524e+04 1.812182919913339418e+01
1.376586025921189139e+04 1.816143856058623385e+01
1.382119399301114936e+04 1.820104792203907351e+01
1.387652772681040551e+04 1.824065728349191318e+01
1.393186146060966348e+04 1.828026664494475639e+01
1.398719519440891963e+04 1.831987600639759606e+01
1.404252892820817578e+04 1.835948536785043572e+01
1.409786266200743376e+04 1.839909472930327894e+01
1.415319639580668991e+04 1.843870409075611505e+01
1.420853012960594606e+04 1.847831345220895471e+01
1.426386386340520403e+04 1.851792281366179793e+01
1.431919759720446018e+04 1.855753217511463760e+01
1.437453133100371633e+04 1.859714153656747726e+01
1.442986506480297430e+04 1.863675089802031692e+01
1.448519879860223045e+04 1.867636025947315659e+01
1.454053253240148842e+04 1.871596962092599625e+01
1.459586626620074458e+04 1.875557898237883592e+01
1.465120000000000073e+04 1.879518834383167558e+01
