8.092500000000000000e+02 2.600844348486400115e+00
8.149348697394789269e+02 2.615238014990352244e+00
8.206197394789578539e+02 2.629671066757183429e+00
8.263046092184368945e+02 2.644141984918599420e+00
8.319894789579158214e+02 2.658649264925244005e+00
8.376743486973947483e+02 2.673191416494923089e+00
8.433592184368737890e+02 2.687766963560827005e+00
8.490440881763527159e+02 2.702374444219762140e+00
8.547289579158316428e+02 2.717012410680370138e+00
8.604138276553105698e+02 2.731679429211358645e+00
8.660986973947894967e+02 2.746374080089721392e+00
8.717835671342685373e+02 2.761094957548967166e+00
8.774684368737474642e+02 2.775840669727345222e+00
8.831533066132265049e+02 2.790609838616070260e+00
8.888381763527054318e+02 2.805401100007546056e+00
8.945230460921843587e+02 2.820213103443593106e+00
9.002079158316632856e+02 2.835044512163672259e+00
9.058927855711423263e+02 2.849894003053112801e+00
9.115776553106211395e+02 2.864760266591334315e+00
9.172625250501001801e+02 2.879642006800074761e+00
9.229473947895792207e+02 2.894537941191617669e+00
9.286322645290581477e+02 2.909446800717010007e+00
9.343171342685370746e+02 2.924367329714294694e+00
9.400020040080160015e+02 2.939298285856736470e+00
9.456868737474949285e+02 2.954238440101041085e+00
9.513717434869739691e+02 2.969186576635585606e+00
9.570566132264528960e+02 2.984141492828644715e+00
9.627414829659318229e+02 2.999101999176610356e+00
9.684263527054108636e+02 3.014066919252223364e+00
9.741112224448897905e+02 3.029035089652794888e+00
9.797960921843687174e+02 3.044005359948434908e+00
9.854809619238477580e+02 3.058976592630274993e+00
9.911658316633265713e+02 3.073947663058693713e+00
9.968507014028054982e+02 3.088917459411545163e+00
1.002535571142284653e+03 3.103884882632380382e+00
1.008220440881763579e+03 3.118848846378676321e+00
1.013905310621242506e+03 3.133808276970058593e+00
1.019590180360721433e+03 3.148762113336528667e+00
1.025275050100200360e+03 3.163709306966687507e+00
1.030959919839679287e+03 3.178648821855961870e+00
1.036644789579158441e+03 3.193579634454830618e+00
1.042329659318637368e+03 3.208500733617050571e+00
1.048014529058116295e+03 3.223411120547879705e+00
1.053699398797595222e+03 3.238309808752300789e+00
1.059384268537074149e+03 3.253195823983254797e+00
1.065069138276553076e+03 3.268068204189857440e+00
1.070754008016032003e+03 3.282925999465630795e+00
1.076438877755510930e+03 3.297768271996722511e+00
1.082123747494990084e+03 3.312594096010138323e+00
1.087808617234468784e+03 3.327402557721963916e+00
1.093493486973947711e+03 3.342192755285589012e+00
1.099178356713426865e+03 3.356963798739934113e+00
1.104863226452905792e+03 3.371714809957678582e+00
1.110548096192384946e+03 3.386444922593480289e+00
1.116232965931863873e+03 3.401153282032207237e+00
1.121917835671342800e+03 3.415839045337158097e+00
1.127602705410821727e+03 3.430501381198290289e+00
1.133287575150300654e+03 3.445139469880444949e+00
1.138972444889779581e+03 3.459752503171571014e+00
1.144657314629258508e+03 3.474339684330952416e+00
1.150342184368737435e+03 3.488900228037435269e+00
1.156027054108216362e+03 3.503433360337646185e+00
1.161711923847695289e+03 3.517938318594225233e+00
1.167396793587174216e+03 3.532414351434047806e+00
1.173081663326653143e+03 3.546860718696450476e+00
1.178766533066132297e+03 3.561276691381456860e+00
1.184451402805611224e+03 3.575661551598003030e+00
1.190136272545090151e+03 3.590014592512162928e+00
1.195821142284569305e+03 3.604335118295374230e+00
1.201506012024048232e+03 3.618622444072657984e+00
1.207190881763527159e+03 3.632875895870857796e+00
1.212875751503006086e+03 3.647094810566848366e+00
1.218560621242485013e+03 3.661278535835775116e+00
1.224245490981963940e+03 3.675426430099269393e+00
1.229930360721442867e+03 3.689537862473683205e+00
1.235615230460921794e+03 3.703612212718301766e+00
1.241300100200400720e+03 3.717648871183584447e+00
1.246984969939879647e+03 3.731647238759376872e+00
1.252669839679358574e+03 3.745606726823146992e+00
1.258354709418837501e+03 3.759526757188202062e+00
1.264039579158316656e+03 3.773406762051915830e+00
1.269724448897795583e+03 3.787246183943961064e+00
1.275409318637274737e+03 3.801044475674522971e+00
1.281094188376753664e+03 3.814801100282537494e+00
1.286779058116232591e+03 3.828515530983903847e+00
1.292463927855711518e+03 3.842187251119721925e+00
1.298148797595190445e+03 3.855815754104509718e+00
1.303833667334669371e+03 3.869400543374430512e+00
1.309518537074148298e+03 3.882941132335522294e+00
1.315203406813627225e+03 3.896437044311914732e+00
1.320888276553106152e+03 3.909887812494064363e+00
1.326573146292585079e+03 3.923292979886974674e+00
1.332258016032064006e+03 3.936652099258418858e+00
1.337942885771543160e+03 3.949964733087171886e+00
1.343627755511022087e+03 3.963230453511233264e+00
1.349312625250501014e+03 3.976448842276048445e+00
1.354997494989979941e+03 3.989619490682740022e+00
1.360682364729458868e+03 4.002741999536333140e+00
1.366367234468938022e+03 4.015815979093972032e+00
1.372052104208416949e+03 4.028841049013156983e+00
1.377736973947895876e+03 4.041816838299964409e+00
1.383421843687374803e+03 4.054742985257272281e+00
1.389106713426853730e+03 4.067619137432982868e+00
1.394791583166332657e+03 4.080444951568254375e+00
1.400476452905811584e+03 4.093220093545722804e+00
1.406161322645290511e+03 4.105944238337727370e+00
1.411846192384769438e+03 4.118617069954535914e+00
1.417531062124248365e+03 4.131238281392568545e+00
1.423215931863727292e+03 4.143807574582631048e+00
1.428900801603206446e+03 4.156324660338129640e+00
1.434585671342685373e+03 4.168789258303300826e+00
1.440270541082164527e+03 4.181201096901439485e+00
1.445955410821643227e+03 4.193559913283121610e+00
1.451640280561122154e+03 4.205865453274428845e+00
1.457325150300601081e+03 4.218117471325175671e+00
1.463010020040080235e+03 4.230315730457135714e+00
1.468694889779559162e+03 4.242460002212263603e+00
1.474379759519038089e+03 4.254550066600923941e+00
1.480064629258517016e+03 4.266585712050114054e+00
1.485749498997995943e+03 4.278566735351692074e+00
1.491434368737474870e+03 4.290492941610597910e+00
1.497119238476953797e+03 4.302364144193088435e+00
1.502804108216432951e+03 4.314180164674947804e+00
1.508488977955911878e+03 4.325940832789728852e+00
1.514173847695390805e+03 4.337645986376964302e+00
1.519858717434869732e+03 4.349295471330401952e+00
1.525543587174348886e+03 4.360889141546227421e+00
1.531228456913827813e+03 4.372426858871289568e+00
1.536913326653306740e+03 4.383908493051322353e+00
1.542598196392785667e+03 4.395333921679176470e+00
1.548283066132264594e+03 4.406703030143040323e+00
1.553967935871743521e+03 4.418015711574663662e+00
1.559652805611222448e+03 4.429271866797593660e+00
1.565337675350701375e+03 4.440471404275384337e+00
1.571022545090180301e+03 4.451614240059837080e+00
1.576707414829659228e+03 4.462700297739214506e+00
1.582392284569138155e+03 4.473729508386473874e+00
1.588077154308617082e+03 4.484701810507488062e+00
1.593762024048096237e+03 4.495617149989271866e+00
1.599446893787575164e+03 4.506475480048210080e+00
1.605131763527054090e+03 4.517276761178276701e+00
1.610816633266533017e+03 4.528020961099267438e+00
1.616501503006011944e+03 4.538708054705020700e+00
1.622186372745490871e+03 4.549338024011648329e+00
1.627871242484970026e+03 4.559910858105746811e+00
1.633556112224448952e+03 4.570426553092644895e+00
1.639240981963927879e+03 4.580885112044612129e+00
1.644925851703406806e+03 4.591286544949085169e+00
1.650610721442885733e+03 4.601630868656904738e+00
1.656295591182364660e+03 4.611918106830524167e+00
1.661980460921843587e+03 4.622148289892252571e+00
1.667665330661322741e+03 4.632321454972470498e+00
1.673350200400801668e+03 4.642437645857851791e+00
1.679035070140280595e+03 4.652496912939602325e+00
1.684719939879759522e+03 4.662499313161662329e+00
1.690404809619238677e+03 4.672444909968964666e+00
1.696089679358717603e+03 4.682333773255631826e+00
1.701774549098196530e+03 4.692165979313207558e+00
1.707459418837675457e+03 4.701941610778895608e+00
1.713144288577154384e+03 4.711660756583775367e+00
1.718829158316633311e+03 4.721323511901016623e+00
1.724514028056112238e+03 4.730929978094133403e+00
1.730198897795591165e+03 4.740480262665173861e+00
1.735883767535070092e+03 4.749974479202977662e+00
1.741568637274549019e+03 4.759412747331381865e+00
1.747253507014027946e+03 4.768795192657451665e+00
1.752938376753506873e+03 4.778121946719707580e+00
1.758623246492985800e+03 4.787393146936354427e+00
1.764308116232464954e+03 4.796608936553489855e+00
1.769992985971943881e+03 4.805769464593356410e+00
1.775677855711422808e+03 4.814874885802538529e+00
1.781362725450901735e+03 4.823925360600211931e+00
1.787047595190380889e+03 4.832921055026355717e+00
1.792732464929859816e+03 4.841862140689978666e+00
1.798417334669338743e+03 4.850748794717349988e+00
1.804102204408817670e+03 4.859581199700215848e+00
1.809787074148296597e+03 4.868359543644045218e+00
1.815471943887775524e+03 4.877084019916221536e+00
1.821156813627254451e+03 4.885754827194300987e+00
1.826841683366733378e+03 4.894372169414220153e+00
1.832526553106212532e+03 4.902936255718522318e+00
1.838211422845691459e+03 4.911447300404590877e+00
1.843896292585170158e+03 4.919905522872868531e+00
1.849581162324649085e+03 4.928311147575081819e+00
1.855266032064128240e+03 4.936664403962473635e+00
1.860950901803607394e+03 4.944965526434016212e+00
1.866635771543086321e+03 4.953214754284652521e+00
1.872320641282565248e+03 4.961412331653510144e+00
1.878005511022044175e+03 4.969558507472129349e+00
1.883690380761523102e+03 4.977653535412684960e+00
1.889375250501002029e+03 4.985697673836225086e+00
1.895060120240480956e+03 4.993691185740880556e+00
1.900744989979959882e+03 5.001634338710100991e+00
1.906429859719438809e+03 5.009527404860868671e+00
1.912114729458917736e+03 5.017370660791944381e+00
1.917799599198396891e+03 5.025164387532067956e+00
1.923484468937875590e+03 5.032908870488201458e+00
1.929169338677354517e+03 5.040604399393751045e+00
1.934854208416833671e+03 5.048251268256784385e+00
1.940539078156312598e+03 5.055849775308268512e+00
1.946223947895791753e+03 5.063400222950282803e+00
1.951908817635270680e+03 5.070902917704249724e+00
1.957593687374749607e+03 5.078358170159171792e+00
1.963278557114228533e+03 5.085766294919834785e+00
1.968963426853707460e+03 5.093127610555047369e+00
1.974648296593186387e+03 5.100442439545863849e+00
1.980333166332665314e+03 5.107711108233811359e+00
1.986018036072144241e+03 5.114933946769106399e+00
1.991702905811623168e+03 5.122111289058898009e+00
1.997387775551102095e+03 5.129243472715477203e+00
2.003072645290581022e+03 5.136330839004500604e+00
2.008757515030059949e+03 5.143373732793230957e+00
2.014442384769539331e+03 5.150372502498756333e+00
2.020127254509017803e+03 5.157327500036203105e+00
2.025812124248497184e+03 5.164239080766980905e+00
2.031496993987976111e+03 5.171107603446993828e+00
2.037181863727455038e+03 5.177933430174877394e+00
2.042866733466933965e+03 5.184716926340208865e+00
2.048551603206412892e+03 5.191458460571745093e+00
2.054236472945891819e+03 5.198158404685651490e+00
2.059921342685370746e+03 5.204817133633699910e+00
2.065606212424849673e+03 5.211435025451541136e+00
2.071291082164328600e+03 5.218012461206884112e+00
2.076975951903807527e+03 5.224549824947743559e+00
2.082660821643286909e+03 5.231047503650666286e+00
2.088345691382765381e+03 5.237505887168957486e+00
2.094030561122244762e+03 5.243925368180891944e+00
2.099715430861723689e+03 5.250306342137951887e+00
2.105400300601202616e+03 5.256649207213046182e+00
2.111085170340681543e+03 5.262954364248754402e+00
2.116770040080160470e+03 5.269222216705518491e+00
2.122454909819639397e+03 5.275453170609894826e+00
2.128139779559118324e+03 5.281647634502770750e+00
2.133824649298597251e+03 5.287806019387593537e+00
2.139509519038076178e+03 5.293928738678582491e+00
2.145194388777555105e+03 5.300016208148981001e+00
2.150879258517034032e+03 5.306068845879250873e+00
2.156564128256512959e+03 5.312087072205325278e+00
2.162248997995991886e+03 5.318071309666804858e+00
2.167933867735470812e+03 5.324021982955220444e+00
2.173618737474949739e+03 5.329939518862221171e+00
2.179303607214429121e+03 5.335824346227827419e+00
2.184988476953907593e+03 5.341676895888637588e+00
2.190673346693386975e+03 5.347497600626062386e+00
2.196358216432865447e+03 5.353286895114556465e+00
2.202043086172344829e+03 5.359045215869826961e+00
2.207727955911823756e+03 5.364773001197079338e+00
2.213412825651302683e+03 5.370470691139219710e+00
2.219097695390781610e+03 5.376138727425100683e+00
2.224782565130260991e+03 5.381777553417736115e+00
2.230467434869739463e+03 5.387387614062530972e+00
2.236152304609218390e+03 5.392969355835499634e+00
2.241837174348697317e+03 5.398523226691504640e+00
2.247522044088176699e+03 5.404049676012464332e+00
2.253206913827655171e+03 5.409549154555591599e+00
2.258891783567134553e+03 5.415022114401629949e+00
2.264576653306613480e+03 5.420469008903037178e+00
2.270261523046092407e+03 5.425890292632255196e+00
2.275946392785571334e+03 5.431286421329923009e+00
2.281631262525050261e+03 5.436657851853082590e+00
2.287316132264529188e+03 5.442005042123432723e+00
2.293001002004008114e+03 5.447328451075529543e+00
2.298685871743487041e+03 5.452628538605032382e+00
2.304370741482965968e+03 5.457905765516917640e+00
2.310055611222444895e+03 5.463160593473701532e+00
2.315740480961923822e+03 5.468393484943680605e+00
2.321425350701402749e+03 5.473604903149139389e+00
2.327110220440881676e+03 5.478795312014582031e+00
2.332795090180360603e+03 5.483965176114977247e+00
2.338479959919839530e+03 5.489114960623936668e+00
2.344164829659318912e+03 5.494245131261992654e+00
2.349849699398797384e+03 5.499356154244789963e+00
2.355534569138276765e+03 5.504448496231322707e+00
2.361219438877755238e+03 5.509522624272164215e+00
2.366904308617234619e+03 5.514579005757685337e+00
2.372589178356713546e+03 5.519618108366275422e+00
2.378274048096192473e+03 5.524640400012581942e+00
2.383958917835671400e+03 5.529646348795714594e+00
2.389643787575150327e+03 5.534636422947502687e+00
2.395328657314629254e+03 5.539611090780691249e+00
2.401013527054108181e+03 5.544570820637182429e+00
2.406698396793587108e+03 5.549516080836235155e+00
2.412383266533066490e+03 5.554447339622745616e+00
2.418068136272544962e+03 5.559365065115406068e+00
2.423753006012024343e+03 5.564269725254982646e+00
2.429437875751503270e+03 5.569161787752509696e+00
2.435122745490982197e+03 5.574041720037532954e+00
2.440807615230461124e+03 5.578909989206322528e+00
2.446492484969940051e+03 5.583767061970101864e+00
2.452177354709418978e+03 5.588613404603285595e+00
2.457862224448897905e+03 5.593449482891680091e+00
2.463547094188376832e+03 5.598275762080729301e+00
2.469231963927855759e+03 5.603092706823740166e+00
2.474916833667334686e+03 5.607900781130089385e+00
2.480601703406813613e+03 5.612700448313473700e+00
2.486286573146292540e+03 5.617492170940113105e+00
2.491971442885771467e+03 5.622276410776994027e+00
2.497656312625250393e+03 5.627053628740073421e+00
2.503341182364729320e+03 5.631824284842536166e+00
2.509026052104208702e+03 5.636588838142993829e+00
2.514710921843687174e+03 5.641347746693707421e+00
2.520395791583166556e+03 5.646101467488835013e+00
2.526080661322645028e+03 5.650850456412649159e+00
2.531765531062124410e+03 5.655595168187745436e+00
2.537450400801603337e+03 5.660336056323293619e+00
2.543135270541081809e+03 5.665073573063242662e+00
2.548820140280561191e+03 5.669808169334558556e+00
2.554505010020040118e+03 5.674540294695435527e+00
2.560189879759519044e+03 5.679270397283552541e+00
2.565874749498997971e+03 5.683998923764258748e+00
2.571559619238476898e+03 5.688726319278821109e+00
2.577244488977956280e+03 5.693453027392653354e+00
2.582929358717434752e+03 5.698179490043514761e+00
2.588614228456914134e+03 5.702906147489790634e+00
2.594299098196393061e+03 5.707633438258639558e+00
2.599983967935871988e+03 5.712361799094312076e+00
2.605668837675350915e+03 5.717091664906259751e+00
2.611353707414829387e+03 5.721823468717497363e+00
2.617038577154308769e+03 5.726557641612695093e+00
2.622723446893787695e+03 5.731294612686514078e+00
2.628408316633266622e+03 5.736034808991749223e+00
2.634093186372745549e+03 5.740778655487615012e+00
2.639778056112224476e+03 5.745526574987922075e+00
2.645462925851703403e+03 5.750278988109355893e+00
2.651147795591182330e+03 5.755036313219639155e+00
2.656832665330661257e+03 5.759798966385809571e+00
2.662517535070140184e+03 5.764567361322418648e+00
2.668202404809619111e+03 5.769341909339768648e+00
2.673887274549098493e+03 5.774123019292133563e+00
2.679572144288576965e+03 5.778911097525986307e+00
2.685257014028056346e+03 5.783706547828197486e+00
2.690941883767534819e+03 5.788509771374332757e+00
2.696626753507013746e+03 5.793321166676797418e+00
2.702311623246493127e+03 5.798141129533096461e+00
2.707996492985971599e+03 5.802970052974074200e+00
2.713681362725450981e+03 5.807808327212119259e+00
2.719366232464929908e+03 5.812656339589379328e+00
2.725051102204408835e+03 5.817514474526035428e+00
2.730735971943888217e+03 5.822383113468465154e+00
2.736420841683366689e+03 5.827262634837500954e+00
2.742105711422846070e+03 5.832153413976675083e+00
2.747790581162324997e+03 5.837055823100389063e+00
2.753475450901803924e+03 5.841970231242203049e+00
2.759160320641282851e+03 5.846897004203009729e+00
2.764845190380761323e+03 5.851836504499286384e+00
2.770530060120240705e+03 5.856789091311322082e+00
2.776214929859719177e+03 5.861755120431411115e+00
2.781899799599198559e+03 5.866734944212138814e+00
2.787584669338677486e+03 5.871728911514534133e+00
2.793269539078156413e+03 5.876737367656350131e+00
2.798954408817635340e+03 5.881760654360286722e+00
2.804639278557114267e+03 5.886799109702158361e+00
2.810324148296593194e+03 5.891853068059201171e+00
2.816009018036072121e+03 5.896922860058246840e+00
2.821693887775551048e+03 5.902008812523941828e+00
2.827378757515029974e+03 5.907111248427005634e+00
2.833063627254508901e+03 5.912230486832454446e+00
2.838748496993988283e+03 5.917366842847776809e+00
2.844433366733466755e+03 5.922520627571246976e+00
2.850118236472946137e+03 5.927692148040041076e+00
2.855803106212424609e+03 5.932881707178573549e+00
2.861487975951903991e+03 5.938089603746617762e+00
2.867172845691382918e+03 5.943316132287638887e+00
2.872857715430861845e+03 5.948561583076925174e+00
2.878542585170340772e+03 5.953826242069849783e+00
2.884227454909819244e+03 5.959110390850122840e+00
2.889912324649298625e+03 5.964414306577976888e+00
2.895597194388777552e+03 5.969738261938406509e+00
2.901282064128256479e+03 5.975082525089405294e+00
2.906966933867735406e+03 5.980447359610162827e+00
2.912651803607214788e+03 5.985833024449320305e+00
2.918336673346693260e+03 5.991239773873196839e+00
2.924021543086172642e+03 5.996667857413975788e+00
2.929706412825651114e+03 6.002117519817965707e+00
2.935391282565130496e+03 6.007589000993821315e+00
2.941076152304608968e+03 6.013082535960760922e+00
2.946761022044088350e+03 6.018598354796793615e+00
2.952445891783567276e+03 6.024136682586952674e+00
2.958130761523046203e+03 6.029697739371487231e+00
2.963815631262525130e+03 6.035281740094162295e+00
2.969500501002004057e+03 6.040888894550388244e+00
2.975185370741482984e+03 6.046519407335539498e+00
2.980870240480961911e+03 6.052173477793074241e+00
2.986555110220440838e+03 6.057851299962885072e+00
2.992239979959920220e+03 6.063553062529434712e+00
2.997924849699398692e+03 6.069278948769975202e+00
3.003609719438878074e+03 6.075029136502866578e+00
3.009294589178356546e+03 6.080803798035677055e+00
3.014979458917835927e+03 6.086603100113519460e+00
3.020664328657314854e+03 6.092427203867215368e+00
3.026349198396793781e+03 6.098276264761500975e+00
3.032034068136272708e+03 6.104150432543343996e+00
3.037718937875751180e+03 6.110049851190074932e+00
3.043403807615230562e+03 6.115974658857637358e+00
3.049088677354709034e+03 6.121924987828862186e+00
3.054773547094188416e+03 6.127900964461618472e+00
3.060458416833667343e+03 6.133902709137101894e+00
3.066143286573146270e+03 6.139930336208016648e+00
3.071828156312625197e+03 6.145983953946823064e+00
3.077513026052104124e+03 6.152063664493959472e+00
3.083197895791583051e+03 6.158169563806071167e+00
3.088882765531062432e+03 6.164301741604217177e+00
3.094567635270540904e+03 6.170460281322131202e+00
3.100252505010020286e+03 6.176645260054396402e+00
3.105937374749498758e+03 6.182856748504718780e+00
3.111622244488978140e+03 6.189094810934131274e+00
3.117307114228457067e+03 6.195359505109211185e+00
3.122991983967935994e+03 6.201650882250339336e+00
3.128676853707414921e+03 6.207968986979873094e+00
3.134361723446893848e+03 6.214313857270417962e+00
3.140046593186372775e+03 6.220685524393026355e+00
3.145731462925851702e+03 6.227084012865437224e+00
3.151416332665330629e+03 6.233509340400296139e+00
3.157101202404810010e+03 6.239961517853384265e+00
3.162786072144288482e+03 6.246440549171838441e+00
3.168470941883767864e+03 6.252946431342374822e+00
3.174155811623246336e+03 6.259479154339510742e+00
3.179840681362725718e+03 6.266038701073817663e+00
3.185525551102204645e+03 6.272625047340124382e+00
3.191210420841683117e+03 6.279238161765706927e+00
3.196895290581162499e+03 6.285878005758613440e+00
3.202580160320640971e+03 6.292544533455776801e+00
3.208265030060120353e+03 6.299237691671314643e+00
3.213949899799599280e+03 6.305957419844728129e+00
3.219634769539078206e+03 6.312703649989117594e+00
3.225319639278557133e+03 6.319476306639440821e+00
3.231004509018036060e+03 6.326275306800713594e+00
3.236689378757514987e+03 6.333100559896215564e+00
3.242374248496993914e+03 6.339951967715789394e+00
3.248059118236472841e+03 6.346829424363957806e+00
3.253743987975952223e+03 6.353732816208239598e+00
3.259428857715430695e+03 6.360662021827354629e+00
3.265113727454910077e+03 6.367616911959426140e+00
3.270798597194388549e+03 6.374597349450202621e+00
3.276483466933867930e+03 6.381603189201317861e+00
3.282168336673346857e+03 6.388634278118496823e+00
3.287853206412825784e+03 6.395690455059765966e+00
3.293538076152304711e+03 6.402771550783717736e+00
3.299222945891783638e+03 6.409877387897676471e+00
3.304907815631262565e+03 6.417007780806007311e+00
3.310592685370741492e+03 6.424162535658256346e+00
3.316277555110220419e+03 6.431341450297425766e+00
3.321962424849699801e+03 6.438544314208177965e+00
3.327647294589178273e+03 6.445770908465103588e+00
3.333332164328657655e+03 6.453021005680873223e+00
3.339017034068136127e+03 6.460294369954537430e+00
3.344701903807615054e+03 6.467590756819680209e+00
3.350386773547094435e+03 6.474909913192698596e+00
3.356071643286572908e+03 6.482251577321034297e+00
3.361756513026052289e+03 6.489615478731339593e+00
3.367441382765530761e+03 6.497001338177781804e+00
3.373126252505010143e+03 6.504408867590172783e+00
3.378811122244489070e+03 6.511837770022290250e+00
3.384495991983967997e+03 6.519287739600049925e+00
3.390180861723446924e+03 6.526758461469750472e+00
3.395865731462925851e+03 6.534249611746254516e+00
3.401550601202404778e+03 6.541760857461287770e+00
3.407235470941883705e+03 6.549291856511626264e+00
3.412920340681362632e+03 6.556842257607294222e+00
3.418605210420842013e+03 6.564411700219845436e+00
3.424290080160320485e+03 6.571999814530530060e+00
3.429974949899799867e+03 6.579606221378576869e+00
3.435659819639278339e+03 6.587230532209400913e+00
3.441344689378757721e+03 6.594872349022793401e+00
3.447029559118236648e+03 6.602531264321191529e+00
3.452714428857715575e+03 6.610206861057855043e+00
3.458399298597194502e+03 6.617898712585171594e+00
3.464084168336673429e+03 6.625606382602812872e+00
3.469769038076152356e+03 6.633329425105969790e+00
3.475453907815631737e+03 6.641067384333600998e+00
3.481138777555110210e+03 6.648819794716638754e+00
3.486823647294589591e+03 6.656586180826232990e+00
3.492508517034068063e+03 6.664366057321945647e+00
3.498193386773546990e+03 6.672158928900027597e+00
3.503878256513025917e+03 6.679964290241583669e+00
3.509563126252504844e+03 6.687781625960839804e+00
3.515247995991984226e+03 6.695610410553356928e+00
3.520932865731462698e+03 6.703450108344244818e+00
3.526617735470942080e+03 6.711300173436413274e+00
3.532302605210420552e+03 6.719160049658755796e+00
3.537987474949899934e+03 6.727029170514452261e+00
3.543672344689378860e+03 6.734906959129076220e+00
3.549357214428857787e+03 6.742792828198922450e+00
3.555042084168336714e+03 6.750686179939225262e+00
3.560726953907815641e+03 6.758586406032289773e+00
3.566411823647294568e+03 6.766492887575848769e+00
3.572096693386773495e+03 6.774404995031185095e+00
3.577781563126252422e+03 6.782322088171405028e+00
3.583466432865731804e+03 6.790243516029642379e+00
3.589151302605210276e+03 6.798168616847330092e+00
3.594836172344689658e+03 6.806096718022338621e+00
3.600521042084168130e+03 6.814027136057300815e+00
3.606205911823647511e+03 6.821959176507739642e+00
3.611890781563126438e+03 6.829892133930420606e+00
3.617575651302605365e+03 6.837825291831416408e+00
3.623260521042084292e+03 6.757810526868642143e+00
3.678339613901169287e+03 6.814081425895793132e+00
3.733418706760254281e+03 6.870352324922945009e+00
3.788497799619339276e+03 6.926623223950096886e+00
3.843576892478424270e+03 6.982894122977247875e+00
3.898655985337509264e+03 7.039165022004399752e+00
3.953735078196594259e+03 7.095435921031551629e+00
4.008814171055679253e+03 7.151706820058702618e+00
4.063893263914764248e+03 7.207977719085855384e+00
4.118972356773849242e+03 7.264248618113006373e+00
4.174051449632934236e+03 7.320519517140157362e+00
4.229130542492019231e+03 7.376790416167310127e+00
4.284209635351104225e+03 7.433061315194461116e+00
4.339288728210189220e+03 7.489332214221613881e+00
4.394367821069274214e+03 7.545603113248764870e+00
4.449446913928359209e+03 7.601874012275915860e+00
4.504526006787444203e+03 7.658144911303068625e+00
4.559605099646529197e+03 7.714415810330219614e+00
4.614684192505614192e+03 7.770686709357372379e+00
4.669763285364699186e+03 7.826957608384523368e+00
4.724842378223784181e+03 7.883228507411674357e+00
4.779921471082869175e+03 7.939499406438827123e+00
4.835000563941954169e+03 7.995770305465978112e+00
4.890079656801039164e+03 8.052041204493129101e+00
4.945158749660124158e+03 8.108312103520281866e+00
5.000237842519209153e+03 8.164583002547432855e+00
5.055316935378294147e+03 8.220853901574585620e+00
5.110396028237379142e+03 8.277124800601736609e+00
5.165475121096464136e+03 8.333395699628887598e+00
5.220554213955549130e+03 8.389666598656040364e+00
5.275633306814634125e+03 8.445937497683191353e+00
5.330712399673719119e+03 8.502208396710342342e+00
5.385791492532804114e+03 8.558479295737495107e+00
5.440870585391889108e+03 8.614750194764646096e+00
5.495949678250974102e+03 8.671021093791798862e+00
5.551028771110059097e+03 8.727291992818949851e+00
5.606107863969144091e+03 8.783562891846100840e+00
5.661186956828229086e+03 8.839833790873253605e+00
5.716266049687314080e+03 8.896104689900404594e+00
5.771345142546399074e+03 8.952375588927557359e+00
5.826424235405484069e+03 9.008646487954708348e+00
5.881503328264569063e+03 9.064917386981859337e+00
5.936582421123654058e+03 9.121188286009012103e+00
5.991661513982739052e+03 9.177459185036163092e+00
6.046740606841824047e+03 9.233730084063314081e+00
6.101819699700909041e+03 9.290000983090466846e+00
6.156898792559994035e+03 9.346271882117617835e+00
6.211977885419079030e+03 9.402542781144770601e+00
6.267056978278164024e+03 9.458813680171921590e+00
6.322136071137249019e+03 9.515084579199072579e+00
6.377215163996334013e+03 9.571355478226225344e+00
6.432294256855419007e+03 9.627626377253376333e+00
6.487373349714504002e+03 9.683897276280527322e+00
6.542452442573588996e+03 9.740168175307680087e+00
6.597531535432673991e+03 9.796439074334831076e+00
6.652610628291758985e+03 9.852709973361983842e+00
6.707689721150843980e+03 9.908980872389134831e+00
6.762768814009928974e+03 9.965251771416285820e+00
6.817847906869013968e+03 1.002152267044343859e+01
6.872926999728098963e+03 1.007779356947058957e+01
6.928006092587183957e+03 1.013406446849774234e+01
6.983085185446268952e+03 1.019033536752489333e+01
7.038164278305353946e+03 1.024660626655204432e+01
7.093243371164438940e+03 1.030287716557919708e+01
7.148322464023523935e+03 1.035914806460634807e+01
7.203401556882608929e+03 1.041541896363349906e+01
7.258480649741693924e+03 1.047168986266065183e+01
7.313559742600778918e+03 1.052796076168780282e+01
7.368638835459863913e+03 1.058423166071495558e+01
7.423717928318948907e+03 1.064050255974210657e+01
7.478797021178033901e+03 1.069677345876925756e+01
7.533876114037118896e+03 1.075304435779641032e+01
7.588955206896203890e+03 1.080931525682356131e+01
7.644034299755288885e+03 1.086558615585071230e+01
7.699113392614373879e+03 1.092185705487786507e+01
7.754192485473459783e+03 1.097812795390501783e+01
7.809271578332544777e+03 1.103439885293216882e+01
7.864350671191629772e+03 1.109066975195931981e+01
7.919429764050714766e+03 1.114694065098647258e+01
7.974508856909799761e+03 1.120321155001362357e+01
8.029587949768884755e+03 1.125948244904077455e+01
8.084667042627969749e+03 1.131575334806792732e+01
8.139746135487054744e+03 1.137202424709507831e+01
8.194825228346140648e+03 1.142829514612223107e+01
8.249904321205223823e+03 1.148456604514938029e+01
8.304983414064310637e+03 1.154083694417653483e+01
8.360062506923393812e+03 1.159710784320368404e+01
8.415141599782480625e+03 1.165337874223083858e+01
8.470220692641563801e+03 1.170964964125798780e+01
8.525299785500650614e+03 1.176592054028514056e+01
8.580378878359733790e+03 1.182219143931229155e+01
8.635457971218820603e+03 1.187846233833944432e+01
8.690537064077903779e+03 1.193473323736659353e+01
8.745616156936990592e+03 1.199100413639374807e+01
8.800695249796073767e+03 1.204727503542089728e+01
8.855774342655160581e+03 1.210354593444805182e+01
8.910853435514243756e+03 1.215981683347520104e+01
8.965932528373330570e+03 1.221608773250235380e+01
9.021011621232413745e+03 1.227235863152950479e+01
9.076090714091500558e+03 1.232862953055665756e+01
9.131169806950583734e+03 1.238490042958380855e+01
9.186248899809670547e+03 1.244117132861096131e+01
9.241327992668753723e+03 1.249744222763811052e+01
9.296407085527840536e+03 1.255371312666526507e+01
9.351486178386923712e+03 1.260998402569241428e+01
9.406565271246010525e+03 1.266625492471956704e+01
9.461644364105093700e+03 1.272252582374671803e+01
9.516723456964180514e+03 1.277879672277387080e+01
9.571802549823263689e+03 1.283506762180102179e+01
9.626881642682350503e+03 1.289133852082817455e+01
9.681960735541433678e+03 1.294760941985532376e+01
9.737039828400520491e+03 1.300388031888247831e+01
9.792118921259603667e+03 1.306015121790962752e+01
9.847198014118690480e+03 1.311642211693678206e+01
9.902277106977773656e+03 1.317269301596393127e+01
9.957356199836860469e+03 1.322896391499108404e+01
1.001243529269594364e+04 1.328523481401823503e+01
1.006751438555503046e+04 1.334150571304538779e+01
1.012259347841411363e+04 1.339777661207253701e+01
1.017767257127320045e+04 1.345404751109969155e+01
1.023275166413228362e+04 1.351031841012684076e+01
1.028783075699137044e+04 1.356658930915399530e+01
1.034290984985045361e+04 1.362286020818114451e+01
1.039798894270954042e+04 1.367913110720829728e+01
1.045306803556862360e+04 1.373540200623544827e+01
1.050814712842771041e+04 1.379167290526260103e+01
1.056322622128679359e+04 1.384794380428975025e+01
1.061830531414588040e+04 1.390421470331690479e+01
1.067338440700496358e+04 1.396048560234405400e+01
1.072846349986405039e+04 1.401675650137120854e+01
1.078354259272313357e+04 1.407302740039835776e+01
1.083862168558222038e+04 1.412929829942551052e+01
1.089370077844130356e+04 1.418556919845266151e+01
1.094877987130039037e+04 1.424184009747981428e+01
1.100385896415947354e+04 1.429811099650696349e+01
1.105893805701856036e+04 1.435438189553411803e+01
1.111401714987764353e+04 1.441065279456126724e+01
1.116909624273673035e+04 1.446692369358842178e+01
1.122417533559581352e+04 1.452319459261557100e+01
1.127925442845490034e+04 1.457946549164272376e+01
1.133433352131398351e+04 1.463573639066987475e+01
1.138941261417307032e+04 1.469200728969702752e+01
1.144449170703215350e+04 1.474827818872417851e+01
1.149957079989124031e+04 1.480454908775133127e+01
1.155464989275032349e+04 1.486081998677848048e+01
1.160972898560941030e+04 1.491709088580563503e+01
1.166480807846849348e+04 1.497336178483278424e+01
1.171988717132758029e+04 1.502963268385993700e+01
1.177496626418666347e+04 1.508590358288708799e+01
1.183004535704575028e+04 1.514217448191424076e+01
1.188512444990483527e+04 1.519844538094139352e+01
1.194020354276392027e+04 1.525471627996854451e+01
1.199528263562300526e+04 1.531098717899569550e+01
1.205036172848209026e+04 1.536725807802284827e+01
1.210544082134117525e+04 1.542352897704999926e+01
1.216051991420026025e+04 1.547979987607715202e+01
1.221559900705934524e+04 1.553607077510430301e+01
1.227067809991843023e+04 1.559234167413145400e+01
1.232575719277751523e+04 1.564861257315860676e+01
1.238083628563660022e+04 1.570488347218575775e+01
1.243591537849568522e+04 1.576115437121290874e+01
1.249099447135477021e+04 1.581742527024006151e+01
1.254607356421385521e+04 1.587369616926721250e+01
1.260115265707294020e+04 1.592996706829436526e+01
1.265623174993202520e+04 1.598623796732151625e+01
1.271131084279111019e+04 1.604250886634866902e+01
1.276638993565019518e+04 1.609877976537582001e+01
1.282146902850928018e+04 1.615505066440297099e+01
1.287654812136836517e+04 1.621132156343012554e+01
1.293162721422745017e+04 1.626759246245727653e+01
1.298670630708653516e+04 1.632386336148442751e+01
1.304178539994562016e+04 1.638013426051157850e+01
1.309686449280470515e+04 1.643640515953872949e+01
1.315194358566379015e+04 1.649267605856588048e+01
1.320702267852287514e+04 1.654894695759303502e+01
1.326210177138196013e+04 1.660521785662018601e+01
1.331718086424104513e+04 1.666148875564733700e+01
1.337225995710013012e+04 1.671775965467448799e+01
1.342733904995921512e+04 1.677403055370163898e+01
1.348241814281830011e+04 1.683030145272879352e+01
1.353749723567738511e+04 1.688657235175594451e+01
1.359257632853647010e+04 1.694284325078309550e+01
1.364765542139555509e+04 1.699911414981024649e+01
1.370273451425464009e+04 1.705538504883739748e+01
1.375781360711372508e+04 1.711165594786455202e+01
1.381289269997281008e+04 1.716792684689170301e+01
1.386797179283189507e+04 1.722419774591885400e+01
1.392305088569098007e+04 1.728046864494600499e+01
1.397812997855006506e+04 1.733673954397315597e+01
1.403320907140915006e+04 1.739301044300031052e+01
1.408828816426823505e+04 1.744928134202746151e+01
1.414336725712732004e+04 1.750555224105461249e+01
1.419844634998640504e+04 1.756182314008176348e+01
1.425352544284549003e+04 1.761809403910891447e+01
1.430860453570457503e+04 1.767436493813606546e+01
1.436368362856366002e+04 1.773063583716322000e+01
1.441876272142274502e+04 1.778690673619037099e+01
1.447384181428183001e+04 1.784317763521752198e+01
1.452892090714091501e+04 1.789944853424467297e+01
1.458400000000000000e+04 1.795571943327182396e+01
