7.493899999999999864e+02 9.674578638665005670e+00
7.552359118236472568e+02 9.708953724501350635e+00
7.610818236472946410e+02 9.743014342959567031e+00
7.669277354709419114e+02 9.776762974802000628e+00
7.727736472945891819e+02 9.810202088556186695e+00
7.786195591182364524e+02 9.843334140543481325e+00
7.844654709418837228e+02 9.876161574907690976e+00
7.903113827655311070e+02 9.908686823643709118e+00
7.961572945891783775e+02 9.940912306626154660e+00
8.020032064128256479e+02 9.972840431637983727e+00
8.078491182364730321e+02 1.000447359439915473e+01
8.136950300601201889e+02 1.003581417859522773e+01
8.195409418837675730e+02 1.006686455590602591e+01
8.253868537074147298e+02 1.009762708603424919e+01
8.312327655310621140e+02 1.012810411673411437e+01
8.370786773547093844e+02 1.015829798383999005e+01
8.429245891783566549e+02 1.018821101129502438e+01
8.487705010020040390e+02 1.021784551117978346e+01
8.546164128256511958e+02 1.024720378374087559e+01
8.604623246492985800e+02 1.027628811741960035e+01
8.663082364729458504e+02 1.030510078888055503e+01
8.721541482965931209e+02 1.033364406304030680e+01
8.780000601202405051e+02 1.036192019309597434e+01
8.838459719438877755e+02 1.038993142055390884e+01
8.896918837675350460e+02 1.041767997525830225e+01
8.955377955911823165e+02 1.044516807541982040e+01
9.013837074148295869e+02 1.047239792764424315e+01
9.072296192384769711e+02 1.049937172696109755e+01
9.130755310621242415e+02 1.052609165685228021e+01
9.189214428857715120e+02 1.055255988928070288e+01
9.247673547094188962e+02 1.057877858471892019e+01
9.306132665330661666e+02 1.060474989217775743e+01
9.364591783567134371e+02 1.063047594923495076e+01
9.423050901803607076e+02 1.065595888206378028e+01
9.481510020040079780e+02 1.068120080546169959e+01
9.539969138276552485e+02 1.070620382287896888e+01
9.598428256513025190e+02 1.073097002644728093e+01
9.656887374749499031e+02 1.075550149700841196e+01
9.715346492985971736e+02 1.077980030414284052e+01
9.773805611222444441e+02 1.080386850619838413e+01
9.832264729458918282e+02 1.082770815031883060e+01
9.890723847695389850e+02 1.085132127247256939e+01
9.949182965931863691e+02 1.087470989748123529e+01
1.000764208416833640e+03 1.089787603904832203e+01
1.006610120240480910e+03 1.092082169978783845e+01
1.012456032064128294e+03 1.094354887125292208e+01
1.018301943887775451e+03 1.096605953396448285e+01
1.024147855711422835e+03 1.098835565743982201e+01
1.029993767535070219e+03 1.101043920022129896e+01
1.035839679358717376e+03 1.103231210990491462e+01
1.041685591182364760e+03 1.105397632316898893e+01
1.047531503006011917e+03 1.107543376580276018e+01
1.053377414829659301e+03 1.109668635273504655e+01
1.059223326653306685e+03 1.111773598806285612e+01
1.065069238476954069e+03 1.113858456508003769e+01
1.070915150300601226e+03 1.115923396630589437e+01
1.076761062124248383e+03 1.117968606351383087e+01
1.082606973947895767e+03 1.119994271775999373e+01
1.088452885771543151e+03 1.122000577941187238e+01
1.094298797595190308e+03 1.123987708817697140e+01
1.100144709418837692e+03 1.125955847313141334e+01
1.105990621242484849e+03 1.127905175274858962e+01
1.111836533066132233e+03 1.129835873492778475e+01
1.117682444889779617e+03 1.131748121702280585e+01
1.123528356713427002e+03 1.133642098587063174e+01
1.129374268537074158e+03 1.135517981782002472e+01
1.135220180360721315e+03 1.137375947876018145e+01
1.141066092184368699e+03 1.139216172414935357e+01
1.146912004008016083e+03 1.141038829904348795e+01
1.152757915831663468e+03 1.142844093812485262e+01
1.158603827655310624e+03 1.144632136573068060e+01
1.164449739478957781e+03 1.146403129588179048e+01
1.170295651302605165e+03 1.148157243231123026e+01
1.176141563126252549e+03 1.149894646849289792e+01
1.181987474949899706e+03 1.151615508767018881e+01
1.187833386773547090e+03 1.153319996288461269e+01
1.193679298597194247e+03 1.155008275700444287e+01
1.199525210420841631e+03 1.156680512275333861e+01
1.205371122244489015e+03 1.158336870273897823e+01
1.211217034068136400e+03 1.159977512948169576e+01
1.217062945891783556e+03 1.161602602544311580e+01
1.222908857715430713e+03 1.163212300305477598e+01
1.228754769539078097e+03 1.164806766474677602e+01
1.234600681362725481e+03 1.166386160297639130e+01
1.240446593186372866e+03 1.167950640025672726e+01
1.246292505010020022e+03 1.169500362918532943e+01
1.252138416833667179e+03 1.171035485247283781e+01
1.257984328657314563e+03 1.172556162297160220e+01
1.263830240480961947e+03 1.174062548370432957e+01
1.269676152304609332e+03 1.175554796789270640e+01
1.275522064128256488e+03 1.177033059898603540e+01
1.281367975951903645e+03 1.178497489068986681e+01
1.287213887775551029e+03 1.179948234699463683e+01
1.293059799599198413e+03 1.181385446220429358e+01
1.298905711422845798e+03 1.182809272096493203e+01
1.304751623246492954e+03 1.184219859829343591e+01
1.310597535070140111e+03 1.185617355960608776e+01
1.316443446893787495e+03 1.187001906074723045e+01
1.322289358717434880e+03 1.188373654801787715e+01
1.328135270541082264e+03 1.189732745820435866e+01
1.333981182364729420e+03 1.191079321860694762e+01
1.339827094188376577e+03 1.192413524706849870e+01
1.345673006012023961e+03 1.193735495200307106e+01
1.351518917835671346e+03 1.195045373242457032e+01
1.357364829659318502e+03 1.196343297797538519e+01
1.363210741482965886e+03 1.197629406895500104e+01
1.369056653306613043e+03 1.198903837634865610e+01
1.374902565130260427e+03 1.200166726185596033e+01
1.380748476953907812e+03 1.201418207791953563e+01
1.386594388777554968e+03 1.202658416775363293e+01
1.392440300601202580e+03 1.203887486537279727e+01
1.398286212424849509e+03 1.205105549562046185e+01
1.404132124248496893e+03 1.206312737419760595e+01
1.409978036072144278e+03 1.207509180769138801e+01
1.415823947895791434e+03 1.208695009360376105e+01
1.421669859719439046e+03 1.209870352038013053e+01
1.427515771543086203e+03 1.211035336743795554e+01
1.433361683366733359e+03 1.212190090519540853e+01
1.439207595190380744e+03 1.213334739510000659e+01
1.445053507014027900e+03 1.214469408965722508e+01
1.450899418837675512e+03 1.215594223245915018e+01
1.456745330661322669e+03 1.216709305821309606e+01
1.462591242484969825e+03 1.217814779277025039e+01
1.468437154308617210e+03 1.218910765315430211e+01
1.474283066132264594e+03 1.219997384759008163e+01
1.480128977955911751e+03 1.221074757553216728e+01
1.485974889779559135e+03 1.222143002769356102e+01
1.491820801603206291e+03 1.223202238607428072e+01
1.497666713426853676e+03 1.224252582399001810e+01
1.503512625250501060e+03 1.225294150610076294e+01
1.509358537074148444e+03 1.226327058843943441e+01
1.515204448897795601e+03 1.227351421844052304e+01
1.521050360721442757e+03 1.228367353496870606e+01
1.526896272545090142e+03 1.229374966834750360e+01
1.532742184368737526e+03 1.230374374038788687e+01
1.538588096192384910e+03 1.231365686441693441e+01
1.544434008016032067e+03 1.232349014530644737e+01
1.550279919839679224e+03 1.233324467950158621e+01
1.556125831663326608e+03 1.234292155504951793e+01
1.561971743486973992e+03 1.235252185162802796e+01
1.567817655310621376e+03 1.236204664057416380e+01
1.573663567134268533e+03 1.237149698491286465e+01
1.579509478957915690e+03 1.238087393938560865e+01
1.585355390781563074e+03 1.239017855047901406e+01
1.591201302605210458e+03 1.239941185645350608e+01
1.597047214428857842e+03 1.240857488737192682e+01
1.602893126252504999e+03 1.241766866512818801e+01
1.608739038076152156e+03 1.242669420347587739e+01
1.614584949899799540e+03 1.243565250805691491e+01
1.620430861723446924e+03 1.244454457643018053e+01
1.626276773547094081e+03 1.245337139810012772e+01
1.632122685370741465e+03 1.246213395454546102e+01
1.637968597194388622e+03 1.247083321924771582e+01
1.643814509018036006e+03 1.247947015771992341e+01
1.649660420841683390e+03 1.248804572753523523e+01
1.655506332665330547e+03 1.249656087835555418e+01
1.661352244488977931e+03 1.250501655196018547e+01
1.667198156312625088e+03 1.251341368227444306e+01
1.673044068136272472e+03 1.252175319539828457e+01
1.678889979959919856e+03 1.253003600963496567e+01
1.684735891783567013e+03 1.253826303551965893e+01
1.690581803607214397e+03 1.254643517584808876e+01
1.696427715430861554e+03 1.255455332570515736e+01
1.702273627254508938e+03 1.256261837249359559e+01
1.708119539078156322e+03 1.257063119596257472e+01
1.713965450901803479e+03 1.257859266823634670e+01
1.719811362725450863e+03 1.258650365384290026e+01
1.725657274549098247e+03 1.259436500974254081e+01
1.731503186372745404e+03 1.260217758535658561e+01
1.737349098196392788e+03 1.260994222259594544e+01
1.743195010020039945e+03 1.261765975588978783e+01
1.749040921843687556e+03 1.262533101221416665e+01
1.754886833667334713e+03 1.263295681112063207e+01
1.760732745490981870e+03 1.264053796476490099e+01
1.766578657314629254e+03 1.264807527793544573e+01
1.772424569138276411e+03 1.265556954808217860e+01
1.778270480961924022e+03 1.266302156534502998e+01
1.784116392785571179e+03 1.267043211258262403e+01
1.789962304609218336e+03 1.267780196540089044e+01
1.795808216432865720e+03 1.268513189218170822e+01
1.801654128256513104e+03 1.269242265411152637e+01
1.807500040080160261e+03 1.269967500521000048e+01
1.813345951903807645e+03 1.270688969235863652e+01
1.819191863727454802e+03 1.271406745532941684e+01
1.825037775551102186e+03 1.272120902681341548e+01
1.830883687374749343e+03 1.272831513244946855e+01
1.836729599198396727e+03 1.273538649085277541e+01
1.842575511022044111e+03 1.274242381364353349e+01
1.848421422845691268e+03 1.274942780547560162e+01
1.854267334669338652e+03 1.275639916406509755e+01
1.860113246492986036e+03 1.276333858021903644e+01
1.865959158316633193e+03 1.277024673786398523e+01
1.871805070140280577e+03 1.277712431407467975e+01
1.877650981963927734e+03 1.278397197910265781e+01
1.883496893787575118e+03 1.279079039640489412e+01
1.889342805611222502e+03 1.279758022267243689e+01
1.895188717434869659e+03 1.280434210785902671e+01
1.901034629258517043e+03 1.281107669520975278e+01
1.906880541082164200e+03 1.281778462128966112e+01
1.912726452905811584e+03 1.282446651601240362e+01
1.918572364729458968e+03 1.283112300266887118e+01
1.924418276553106125e+03 1.283775469795582147e+01
1.930264188376753509e+03 1.284436221200450490e+01
1.936110100200400666e+03 1.285094614840930660e+01
1.941956012024048050e+03 1.285750710425639021e+01
1.947801923847695434e+03 1.286404567015229183e+01
1.953647835671342591e+03 1.287056243025261537e+01
1.959493747494989975e+03 1.287705796229058564e+01
1.965339659318637132e+03 1.288353283760577028e+01
1.971185571142284516e+03 1.288998762117262942e+01
1.977031482965931900e+03 1.289642287162920908e+01
1.982877394789579057e+03 1.290283914130574416e+01
1.988723306613226441e+03 1.290923697625330568e+01
1.994569218436873825e+03 1.291561691627240904e+01
2.000415130260520982e+03 1.292197949494167375e+01
2.006261042084168366e+03 1.292832523964646896e+01
2.012106953907815523e+03 1.293465467160747906e+01
2.017952865731462907e+03 1.294096830590941494e+01
2.023798777555110291e+03 1.294726665152961687e+01
2.029644689378757448e+03 1.295355021136666451e+01
2.035490601202404832e+03 1.295981948226903491e+01
2.041336513026051989e+03 1.296607495506373553e+01
2.047182424849699146e+03 1.297231711458494274e+01
2.053028336673346530e+03 1.297854643970259403e+01
2.058874248496993914e+03 1.298476340335107260e+01
2.064720160320641298e+03 1.299096847255781384e+01
2.070566072144288228e+03 1.299716210847193665e+01
2.076411983967936067e+03 1.300334476639290315e+01
2.082257895791582996e+03 1.300951689579909853e+01
2.088103807615230380e+03 1.301567894037652984e+01
2.093949719438877764e+03 1.302183133804738802e+01
2.099795631262524694e+03 1.302797452099875386e+01
2.105641543086172533e+03 1.303410891571116892e+01
2.111487454909819462e+03 1.304023494298731123e+01
2.117333366733466846e+03 1.304635301798060354e+01
2.123179278557114230e+03 1.305246355022385174e+01
2.129025190380761160e+03 1.305856694365789039e+01
2.134871102204408999e+03 1.306466359666019450e+01
2.140717014028055928e+03 1.307075390207353038e+01
2.146562925851703312e+03 1.307683824723458343e+01
2.152408837675350696e+03 1.308291701400257168e+01
2.158254749498998081e+03 1.308899057878791794e+01
2.164100661322645465e+03 1.309505931258084743e+01
2.169946573146292394e+03 1.310112358098004037e+01
2.175792484969939778e+03 1.310718374422126331e+01
2.181638396793587162e+03 1.311324015720598091e+01
2.187484308617234547e+03 1.311929316953001390e+01
2.193330220440881931e+03 1.312534312551216154e+01
2.199176132264528860e+03 1.313139036422285955e+01
2.205022044088176244e+03 1.313743521951274218e+01
2.210867955911823628e+03 1.314347802004136057e+01
2.216713867735471013e+03 1.314951908930577673e+01
2.222559779559118397e+03 1.315555874566916827e+01
2.228405691382765326e+03 1.316159730238951653e+01
2.234251603206412710e+03 1.316763506764820946e+01
2.240097515030060094e+03 1.317367234457867298e+01
2.245943426853707479e+03 1.317970943129500583e+01
2.251789338677354863e+03 1.318574662092062511e+01
2.257635250501001792e+03 1.319178420161689047e+01
2.263481162324649176e+03 1.319782245661172126e+01
2.269327074148296560e+03 1.320386166422825980e+01
2.275172985971943945e+03 1.320990209791349201e+01
2.281018897795591329e+03 1.321594402626686104e+01
2.286864809619238258e+03 1.322198771306893406e+01
2.292710721442885642e+03 1.322803341730999449e+01
2.298556633266533026e+03 1.323408139321872135e+01
2.304402545090180411e+03 1.324013189029080095e+01
2.310248456913827795e+03 1.324618515331753521e+01
2.316094368737474724e+03 1.325224142241450664e+01
2.321940280561122563e+03 1.325830093305021151e+01
2.327786192384769492e+03 1.326436391607466803e+01
2.333632104208416877e+03 1.327043059774807787e+01
2.339478016032064261e+03 1.327650119976942911e+01
2.345323927855711190e+03 1.328257593930515945e+01
2.351169839679359029e+03 1.328865502901777518e+01
2.357015751503005959e+03 1.329473867709447710e+01
2.362861663326653343e+03 1.330082708727579188e+01
2.368707575150300727e+03 1.330692045888424069e+01
2.374553486973947656e+03 1.331301898685290297e+01
2.380399398797595495e+03 1.331912286175413129e+01
2.386245310621242425e+03 1.332523226982812758e+01
2.392091222444889809e+03 1.333134739301158689e+01
2.397937134268537193e+03 1.333746840896634822e+01
2.403783046092184122e+03 1.334359549110799747e+01
2.409628957915831961e+03 1.334972880863453781e+01
2.415474869739478891e+03 1.335586852655497836e+01
2.421320781563125820e+03 1.336201480571802591e+01
2.427166693386773659e+03 1.336816780284064521e+01
2.433012605210420588e+03 1.337432767053675775e+01
2.438858517034068427e+03 1.338049455734583759e+01
2.444704428857715357e+03 1.338666860776154799e+01
2.450550340681362286e+03 1.339284996226037983e+01
2.456396252505010125e+03 1.339903875733029537e+01
2.462242164328657054e+03 1.340523512549935781e+01
2.468088076152304893e+03 1.341143919536429507e+01
2.473933987975951823e+03 1.341765109161929104e+01
2.479779899799598752e+03 1.342387093508444451e+01
2.485625811623246591e+03 1.343009884273452670e+01
2.491471723446893520e+03 1.343633492772752902e+01
2.497317635270541359e+03 1.344257929943334418e+01
2.503163547094188289e+03 1.344883206346241167e+01
2.509009458917835218e+03 1.345509332169430472e+01
2.514855370741483057e+03 1.346136317230639534e+01
2.520701282565129986e+03 1.346764170980246966e+01
2.526547194388777825e+03 1.347392902504136813e+01
2.532393106212424755e+03 1.348022520526563284e+01
2.538239018036071684e+03 1.348653033413011215e+01
2.544084929859719523e+03 1.349284449173062583e+01
2.549930841683366452e+03 1.349916775463255547e+01
2.555776753507013836e+03 1.350550019589952022e+01
2.561622665330661221e+03 1.351184188512198858e+01
2.567468577154308605e+03 1.351819288844590972e+01
2.573314488977955989e+03 1.352455326860137141e+01
2.579160400801602918e+03 1.353092308493115858e+01
2.585006312625250303e+03 1.353730239341951069e+01
2.590852224448897687e+03 1.354369124672064117e+01
2.596698136272545071e+03 1.355008969418740072e+01
2.602544048096192455e+03 1.355649778189997079e+01
2.608389959919839384e+03 1.356291555269442206e+01
2.614235871743486769e+03 1.356934304619135823e+01
2.620081783567134153e+03 1.357578029882458992e+01
2.625927695390781537e+03 1.358222734386972519e+01
2.631773607214428921e+03 1.358868421147282035e+01
2.637619519038075850e+03 1.359515092867903796e+01
2.643465430861723235e+03 1.360162751946121595e+01
2.649311342685370619e+03 1.360811400474855581e+01
2.655157254509018003e+03 1.361461040245524146e+01
2.661003166332665387e+03 1.362111672750906521e+01
2.666849078156312316e+03 1.362763299188005206e+01
2.672694989979959701e+03 1.363415920460913533e+01
2.678540901803607085e+03 1.364069537183671343e+01
2.684386813627254469e+03 1.364724149683137178e+01
2.690232725450901853e+03 1.365379758001844479e+01
2.696078637274548782e+03 1.366036361900868101e+01
2.701924549098196621e+03 1.366693960862687618e+01
2.707770460921843551e+03 1.367352554094049388e+01
2.713616372745490935e+03 1.368012140528831466e+01
2.719462284569138319e+03 1.368672718830906909e+01
2.725308196392785248e+03 1.369334287397000871e+01
2.731154108216433087e+03 1.369996844359566879e+01
2.737000020040080017e+03 1.370660387589636642e+01
2.742845931863727401e+03 1.371324914699690822e+01
2.748691843687374785e+03 1.371990423046520036e+01
2.754537755511021714e+03 1.372656909734089759e+01
2.760383667334669553e+03 1.373324371616403283e+01
2.766229579158316483e+03 1.373992805300362718e+01
2.772075490981963867e+03 1.374662207148631410e+01
2.777921402805611251e+03 1.375332573282505422e+01
2.783767314629258635e+03 1.376003899584766899e+01
2.789613226452906019e+03 1.376676181702553592e+01
2.795459138276552949e+03 1.377349415050217019e+01
2.801305050100200333e+03 1.378023594812193764e+01
2.807150961923847717e+03 1.378698715945857955e+01
2.812996873747495101e+03 1.379374773184394876e+01
2.818842785571142485e+03 1.380051761039659297e+01
2.824688697394789415e+03 1.380729673805035596e+01
2.830534609218436799e+03 1.381408505558309230e+01
2.836380521042084183e+03 1.382088250164523302e+01
2.842226432865731567e+03 1.382768901278844709e+01
2.848072344689378951e+03 1.383450452349425319e+01
2.853918256513025881e+03 1.384132896620268482e+01
2.859764168336673265e+03 1.384816227134090028e+01
2.865610080160320649e+03 1.385500436735181751e+01
2.871455991983968033e+03 1.386185518072273837e+01
2.877301903807615417e+03 1.386871463601402255e+01
2.883147815631262347e+03 1.387558265588765849e+01
2.888993727454910186e+03 1.388245916113598000e+01
2.894839639278557115e+03 1.388934407071017318e+01
2.900685551102204499e+03 1.389623730174903926e+01
2.906531462925851883e+03 1.390313876960756900e+01
2.912377374749498813e+03 1.391004838788555986e+01
2.918223286573146652e+03 1.391696606845627215e+01
2.924069198396793581e+03 1.392389172149506393e+01
2.929915110220440965e+03 1.393082525550802764e+01
2.935761022044088350e+03 1.393776657736058944e+01
2.941606933867735279e+03 1.394471559230619206e+01
2.947452845691383118e+03 1.395167220401486929e+01
2.953298757515030047e+03 1.395863631460195364e+01
2.959144669338677431e+03 1.396560782465660111e+01
2.964990581162324816e+03 1.397258663327059303e+01
2.970836492985971745e+03 1.397957263806674177e+01
2.976682404809619584e+03 1.398656573522775659e+01
2.982528316633266513e+03 1.399356581952469369e+01
2.988374228456913897e+03 1.400057278434569596e+01
2.994220140280561282e+03 1.400758652172460117e+01
3.000066052104208211e+03 1.401460692236952532e+01
3.005911963927856050e+03 1.402163387569159170e+01
3.011757875751502979e+03 1.402866726983346446e+01
3.017603787575150363e+03 1.403570699169804215e+01
3.023449699398797748e+03 1.404275292697706590e+01
3.029295611222444677e+03 1.404980496017978098e+01
3.035141523046092516e+03 1.405686297466153789e+01
3.040987434869739445e+03 1.406392685265242193e+01
3.046833346693386829e+03 1.407099647528594488e+01
3.052679258517034214e+03 1.407807172262755735e+01
3.058525170340681143e+03 1.408515247370342571e+01
3.064371082164328982e+03 1.409223860652900839e+01
3.070216993987975911e+03 1.409932999813759835e+01
3.076062905811623295e+03 1.410642652460910540e+01
3.081908817635270680e+03 1.411352806109859159e+01
3.087754729458917609e+03 1.412063448186494696e+01
3.093600641282565448e+03 1.412774566029946932e+01
3.099446553106212377e+03 1.413486146895460038e+01
3.105292464929859761e+03 1.414198177957243985e+01
3.111138376753507146e+03 1.414910646311343534e+01
3.116984288577154075e+03 1.415623538978503859e+01
3.122830200400801914e+03 1.416336842907028526e+01
3.128676112224448843e+03 1.417050544975648130e+01
3.134522024048096227e+03 1.417764631996377567e+01
3.140367935871743612e+03 1.418479090717384672e+01
3.146213847695390541e+03 1.419193907825851753e+01
3.152059759519038380e+03 1.419909069950837122e+01
3.157905671342685309e+03 1.420624563666143203e+01
3.163751583166332694e+03 1.421340375493168651e+01
3.169597494989980078e+03 1.422056491903789599e+01
3.175443406813627007e+03 1.422772899323205209e+01
3.181289318637274391e+03 1.423489584132813235e+01
3.187135230460921775e+03 1.424206532673063919e+01
3.192981142284569160e+03 1.424923731246331471e+01
3.198827054108216544e+03 1.425641166119773828e+01
3.204672965931863473e+03 1.426358823528196851e+01
3.210518877755510857e+03 1.427076689676910703e+01
3.216364789579158241e+03 1.427794750744606489e+01
3.222210701402805626e+03 1.428512992886210498e+01
3.228056613226453010e+03 1.429231402235745563e+01
3.233902525050099939e+03 1.429949964909200411e+01
3.239748436873747778e+03 1.430668667007393147e+01
3.245594348697394707e+03 1.431387494618826750e+01
3.251440260521042092e+03 1.432106433822561087e+01
3.257286172344689476e+03 1.432825470691071956e+01
3.263132084168336405e+03 1.433544591293117421e+01
3.268977995991984244e+03 1.434263781696592055e+01
3.274823907815631173e+03 1.434983027971405534e+01
3.280669819639278558e+03 1.435702316192329420e+01
3.286515731462925942e+03 1.436421632441875218e+01
3.292361643286572871e+03 1.437140962813145961e+01
3.298207555110220710e+03 1.437860293412707158e+01
3.304053466933867639e+03 1.438579610363445127e+01
3.309899378757515024e+03 1.439298899807434395e+01
3.315745290581162408e+03 1.440018147908796919e+01
3.321591202404809792e+03 1.440737340856568949e+01
3.327437114228457176e+03 1.441456464867565401e+01
3.333283026052104105e+03 1.442175506189233403e+01
3.339128937875751490e+03 1.442894451102531761e+01
3.344974849699398874e+03 1.443613285924778289e+01
3.350820761523046258e+03 1.444331997012524127e+01
3.356666673346693642e+03 1.445050570764410836e+01
3.362512585170340571e+03 1.445768993624034948e+01
3.368358496993987956e+03 1.446487252082815544e+01
3.374204408817635340e+03 1.447205332682851520e+01
3.380050320641282724e+03 1.447923222019790579e+01
3.385896232464930108e+03 1.448640906745682244e+01
3.391742144288577038e+03 1.449358373571859460e+01
3.397588056112224422e+03 1.450075609271778276e+01
3.403433967935871806e+03 1.450792600683904610e+01
3.409279879759519190e+03 1.451509334714561206e+01
3.415125791583166574e+03 1.452225798340794682e+01
3.420971703406813504e+03 1.452941978613243457e+01
3.426817615230460888e+03 1.453657862659000344e+01
3.432663527054108272e+03 1.454373437684465742e+01
3.438509438877755656e+03 1.455088690978226751e+01
3.444355350701403040e+03 1.455803609913907337e+01
3.450201262525049970e+03 1.456518181953038216e+01
3.456047174348697354e+03 1.457232394647920337e+01
3.461893086172344738e+03 1.457946235644483224e+01
3.467738997995992122e+03 1.458659692685152898e+01
3.473584909819639506e+03 1.459372753611716078e+01
3.479430821643286436e+03 1.460085406368174787e+01
3.485276733466934274e+03 1.460797639003623161e+01
3.491122645290581204e+03 1.461509439675101163e+01
3.496968557114228588e+03 1.462220796650457899e+01
3.502814468937875972e+03 1.462931698311217765e+01
3.508660380761522902e+03 1.463642133155449798e+01
3.514506292585170740e+03 1.464352089800612156e+01
3.520352204408817670e+03 1.465061556986440650e+01
3.526198116232465054e+03 1.465770523577788964e+01
3.532044028056112438e+03 1.466478978567508662e+01
3.537889939879759368e+03 1.467186911079302902e+01
3.543735851703407207e+03 1.467894310370591882e+01
3.549581763527054136e+03 1.468601165835378808e+01
3.555427675350701520e+03 1.469307467007108770e+01
3.561273587174348904e+03 1.470013203561541459e+01
3.567119498997995834e+03 1.470718365319596899e+01
3.572965410821643673e+03 1.471422942250239174e+01
3.578811322645290602e+03 1.472126924473324294e+01
3.584657234468937531e+03 1.472830302262468294e+01
3.590503146292585370e+03 1.473533066047918538e+01
3.596349058116232300e+03 1.474235206419399091e+01
3.602194969939880139e+03 1.474936714128996940e+01
3.608040881763527068e+03 1.475637580094001500e+01
3.613886793587173997e+03 1.476337795399787822e+01
3.619732705410821836e+03 1.477037351302662671e+01
3.625578617234468766e+03 1.477736239232753768e+01
3.631424529058116605e+03 1.478434450796832955e+01
3.637270440881763534e+03 1.479131977781221252e+01
3.643116352705410463e+03 1.478018500494410503e+01
3.698507727817443538e+03 1.484483894237279600e+01
3.753899102929476612e+03 1.490949287980148519e+01
3.809290478041509687e+03 1.497414681723017438e+01
3.864681853153542761e+03 1.503880075465886534e+01
3.920073228265575835e+03 1.510345469208755631e+01
3.975464603377608910e+03 1.516810862951624550e+01
4.030855978489642439e+03 1.523276256694493647e+01
4.086247353601675513e+03 1.529741650437362566e+01
4.141638728713708588e+03 1.536207044180231662e+01
4.197030103825741207e+03 1.542672437923100759e+01
4.252421478937774737e+03 1.549137831665969856e+01
4.307812854049807356e+03 1.555603225408838597e+01
4.363204229161840885e+03 1.562068619151707694e+01
4.418595604273874415e+03 1.568534012894576790e+01
4.473986979385907034e+03 1.574999406637445887e+01
4.529378354497940563e+03 1.581464800380314983e+01
4.584769729609973183e+03 1.587930194123183902e+01
4.640161104722006712e+03 1.594395587866052999e+01
4.695552479834039332e+03 1.600860981608921918e+01
4.750943854946072861e+03 1.607326375351791015e+01
4.806335230058105481e+03 1.613791769094660111e+01
4.861726605170139010e+03 1.620257162837528853e+01
4.917117980282171629e+03 1.626722556580397949e+01
4.972509355394205159e+03 1.633187950323267046e+01
5.027900730506238688e+03 1.639653344066136142e+01
5.083292105618271307e+03 1.646118737809005239e+01
5.138683480730303927e+03 1.652584131551873980e+01
5.194074855842337456e+03 1.659049525294743077e+01
5.249466230954370985e+03 1.665514919037612174e+01
5.304857606066403605e+03 1.671980312780481270e+01
5.360248981178437134e+03 1.678445706523350367e+01
5.415640356290469754e+03 1.684911100266219108e+01
5.471031731402503283e+03 1.691376494009088560e+01
5.526423106514535903e+03 1.697841887751957302e+01
5.581814481626569432e+03 1.704307281494826398e+01
5.637205856738602961e+03 1.710772675237695495e+01
5.692597231850635580e+03 1.717238068980564236e+01
5.747988606962668200e+03 1.723703462723433333e+01
5.803379982074701729e+03 1.730168856466302429e+01
5.858771357186735258e+03 1.736634250209171526e+01
5.914162732298767878e+03 1.743099643952040623e+01
5.969554107410800498e+03 1.749565037694909364e+01
6.024945482522834027e+03 1.756030431437778461e+01
6.080336857634867556e+03 1.762495825180647557e+01
6.135728232746900176e+03 1.768961218923516654e+01
6.191119607858933705e+03 1.775426612666385751e+01
6.246510982970967234e+03 1.781892006409254847e+01
6.301902358082999854e+03 1.788357400152123589e+01
6.357293733195032473e+03 1.794822793894992685e+01
6.412685108307066002e+03 1.801288187637861782e+01
6.468076483419099532e+03 1.807753581380730878e+01
6.523467858531132151e+03 1.814218975123599620e+01
6.578859233643164771e+03 1.820684368866468716e+01
6.634250608755198300e+03 1.827149762609337813e+01
6.689641983867231829e+03 1.833615156352206910e+01
6.745033358979264449e+03 1.840080550095076006e+01
6.800424734091297069e+03 1.846545943837944748e+01
6.855816109203331507e+03 1.853011337580814200e+01
6.911207484315364127e+03 1.859476731323682941e+01
6.966598859427396746e+03 1.865942125066552038e+01
7.021990234539430276e+03 1.872407518809421134e+01
7.077381609651463805e+03 1.878872912552289876e+01
7.132772984763496424e+03 1.885338306295159327e+01
7.188164359875529044e+03 1.891803700038028069e+01
7.243555734987562573e+03 1.898269093780897165e+01
7.298947110099596102e+03 1.904734487523766262e+01
7.354338485211628722e+03 1.911199881266635003e+01
7.409729860323661342e+03 1.917665275009504100e+01
7.465121235435694871e+03 1.924130668752373197e+01
7.520512610547728400e+03 1.930596062495242293e+01
7.575903985659761020e+03 1.937061456238111390e+01
7.631295360771794549e+03 1.943526849980980131e+01
7.686686735883828078e+03 1.949992243723849583e+01
7.742078110995860698e+03 1.956457637466718325e+01
7.797469486107893317e+03 1.962923031209587421e+01
7.852860861219926846e+03 1.969388424952456518e+01
7.908252236331960376e+03 1.975853818695325259e+01
7.963643611443992995e+03 1.982319212438194711e+01
8.019034986556026524e+03 1.988784606181063452e+01
8.074426361668059144e+03 1.995249999923932549e+01
8.129817736780092673e+03 2.001715393666801646e+01
8.185209111892125293e+03 2.008180787409670387e+01
8.240600487004157912e+03 2.014646181152539484e+01
8.295991862116192351e+03 2.021111574895408580e+01
8.351383237228224971e+03 2.027576968638277677e+01
8.406774612340257590e+03 2.034042362381146773e+01
8.462165987452292029e+03 2.040507756124015870e+01
8.517557362564322830e+03 2.046973149866884611e+01
8.572948737676357268e+03 2.053438543609753708e+01
8.628340112788391707e+03 2.059903937352623160e+01
8.683731487900422508e+03 2.066369331095491901e+01
8.739122863012456946e+03 2.072834724838360643e+01
8.794514238124489566e+03 2.079300118581230095e+01
8.849905613236522186e+03 2.085765512324098836e+01
8.905296988348556624e+03 2.092230906066967933e+01
8.960688363460589244e+03 2.098696299809837029e+01
9.016079738572621864e+03 2.105161693552705771e+01
9.071471113684656302e+03 2.111627087295575222e+01
9.126862488796687103e+03 2.118092481038443964e+01
9.182253863908721542e+03 2.124557874781313060e+01
9.237645239020754161e+03 2.131023268524182157e+01
9.293036614132786781e+03 2.137488662267050898e+01
9.348427989244821219e+03 2.143954056009920350e+01
9.403819364356853839e+03 2.150419449752789092e+01
9.459210739468886459e+03 2.156884843495658188e+01
9.514602114580920897e+03 2.163350237238527285e+01
9.569993489692953517e+03 2.169815630981396026e+01
9.625384864804986137e+03 2.176281024724265478e+01
9.680776239917020575e+03 2.182746418467134220e+01
9.736167615029051376e+03 2.189211812210002961e+01
9.791558990141085815e+03 2.195677205952872413e+01
9.846950365253118434e+03 2.202142599695741154e+01
9.902341740365151054e+03 2.208607993438610251e+01
9.957733115477185493e+03 2.215073387181479347e+01
1.001312449058921811e+04 2.221538780924348444e+01
1.006851586570125073e+04 2.228004174667217541e+01
1.012390724081328517e+04 2.234469568410086637e+01
1.017929861592531779e+04 2.240934962152955734e+01
1.023468999103735041e+04 2.247400355895824475e+01
1.029008136614938485e+04 2.253865749638693927e+01
1.034547274126141565e+04 2.260331143381562669e+01
1.040086411637345009e+04 2.266796537124431410e+01
1.045625549148548271e+04 2.273261930867300862e+01
1.051164686659751533e+04 2.279727324610169603e+01
1.056703824170954977e+04 2.286192718353038700e+01
1.062242961682158239e+04 2.292658112095907796e+01
1.067782099193361501e+04 2.299123505838776538e+01
1.073321236704564944e+04 2.305588899581645990e+01
1.078860374215768206e+04 2.312054293324514731e+01
1.084399511726971468e+04 2.318519687067383828e+01
1.089938649238174912e+04 2.324985080810252924e+01
1.095477786749377992e+04 2.331450474553121666e+01
1.101016924260581436e+04 2.337915868295991118e+01
1.106556061771784698e+04 2.344381262038859859e+01
1.112095199282987960e+04 2.350846655781728956e+01
1.117634336794191404e+04 2.357312049524598052e+01
1.123173474305394666e+04 2.363777443267466793e+01
1.128712611816597928e+04 2.370242837010336245e+01
1.134251749327801372e+04 2.376708230753204987e+01
1.139790886839004452e+04 2.383173624496073728e+01
1.145330024350207896e+04 2.389639018238943180e+01
1.150869161861411339e+04 2.396104411981812277e+01
1.156408299372614420e+04 2.402569805724681018e+01
1.161947436883817863e+04 2.409035199467550115e+01
1.167486574395021125e+04 2.415500593210419211e+01
1.173025711906224387e+04 2.421965986953288308e+01
1.178564849417427831e+04 2.428431380696157404e+01
1.184103986928631093e+04 2.434896774439026501e+01
1.189643124439834355e+04 2.441362168181895242e+01
1.195182261951037617e+04 2.447827561924764339e+01
1.200721399462241061e+04 2.454292955667633436e+01
1.206260536973444323e+04 2.460758349410502177e+01
1.211799674484647585e+04 2.467223743153371629e+01
1.217338811995851029e+04 2.473689136896240370e+01
1.222877949507054291e+04 2.480154530639109467e+01
1.228417087018257553e+04 2.486619924381978564e+01
1.233956224529460815e+04 2.493085318124847305e+01
1.239495362040664259e+04 2.499550711867716757e+01
1.245034499551867520e+04 2.506016105610585498e+01
1.250573637063070782e+04 2.512481499353454595e+01
1.256112774574274044e+04 2.518946893096323691e+01
1.261651912085477488e+04 2.525412286839192788e+01
1.267191049596680750e+04 2.531877680582061885e+01
1.272730187107884012e+04 2.538343074324930626e+01
1.278269324619087274e+04 2.544808468067799723e+01
1.283808462130290718e+04 2.551273861810668819e+01
1.289347599641493980e+04 2.557739255553537561e+01
1.294886737152697242e+04 2.564204649296407013e+01
1.300425874663900686e+04 2.570670043039275754e+01
1.305965012175103948e+04 2.577135436782144851e+01
1.311504149686307210e+04 2.583600830525013947e+01
1.317043287197510472e+04 2.590066224267882689e+01
1.322582424708713916e+04 2.596531618010752140e+01
1.328121562219917178e+04 2.602997011753620882e+01
1.333660699731120440e+04 2.609462405496489978e+01
1.339199837242323702e+04 2.615927799239359075e+01
1.344738974753527145e+04 2.622393192982228172e+01
1.350278112264730407e+04 2.628858586725097268e+01
1.355817249775933669e+04 2.635323980467966010e+01
1.361356387287137113e+04 2.641789374210835462e+01
1.366895524798340375e+04 2.648254767953704203e+01
1.372434662309543637e+04 2.654720161696572944e+01
1.377973799820746899e+04 2.661185555439442396e+01
1.383512937331950343e+04 2.667650949182311138e+01
1.389052074843153605e+04 2.674116342925180589e+01
1.394591212354356867e+04 2.680581736668049331e+01
1.400130349865560129e+04 2.687047130410918072e+01
1.405669487376763573e+04 2.693512524153787524e+01
1.411208624887966835e+04 2.699977917896656265e+01
1.416747762399170097e+04 2.706443311639525007e+01
1.422286899910373359e+04 2.712908705382394459e+01
1.427826037421576802e+04 2.719374099125263200e+01
1.433365174932780064e+04 2.725839492868132652e+01
1.438904312443983326e+04 2.732304886611001393e+01
1.444443449955186770e+04 2.738770280353870845e+01
1.449982587466390032e+04 2.745235674096739587e+01
1.455521724977593294e+04 2.751701067839608328e+01
1.461060862488796556e+04 2.758166461582477780e+01
1.466600000000000000e+04 2.764631855325346521e+01
