8.111949999999999363e+02 2.276128879710993758e+00
8.168735671342685691e+02 2.287554009856669790e+00
8.225521342685370882e+02 2.299018765379927220e+00
8.282307014028056074e+02 2.310522139740798231e+00
8.339092685370741265e+02 2.322063134161811426e+00
8.395878356713426456e+02 2.333640757605750515e+00
8.452664028056112784e+02 2.345254026753411658e+00
8.509449699398796838e+02 2.356901965981358593e+00
8.566235370741483166e+02 2.368583607339684427e+00
8.623021042084168357e+02 2.380297990529768093e+00
8.679806713426853548e+02 2.392044162882030367e+00
8.736592384769539876e+02 2.403821179333689884e+00
8.793378056112223931e+02 2.415628102406526700e+00
8.850163727454910259e+02 2.427464002184635206e+00
8.906949398797595450e+02 2.439327956292181909e+00
8.963735070140280641e+02 2.451219049871166789e+00
9.020520741482966969e+02 2.463136375559175306e+00
9.077306412825651023e+02 2.475079033467139755e+00
9.134092084168337351e+02 2.487046131157098827e+00
9.190877755511021405e+02 2.499036783619949631e+00
9.247663426853707733e+02 2.511050113253210370e+00
9.304449098196391787e+02 2.523085249838773692e+00
9.361234769539078115e+02 2.535141330520668479e+00
9.418020440881764443e+02 2.547217499782814976e+00
9.474806112224448498e+02 2.559312909426782134e+00
9.531591783567134826e+02 2.571426718549548518e+00
9.588377454909820017e+02 2.583558093521254762e+00
9.645163126252505208e+02 2.595706207962965362e+00
9.701948797595189262e+02 2.607870242724425136e+00
9.758734468937875590e+02 2.620049385861816127e+00
9.815520140280560781e+02 2.632242832615516726e+00
9.872305811623247109e+02 2.644449785387857688e+00
9.929091482965932300e+02 2.656669453720879481e+00
9.985877154308616355e+02 2.668901054274092743e+00
1.004266282565130268e+03 2.681143810802232963e+00
1.009944849699398787e+03 2.693396954133019161e+00
1.015623416833667420e+03 2.705659722144912571e+00
1.021301983967935939e+03 2.717931359744873543e+00
1.026980551102204345e+03 2.730211118846114893e+00
1.032659118236472978e+03 2.742498258345870354e+00
1.038337685370741383e+03 2.754792044103139936e+00
1.044016252505010016e+03 2.767091748916455707e+00
1.049694819639278649e+03 2.779396652501636034e+00
1.055373386773547054e+03 2.791706041469542932e+00
1.061051953907815687e+03 2.804019209303843851e+00
1.066730521042084092e+03 2.816335456338762810e+00
1.072409088176352725e+03 2.828654089736843069e+00
1.078087655310621358e+03 2.840974423466703591e+00
1.083766222444889763e+03 2.853295778280794615e+00
1.089444789579158396e+03 2.865617481693158553e+00
1.095123356713426801e+03 2.877938867957185565e+00
1.100801923847695434e+03 2.890259278043369129e+00
1.106480490981964067e+03 2.902578059617071382e+00
1.112159058116232472e+03 2.914894567016270699e+00
1.117837625250500878e+03 2.927208161229326144e+00
1.123516192384769511e+03 2.939518209872733490e+00
1.129194759519038143e+03 2.951824087168881672e+00
1.134873326653306776e+03 2.964125173923811474e+00
1.140551893787575182e+03 2.976420857504972872e+00
1.146230460921843815e+03 2.988710531818983718e+00
1.151909028056112220e+03 3.000993597289382642e+00
1.157587595190380853e+03 3.013269460834397062e+00
1.163266162324649486e+03 3.025537535844688541e+00
1.168944729458917891e+03 3.037797242161118128e+00
1.174623296593186296e+03 3.050048006052501925e+00
1.180301863727454929e+03 3.062289260193368889e+00
1.185980430861723562e+03 3.074520443641717726e+00
1.191658997995992195e+03 3.086741001816775132e+00
1.197337565130260600e+03 3.098950386476754915e+00
1.203016132264529006e+03 3.111148055696611792e+00
1.208694699398797638e+03 3.123333473845804065e+00
1.214373266533066271e+03 3.135506111566046084e+00
1.220051833667334904e+03 3.147665445749069146e+00
1.225730400801603082e+03 3.159810959514379292e+00
1.231408967935871715e+03 3.171942142187012870e+00
1.237087535070140348e+03 3.184058489275296111e+00
1.242766102204408980e+03 3.196159502448602474e+00
1.248444669338677386e+03 3.208244689515107329e+00
1.254123236472945791e+03 3.220313564399551076e+00
1.259801803607214424e+03 3.232365647120991170e+00
1.265480370741483057e+03 3.244400463770564791e+00
1.271158937875751690e+03 3.256417546489241310e+00
1.276837505010020095e+03 3.268416433445584524e+00
1.282516072144288501e+03 3.280396668813509109e+00
1.288194639278557133e+03 3.292357802750035312e+00
1.293873206412825766e+03 3.304299391373050732e+00
1.299551773547094399e+03 3.316220996739063231e+00
1.305230340681362577e+03 3.328122186820965389e+00
1.310908907815631210e+03 3.340002535485787405e+00
1.316587474949899843e+03 3.351861622472451785e+00
1.322266042084168475e+03 3.363699033369538238e+00
1.327944609218436881e+03 3.375514359593037028e+00
1.333623176352705514e+03 3.387307198364106764e+00
1.339301743486973919e+03 3.399077152686832193e+00
1.344980310621242552e+03 3.410823831325982880e+00
1.350658877755511185e+03 3.422546848784772333e+00
1.356337444889779590e+03 3.434245825282610021e+00
1.362016012024047996e+03 3.445920386732862717e+00
1.367694579158316628e+03 3.457570164720615846e+00
1.373373146292585261e+03 3.469194796480421950e+00
1.379051713426853667e+03 3.480793924874068246e+00
1.384730280561122299e+03 3.492367198368326431e+00
1.390408847695390932e+03 3.503914271012714909e+00
1.396087414829659338e+03 3.515434802417255256e+00
1.401765981963927970e+03 3.526928457730226896e+00
1.407444549098196603e+03 3.538394907615931562e+00
1.413123116232465009e+03 3.549833828232445754e+00
1.418801683366733414e+03 3.561244901209375868e+00
1.424480250501002047e+03 3.572627813625624427e+00
1.430158817635270680e+03 3.583982257987138986e+00
1.435837384769539085e+03 3.595307932204675261e+00
1.441515951903807718e+03 3.606604539571552248e+00
1.447194519038076351e+03 3.617871788741412686e+00
1.452873086172344756e+03 3.629109393705974629e+00
1.458551653306613389e+03 3.640317073772795897e+00
1.464230220440882022e+03 3.651494553543030541e+00
1.469908787575150200e+03 3.662641562889179081e+00
1.475587354709418832e+03 3.673757836932857845e+00
1.481265921843687465e+03 3.684843116022548326e+00
1.486944488977956098e+03 3.695897145711354970e+00
1.492623056112224504e+03 3.706919676734768743e+00
1.498301623246493136e+03 3.717910464988417374e+00
1.503980190380761542e+03 3.728869271505830696e+00
1.509658757515030175e+03 3.739795862436192664e+00
1.515337324649298807e+03 3.750690009022096483e+00
1.521015891783567213e+03 3.761551487577311725e+00
1.526694458917835618e+03 3.772380079464535463e+00
1.532373026052104251e+03 3.783175571073148724e+00
1.538051593186372884e+03 3.793937753796978285e+00
1.543730160320641517e+03 3.804666424012051351e+00
1.549408727454909922e+03 3.815361383054356015e+00
1.555087294589178555e+03 3.826022437197595494e+00
1.560765861723446960e+03 3.836649397630944591e+00
1.566444428857715593e+03 3.847242080436818146e+00
1.572122995991983998e+03 3.857800306568613280e+00
1.577801563126252404e+03 3.868323901828477851e+00
1.583480130260521037e+03 3.878812696845063357e+00
1.589158697394789669e+03 3.889266527051285838e+00
1.594837264529058302e+03 3.899685232662076562e+00
1.600515831663326935e+03 3.910068658652151363e+00
1.606194398797595341e+03 3.920416654733757333e+00
1.611872965931863746e+03 3.930729075334436828e+00
1.617551533066132379e+03 3.941005779574781265e+00
1.623230100200400784e+03 3.951246631246188912e+00
1.628908667334669417e+03 3.961451498788630676e+00
1.634587234468937822e+03 3.971620255268391464e+00
1.640265801603206455e+03 3.981752778355848399e+00
1.645944368737475088e+03 3.991848950303206411e+00
1.651622935871743721e+03 4.001908657922278678e+00
1.657301503006011899e+03 4.011931792562220878e+00
1.662980070140280532e+03 4.021918250087310298e+00
1.668658637274549164e+03 4.031867930854687643e+00
1.674337204408817797e+03 4.041780739692121927e+00
1.680015771543086203e+03 4.051656585875771377e+00
1.685694338677354835e+03 4.061495383107928347e+00
1.691372905811623241e+03 4.071297049494791764e+00
1.697051472945891874e+03 4.081061507524220033e+00
1.702730040080160506e+03 4.090788684043477730e+00
1.708408607214428912e+03 4.100478510237008933e+00
1.714087174348697317e+03 4.110130921604191911e+00
1.719765741482965950e+03 4.119745857937083144e+00
1.725444308617234583e+03 4.129323263298193325e+00
1.731122875751503216e+03 4.138863085998234048e+00
1.736801442885771621e+03 4.148365278573875159e+00
1.742480010020040254e+03 4.157829797765511870e+00
1.748158577154308659e+03 4.167256604495007011e+00
1.753837144288577292e+03 4.176645663843466139e+00
1.759515711422845925e+03 4.185996945028982452e+00
1.765194278557114330e+03 4.195310421384395028e+00
1.770872845691382736e+03 4.204586070335059489e+00
1.776551412825651369e+03 4.213823873376584928e+00
1.782229979959920001e+03 4.223023816052611679e+00
1.787908547094188407e+03 4.232185887932555346e+00
1.793587114228457040e+03 4.241310082589365926e+00
1.799265681362725672e+03 4.250396397577300256e+00
1.804944248496994078e+03 4.259444834409654490e+00
1.810622815631262711e+03 4.268455398536541878e+00
1.816301382765531343e+03 4.277428099322644783e+00
1.821979949899799749e+03 4.286362950024967589e+00
1.827658517034068154e+03 4.295259967770601151e+00
1.833337084168336787e+03 4.304119173534474818e+00
1.839015651302605420e+03 4.312940592117120886e+00
1.844694218436873825e+03 4.321724252122420395e+00
1.850372785571142458e+03 4.330470185935375582e+00
1.856051352705410864e+03 4.339178429699855677e+00
1.861729919839679496e+03 4.347849023296359583e+00
1.867408486973948129e+03 4.356482010319778553e+00
1.873087054108216762e+03 4.365077438057140213e+00
1.878765621242484940e+03 4.373635357465378348e+00
1.884444188376753573e+03 4.382155823149088469e+00
1.890122755511022206e+03 4.390638893338278059e+00
1.895801322645290838e+03 4.399084629866132801e+00
1.901479889779559016e+03 4.407493098146770372e+00
1.907158456913827649e+03 4.415864367153002235e+00
1.912837024048096282e+03 4.424198509394082102e+00
1.918515591182364915e+03 4.432495600893469501e+00
1.924194158316633548e+03 4.440755721166596004e+00
1.929872725450901953e+03 4.448978953198599484e+00
1.935551292585170359e+03 4.457165383422109883e+00
1.941229859719438991e+03 4.465315101694986133e+00
1.946908426853707624e+03 4.473428201278080607e+00
1.952586993987976257e+03 4.481504778812999135e+00
1.958265561122244435e+03 4.489544934299857459e+00
1.963944128256513068e+03 4.497548771075036811e+00
1.969622695390781701e+03 4.505516395788939477e+00
1.975301262525050333e+03 4.513447918383755919e+00
1.980979829659318739e+03 4.521343452071209690e+00
1.986658396793587372e+03 4.529203113310325435e+00
1.992336963927855777e+03 4.537027021785183578e+00
1.998015531062124410e+03 4.544815300382675893e+00
2.003694098196393043e+03 4.552568075170262851e+00
2.009372665330661221e+03 4.560285475373731856e+00
2.015051232464929853e+03 4.567967633354959034e+00
2.020729799599198486e+03 4.575614684589661252e+00
2.026408366733467119e+03 4.583226767645156130e+00
2.032086933867735524e+03 4.590804024158118501e+00
2.037765501002004157e+03 4.598346598812344865e+00
2.043444068136272790e+03 4.605854639316499188e+00
2.049122635270541195e+03 4.613328296381875582e+00
2.054801202404809828e+03 4.620767723700159202e+00
2.060479769539078461e+03 4.628173077921189815e+00
2.066158336673346639e+03 4.635544518630698718e+00
2.071836903807615272e+03 4.642882208328082960e+00
2.077515470941883905e+03 4.650186312404162692e+00
2.083194038076152538e+03 4.657456999118933183e+00
2.088872605210421170e+03 4.664694439579319507e+00
2.094551172344689803e+03 4.671898807716946322e+00
2.100229739478958436e+03 4.679070280265881898e+00
2.105908306613226159e+03 4.686209036740409672e+00
2.111586873747495247e+03 4.693315259412770502e+00
2.117265440881763425e+03 4.700389133290933330e+00
2.122944008016032058e+03 4.707430846096343657e+00
2.128622575150300690e+03 4.714440588241691543e+00
2.134301142284569323e+03 4.721418552808650304e+00
2.139979709418837956e+03 4.728364935525661394e+00
2.145658276553106589e+03 4.735279934745667774e+00
2.151336843687375222e+03 4.742163751423884577e+00
2.157015410821643400e+03 4.749016589095552021e+00
2.162693977955912032e+03 4.755838653853695419e+00
2.168372545090180211e+03 4.762630154326882526e+00
2.174051112224449298e+03 4.769391301656977333e+00
2.179729679358717476e+03 4.776122309476898309e+00
2.185408246492986109e+03 4.782823393888388175e+00
2.191086813627254742e+03 4.789494773439750830e+00
2.196765380761523375e+03 4.796136669103626460e+00
2.202443947895792007e+03 4.802749304254746221e+00
2.208122515030060185e+03 4.809332904647673601e+00
2.213801082164328818e+03 4.815887698394588412e+00
2.219479649298596996e+03 4.822413915943018381e+00
2.225158216432866084e+03 4.828911790053623143e+00
2.230836783567134262e+03 4.835381555777922280e+00
2.236515350701402895e+03 4.841823450436081089e+00
2.242193917835671527e+03 4.848237713594654608e+00
2.247872484969940160e+03 4.854624587044330752e+00
2.253551052104208793e+03 4.860984314777731186e+00
2.259229619238476971e+03 4.867317142967115373e+00
2.264908186372746059e+03 4.873623319942176124e+00
2.270586753507013782e+03 4.879903096167788945e+00
2.276265320641282869e+03 4.886156724221756065e+00
2.281943887775551048e+03 4.892384458772578881e+00
2.287622454909819680e+03 4.898586556557214422e+00
2.293301022044088313e+03 4.904763276358826474e+00
2.298979589178356946e+03 4.910914878984539378e+00
2.304658156312625579e+03 4.917041627243208701e+00
2.310336723446893757e+03 4.923143785923176807e+00
2.316015290581162844e+03 4.929221621770020434e+00
2.321693857715431022e+03 4.935275403464315147e+00
2.327372424849699655e+03 4.941305401599384695e+00
2.333050991983967833e+03 4.947311888659081447e+00
2.338729559118236466e+03 4.953295138995521540e+00
2.344408126252505099e+03 4.959255428806840449e+00
2.350086693386773732e+03 4.965193036114969871e+00
2.355765260521042364e+03 4.971108240743381756e+00
2.361443827655310997e+03 4.977001324294853646e+00
2.367122394789579630e+03 4.982872570129217138e+00
2.372800961923847808e+03 4.988722263341113461e+00
2.378479529058116441e+03 4.994550690737774801e+00
2.384158096192384619e+03 5.000358140816755004e+00
2.389836663326653252e+03 5.006144903743697583e+00
2.395515230460921885e+03 5.011911271330088624e+00
2.401193797595190517e+03 5.017657537011032787e+00
2.406872364729459150e+03 5.023383995822983117e+00
2.412550931863727783e+03 5.029090944381522377e+00
2.418229498997996416e+03 5.034778680859103517e+00
2.423908066132264594e+03 5.040447504962817682e+00
2.429586633266533227e+03 5.046097717912150671e+00
2.435265200400801859e+03 5.051729622416736731e+00
2.440943767535070037e+03 5.057343522654120349e+00
2.446622334669338670e+03 5.062939724247501161e+00
2.452300901803607303e+03 5.068518534243523277e+00
2.457979468937875936e+03 5.074080261090001542e+00
2.463658036072144569e+03 5.079625214613674444e+00
2.469336603206413201e+03 5.085153705997998763e+00
2.475015170340681379e+03 5.090666047760873170e+00
2.480693737474950012e+03 5.096162553732421330e+00
2.486372304609218645e+03 5.101643539032709285e+00
2.492050871743487278e+03 5.107109320049559642e+00
2.497729438877755456e+03 5.112560214416264515e+00
2.503408006012024089e+03 5.117996540989357968e+00
2.509086573146292722e+03 5.123418619826381359e+00
2.514765140280561354e+03 5.128826772163617598e+00
2.520443707414829987e+03 5.134221320393890231e+00
2.526122274549098620e+03 5.139602588044272835e+00
2.531800841683366798e+03 5.144970899753877447e+00
2.537479408817635431e+03 5.150326581251603031e+00
2.543157975951904064e+03 5.155669959333897268e+00
2.548836543086172696e+03 5.161001361842512125e+00
2.554515110220440874e+03 5.166321117642251437e+00
2.560193677354709507e+03 5.171629556598748678e+00
2.565872244488978140e+03 5.176927009556203885e+00
2.571550811623246773e+03 5.182213808315157877e+00
2.577229378757515406e+03 5.187490285610240726e+00
2.582907945891784038e+03 5.192756775087929100e+00
2.588586513026052216e+03 5.198013611284309832e+00
2.594265080160320849e+03 5.203261129602830160e+00
2.599943647294589482e+03 5.208499666292070174e+00
2.605622214428857660e+03 5.213729558423469967e+00
2.611300781563126293e+03 5.218951143869126064e+00
2.616979348697394926e+03 5.224164761279519453e+00
2.622657915831663558e+03 5.229370750061286266e+00
2.628336482965932191e+03 5.234569450354974229e+00
2.634015050100200824e+03 5.239761203012799129e+00
2.639693617234469457e+03 5.244946349576395050e+00
2.645372184368737635e+03 5.250125232254589491e+00
2.651050751503006268e+03 5.255298193901142056e+00
2.656729318637274446e+03 5.260465577992519570e+00
2.662407885771543079e+03 5.265627728605632996e+00
2.668086452905811711e+03 5.270784990395620540e+00
2.673765020040080344e+03 5.275937708573582796e+00
2.679443587174348977e+03 5.281086228884349865e+00
2.685122154308617610e+03 5.286230897584241362e+00
2.690800721442886243e+03 5.291372061418818440e+00
2.696479288577154875e+03 5.296510067600644689e+00
2.702157855711423053e+03 5.301645263787044371e+00
2.707836422845691231e+03 5.306777998057860657e+00
2.713514989979960319e+03 5.311908618893209422e+00
2.719193557114228497e+03 5.317037475151234815e+00
2.724872124248497130e+03 5.322164916045876382e+00
2.730550691382765763e+03 5.327291291124616635e+00
2.736229258517034395e+03 5.332416950246250842e+00
2.741907825651303028e+03 5.337542243558635491e+00
2.747586392785571661e+03 5.342667521476434978e+00
2.753264959919840294e+03 5.347793134658912706e+00
2.758943527054108017e+03 5.352919433987645803e+00
2.764622094188377105e+03 5.358046770544323323e+00
2.770300661322645283e+03 5.363175495588476949e+00
2.775979228456913916e+03 5.368305960535249000e+00
2.781657795591182548e+03 5.373438516933144449e+00
2.787336362725451181e+03 5.378573516441798930e+00
2.793014929859719814e+03 5.383711310809720985e+00
2.798693496993988447e+03 5.388852251852068065e+00
2.804372064128257080e+03 5.393996691428394996e+00
2.810050631262525258e+03 5.399144981420391787e+00
2.815729198396793890e+03 5.404297473709689825e+00
2.821407765531062068e+03 5.409454520155565049e+00
2.827086332665331156e+03 5.414616472572738815e+00
2.832764899799599334e+03 5.419783682709098827e+00
2.838443466933867967e+03 5.424956502223503563e+00
2.844122034068136600e+03 5.430135282663485441e+00
2.849800601202404778e+03 5.435320375443046359e+00
2.855479168336673865e+03 5.440512131820397279e+00
2.861157735470942043e+03 5.445710902875733339e+00
2.866836302605210676e+03 5.450917039488974325e+00
2.872514869739478854e+03 5.456130892317528236e+00
2.878193436873747942e+03 5.461352811774042415e+00
2.883872004008016120e+03 5.466583148004196424e+00
2.889550571142284753e+03 5.471822250864386561e+00
2.895229138276553385e+03 5.477070469899565808e+00
2.900907705410822018e+03 5.482328154320947888e+00
2.906586272545090651e+03 5.487595652983779715e+00
2.912264839679358829e+03 5.492873314365109394e+00
2.917943406813627917e+03 5.498161486541524923e+00
2.923621973947896095e+03 5.503460517166925747e+00
2.929300541082164727e+03 5.508770753450280111e+00
2.934979108216432905e+03 5.514092542133369079e+00
2.940657675350701993e+03 5.519426229468564316e+00
2.946336242484970171e+03 5.524772161196572995e+00
2.952014809619238804e+03 5.530130682524189822e+00
2.957693376753507437e+03 5.535502138102071257e+00
2.963371943887776069e+03 5.540886872002486641e+00
2.969050511022044702e+03 5.546285227697063114e+00
2.974729078156312880e+03 5.551697548034556284e+00
2.980407645290581968e+03 5.557124175218615569e+00
2.986086212424849691e+03 5.562565450785525556e+00
2.991764779559118324e+03 5.568021715581963349e+00
2.997443346693386957e+03 5.573493309742772794e+00
3.003121913827655590e+03 5.578980572668701399e+00
3.008800480961924222e+03 5.584483843004186099e+00
3.014479048096192855e+03 5.590003458615072418e+00
3.020157615230461488e+03 5.595539756566410006e+00
3.025836182364729666e+03 5.601093073100175346e+00
3.031514749498998754e+03 5.606663743613069073e+00
3.037193316633266932e+03 5.612252102634229800e+00
3.042871883767535110e+03 5.617858483803034098e+00
3.048550450901803742e+03 5.623483219846821868e+00
3.054229018036072375e+03 5.629126642558663463e+00
3.059907585170341008e+03 5.634789082775127689e+00
3.065586152304609641e+03 5.640470870354036492e+00
3.071264719438878274e+03 5.646172334152192107e+00
3.076943286573146452e+03 5.651893802003206346e+00
3.082621853707415539e+03 5.657635600695154032e+00
3.088300420841683717e+03 5.663398055948438703e+00
3.093978987975951895e+03 5.669181492393468247e+00
3.099657555110220528e+03 5.674986233548468206e+00
3.105336122244489161e+03 5.680812601797192052e+00
3.111014689378757794e+03 5.686660918366719386e+00
3.116693256513026427e+03 5.692531503305198193e+00
3.122371823647295059e+03 5.698424675459587974e+00
3.128050390781563692e+03 5.704340752453444630e+00
3.133728957915832325e+03 5.710280050664643170e+00
3.139407525050100503e+03 5.716242885203186574e+00
3.145086092184368681e+03 5.722229569888912515e+00
3.150764659318637314e+03 5.728240417229263137e+00
3.156443226452905947e+03 5.734275738397077049e+00
3.162121793587174579e+03 5.740335843208297817e+00
3.167800360721443212e+03 5.746421040099768618e+00
3.173478927855711845e+03 5.752531636106972712e+00
3.179157494989980478e+03 5.758667936841789015e+00
3.184836062124249111e+03 5.764830246470260988e+00
3.190514629258517289e+03 5.771018867690340670e+00
3.196193196392785467e+03 5.777234101709664671e+00
3.201871763527054554e+03 5.783476248223299976e+00
3.207550330661322732e+03 5.789745605391495076e+00
3.213228897795591365e+03 5.796042469817447973e+00
3.218907464929859998e+03 5.802367136525058200e+00
3.224586032064128631e+03 5.808719898936697490e+00
3.230264599198397264e+03 5.815101048850948473e+00
3.235943166332665896e+03 5.821510876420379788e+00
3.241621733466934529e+03 5.827949670129276782e+00
3.247300300601202252e+03 5.834417716771431728e+00
3.252978867735471340e+03 5.840915301427894057e+00
3.258657434869739518e+03 5.847442707444703736e+00
3.264336002004008151e+03 5.854000216410687685e+00
3.270014569138276784e+03 5.860588108135170060e+00
3.275693136272545416e+03 5.867206660625775783e+00
3.281371703406814049e+03 5.873856150066148807e+00
3.287050270541082682e+03 5.880536850793749437e+00
3.292728837675351315e+03 5.887249035277588582e+00
3.298407404809619493e+03 5.893992974095981552e+00
3.304085971943888126e+03 5.900768935914310731e+00
3.309764539078156304e+03 5.907577187462790924e+00
3.315443106212425391e+03 5.914417993514212490e+00
3.321121673346693569e+03 5.921291616861733331e+00
3.326800240480962202e+03 5.928198318296574065e+00
3.332478807615230835e+03 5.935138356585835773e+00
3.338157374749499468e+03 5.942111988450243132e+00
3.343835941883768101e+03 5.949119468541852029e+00
3.349514509018036279e+03 5.956161049421897502e+00
3.355193076152305366e+03 5.963236981538472925e+00
3.360871643286573089e+03 5.970347513204327328e+00
3.366550210420842177e+03 5.977492890574603202e+00
3.372228777555110355e+03 5.984673357624618717e+00
3.377907344689378988e+03 5.991889156127593097e+00
3.383585911823647621e+03 5.999140525632440379e+00
3.389264478957916253e+03 6.006427703441488575e+00
3.394943046092184886e+03 6.013750924588277869e+00
3.400621613226453064e+03 6.021110421815290437e+00
3.406300180360722152e+03 6.028506425551686476e+00
3.411978747494989875e+03 6.035939163891131720e+00
3.417657314629258963e+03 6.043408862569492612e+00
3.423335881763527141e+03 6.050915744942619412e+00
3.429014448897796228e+03 6.058460031964102654e+00
3.434693016032064406e+03 6.066041942163011846e+00
3.440371583166333039e+03 6.073661691621694558e+00
3.446050150300601672e+03 6.081319493953476041e+00
3.451728717434869850e+03 6.089015560280481409e+00
3.457407284569138938e+03 6.096750099211344143e+00
3.463085851703407116e+03 6.104523316818982082e+00
3.468764418837675748e+03 6.112335416618362771e+00
3.474442985971943926e+03 6.120186599544224393e+00
3.480121553106213014e+03 6.128077063928892620e+00
3.485800120240481192e+03 6.136007005480001553e+00
3.491478687374749825e+03 6.143976617258232409e+00
3.497157254509018458e+03 6.151986089655116174e+00
3.502835821643287090e+03 6.160035610370773185e+00
3.508514388777555723e+03 6.168125364391652710e+00
3.514192955911823901e+03 6.176255533968307176e+00
3.519871523046092989e+03 6.184426298593172611e+00
3.525550090180360712e+03 6.192637834978265587e+00
3.531228657314629800e+03 6.200890317033003640e+00
3.536907224448897978e+03 6.209183915841929746e+00
3.542585791583166611e+03 6.217518799642464344e+00
3.548264358717435243e+03 6.225895133802687553e+00
3.553942925851703876e+03 6.234313080799084972e+00
3.559621492985972509e+03 6.242772800194307692e+00
3.565300060120240687e+03 6.251274448614913659e+00
3.570978627254509775e+03 6.259818179729142784e+00
3.576657194388777953e+03 6.268404144224680508e+00
3.582335761523046585e+03 6.277032489786405378e+00
3.588014328657314763e+03 6.285703361074125972e+00
3.593692895791583396e+03 6.294416899700393309e+00
3.599371462925852029e+03 6.303173244208196024e+00
3.605050030060120662e+03 6.311972530048741703e+00
3.610728597194389295e+03 6.320814889559258631e+00
3.616407164328657473e+03 6.329700451940670547e+00
3.622085731462926560e+03 6.252595809793426440e+00
3.677146607184218283e+03 6.309362431429407891e+00
3.732207482905510005e+03 6.366129053065389343e+00
3.787268358626802183e+03 6.422895674701371682e+00
3.842329234348093905e+03 6.479662296337354022e+00
3.897390110069385628e+03 6.536428917973335473e+00
3.952450985790677350e+03 6.593195539609316924e+00
4.007511861511969528e+03 6.649962161245300152e+00
4.062572737233261250e+03 6.706728782881281603e+00
4.117633612954553428e+03 6.763495404517263054e+00
4.172694488675844696e+03 6.820262026153244506e+00
4.227755364397136873e+03 6.877028647789227733e+00
4.282816240118428141e+03 6.933795269425209185e+00
4.337877115839720318e+03 6.990561891061190636e+00
4.392937991561012495e+03 7.047328512697173863e+00
4.447998867282303763e+03 7.104095134333155315e+00
4.503059743003595941e+03 7.160861755969136766e+00
4.558120618724888118e+03 7.217628377605119994e+00
4.613181494446179386e+03 7.274394999241101445e+00
4.668242370167471563e+03 7.331161620877082896e+00
4.723303245888762831e+03 7.387928242513064347e+00
4.778364121610055008e+03 7.444694864149047575e+00
4.833424997331347186e+03 7.501461485785029026e+00
4.888485873052638453e+03 7.558228107421010478e+00
4.943546748773930631e+03 7.614994729056993705e+00
4.998607624495221899e+03 7.671761350692975157e+00
5.053668500216514076e+03 7.728527972328956608e+00
5.108729375937806253e+03 7.785294593964939835e+00
5.163790251659097521e+03 7.842061215600919510e+00
5.218851127380389698e+03 7.898827837236902738e+00
5.273912003101680966e+03 7.955594458872884189e+00
5.328972878822973144e+03 8.012361080508865641e+00
5.384033754544265321e+03 8.069127702144848868e+00
5.439094630265556589e+03 8.125894323780830319e+00
5.494155505986848766e+03 8.182660945416811771e+00
5.549216381708140034e+03 8.239427567052793222e+00
5.604277257429432211e+03 8.296194188688776450e+00
5.659338133150724389e+03 8.352960810324757901e+00
5.714399008872016566e+03 8.409727431960741129e+00
5.769459884593307834e+03 8.466494053596722580e+00
5.824520760314599102e+03 8.523260675232704031e+00
5.879581636035891279e+03 8.580027296868685482e+00
5.934642511757183456e+03 8.636793918504668710e+00
5.989703387478475634e+03 8.693560540140650161e+00
6.044764263199766901e+03 8.750327161776631613e+00
6.099825138921059079e+03 8.807093783412614840e+00
6.154886014642350347e+03 8.863860405048594515e+00
6.209946890363642524e+03 8.920627026684577743e+00
6.265007766084934701e+03 8.977393648320559194e+00
6.320068641806225969e+03 9.034160269956540645e+00
6.375129517527518146e+03 9.090926891592523873e+00
6.430190393248809414e+03 9.147693513228505324e+00
6.485251268970101592e+03 9.204460134864486776e+00
6.540312144691393769e+03 9.261226756500470003e+00
6.595373020412685946e+03 9.317993378136451454e+00
6.650433896133977214e+03 9.374759999772432906e+00
6.705494771855268482e+03 9.431526621408414357e+00
6.760555647576560659e+03 9.488293243044397585e+00
6.815616523297852837e+03 9.545059864680379036e+00
6.870677399019145014e+03 9.601826486316362264e+00
6.925738274740436282e+03 9.658593107952343715e+00
6.980799150461727550e+03 9.715359729588325166e+00
7.035860026183019727e+03 9.772126351224306617e+00
7.090920901904311904e+03 9.828892972860289845e+00
7.145981777625604082e+03 9.885659594496271296e+00
7.201042653346895349e+03 9.942426216132252748e+00
7.256103529068186617e+03 9.999192837768234199e+00
7.311164404789478795e+03 1.005595945940421565e+01
7.366225280510770972e+03 1.011272608104019888e+01
7.421286156232063149e+03 1.016949270267618033e+01
7.476347031953354417e+03 1.022625932431216178e+01
7.531407907674646594e+03 1.028302594594814501e+01
7.586468783395937862e+03 1.033979256758412646e+01
7.641529659117230040e+03 1.039655918922010791e+01
7.696590534838522217e+03 1.045332581085609114e+01
7.751651410559813485e+03 1.051009243249207259e+01
7.806712286281105662e+03 1.056685905412805404e+01
7.861773162002397839e+03 1.062362567576403727e+01
7.916834037723689107e+03 1.068039229740001872e+01
7.971894913444981285e+03 1.073715891903600017e+01
8.026955789166272552e+03 1.079392554067198162e+01
8.082016664887564730e+03 1.085069216230796485e+01
8.137077540608856907e+03 1.090745878394394630e+01
8.192138416330148175e+03 1.096422540557992775e+01
8.247199292051440352e+03 1.102099202721591098e+01
8.302260167772732530e+03 1.107775864885189243e+01
8.357321043494022888e+03 1.113452527048787388e+01
8.412381919215316884e+03 1.119129189212385711e+01
8.467442794936607243e+03 1.124805851375983856e+01
8.522503670657899420e+03 1.130482513539582001e+01
8.577564546379191597e+03 1.136159175703180324e+01
8.632625422100481956e+03 1.141835837866778292e+01
8.687686297821775952e+03 1.147512500030376792e+01
8.742747173543066310e+03 1.153189162193974759e+01
8.797808049264358488e+03 1.158865824357573082e+01
8.852868924985650665e+03 1.164542486521171227e+01
8.907929800706941023e+03 1.170219148684769195e+01
8.962990676428235020e+03 1.175895810848367695e+01
9.018051552149525378e+03 1.181572473011965663e+01
9.073112427870817555e+03 1.187249135175563985e+01
9.128173303592109733e+03 1.192925797339162131e+01
9.183234179313400091e+03 1.198602459502760276e+01
9.238295055034694087e+03 1.204279121666358598e+01
9.293355930755984446e+03 1.209955783829956744e+01
9.348416806477276623e+03 1.215632445993554889e+01
9.403477682198568800e+03 1.221309108157153211e+01
9.458538557919859159e+03 1.226985770320751179e+01
9.513599433641153155e+03 1.232662432484349679e+01
9.568660309362443513e+03 1.238339094647947647e+01
9.623721185083735691e+03 1.244015756811545970e+01
9.678782060805027868e+03 1.249692418975144115e+01
9.733842936526320045e+03 1.255369081138742438e+01
9.788903812247612223e+03 1.261045743302340583e+01
9.843964687968902581e+03 1.266722405465938550e+01
9.899025563690194758e+03 1.272399067629536873e+01
9.954086439411486936e+03 1.278075729793135018e+01
1.000914731513277911e+04 1.283752391956733341e+01
1.006420819085407129e+04 1.289429054120331486e+01
1.011926906657536165e+04 1.295105716283929631e+01
1.017432994229665383e+04 1.300782378447527776e+01
1.022939081801794600e+04 1.306459040611126099e+01
1.028445169373923818e+04 1.312135702774724244e+01
1.033951256946053036e+04 1.317812364938322567e+01
1.039457344518182072e+04 1.323489027101920534e+01
1.044963432090311471e+04 1.329165689265519035e+01
1.050469519662440507e+04 1.334842351429117002e+01
1.055975607234569725e+04 1.340519013592715325e+01
1.061481694806698943e+04 1.346195675756313470e+01
1.066987782378827978e+04 1.351872337919911615e+01
1.072493869950957378e+04 1.357549000083509938e+01
1.077999957523086414e+04 1.363225662247108083e+01
1.083506045095215632e+04 1.368902324410706228e+01
1.089012132667344849e+04 1.374578986574304551e+01
1.094518220239473885e+04 1.380255648737902519e+01
1.100024307811603285e+04 1.385932310901500841e+01
1.105530395383732321e+04 1.391608973065098986e+01
1.111036482955861538e+04 1.397285635228697132e+01
1.116542570527990756e+04 1.402962297392295454e+01
1.122048658100119792e+04 1.408638959555893422e+01
1.127554745672249192e+04 1.414315621719491922e+01
1.133060833244378227e+04 1.419992283883089890e+01
1.138566920816507445e+04 1.425668946046688212e+01
1.144073008388636663e+04 1.431345608210286358e+01
1.149579095960765699e+04 1.437022270373884503e+01
1.155085183532895098e+04 1.442698932537482825e+01
1.160591271105024134e+04 1.448375594701080971e+01
1.166097358677153352e+04 1.454052256864679116e+01
1.171603446249282570e+04 1.459728919028277438e+01
1.177109533821411605e+04 1.465405581191875406e+01
1.182615621393540823e+04 1.471082243355473729e+01
1.188121708965670041e+04 1.476758905519071874e+01
1.193627796537799259e+04 1.482435567682670197e+01
1.199133884109928476e+04 1.488112229846268342e+01
1.204639971682057694e+04 1.493788892009866487e+01
1.210146059254186912e+04 1.499465554173464810e+01
1.215652146826315948e+04 1.505142216337062777e+01
1.221158234398445165e+04 1.510818878500661100e+01
1.226664321970574383e+04 1.516495540664259245e+01
1.232170409542703601e+04 1.522172202827857568e+01
1.237676497114832819e+04 1.527848864991455713e+01
1.243182584686961854e+04 1.533525527155053858e+01
1.248688672259091072e+04 1.539202189318652003e+01
1.254194759831220290e+04 1.544878851482250326e+01
1.259700847403349508e+04 1.550555513645848471e+01
1.265206934975478725e+04 1.556232175809446794e+01
1.270713022547607761e+04 1.561908837973044761e+01
1.276219110119736979e+04 1.567585500136643084e+01
1.281725197691866197e+04 1.573262162300241229e+01
1.287231285263995414e+04 1.578938824463839552e+01
1.292737372836124632e+04 1.584615486627437697e+01
1.298243460408253668e+04 1.590292148791035842e+01
1.303749547980382886e+04 1.595968810954633987e+01
1.309255635552512103e+04 1.601645473118232132e+01
1.314761723124641321e+04 1.607322135281830455e+01
1.320267810696770539e+04 1.612998797445428423e+01
1.325773898268899757e+04 1.618675459609026746e+01
1.331279985841028792e+04 1.624352121772624713e+01
1.336786073413158010e+04 1.630028783936223036e+01
1.342292160985287228e+04 1.635705446099821359e+01
1.347798248557416446e+04 1.641382108263419681e+01
1.353304336129545663e+04 1.647058770427017649e+01
1.358810423701674699e+04 1.652735432590615972e+01
1.364316511273803917e+04 1.658412094754213939e+01
1.369822598845933135e+04 1.664088756917812262e+01
1.375328686418062352e+04 1.669765419081410585e+01
1.380834773990191570e+04 1.675442081245008907e+01
1.386340861562320606e+04 1.681118743408606875e+01
1.391846949134449824e+04 1.686795405572205198e+01
1.397353036706579041e+04 1.692472067735803165e+01
1.402859124278708259e+04 1.698148729899401488e+01
1.408365211850837477e+04 1.703825392062999811e+01
1.413871299422966513e+04 1.709502054226597778e+01
1.419377386995095731e+04 1.715178716390196101e+01
1.424883474567224948e+04 1.720855378553794068e+01
1.430389562139354166e+04 1.726532040717392391e+01
1.435895649711483384e+04 1.732208702880990714e+01
1.441401737283612420e+04 1.737885365044588681e+01
1.446907824855741637e+04 1.743562027208187004e+01
1.452413912427870855e+04 1.749238689371785327e+01
1.457920000000000073e+04 1.754915351535383294e+01
