7.458450000000000273e+02 9.894778251940817171e+00
7.516984168336673520e+02 9.927065063938869116e+00
7.575518336673346766e+02 9.959155196970979063e+00
7.634052505010020013e+02 9.991048910335038613e+00
7.692586673346693260e+02 1.002274647146214193e+01
7.751120841683366507e+02 1.005424815586627574e+01
7.809655010020039754e+02 1.008555424709402715e+01
7.868189178356713001e+02 1.011666503667427897e+01
7.926723346693386247e+02 1.014758082406790507e+01
7.985257515030059494e+02 1.017830191661747108e+01
8.043791683366732741e+02 1.020882862949693326e+01
8.102325851703405988e+02 1.023916128566133210e+01
8.160860020040080371e+02 1.026930021579649832e+01
8.219394188376752481e+02 1.029924575826874289e+01
8.277928356713425728e+02 1.032899825907456659e+01
8.336462525050100112e+02 1.035855807179034116e+01
8.394996693386772222e+02 1.038792555752202063e+01
8.453530861723446606e+02 1.041710108485483843e+01
8.512065030060119852e+02 1.044608502980300813e+01
8.570599198396794236e+02 1.047487777575940626e+01
8.629133366733466346e+02 1.050347971344528375e+01
8.687667535070139593e+02 1.053189124085997186e+01
8.746201703406813976e+02 1.056011276323055625e+01
8.804735871743487223e+02 1.058814469296160077e+01
8.863270040080160470e+02 1.061598744958482854e+01
8.921804208416833717e+02 1.064364145970882092e+01
8.980338376753506964e+02 1.067110715696873591e+01
9.038872545090180211e+02 1.069838498197597509e+01
9.097406713426853457e+02 1.072547538226790564e+01
9.155940881763526704e+02 1.075237881225755388e+01
9.214475050100199951e+02 1.077909573318329350e+01
9.273009218436873198e+02 1.080562661305855343e+01
9.331543386773546445e+02 1.083197192662151309e+01
9.390077555110219691e+02 1.085813215528480846e+01
9.448611723446894075e+02 1.088410778708520965e+01
9.507145891783566185e+02 1.090989931663334289e+01
9.565680060120239432e+02 1.093550724506337346e+01
9.624214228456913816e+02 1.096093207998271168e+01
9.682748396793585925e+02 1.098617433542170474e+01
9.741282565130259172e+02 1.101123453178334444e+01
9.799816733466933556e+02 1.103611319579295014e+01
9.858350901803606803e+02 1.106081086044788719e+01
9.916885070140281186e+02 1.108532806496724454e+01
9.975419238476953296e+02 1.110966535474155137e+01
1.003395340681362654e+03 1.113382328128245646e+01
1.009248757515030093e+03 1.115780240217245023e+01
1.015102174348697417e+03 1.118160328101453693e+01
1.020955591182364742e+03 1.120522648738195137e+01
1.026809008016032067e+03 1.122867259676785068e+01
1.032662424849699391e+03 1.125194219053501854e+01
1.038515841683366716e+03 1.127503585586554280e+01
1.044369258517034041e+03 1.129795418571054455e+01
1.050222675350701365e+03 1.132069777873985217e+01
1.056076092184368690e+03 1.134326723929171443e+01
1.061929509018036015e+03 1.136566317732248343e+01
1.067782925851703340e+03 1.138788620835633303e+01
1.073636342685370892e+03 1.140993695343493641e+01
1.079489759519037989e+03 1.143181603906717747e+01
1.085343176352705314e+03 1.145352409717884612e+01
1.091196593186372866e+03 1.147506176506233899e+01
1.097050010020039963e+03 1.149642968532634413e+01
1.102903426853707288e+03 1.151762850584556119e+01
1.108756843687374840e+03 1.153865887971038617e+01
1.114610260521042164e+03 1.155952146517660140e+01
1.120463677354709262e+03 1.158021692561509397e+01
1.126317094188376814e+03 1.160074592946154581e+01
1.132170511022044138e+03 1.162110915016612012e+01
1.138023927855711463e+03 1.164130726614317979e+01
1.143877344689378788e+03 1.166134096072097392e+01
1.149730761523046112e+03 1.168121092209132605e+01
1.155584178356713437e+03 1.170091784325936146e+01
1.161437595190380762e+03 1.172046242199317589e+01
1.167291012024048086e+03 1.173984536077355045e+01
1.173144428857715411e+03 1.175906736674364339e+01
1.178997845691382736e+03 1.177812915165869079e+01
1.184851262525050061e+03 1.179703143183570901e+01
1.190704679358717385e+03 1.181577492810318120e+01
1.196558096192384710e+03 1.183436036575076500e+01
1.202411513026052035e+03 1.185278847447899153e+01
1.208264929859719359e+03 1.187105998834895182e+01
1.214118346693386684e+03 1.188917564573201702e+01
1.219971763527054009e+03 1.190713618925951067e+01
1.225825180360721333e+03 1.192494236577242717e+01
1.231678597194388658e+03 1.194259492627111641e+01
1.237532014028055983e+03 1.196009462586499872e+01
1.243385430861723307e+03 1.197744222372223888e+01
1.249238847695390632e+03 1.199463848301946811e+01
1.255092264529057957e+03 1.201168417089146701e+01
1.260945681362725281e+03 1.202858005838087152e+01
1.266799098196392606e+03 1.204532692038786479e+01
1.272652515030060158e+03 1.206192553561988845e+01
1.278505931863727255e+03 1.207837668654132024e+01
1.284359348697394580e+03 1.209468115932318710e+01
1.290212765531062132e+03 1.211083974379286587e+01
1.296066182364729457e+03 1.212685323338376975e+01
1.301919599198396554e+03 1.214272242508505251e+01
1.307773016032064106e+03 1.215844811939130921e+01
1.313626432865731431e+03 1.217403112025227152e+01
1.319479849699398528e+03 1.218947223502250665e+01
1.325333266533066080e+03 1.220477227441110912e+01
1.331186683366733405e+03 1.221993205243141389e+01
1.337040100200400957e+03 1.223495238635068638e+01
1.342893517034068054e+03 1.224983409663980893e+01
1.348746933867735606e+03 1.226457800692300104e+01
1.354600350701402931e+03 1.227918494392750404e+01
1.360453767535070028e+03 1.229365573743328710e+01
1.366307184368737580e+03 1.230799122022272130e+01
1.372160601202404905e+03 1.232219222803032466e+01
1.378014018036072002e+03 1.233625959949241135e+01
1.383867434869739554e+03 1.235019417609682080e+01
1.389720851703406879e+03 1.236399680213261121e+01
1.395574268537073976e+03 1.237766832463973721e+01
1.401427685370741528e+03 1.239120959335878425e+01
1.407281102204408853e+03 1.240462146068063376e+01
1.413134519038076178e+03 1.241790478159617450e+01
1.418987935871743503e+03 1.243106041364600323e+01
1.424841352705410827e+03 1.244408921687012715e+01
1.430694769539078152e+03 1.245699205375764329e+01
1.436548186372745477e+03 1.246976978919645518e+01
1.442401603206412801e+03 1.248242329042296639e+01
1.448255020040080126e+03 1.249495342697177236e+01
1.454108436873747451e+03 1.250736107062537172e+01
1.459961853707414775e+03 1.251964709536384390e+01
1.465815270541082100e+03 1.253181237731456754e+01
1.471668687374749425e+03 1.254385779470191231e+01
1.477522104208416749e+03 1.255578422779693426e+01
1.483375521042084074e+03 1.256759255886706939e+01
1.489228937875751399e+03 1.257928367212584675e+01
1.495082354709418723e+03 1.259085845368257495e+01
1.500935771543086048e+03 1.260231779149204456e+01
1.506789188376753373e+03 1.261366257530422175e+01
1.512642605210420697e+03 1.262489369661395600e+01
1.518496022044088022e+03 1.263601204861065952e+01
1.524349438877755347e+03 1.264701852612803989e+01
1.530202855711422899e+03 1.265791402559375456e+01
1.536056272545089996e+03 1.266869944497914702e+01
1.541909689378757321e+03 1.267937568374892265e+01
1.547763106212424873e+03 1.268994364281085296e+01
1.553616523046091970e+03 1.270040422446547801e+01
1.559469939879759295e+03 1.271075833235579822e+01
1.565323356713426847e+03 1.272100687141698216e+01
1.571176773547093944e+03 1.273115074782604772e+01
1.577030190380761269e+03 1.274119086895157693e+01
1.582883607214428821e+03 1.275112814330341138e+01
1.588737024048096146e+03 1.276096348048233864e+01
1.594590440881763470e+03 1.277069779112980719e+01
1.600443857715430795e+03 1.278033198687761640e+01
1.606297274549098347e+03 1.278986698029760127e+01
1.612150691382765444e+03 1.279930368485136505e+01
1.618004108216432769e+03 1.280864301483994439e+01
1.623857525050100321e+03 1.281788588535352247e+01
1.629710941883767646e+03 1.282703321222112436e+01
1.635564358717434743e+03 1.283608591196031767e+01
1.641417775551102295e+03 1.284504490172690438e+01
1.647271192384769620e+03 1.285391109926462860e+01
1.653124609218436717e+03 1.286268542285487015e+01
1.658978026052104269e+03 1.287136879126633815e+01
1.664831442885771594e+03 1.287996212370477345e+01
1.670684859719438919e+03 1.288846633976264755e+01
1.676538276553106243e+03 1.289688235936887040e+01
1.682391693386773568e+03 1.290521110273846261e+01
1.688245110220440893e+03 1.291345349032227752e+01
1.694098527054108217e+03 1.292161044275669468e+01
1.699951943887775542e+03 1.292968288081330108e+01
1.705805360721442867e+03 1.293767172534862553e+01
1.711658777555110191e+03 1.294557789725379848e+01
1.717512194388777516e+03 1.295340231740426518e+01
1.723365611222444841e+03 1.296114590660949517e+01
1.729219028056112165e+03 1.296880958556266705e+01
1.735072444889779490e+03 1.297639427479035845e+01
1.740925861723446815e+03 1.298390089460228580e+01
1.746779278557114139e+03 1.299133036504093752e+01
1.752632695390781464e+03 1.299868360583132443e+01
1.758486112224448789e+03 1.300596153633066621e+01
1.764339529058116113e+03 1.301316507547807433e+01
1.770192945891783438e+03 1.302029514174427050e+01
1.776046362725450763e+03 1.302735265308126245e+01
1.781899779559118087e+03 1.303433852687206240e+01
1.787753196392785412e+03 1.304125367988038064e+01
1.793606613226452737e+03 1.304809902820031375e+01
1.799460030060120062e+03 1.305487548720605417e+01
1.805313446893787614e+03 1.306158397150157846e+01
1.811166863727454711e+03 1.306822539487036394e+01
1.817020280561122036e+03 1.307480067022505565e+01
1.822873697394789588e+03 1.308131070955719721e+01
1.828727114228456685e+03 1.308775642388691374e+01
1.834580531062124010e+03 1.309413872321260541e+01
1.840433947895791562e+03 1.310045851646065529e+01
1.846287364729459114e+03 1.310671671143512462e+01
1.852140781563125984e+03 1.311291421476744290e+01
1.857994198396793536e+03 1.311905193186613161e+01
1.863847615230461088e+03 1.312513076686646230e+01
1.869701032064128185e+03 1.313115162258019097e+01
1.875554448897795510e+03 1.313711540044523574e+01
1.881407865731463062e+03 1.314302300047538985e+01
1.887261282565130159e+03 1.314887532121000291e+01
1.893114699398797484e+03 1.315467325966369572e+01
1.898968116232465036e+03 1.316041771127604321e+01
1.904821533066132133e+03 1.316610956986128045e+01
1.910674949899799685e+03 1.317174972755801221e+01
1.916528366733467010e+03 1.317733907477888522e+01
1.922381783567134107e+03 1.318287850016030660e+01
1.928235200400801659e+03 1.318836889051214456e+01
1.934088617234468984e+03 1.319381113076740419e+01
1.939942034068136081e+03 1.319920610393194949e+01
1.945795450901803633e+03 1.320455469103418444e+01
1.951648867735470958e+03 1.320985777107477155e+01
1.957502284569138055e+03 1.321511622097630578e+01
1.963355701402805607e+03 1.322033091553303130e+01
1.969209118236472932e+03 1.322550272736052435e+01
1.975062535070140257e+03 1.323063252684541524e+01
1.980915951903807581e+03 1.323572118209505177e+01
1.986769368737474906e+03 1.324076955888723894e+01
1.992622785571142231e+03 1.324577852061989169e+01
1.998476202404809555e+03 1.325074892826077999e+01
2.004329619238476880e+03 1.325568164029718687e+01
2.010183036072144205e+03 1.326057751268563578e+01
2.016036452905811529e+03 1.326543739880156103e+01
2.021889869739478854e+03 1.327026214938904403e+01
2.027743286573146179e+03 1.327505261251047486e+01
2.033596703406813504e+03 1.327980963349625831e+01
2.039450120240480828e+03 1.328453405489453587e+01
2.045303537074148153e+03 1.328922671642085618e+01
2.051156953907815478e+03 1.329388845490789173e+01
2.057010370741482802e+03 1.329852010425511821e+01
2.062863787575150127e+03 1.330312249537852942e+01
2.068717204408817452e+03 1.330769645616033969e+01
2.074570621242484776e+03 1.331224281139865617e+01
2.080424038076152101e+03 1.331676238275720259e+01
2.086277454909819426e+03 1.332125598871500749e+01
2.092130871743486750e+03 1.332572444451610139e+01
2.097984288577154075e+03 1.333016856211921919e+01
2.103837705410821400e+03 1.333458915014749380e+01
2.109691122244488724e+03 1.333898701383815499e+01
2.115544539078156049e+03 1.334336295499223723e+01
2.121397955911823374e+03 1.334771777192425901e+01
2.127251372745490698e+03 1.335205225941194662e+01
2.133104789579158023e+03 1.335636720864589932e+01
2.138958206412825348e+03 1.336066340717932377e+01
2.144811623246492672e+03 1.336494163887770270e+01
2.150665040080159997e+03 1.336920268386851873e+01
2.156518456913827322e+03 1.337344731849091772e+01
2.162371873747494647e+03 1.337767631524544498e+01
2.168225290581162426e+03 1.338189044274373174e+01
2.174078707414829296e+03 1.338609046565816563e+01
2.179932124248496621e+03 1.339027714467163399e+01
2.185785541082164400e+03 1.339445123642719260e+01
2.191638957915831270e+03 1.339861349347776276e+01
2.197492374749498595e+03 1.340276466423585333e+01
2.203345791583166374e+03 1.340690549292323652e+01
2.209199208416833699e+03 1.341103671952064502e+01
2.215052625250500569e+03 1.341515907971749400e+01
2.220906042084168348e+03 1.341927330486155334e+01
2.226759458917835673e+03 1.342338012190866081e+01
2.232612875751502543e+03 1.342748025337241202e+01
2.238466292585170322e+03 1.343157441727386825e+01
2.244319709418837647e+03 1.343566332709124822e+01
2.250173126252504517e+03 1.343974769170961814e+01
2.256026543086172296e+03 1.344382821537061012e+01
2.261879959919839621e+03 1.344790559762210513e+01
2.267733376753506491e+03 1.345198053326793897e+01
2.273586793587174270e+03 1.345605371231758696e+01
2.279440210420841595e+03 1.346012581993588597e+01
2.285293627254508920e+03 1.346419753639270134e+01
2.291147044088176244e+03 1.346826953701266305e+01
2.297000460921844024e+03 1.347234249212482737e+01
2.302853877755510894e+03 1.347641706701239883e+01
2.308707294589178218e+03 1.348049392186241846e+01
2.314560711422845998e+03 1.348457371171547337e+01
2.320414128256512868e+03 1.348865708641537253e+01
2.326267545090180192e+03 1.349274469055885994e+01
2.332120961923847972e+03 1.349683716344532058e+01
2.337974378757515296e+03 1.350093513902646869e+01
2.343827795591182166e+03 1.350503924585603954e+01
2.349681212424849946e+03 1.350915010703950259e+01
2.355534629258517271e+03 1.351326834018374612e+01
2.361388046092184140e+03 1.351739455734678685e+01
2.367241462925851920e+03 1.352152936498745639e+01
2.373094879759519245e+03 1.352567336391511077e+01
2.378948296593186114e+03 1.352982714923933116e+01
2.384801713426853894e+03 1.353399131031960323e+01
2.390655130260521219e+03 1.353816643071502490e+01
2.396508547094188089e+03 1.354235308813402128e+01
2.402361963927855868e+03 1.354655185438401688e+01
2.408215380761523193e+03 1.355076329532114698e+01
2.414068797595190063e+03 1.355498797079996010e+01
2.419922214428857842e+03 1.355922643462310262e+01
2.425775631262525167e+03 1.356347923449103199e+01
2.431629048096192491e+03 1.356774691195170668e+01
2.437482464929859816e+03 1.357203000235027979e+01
2.443335881763527141e+03 1.357632903477880149e+01
2.449189298597194465e+03 1.358064453202593569e+01
2.455042715430861790e+03 1.358497701052662876e+01
2.460896132264529115e+03 1.358932698031181374e+01
2.466749549098196439e+03 1.359369494495813058e+01
2.472602965931863764e+03 1.359808140153759126e+01
2.478456382765531089e+03 1.360248684056732316e+01
2.484309799599198413e+03 1.360691174595920927e+01
2.490163216432865738e+03 1.361135659496963868e+01
2.496016633266533063e+03 1.361582185814917700e+01
2.501870050100200388e+03 1.362030799929226532e+01
2.507723466933867712e+03 1.362481547538693505e+01
2.513576883767535037e+03 1.362934473656448375e+01
2.519430300601202362e+03 1.363389622604919538e+01
2.525283717434869686e+03 1.363847038010802137e+01
2.531137134268537011e+03 1.364306762800029205e+01
2.536990551102204336e+03 1.364768839192738881e+01
2.542843967935871660e+03 1.365233308698248926e+01
2.548697384769538985e+03 1.365700212110023415e+01
2.554550801603206310e+03 1.366169589500639958e+01
2.560404218436873634e+03 1.366641480216766169e+01
2.566257635270540959e+03 1.367115922874123868e+01
2.572111052104208284e+03 1.367592955352461459e+01
2.577964468937875608e+03 1.368072614790523467e+01
2.583817885771542933e+03 1.368554937581018649e+01
2.589671302605210258e+03 1.369039959365593262e+01
2.595524719438877582e+03 1.369527715029798465e+01
2.601378136272544907e+03 1.370018238698058610e+01
2.607231553106212232e+03 1.370511563728645399e+01
2.613084969939879556e+03 1.371007722708644039e+01
2.618938386773546881e+03 1.371506747448925267e+01
2.624791803607214206e+03 1.372008668979112755e+01
2.630645220440881531e+03 1.372513517542556016e+01
2.636498637274548855e+03 1.373021322591296567e+01
2.642352054108216180e+03 1.373532112781043324e+01
2.648205470941883505e+03 1.374045915966135745e+01
2.654058887775550829e+03 1.374562759194517625e+01
2.659912304609218154e+03 1.375082668702706812e+01
2.665765721442885479e+03 1.375605669910764028e+01
2.671619138276552803e+03 1.376131787417263297e+01
2.677472555110220128e+03 1.376661044994260763e+01
2.683325971943887453e+03 1.377193465582265652e+01
2.689179388777554777e+03 1.377729071285210694e+01
2.695032805611222102e+03 1.378267883365419166e+01
2.700886222444889881e+03 1.378809922238577279e+01
2.706739639278556751e+03 1.379355207468703526e+01
2.712593056112224076e+03 1.379903757763117866e+01
2.718446472945891855e+03 1.380455590967412149e+01
2.724299889779558725e+03 1.381010724060419648e+01
2.730153306613226050e+03 1.381569173149184238e+01
2.736006723446893830e+03 1.382130953463932066e+01
2.741860140280561154e+03 1.382696079353039842e+01
2.747713557114228024e+03 1.383264564278003306e+01
2.753566973947895804e+03 1.383836420808411560e+01
2.759420390781563128e+03 1.384411660616912343e+01
2.765273807615229998e+03 1.384990294474184580e+01
2.771127224448897778e+03 1.385572332243906857e+01
2.776980641282565102e+03 1.386157782877725708e+01
2.782834058116231972e+03 1.386746654410231727e+01
2.788687474949899752e+03 1.387338953953921106e+01
2.794540891783567076e+03 1.387934687694171387e+01
2.800394308617234401e+03 1.388533860884207982e+01
2.806247725450901726e+03 1.389136477840076367e+01
2.812101142284569050e+03 1.389742541935610021e+01
2.817954559118236375e+03 1.390352055597402980e+01
2.823807975951903700e+03 1.390965020299774935e+01
2.829661392785571024e+03 1.391581436559745555e+01
2.835514809619238349e+03 1.392201303932002787e+01
2.841368226452905674e+03 1.392824621003872032e+01
2.847221643286572998e+03 1.393451385390284969e+01
2.853075060120240323e+03 1.394081593728755486e+01
2.858928476953907648e+03 1.394715241674338913e+01
2.864781893787575427e+03 1.395352323894612390e+01
2.870635310621242752e+03 1.395992834064637833e+01
2.876488727454909622e+03 1.396636764861935021e+01
2.882342144288577401e+03 1.397284107961450061e+01
2.888195561122244726e+03 1.397934854030526530e+01
2.894048977955911596e+03 1.398588992723870916e+01
2.899902394789579375e+03 1.399246512678530863e+01
2.905755811623246700e+03 1.399907401508857774e+01
2.911609228456913570e+03 1.400571645801478482e+01
2.917462645290581349e+03 1.401239231110263717e+01
2.923316062124248674e+03 1.401910141951305455e+01
2.929169478957915999e+03 1.402584361797875090e+01
2.935022895791583323e+03 1.403261873075401667e+01
2.940876312625250648e+03 1.403942657156439289e+01
2.946729729458917973e+03 1.404626694355636651e+01
2.952583146292585297e+03 1.405313963924706400e+01
2.958436563126252622e+03 1.406004444047397328e+01
2.964289979959919947e+03 1.406698111834459297e+01
2.970143396793587272e+03 1.407394943318620584e+01
2.975996813627254596e+03 1.408094913449549779e+01
2.981850230460921921e+03 1.408797996088831539e+01
2.987703647294589246e+03 1.409504164004931859e+01
2.993557064128256570e+03 1.410213388868171691e+01
2.999410480961923895e+03 1.410925641245695772e+01
3.005263897795591220e+03 1.411640890596440201e+01
3.011117314629258544e+03 1.412359105266104109e+01
3.016970731462925869e+03 1.413080252482120969e+01
3.022824148296593194e+03 1.413804298348625998e+01
3.028677565130260518e+03 1.414531207841426053e+01
3.034530981963927843e+03 1.415260944802969689e+01
3.040384398797595168e+03 1.415993471937319725e+01
3.046237815631262492e+03 1.416728750805118864e+01
3.052091232464929817e+03 1.417466741818562959e+01
3.057944649298597142e+03 1.418207404236366642e+01
3.063798066132264466e+03 1.418950696158737657e+01
3.069651482965931791e+03 1.419696574522346033e+01
3.075504899799599116e+03 1.420444995095292029e+01
3.081358316633266440e+03 1.421195912472073530e+01
3.087211733466933765e+03 1.421949280068563581e+01
3.093065150300601090e+03 1.422705050116974945e+01
3.098918567134268415e+03 1.423463173660825554e+01
3.104771983967935739e+03 1.424223600549920832e+01
3.110625400801603064e+03 1.424986279435310088e+01
3.116478817635270389e+03 1.425751157764264931e+01
3.122332234468937713e+03 1.426518181775248095e+01
3.128185651302605038e+03 1.427287296492876933e+01
3.134039068136272363e+03 1.428058445722903613e+01
3.139892484969939687e+03 1.428831572047176124e+01
3.145745901803607012e+03 1.429606616818611720e+01
3.151599318637274337e+03 1.430383520156164323e+01
3.157452735470941661e+03 1.431162220939799390e+01
3.163306152304608986e+03 1.431942656805462732e+01
3.169159569138276311e+03 1.432724764140042240e+01
3.175012985971943635e+03 1.433508478076345938e+01
3.180866402805610960e+03 1.434293732488071882e+01
3.186719819639278285e+03 1.435080459984774137e+01
3.192573236472945609e+03 1.435868591906835690e+01
3.198426653306612934e+03 1.436658058320434606e+01
3.204280070140280259e+03 1.437448788012514811e+01
3.210133486973947583e+03 1.438240708485761310e+01
3.215986903807614908e+03 1.439033745953564392e+01
3.221840320641282688e+03 1.439827825334988809e+01
3.227693737474949558e+03 1.440622870249747933e+01
3.233547154308616882e+03 1.441418803013168315e+01
3.239400571142284662e+03 1.442215544631170054e+01
3.245253987975951532e+03 1.443013014795218751e+01
3.251107404809618856e+03 1.443811131877312448e+01
3.256960821643286636e+03 1.444609812924943881e+01
3.262814238476953506e+03 1.445408973656069307e+01
3.268667655310621285e+03 1.446208528454080344e+01
3.274521072144288610e+03 1.447008390362776176e+01
3.280374488977955480e+03 1.447808471081326687e+01
3.286227905811623259e+03 1.448608680959251771e+01
3.292081322645290584e+03 1.449408928991380208e+01
3.297934739478957454e+03 1.450209122812827722e+01
3.303788156312625233e+03 1.451009168693965279e+01
3.309641573146292558e+03 1.451808971535385417e+01
3.315494989979959428e+03 1.452608434862874276e+01
3.321348406813627207e+03 1.453407460822383257e+01
3.327201823647294532e+03 1.454205950174999273e+01
3.333055240480961857e+03 1.455003802291907888e+01
3.338908657314629181e+03 1.455800915149367825e+01
3.344762074148296506e+03 1.456597185323685295e+01
3.350615490981963831e+03 1.457392507986174479e+01
3.356468907815631155e+03 1.458186776898135761e+01
3.362322324649298480e+03 1.458979884405818339e+01
3.368175741482965805e+03 1.459771721435396508e+01
3.374029158316633129e+03 1.460562177487933866e+01
3.379882575150300454e+03 1.461351140634360846e+01
3.385735991983968233e+03 1.462138497510433055e+01
3.391589408817635103e+03 1.462924133311711650e+01
3.397442825651302883e+03 1.463707931788527006e+01
3.403296242484970207e+03 1.464489775240952341e+01
3.409149659318637077e+03 1.465269544513771649e+01
3.415003076152304857e+03 1.466047118991448883e+01
3.420856492985972181e+03 1.466822376593098198e+01
3.426709909819639051e+03 1.467595193767455797e+01
3.432563326653306831e+03 1.468365445487847687e+01
3.438416743486974156e+03 1.469133005247157797e+01
3.444270160320641025e+03 1.469897745052801241e+01
3.450123577154308805e+03 1.470659535421695452e+01
3.455976993987976130e+03 1.471418245375223322e+01
3.461830410821643454e+03 1.472173742434209842e+01
3.467683827655310779e+03 1.472925892613888621e+01
3.473537244488978104e+03 1.473674560418870882e+01
3.479390661322645428e+03 1.474419608838119800e+01
3.485244078156312753e+03 1.475160899339910969e+01
3.491097494989980078e+03 1.475898291866817047e+01
3.496950911823647402e+03 1.476631644830663603e+01
3.502804328657314727e+03 1.477360815107504521e+01
3.508657745490982052e+03 1.478085658032593308e+01
3.514511162324649376e+03 1.478806027395349787e+01
3.520364579158316701e+03 1.479521775434331943e+01
3.526217995991984026e+03 1.480232752832207410e+01
3.532071412825651350e+03 1.480938808710716614e+01
3.537924829659318675e+03 1.481639790625650832e+01
3.543778246492986000e+03 1.482335544561816576e+01
3.549631663326653324e+03 1.483025914928008149e+01
3.555485080160320649e+03 1.483710744551973271e+01
3.561338496993987974e+03 1.484389874675392917e+01
3.567191913827655299e+03 1.485063144948835934e+01
3.573045330661322623e+03 1.485730393426742069e+01
3.578898747494989948e+03 1.486391456562386537e+01
3.584752164328657273e+03 1.487046169202850976e+01
3.590605581162324597e+03 1.487694364583989426e+01
3.596458997995991922e+03 1.488335874325402486e+01
3.602312414829659247e+03 1.488970528425407025e+01
3.608165831663326571e+03 1.489598155256007317e+01
3.614019248496993896e+03 1.490218581557856936e+01
3.619872665330661221e+03 1.490831632435235932e+01
3.625726082164328545e+03 1.491437131351021250e+01
3.631579498997995870e+03 1.492034900121650587e+01
3.637432915831663195e+03 1.492624758912102934e+01
3.643286332665330519e+03 1.487742271624172474e+01
3.698680873707213323e+03 1.493852395965754454e+01
3.754075414749096126e+03 1.499962520307336611e+01
3.809469955790978929e+03 1.506072644648918768e+01
3.864864496832861732e+03 1.512182768990500747e+01
3.920259037874744536e+03 1.518292893332082727e+01
3.975653578916626884e+03 1.524403017673664884e+01
4.031048119958509687e+03 1.530513142015247041e+01
4.086442661000392491e+03 1.536623266356829021e+01
4.141837202042275749e+03 1.542733390698411000e+01
4.197231743084157642e+03 1.548843515039992980e+01
4.252626284126040446e+03 1.554953639381575137e+01
4.308020825167923249e+03 1.561063763723157294e+01
4.363415366209806052e+03 1.567173888064739273e+01
4.418809907251688855e+03 1.573284012406321253e+01
4.474204448293571659e+03 1.579394136747903410e+01
4.529598989335454462e+03 1.585504261089485567e+01
4.584993530377337265e+03 1.591614385431067547e+01
4.640388071419220068e+03 1.597724509772649526e+01
4.695782612461102872e+03 1.603834634114231505e+01
4.751177153502985675e+03 1.609944758455813840e+01
4.806571694544868478e+03 1.616054882797395820e+01
4.861966235586751282e+03 1.622165007138977799e+01
4.917360776628634085e+03 1.628275131480560134e+01
4.972755317670516888e+03 1.634385255822142113e+01
5.028149858712399691e+03 1.640495380163724093e+01
5.083544399754282495e+03 1.646605504505306072e+01
5.138938940796164388e+03 1.652715628846888052e+01
5.194333481838048101e+03 1.658825753188470387e+01
5.249728022879929995e+03 1.664935877530052366e+01
5.305122563921812798e+03 1.671046001871634346e+01
5.360517104963695601e+03 1.677156126213216325e+01
5.415911646005578405e+03 1.683266250554798660e+01
5.471306187047461208e+03 1.689376374896380639e+01
5.526700728089344011e+03 1.695486499237962619e+01
5.582095269131226814e+03 1.701596623579544598e+01
5.637489810173109618e+03 1.707706747921126578e+01
5.692884351214992421e+03 1.713816872262708557e+01
5.748278892256875224e+03 1.719926996604290892e+01
5.803673433298758027e+03 1.726037120945872871e+01
5.859067974340640831e+03 1.732147245287454851e+01
5.914462515382523634e+03 1.738257369629037186e+01
5.969857056424405528e+03 1.744367493970619165e+01
6.025251597466289240e+03 1.750477618312201145e+01
6.080646138508171134e+03 1.756587742653783124e+01
6.136040679550054847e+03 1.762697866995365104e+01
6.191435220591936741e+03 1.768807991336947083e+01
6.246829761633820453e+03 1.774918115678529418e+01
6.302224302675702347e+03 1.781028240020111397e+01
6.357618843717586060e+03 1.787138364361693732e+01
6.413013384759467954e+03 1.793248488703275711e+01
6.468407925801350757e+03 1.799358613044857691e+01
6.523802466843233560e+03 1.805468737386439670e+01
6.579197007885116363e+03 1.811578861728021650e+01
6.634591548926999167e+03 1.817688986069603629e+01
6.689986089968881970e+03 1.823799110411185964e+01
6.745380631010764773e+03 1.829909234752767944e+01
6.800775172052647576e+03 1.836019359094349923e+01
6.856169713094530380e+03 1.842129483435932258e+01
6.911564254136413183e+03 1.848239607777514237e+01
6.966958795178295986e+03 1.854349732119096217e+01
7.022353336220177880e+03 1.860459856460678196e+01
7.077747877262061593e+03 1.866569980802260176e+01
7.133142418303943487e+03 1.872680105143842155e+01
7.188536959345827199e+03 1.878790229485424490e+01
7.243931500387709093e+03 1.884900353827006469e+01
7.299326041429592806e+03 1.891010478168588804e+01
7.354720582471474700e+03 1.897120602510170784e+01
7.410115123513358412e+03 1.903230726851752763e+01
7.465509664555240306e+03 1.909340851193334743e+01
7.520904205597123109e+03 1.915450975534916722e+01
7.576298746639005913e+03 1.921561099876498702e+01
7.631693287680888716e+03 1.927671224218080681e+01
7.687087828722771519e+03 1.933781348559663016e+01
7.742482369764654322e+03 1.939891472901244995e+01
7.797876910806537126e+03 1.946001597242827330e+01
7.853271451848419929e+03 1.952111721584409310e+01
7.908665992890302732e+03 1.958221845925991289e+01
7.964060533932185535e+03 1.964331970267573269e+01
8.019455074974068339e+03 1.970442094609155248e+01
8.074849616015951142e+03 1.976552218950737227e+01
8.130244157057833945e+03 1.982662343292319562e+01
8.185638698099716748e+03 1.988772467633901542e+01
8.241033239141597733e+03 1.994882591975483521e+01
8.296427780183481445e+03 2.000992716317065856e+01
8.351822321225365158e+03 2.007102840658647835e+01
8.407216862267247052e+03 2.013212965000229815e+01
8.462611403309128946e+03 2.019323089341811794e+01
8.518005944351012658e+03 2.025433213683393774e+01
8.573400485392896371e+03 2.031543338024976109e+01
8.628795026434778265e+03 2.037653462366558088e+01
8.684189567476660159e+03 2.043763586708140068e+01
8.739584108518543871e+03 2.049873711049722402e+01
8.794978649560427584e+03 2.055983835391304382e+01
8.850373190602309478e+03 2.062093959732886361e+01
8.905767731644191372e+03 2.068204084074468341e+01
8.961162272686075084e+03 2.074314208416050320e+01
9.016556813727958797e+03 2.080424332757632655e+01
9.071951354769840691e+03 2.086534457099214634e+01
9.127345895811722585e+03 2.092644581440796259e+01
9.182740436853606298e+03 2.098754705782378949e+01
9.238134977895488191e+03 2.104864830123960573e+01
9.293529518937371904e+03 2.110974954465542908e+01
9.348924059979253798e+03 2.117085078807124887e+01
9.404318601021135692e+03 2.123195203148706867e+01
9.459713142063019404e+03 2.129305327490288846e+01
9.515107683104903117e+03 2.135415451831870826e+01
9.570502224146785011e+03 2.141525576173452805e+01
9.625896765188666905e+03 2.147635700515034785e+01
9.681291306230550617e+03 2.153745824856617119e+01
9.736685847272434330e+03 2.159855949198199454e+01
9.792080388314316224e+03 2.165966073539781434e+01
9.847474929356198118e+03 2.172076197881363413e+01
9.902869470398081830e+03 2.178186322222945392e+01
9.958264011439965543e+03 2.184296446564527372e+01
1.001365855248184744e+04 2.190406570906109351e+01
1.006905309352372933e+04 2.196516695247691331e+01
1.012444763456561304e+04 2.202626819589273666e+01
1.017984217560749676e+04 2.208736943930856000e+01
1.023523671664937865e+04 2.214847068272437980e+01
1.029063125769126054e+04 2.220957192614019959e+01
1.034602579873314244e+04 2.227067316955601939e+01
1.040142033977502615e+04 2.233177441297183918e+01
1.045681488081690986e+04 2.239287565638765898e+01
1.051220942185879176e+04 2.245397689980347877e+01
1.056760396290067365e+04 2.251507814321929857e+01
1.062299850394255736e+04 2.257617938663512192e+01
1.067839304498444108e+04 2.263728063005094526e+01
1.073378758602632297e+04 2.269838187346676506e+01
1.078918212706820486e+04 2.275948311688258485e+01
1.084457666811008858e+04 2.282058436029840465e+01
1.089997120915197229e+04 2.288168560371422444e+01
1.095536575019385418e+04 2.294278684713004424e+01
1.101076029123573608e+04 2.300388809054586403e+01
1.106615483227761979e+04 2.306498933396168738e+01
1.112154937331950350e+04 2.312609057737751073e+01
1.117694391436138540e+04 2.318719182079333052e+01
1.123233845540326729e+04 2.324829306420915032e+01
1.128773299644514918e+04 2.330939430762497011e+01
1.134312753748703290e+04 2.337049555104078991e+01
1.139852207852891661e+04 2.343159679445660970e+01
1.145391661957079850e+04 2.349269803787242950e+01
1.150931116061268040e+04 2.355379928128824929e+01
1.156470570165456411e+04 2.361490052470407264e+01
1.162010024269644782e+04 2.367600176811989598e+01
1.167549478373832972e+04 2.373710301153571578e+01
1.173088932478021161e+04 2.379820425495153557e+01
1.178628386582209532e+04 2.385930549836735537e+01
1.184167840686397903e+04 2.392040674178317516e+01
1.189707294790586093e+04 2.398150798519899496e+01
1.195246748894774282e+04 2.404260922861481475e+01
1.200786202998962472e+04 2.410371047203063455e+01
1.206325657103151025e+04 2.416481171544646145e+01
1.211865111207339214e+04 2.422591295886228124e+01
1.217404565311527404e+04 2.428701420227810104e+01
1.222944019415715593e+04 2.434811544569392083e+01
1.228483473519904146e+04 2.440921668910974063e+01
1.234022927624092335e+04 2.447031793252556042e+01
1.239562381728280525e+04 2.453141917594138022e+01
1.245101835832468714e+04 2.459252041935720001e+01
1.250641289936657267e+04 2.465362166277302691e+01
1.256180744040845457e+04 2.471472290618884671e+01
1.261720198145033646e+04 2.477582414960466650e+01
1.267259652249221836e+04 2.483692539302048630e+01
1.272799106353410389e+04 2.489802663643630609e+01
1.278338560457598578e+04 2.495912787985212589e+01
1.283878014561786767e+04 2.502022912326794568e+01
1.289417468665974957e+04 2.508133036668376548e+01
1.294956922770163146e+04 2.514243161009958527e+01
1.300496376874351699e+04 2.520353285351541217e+01
1.306035830978539889e+04 2.526463409693123197e+01
1.311575285082728078e+04 2.532573534034705176e+01
1.317114739186916267e+04 2.538683658376287156e+01
1.322654193291104821e+04 2.544793782717869135e+01
1.328193647395293010e+04 2.550903907059451114e+01
1.333733101499481199e+04 2.557014031401033094e+01
1.339272555603669389e+04 2.563124155742615073e+01
1.344812009707857942e+04 2.569234280084197763e+01
1.350351463812046131e+04 2.575344404425779743e+01
1.355890917916234321e+04 2.581454528767361722e+01
1.361430372020422510e+04 2.587564653108943347e+01
1.366969826124611063e+04 2.593674777450525681e+01
1.372509280228799253e+04 2.599784901792107661e+01
1.378048734332987442e+04 2.605895026133689640e+01
1.383588188437175631e+04 2.612005150475271620e+01
1.389127642541363821e+04 2.618115274816853599e+01
1.394667096645552374e+04 2.624225399158436289e+01
1.400206550749740563e+04 2.630335523500017914e+01
1.405746004853928753e+04 2.636445647841599893e+01
1.411285458958116942e+04 2.642555772183181872e+01
1.416824913062305495e+04 2.648665896524764207e+01
1.422364367166493685e+04 2.654776020866346187e+01
1.427903821270681874e+04 2.660886145207928166e+01
1.433443275374870063e+04 2.666996269549510146e+01
1.438982729479058617e+04 2.673106393891092480e+01
1.444522183583246806e+04 2.679216518232674460e+01
1.450061637687434995e+04 2.685326642574256439e+01
1.455601091791623185e+04 2.691436766915838774e+01
1.461140545895811738e+04 2.697546891257420754e+01
1.466679999999999927e+04 2.703657015599002733e+01
