8.117350000000000136e+02 2.185918628922680629e+00
8.174118837675350733e+02 2.196454569222260567e+00
8.230887675350702466e+02 2.207039291260338043e+00
8.287656513026051925e+02 2.217671727763446121e+00
8.344425350701403659e+02 2.228350819458900567e+00
8.401194188376753118e+02 2.239075515052096677e+00
8.457963026052104851e+02 2.249844771203803884e+00
8.514731863727454311e+02 2.260657552507462142e+00
8.571500701402806044e+02 2.271512831466476534e+00
8.628269539078156640e+02 2.282409588471514539e+00
8.685038376753507237e+02 2.293346811777801086e+00
8.741807214428857833e+02 2.304323497482412719e+00
8.798576052104208429e+02 2.315338649501576196e+00
8.855344889779559026e+02 2.326391279547959989e+00
8.912113727454909622e+02 2.337480407107975555e+00
8.968882565130261355e+02 2.348605059419067942e+00
9.025651402805610815e+02 2.359764271447012618e+00
9.082420240480962548e+02 2.370957085863212743e+00
9.139189078156312007e+02 2.382182553021994664e+00
9.195957915831663740e+02 2.393439730937902077e+00
9.252726753507014337e+02 2.404727685262990633e+00
9.309495591182364933e+02 2.416045489264128321e+00
9.366264428857715529e+02 2.427392223800286963e+00
9.423033266533066126e+02 2.438766977299839489e+00
9.479802104208417859e+02 2.450168845737852319e+00
9.536570941883767318e+02 2.461596932613387967e+00
9.593339779559117915e+02 2.473050348926794761e+00
9.650108617234468511e+02 2.484528213157003673e+00
9.706877454909820244e+02 2.496029651238824698e+00
9.763646292585170841e+02 2.507553796540243685e+00
9.820415130260521437e+02 2.519099789839716053e+00
9.877183967935872033e+02 2.530666779303461844e+00
9.933952805611222630e+02 2.542253920462764327e+00
9.990721643286572089e+02 2.553860376191263715e+00
1.004749048096192382e+03 2.565485316682251771e+00
1.010425931863727442e+03 2.577127919425969971e+00
1.016102815631262501e+03 2.588787369186904108e+00
1.021779699398797675e+03 2.600462857981079345e+00
1.027456583166332621e+03 2.612153585053354377e+00
1.033133466933867794e+03 2.623858756854723584e+00
1.038810350701402967e+03 2.635577587019603207e+00
1.044487234468937913e+03 2.647309296343133944e+00
1.050164118236473087e+03 2.659053112758474668e+00
1.055841002004008033e+03 2.670808271314098370e+00
1.061517885771543206e+03 2.682574014151086317e+00
1.067194769539078152e+03 2.694349590480425327e+00
1.072871653306613098e+03 2.706134256560303264e+00
1.078548537074148271e+03 2.717927275673401866e+00
1.084225420841683444e+03 2.729727918104199347e+00
1.089902304609218390e+03 2.741535461116256123e+00
1.095579188376753564e+03 2.753349188929520963e+00
1.101256072144288510e+03 2.765168392697617605e+00
1.106932955911823683e+03 2.776992370485146466e+00
1.112609839679358629e+03 2.788820427244977029e+00
1.118286723446893802e+03 2.800651874795545559e+00
1.123963607214428976e+03 2.812486031798149266e+00
1.129640490981963922e+03 2.824322223734243131e+00
1.135317374749498867e+03 2.836159782882734071e+00
1.140994258517034268e+03 2.847998048297276874e+00
1.146671142284569214e+03 2.859836365783572809e+00
1.152348026052104160e+03 2.871674087876660231e+00
1.158024909819639333e+03 2.883510573818215406e+00
1.163701793587174279e+03 2.895345189533842678e+00
1.169378677354709453e+03 2.907177307610375738e+00
1.175055561122244399e+03 2.919006307273170453e+00
1.180732444889779572e+03 2.930831574363398584e+00
1.186409328657314745e+03 2.942652501315347280e+00
1.192086212424849691e+03 2.954468487133712351e+00
1.197763096192384864e+03 2.966278937370894653e+00
1.203439979959920038e+03 2.978083264104296468e+00
1.209116863727454984e+03 2.989880885913614783e+00
1.214793747494989930e+03 3.001671227858139446e+00
1.220470631262525103e+03 3.013453721454049550e+00
1.226147515030060049e+03 3.025227804651701824e+00
1.231824398797595222e+03 3.036992921812939450e+00
1.237501282565130168e+03 3.048748523688373790e+00
1.243178166332665342e+03 3.060494067394689210e+00
1.248855050100200515e+03 3.072229016391937684e+00
1.254531933867735461e+03 3.083952840460827183e+00
1.260208817635270634e+03 3.095665015680029164e+00
1.265885701402805580e+03 3.107365024403462517e+00
1.271562585170340753e+03 3.119052355237597940e+00
1.277239468937875699e+03 3.130726503018748996e+00
1.282916352705410645e+03 3.142386968790368051e+00
1.288593236472946046e+03 3.154033259780344878e+00
1.294270120240480992e+03 3.165664889378299929e+00
1.299947004008015938e+03 3.177281377112877614e+00
1.305623887775551111e+03 3.188882248629047567e+00
1.311300771543086285e+03 3.200467035665397475e+00
1.316977655310621230e+03 3.212035276031426356e+00
1.322654539078156404e+03 3.223586513584844493e+00
1.328331422845691350e+03 3.235120298208865375e+00
1.334008306613226523e+03 3.246636185789505191e+00
1.339685190380761469e+03 3.258133738192874773e+00
1.345362074148296415e+03 3.269612523242479085e+00
1.351038957915831816e+03 3.281072114696505171e+00
1.356715841683366762e+03 3.292512092225130083e+00
1.362392725450901935e+03 3.303932041387804386e+00
1.368069609218436881e+03 3.315331553610556981e+00
1.373746492985972054e+03 3.326710226163283046e+00
1.379423376753507000e+03 3.338067662137047531e+00
1.385100260521042173e+03 3.349403470421376205e+00
1.390777144288577119e+03 3.360717265681546717e+00
1.396454028056112293e+03 3.372008668335896076e+00
1.402130911823647239e+03 3.383277304533106822e+00
1.407807795591182412e+03 3.394522806129505632e+00
1.413484679358717585e+03 3.405744810666358813e+00
1.419161563126252531e+03 3.416942961347166463e+00
1.424838446893787705e+03 3.428116907014964188e+00
1.430515330661322650e+03 3.439266302129611041e+00
1.436192214428857824e+03 3.450390806745086358e+00
1.441869098196392770e+03 3.461490086486791018e+00
1.447545981963927716e+03 3.472563812528839389e+00
1.453222865731462889e+03 3.483611661571351270e+00
1.458899749498998062e+03 3.494633315817757602e+00
1.464576633266533008e+03 3.505628462952082192e+00
1.470253517034068182e+03 3.516596796116251866e+00
1.475930400801603355e+03 3.527538013887381751e+00
1.481607284569138301e+03 3.538451820255076097e+00
1.487284168336673474e+03 3.549337924598719773e+00
1.492961052104208420e+03 3.560196041664778210e+00
1.498637935871743593e+03 3.571025891544093334e+00
1.504314819639278539e+03 3.581827199649172400e+00
1.509991703406813485e+03 3.592599696691493705e+00
1.515668587174348659e+03 3.603343118658791866e+00
1.521345470941883832e+03 3.614057206792362642e+00
1.527022354709418778e+03 3.624741707564352211e+00
1.532699238476953951e+03 3.635396372655054442e+00
1.538376122244489125e+03 3.646020958930209943e+00
1.544053006012024071e+03 3.656615228418297558e+00
1.549729889779559244e+03 3.667178948287831197e+00
1.555406773547094190e+03 3.677711890824655327e+00
1.561083657314629363e+03 3.688213833409241804e+00
1.566760541082164309e+03 3.698684558493985364e+00
1.572437424849699255e+03 3.709123853580496011e+00
1.578114308617234656e+03 3.719531511196901619e+00
1.583791192384769602e+03 3.729907328875134986e+00
1.589468076152304775e+03 3.740251109128234663e+00
1.595144959919839721e+03 3.750562659427643553e+00
1.600821843687374894e+03 3.760841792180495524e+00
1.606498727454909840e+03 3.771088324706919348e+00
1.612175611222444786e+03 3.781302079217329748e+00
1.617852494989979959e+03 3.791482882789725117e+00
1.623529378757515133e+03 3.801630567346982570e+00
1.629206262525050079e+03 3.811744969634155655e+00
1.634883146292585025e+03 3.821825931195764525e+00
1.640560030060120425e+03 3.831873298353095869e+00
1.646236913827655371e+03 3.841886922181501074e+00
1.651913797595190545e+03 3.851866658487684170e+00
1.657590681362725491e+03 3.861812367787003542e+00
1.663267565130260664e+03 3.871723915280764761e+00
1.668944448897795610e+03 3.881601170833522740e+00
1.674621332665330556e+03 3.891444008950364797e+00
1.680298216432865729e+03 3.901252308754215026e+00
1.685975100200400902e+03 3.911025953963133794e+00
1.691651983967935848e+03 3.920764832867603467e+00
1.697328867735470794e+03 3.930468838307828339e+00
1.703005751503006195e+03 3.940137867651031023e+00
1.708682635270541141e+03 3.949771822768750162e+00
1.714359519038076087e+03 3.959370610014130154e+00
1.720036402805611260e+03 3.968934140199222416e+00
1.725713286573146434e+03 3.978462328572279993e+00
1.731390170340681379e+03 3.987955094795047728e+00
1.737067054108216325e+03 3.997412362920064410e+00
1.742743937875751499e+03 4.006834061367959166e+00
1.748420821643286672e+03 4.016220122904741174e+00
1.754097705410821618e+03 4.025570484619098721e+00
1.759774589178356791e+03 4.034885087899692024e+00
1.765451472945891965e+03 4.044163878412458502e+00
1.771128356713426911e+03 4.053406806077890501e+00
1.776805240480961857e+03 4.062613825048355665e+00
1.782482124248497030e+03 4.071784893685364892e+00
1.788159008016032203e+03 4.080919974536890038e+00
1.793835891783567149e+03 4.090019034314648749e+00
1.799512775551102095e+03 4.099082043871399961e+00
1.805189659318637496e+03 4.108108978178250936e+00
1.810866543086172442e+03 4.117099816301934112e+00
1.816543426853707388e+03 4.126054541382116803e+00
1.822220310621242334e+03 4.134973140608694031e+00
1.827897194388777734e+03 4.143855605199084025e+00
1.833574078156312680e+03 4.152701930375513051e+00
1.839250961923847626e+03 4.161512115342340223e+00
1.844927845691382799e+03 4.170286163263313028e+00
1.850604729458917745e+03 4.179024081238894794e+00
1.856281613226452919e+03 4.187725880283551305e+00
1.861958496993987865e+03 4.196391575303039190e+00
1.867635380761523038e+03 4.205021185071702305e+00
1.873312264529058211e+03 4.213614732209786773e+00
1.878989148296593157e+03 4.222172243160706273e+00
1.884666032064128331e+03 4.230693748168361523e+00
1.890342915831663504e+03 4.239179281254426002e+00
1.896019799599198450e+03 4.247628880195644108e+00
1.901696683366733396e+03 4.256042586501125768e+00
1.907373567134268569e+03 4.264420445389636605e+00
1.913050450901803742e+03 4.272762505766907637e+00
1.918727334669338688e+03 4.281068820202915681e+00
1.924404218436873634e+03 4.289339444909192167e+00
1.930081102204408808e+03 4.297574439716107086e+00
1.935757985971943981e+03 4.305773868050169817e+00
1.941434869739478927e+03 4.313937796911333500e+00
1.947111753507014100e+03 4.322066296850270106e+00
1.952788637274549274e+03 4.330159441945687249e+00
1.958465521042084220e+03 4.338217309781603248e+00
1.964142404809619165e+03 4.346239981424672827e+00
1.969819288577154339e+03 4.354227541401446189e+00
1.975496172344689512e+03 4.362180077675695600e+00
1.981173056112224458e+03 4.370097681625688679e+00
1.986849939879759404e+03 4.377980448021496329e+00
1.992526823647294577e+03 4.385828475002290006e+00
1.998203707414829751e+03 4.393641864053624779e+00
2.003880591182364697e+03 4.401420719984752594e+00
2.009557474949899870e+03 4.409165150905900887e+00
2.015234358717435043e+03 4.416875268205576965e+00
2.020911242484969989e+03 4.424551186527866165e+00
2.026588126252504935e+03 4.432193023749721128e+00
2.032265010020040336e+03 4.439800900958257301e+00
2.037941893787575282e+03 4.447374942428059974e+00
2.043618777555110228e+03 4.454915275598464675e+00
2.049295661322645174e+03 4.462422031050852667e+00
2.054972545090180574e+03 4.469895342485971312e+00
2.060649428857715520e+03 4.477335346701202035e+00
2.066326312625250466e+03 4.484742183567858476e+00
2.072003196392785867e+03 4.492115996008500645e+00
2.077680080160320358e+03 4.499456929974217090e+00
2.083356963927855759e+03 4.506765134421917729e+00
2.089033847695390705e+03 4.514040761291640891e+00
2.094710731462926105e+03 4.521283965483839040e+00
2.100387615230461051e+03 4.528494904836680490e+00
2.106064498997995997e+03 4.535673740103339568e+00
2.111741382765530943e+03 4.542820634929295665e+00
2.117418266533066344e+03 4.549935755829629613e+00
2.123095150300601290e+03 4.557019272166325408e+00
2.128772034068136236e+03 4.564071356125543488e+00
2.134448917835671637e+03 4.571092182694938444e+00
2.140125801603206128e+03 4.578081929640957171e+00
2.145802685370741528e+03 4.585040777486113051e+00
2.151479569138276474e+03 4.591968909486300099e+00
2.157156452905811875e+03 4.598866511608077801e+00
2.162833336673346821e+03 4.605733772505974599e+00
2.168510220440881767e+03 4.612570883499776286e+00
2.174187104208416713e+03 4.619378038551839261e+00
2.179863987975952114e+03 4.626155434244348719e+00
2.185540871743486605e+03 4.632903269756655007e+00
2.191217755511022006e+03 4.639621746842552241e+00
2.196894639278557406e+03 4.646311069807564920e+00
2.202571523046091897e+03 4.652971445486262070e+00
2.208248406813627298e+03 4.659603083219538533e+00
2.213925290581162244e+03 4.666206194831913123e+00
2.219602174348697645e+03 4.672780994608833893e+00
2.225279058116232591e+03 4.679327699273962082e+00
2.230955941883767537e+03 4.685846527966469388e+00
2.236632825651302483e+03 4.692337702218342343e+00
2.242309709418837883e+03 4.698801445931675147e+00
2.247986593186372374e+03 4.705237985355952723e+00
2.253663476953907775e+03 4.711647549065356877e+00
2.259340360721443176e+03 4.718030367936073333e+00
2.265017244488977667e+03 4.724386675123554369e+00
2.270694128256513068e+03 4.730716706039859609e+00
2.276371012024048014e+03 4.737020698330909774e+00
2.282047895791583414e+03 4.743298891853806154e+00
2.287724779559118360e+03 4.749551528654111010e+00
2.293401663326653306e+03 4.755778852943175927e+00
2.299078547094188252e+03 4.761981111075384021e+00
2.304755430861723653e+03 4.768158551525496058e+00
2.310432314629258599e+03 4.774311424865913978e+00
2.316109198396793545e+03 4.780439983743995924e+00
2.321786082164328946e+03 4.786544482859336647e+00
2.327462965931863437e+03 4.792625178941078090e+00
2.333139849699398837e+03 4.798682330725189793e+00
2.338816733466934238e+03 4.804716198931778592e+00
2.344493617234469184e+03 4.810727046242369909e+00
2.350170501002004130e+03 4.816715137277221004e+00
2.355847384769539076e+03 4.822680738572595160e+00
2.361524268537074022e+03 4.828624118558080269e+00
2.367201152304609423e+03 4.834545547533867449e+00
2.372878036072144369e+03 4.840445297648054535e+00
2.378554919839679314e+03 4.846323642873939797e+00
2.384231803607214715e+03 4.852180858987313883e+00
2.389908687374749206e+03 4.858017223543757979e+00
2.395585571142284607e+03 4.863833015855949959e+00
2.401262454909820008e+03 4.869628516970943011e+00
2.406939338677354499e+03 4.875404009647471781e+00
2.412616222444889900e+03 4.881159778333240773e+00
2.418293106212424846e+03 4.886896109142231381e+00
2.423969989979960246e+03 4.892613289831983181e+00
2.429646873747495192e+03 4.898311609780903630e+00
2.435323757515030138e+03 4.903991359965555574e+00
2.441000641282565084e+03 4.909652832937948297e+00
2.446677525050100485e+03 4.915296322802845452e+00
2.452354408817635431e+03 4.920922125195048125e+00
2.458031292585170377e+03 4.926530537256708087e+00
2.463708176352705777e+03 4.932121857614601979e+00
2.469385060120240269e+03 4.937696386357444567e+00
2.475061943887775669e+03 4.943254425013167364e+00
2.480738827655310615e+03 4.948796276526233662e+00
2.486415711422846016e+03 4.954322245234918931e+00
2.492092595190380962e+03 4.959832636848614307e+00
2.497769478957915908e+03 4.965327758425111426e+00
2.503446362725450854e+03 4.970807918347929011e+00
2.509123246492986254e+03 4.976273426303562175e+00
2.514800130260520746e+03 4.981724593258808120e+00
2.520477014028056146e+03 4.987161731438064294e+00
2.526153897795591547e+03 4.992585154300605232e+00
2.531830781563126038e+03 4.997995176517902038e+00
2.537507665330661439e+03 5.003392113950883235e+00
2.543184549098196385e+03 5.008776283627268455e+00
2.548861432865731786e+03 5.014148003718842617e+00
2.554538316633266732e+03 5.019507593518758526e+00
2.560215200400801677e+03 5.024855373418821713e+00
2.565892084168336623e+03 5.030191664886800140e+00
2.571568967935872024e+03 5.035516790443717916e+00
2.577245851703406515e+03 5.040831073641143689e+00
2.582922735470941916e+03 5.046134839038487030e+00
2.588599619238477317e+03 5.051428412180296590e+00
2.594276503006011808e+03 5.056712119573568032e+00
2.599953386773547209e+03 5.061986288665011102e+00
2.605630270541082155e+03 5.067251247818372661e+00
2.611307154308617555e+03 5.072507326291716190e+00
2.616984038076152046e+03 5.077754854214726166e+00
2.622660921843687447e+03 5.082994162565997343e+00
2.628337805611222393e+03 5.088225583150341791e+00
2.634014689378757794e+03 5.093449448576063965e+00
2.639691573146292285e+03 5.098666092232274849e+00
2.645368456913827686e+03 5.103875848266179460e+00
2.651045340681363086e+03 5.109079051560380336e+00
2.656722224448897578e+03 5.114276037710160594e+00
2.662399108216432978e+03 5.119467143000785647e+00
2.668075991983967924e+03 5.124652704384803137e+00
2.673752875751502870e+03 5.129833059459339317e+00
2.679429759519038271e+03 5.135008546443376787e+00
2.685106643286573217e+03 5.140179504155078405e+00
2.690783527054108163e+03 5.145346271989055253e+00
2.696460410821643563e+03 5.150509189893679007e+00
2.702137294589178055e+03 5.155668598348385423e+00
2.707814178356713455e+03 5.160824838340945853e+00
2.713491062124248856e+03 5.165978251344769845e+00
2.719167945891783347e+03 5.171129179296228173e+00
2.724844829659318748e+03 5.176277964571902146e+00
2.730521713426853694e+03 5.181424949965921734e+00
2.736198597194388640e+03 5.186570478667236195e+00
2.741875480961924040e+03 5.191714894236903355e+00
2.747552364729458986e+03 5.196858540585433950e+00
2.753229248496993932e+03 5.202001761950013403e+00
2.758906132264529333e+03 5.207144902871865710e+00
2.764583016032064279e+03 5.212288308173498308e+00
2.770259899799599225e+03 5.217432322936026878e+00
2.775936783567134626e+03 5.222577292476469069e+00
2.781613667334669117e+03 5.227723562325023110e+00
2.787290551102204518e+03 5.232871478202376636e+00
2.792967434869739918e+03 5.238021385997013724e+00
2.798644318637274409e+03 5.243173631742473972e+00
2.804321202404809810e+03 5.248328561594694186e+00
2.809998086172344756e+03 5.253486521809268339e+00
2.815674969939879702e+03 5.258647858718756396e+00
2.821351853707415103e+03 5.263812918709978028e+00
2.827028737474949594e+03 5.268982048201305446e+00
2.832705621242484995e+03 5.274155593619989091e+00
2.838382505010020395e+03 5.279333901379393623e+00
2.844059388777554886e+03 5.284517317856344931e+00
2.849736272545090287e+03 5.289706189368407863e+00
2.855413156312625688e+03 5.294900862151183496e+00
2.861090040080160179e+03 5.300101682335591313e+00
2.866766923847695580e+03 5.305308995925193116e+00
2.872443807615230526e+03 5.310523148773455659e+00
2.878120691382765472e+03 5.315744486561086113e+00
2.883797575150300872e+03 5.320973354773282260e+00
2.889474458917835364e+03 5.326210098677059968e+00
2.895151342685370764e+03 5.331455063298547792e+00
2.900828226452906165e+03 5.336708593400263823e+00
2.906505110220440656e+03 5.341971033458420060e+00
2.912181993987976057e+03 5.347242727640225013e+00
2.917858877755511458e+03 5.352524019781185416e+00
2.923535761523045949e+03 5.357815253362359087e+00
2.929212645290581349e+03 5.363116771487717926e+00
2.934889529058116295e+03 5.368428916861393674e+00
2.940566412825651241e+03 5.373752031764979620e+00
2.946243296593186187e+03 5.379086458034842977e+00
2.951920180360721588e+03 5.384432537039414157e+00
2.957597064128256534e+03 5.389790609656465392e+00
2.963273947895791935e+03 5.395161016250450636e+00
2.968950831663326426e+03 5.400544096649742443e+00
2.974627715430861826e+03 5.405940190123967426e+00
2.980304599198397227e+03 5.411349635361295540e+00
2.985981482965931718e+03 5.416772770445733798e+00
2.991658366733467119e+03 5.422209932834407553e+00
2.997335250501002065e+03 5.427661459334875538e+00
3.003012134268537011e+03 5.433127686082423580e+00
3.008689018036072412e+03 5.438608948517347663e+00
3.014365901803607358e+03 5.444105581362252977e+00
3.020042785571142304e+03 5.449617918599373390e+00
3.025719669338677249e+03 5.455146293447821648e+00
3.031396553106212195e+03 5.460691038340929282e+00
3.037073436873747596e+03 5.466252484903514564e+00
3.042750320641282997e+03 5.471830963929182445e+00
3.048427204408817488e+03 5.477426805357643147e+00
3.054104088176352889e+03 5.483040338251981893e+00
3.059780971943887835e+03 5.488671890775941975e+00
3.065457855711423235e+03 5.494321790171277087e+00
3.071134739478958181e+03 5.499990362734982874e+00
3.076811623246493127e+03 5.505677933796627066e+00
3.082488507014028073e+03 5.511384827695644972e+00
3.088165390781563019e+03 5.517111367758618101e+00
3.093842274549097965e+03 5.522857876276590083e+00
3.099519158316633366e+03 5.528624674482347956e+00
3.105196042084168766e+03 5.534412082527727428e+00
3.110872925851703258e+03 5.540220419460892387e+00
3.116549809619238658e+03 5.546050003203650824e+00
3.122226693386774059e+03 5.551901150528745887e+00
3.127903577154308550e+03 5.557774177037125618e+00
3.133580460921843951e+03 5.563669397135285521e+00
3.139257344689378897e+03 5.569587124012524981e+00
3.144934228456913843e+03 5.575527669618246307e+00
3.150611112224448789e+03 5.581491344639292862e+00
3.156287995991983735e+03 5.587478458477191268e+00
3.161964879759519135e+03 5.593489319225458445e+00
3.167641763527054536e+03 5.599524233646921090e+00
3.173318647294589027e+03 5.605583507150995182e+00
3.178995531062124428e+03 5.611667443770986807e+00
3.184672414829659829e+03 5.617776346141378774e+00
3.190349298597194320e+03 5.623910515475138538e+00
3.196026182364729721e+03 5.630070251541001269e+00
3.201703066132264667e+03 5.636255852640775110e+00
3.207379949899799612e+03 5.642467615586639340e+00
3.213056833667334558e+03 5.648705835678407894e+00
3.218733717434869504e+03 5.654970806680888806e+00
3.224410601202404905e+03 5.661262820801119311e+00
3.230087484969940306e+03 5.667582168665692421e+00
3.235764368737474797e+03 5.673929139298039104e+00
3.241441252505010198e+03 5.680304020095743311e+00
3.247118136272545598e+03 5.686707096807795736e+00
3.252795020040080090e+03 5.693138653511949698e+00
3.258471903807615490e+03 5.699598972591962465e+00
3.264148787575150436e+03 5.706088334714923604e+00
3.269825671342685382e+03 5.712607018808534498e+00
3.275502555110220328e+03 5.719155302038423372e+00
3.281179438877755274e+03 5.725733459785407931e+00
3.286856322645290675e+03 5.732341765622820162e+00
3.292533206412825621e+03 5.738980491293796504e+00
3.298210090180360567e+03 5.745649906688557351e+00
3.303886973947895967e+03 5.752350279821721202e+00
3.309563857715431368e+03 5.759081876809592160e+00
3.315240741482965859e+03 5.765844961847465200e+00
3.320917625250501260e+03 5.772639797186893240e+00
3.326594509018036206e+03 5.779466643113035929e+00
3.332271392785571152e+03 5.786325757921896518e+00
3.337948276553106098e+03 5.793217397897636012e+00
3.343625160320641044e+03 5.800141817289897972e+00
3.349302044088176444e+03 5.807099268291090688e+00
3.354978927855711390e+03 5.814090001013646258e+00
3.360655811623246336e+03 5.821114263467348060e+00
3.366332695390781737e+03 5.828172301536646671e+00
3.372009579158317138e+03 5.835264358957923392e+00
3.377686462925851629e+03 5.842390677296780410e+00
3.383363346693387030e+03 5.849551495925352285e+00
3.389040230460921975e+03 5.856747051999607656e+00
3.394717114228456921e+03 5.863977580436646520e+00
3.400393997995991867e+03 5.871243313891971738e+00
3.406070881763527268e+03 5.878544482736792531e+00
3.411747765531062214e+03 5.885881315035353722e+00
3.417424649298597160e+03 5.893254036522169947e+00
3.423101533066132106e+03 5.900662870579399311e+00
3.428778416833667507e+03 5.908108038214043845e+00
3.434455300601202907e+03 5.915589758035344481e+00
3.440132184368737398e+03 5.923108246231986840e+00
3.445809068136272799e+03 5.930663716549480213e+00
3.451485951903807745e+03 5.938256380267391776e+00
3.457162835671342691e+03 5.945886446176650075e+00
3.462839719438878092e+03 5.953554120556873386e+00
3.468516603206413038e+03 5.961259607153651885e+00
3.474193486973947984e+03 5.969003107155794297e+00
3.479870370741482930e+03 5.976784819172717533e+00
3.485547254509017876e+03 5.984604939211663144e+00
3.491224138276553276e+03 5.992463660655021229e+00
3.496901022044088677e+03 6.000361174237641038e+00
3.502577905811623168e+03 6.008297668024093596e+00
3.508254789579158569e+03 6.016273327385986747e+00
3.513931673346693515e+03 6.024288334979261528e+00
3.519608557114228461e+03 6.032342870721494776e+00
3.525285440881763861e+03 6.040437111769181300e+00
3.530962324649298807e+03 6.048571232495009831e+00
3.536639208416833753e+03 6.056745404465221583e+00
3.542316092184368699e+03 6.064959796416838245e+00
3.547992975951903645e+03 6.073214574234993890e+00
3.553669859719439046e+03 6.081509900930224255e+00
3.559346743486973537e+03 6.089845936615756017e+00
3.565023627254508938e+03 6.098222838484796071e+00
3.570700511022044338e+03 6.106640760787889199e+00
3.576377394789579739e+03 6.115099854810091884e+00
3.582054278557114230e+03 6.123600268848395700e+00
3.587731162324649631e+03 6.132142148188929553e+00
3.593408046092184577e+03 6.140725635084322676e+00
3.599084929859719523e+03 6.149350868730923736e+00
3.604761813627254469e+03 6.158017985246199366e+00
3.610438697394789415e+03 6.166727117645939060e+00
3.616115581162324816e+03 6.175478395821579980e+00
3.621792464929859307e+03 6.102579445676221681e+00
3.676848784201568378e+03 6.159192599712525862e+00
3.731905103473277904e+03 6.215805753748830043e+00
3.786961422744986976e+03 6.272418907785134223e+00
3.842017742016696502e+03 6.329032061821438404e+00
3.897074061288405574e+03 6.385645215857742585e+00
3.952130380560114645e+03 6.442258369894044989e+00
4.007186699831824171e+03 6.498871523930349170e+00
4.062243019103533243e+03 6.555484677966653351e+00
4.117299338375242769e+03 6.612097832002957531e+00
4.172355657646951840e+03 6.668710986039261712e+00
4.227411976918660912e+03 6.725324140075565893e+00
4.282468296190370893e+03 6.781937294111870074e+00
4.337524615462079964e+03 6.838550448148174254e+00
4.392580934733789036e+03 6.895163602184478435e+00
4.447637254005498107e+03 6.951776756220782616e+00
4.502693573277207179e+03 7.008389910257085020e+00
4.557749892548916250e+03 7.065003064293389201e+00
4.612806211820626231e+03 7.121616218329693382e+00
4.667862531092335303e+03 7.178229372365997563e+00
4.722918850364044374e+03 7.234842526402301743e+00
4.777975169635753446e+03 7.291455680438605924e+00
4.833031488907463427e+03 7.348068834474910105e+00
4.888087808179172498e+03 7.404681988511214286e+00
4.943144127450881570e+03 7.461295142547518466e+00
4.998200446722590641e+03 7.517908296583822647e+00
5.053256765994299712e+03 7.574521450620125052e+00
5.108313085266008784e+03 7.631134604656429232e+00
5.163369404537718765e+03 7.687747758692733413e+00
5.218425723809427836e+03 7.744360912729037594e+00
5.273482043081136908e+03 7.800974066765341774e+00
5.328538362352845979e+03 7.857587220801645955e+00
5.383594681624555960e+03 7.914200374837950136e+00
5.438651000896265032e+03 7.970813528874254317e+00
5.493707320167974103e+03 8.027426682910558497e+00
5.548763639439683175e+03 8.084039836946862678e+00
5.603819958711392246e+03 8.140652990983165083e+00
5.658876277983101318e+03 8.197266145019469263e+00
5.713932597254810389e+03 8.253879299055773444e+00
5.768988916526520370e+03 8.310492453092077625e+00
5.824045235798229442e+03 8.367105607128381806e+00
5.879101555069939423e+03 8.423718761164685986e+00
5.934157874341648494e+03 8.480331915200990167e+00
5.989214193613357565e+03 8.536945069237294348e+00
6.044270512885066637e+03 8.593558223273598529e+00
6.099326832156775708e+03 8.650171377309900933e+00
6.154383151428484780e+03 8.706784531346205114e+00
6.209439470700193851e+03 8.763397685382509295e+00
6.264495789971903832e+03 8.820010839418813475e+00
6.319552109243612904e+03 8.876623993455117656e+00
6.374608428515321975e+03 8.933237147491421837e+00
6.429664747787031956e+03 8.989850301527726018e+00
6.484721067058741028e+03 9.046463455564030198e+00
6.539777386330450099e+03 9.103076609600334379e+00
6.594833705602159171e+03 9.159689763636638560e+00
6.649890024873868242e+03 9.216302917672940964e+00
6.704946344145577314e+03 9.272916071709245145e+00
6.760002663417286385e+03 9.329529225745549326e+00
6.815058982688996366e+03 9.386142379781853506e+00
6.870115301960705438e+03 9.442755533818157687e+00
6.925171621232414509e+03 9.499368687854461868e+00
6.980227940504124490e+03 9.555981841890766049e+00
7.035284259775833561e+03 9.612594995927070229e+00
7.090340579047542633e+03 9.669208149963374410e+00
7.145396898319251704e+03 9.725821303999678591e+00
7.200453217590960776e+03 9.782434458035980995e+00
7.255509536862669847e+03 9.839047612072285176e+00
7.310565856134378919e+03 9.895660766108589357e+00
7.365622175406088900e+03 9.952273920144893538e+00
7.420678494677797971e+03 1.000888707418119772e+01
7.475734813949507043e+03 1.006550022821750190e+01
7.530791133221217024e+03 1.012211338225380608e+01
7.585847452492926095e+03 1.017872653629011026e+01
7.640903771764635167e+03 1.023533969032641444e+01
7.695960091036344238e+03 1.029195284436271862e+01
7.751016410308053310e+03 1.034856599839902103e+01
7.806072729579762381e+03 1.040517915243532521e+01
7.861129048851472362e+03 1.046179230647163116e+01
7.916185368123181433e+03 1.051840546050793535e+01
7.971241687394890505e+03 1.057501861454423775e+01
8.026298006666599576e+03 1.063163176858054193e+01
8.081354325938308648e+03 1.068824492261684611e+01
8.136410645210018629e+03 1.074485807665315029e+01
8.191466964481727700e+03 1.080147123068945447e+01
8.246523283753436772e+03 1.085808438472575865e+01
8.301579603025145843e+03 1.091469753876206283e+01
8.356635922296854915e+03 1.097131069279836524e+01
8.411692241568565805e+03 1.102792384683467120e+01
8.466748560840274877e+03 1.108453700087097538e+01
8.521804880111983948e+03 1.114115015490727956e+01
8.576861199383693020e+03 1.119776330894358374e+01
8.631917518655402091e+03 1.125437646297988614e+01
8.686973837927111163e+03 1.131098961701619032e+01
8.742030157198820234e+03 1.136760277105249450e+01
8.797086476470529306e+03 1.142421592508879868e+01
8.852142795742238377e+03 1.148082907912510287e+01
8.907199115013947448e+03 1.153744223316140527e+01
8.962255434285656520e+03 1.159405538719770945e+01
9.017311753557365591e+03 1.165066854123401363e+01
9.072368072829074663e+03 1.170728169527031781e+01
9.127424392100783734e+03 1.176389484930662199e+01
9.182480711372494625e+03 1.182050800334292617e+01
9.237537030644203696e+03 1.187712115737923035e+01
9.292593349915912768e+03 1.193373431141553453e+01
9.347649669187621839e+03 1.199034746545183872e+01
9.402705988459330911e+03 1.204696061948814290e+01
9.457762307731041801e+03 1.210357377352444708e+01
9.512818627002750873e+03 1.216018692756075126e+01
9.567874946274459944e+03 1.221680008159705544e+01
9.622931265546169016e+03 1.227341323563335962e+01
9.677987584817878087e+03 1.233002638966966380e+01
9.733043904089587159e+03 1.238663954370596620e+01
9.788100223361296230e+03 1.244325269774227039e+01
9.843156542633005301e+03 1.249986585177857457e+01
9.898212861904714373e+03 1.255647900581487875e+01
9.953269181176423444e+03 1.261309215985118293e+01
1.000832550044813252e+04 1.266970531388748533e+01
1.006338181971984159e+04 1.272631846792378951e+01
1.011843813899155066e+04 1.278293162196009369e+01
1.017349445826325973e+04 1.283954477599639787e+01
1.022855077753496880e+04 1.289615793003270205e+01
1.028360709680667969e+04 1.295277108406900624e+01
1.033866341607838876e+04 1.300938423810531042e+01
1.039371973535009784e+04 1.306599739214161460e+01
1.044877605462180691e+04 1.312261054617791878e+01
1.050383237389351598e+04 1.317922370021422296e+01
1.055888869316522687e+04 1.323583685425052714e+01
1.061394501243693594e+04 1.329245000828683132e+01
1.066900133170864501e+04 1.334906316232313550e+01
1.072405765098035408e+04 1.340567631635943968e+01
1.077911397025206315e+04 1.346228947039574386e+01
1.083417028952377223e+04 1.351890262443204627e+01
1.088922660879548130e+04 1.357551577846835045e+01
1.094428292806719037e+04 1.363212893250465463e+01
1.099933924733889944e+04 1.368874208654095881e+01
1.105439556661060851e+04 1.374535524057726299e+01
1.110945188588231758e+04 1.380196839461356539e+01
1.116450820515402665e+04 1.385858154864986957e+01
1.121956452442573573e+04 1.391519470268617376e+01
1.127462084369744480e+04 1.397180785672247794e+01
1.132967716296915387e+04 1.402842101075878212e+01
1.138473348224086476e+04 1.408503416479508630e+01
1.143978980151257383e+04 1.414164731883139048e+01
1.149484612078428290e+04 1.419826047286769466e+01
1.154990244005599197e+04 1.425487362690399884e+01
1.160495875932770105e+04 1.431148678094030302e+01
1.166001507859941194e+04 1.436809993497660720e+01
1.171507139787112101e+04 1.442471308901291138e+01
1.177012771714283008e+04 1.448132624304921556e+01
1.182518403641453915e+04 1.453793939708551974e+01
1.188024035568624822e+04 1.459455255112182392e+01
1.193529667495795729e+04 1.465116570515812633e+01
1.199035299422966636e+04 1.470777885919443051e+01
1.204540931350137544e+04 1.476439201323073469e+01
1.210046563277308451e+04 1.482100516726703887e+01
1.215552195204479358e+04 1.487761832130334305e+01
1.221057827131650265e+04 1.493423147533964546e+01
1.226563459058821172e+04 1.499084462937594964e+01
1.232069090985992079e+04 1.504745778341225382e+01
1.237574722913162987e+04 1.510407093744855800e+01
1.243080354840333894e+04 1.516068409148486040e+01
1.248585986767504801e+04 1.521729724552116458e+01
1.254091618694675708e+04 1.527391039955746876e+01
1.259597250621846979e+04 1.533052355359377650e+01
1.265102882549017886e+04 1.538713670763008068e+01
1.270608514476188793e+04 1.544374986166638486e+01
1.276114146403359700e+04 1.550036301570268726e+01
1.281619778330530607e+04 1.555697616973899144e+01
1.287125410257701515e+04 1.561358932377529563e+01
1.292631042184872422e+04 1.567020247781159981e+01
1.298136674112043329e+04 1.572681563184790399e+01
1.303642306039214236e+04 1.578342878588420639e+01
1.309147937966385143e+04 1.584004193992051057e+01
1.314653569893556050e+04 1.589665509395681475e+01
1.320159201820726958e+04 1.595326824799311893e+01
1.325664833747897865e+04 1.600988140202942134e+01
1.331170465675068772e+04 1.606649455606572374e+01
1.336676097602239679e+04 1.612310771010202970e+01
1.342181729529410586e+04 1.617972086413833210e+01
1.347687361456581493e+04 1.623633401817463806e+01
1.353192993383752400e+04 1.629294717221094047e+01
1.358698625310923308e+04 1.634956032624724287e+01
1.364204257238094215e+04 1.640617348028354883e+01
1.369709889165265486e+04 1.646278663431985478e+01
1.375215521092436393e+04 1.651939978835616074e+01
1.380721153019607300e+04 1.657601294239246315e+01
1.386226784946778207e+04 1.663262609642876555e+01
1.391732416873949114e+04 1.668923925046507151e+01
1.397238048801120021e+04 1.674585240450137391e+01
1.402743680728290929e+04 1.680246555853767987e+01
1.408249312655461836e+04 1.685907871257398227e+01
1.413754944582632743e+04 1.691569186661028468e+01
1.419260576509803650e+04 1.697230502064659063e+01
1.424766208436974557e+04 1.702891817468289304e+01
1.430271840364145464e+04 1.708553132871919900e+01
1.435777472291316371e+04 1.714214448275550140e+01
1.441283104218487279e+04 1.719875763679180380e+01
1.446788736145658186e+04 1.725537079082810976e+01
1.452294368072829093e+04 1.731198394486441217e+01
1.457800000000000000e+04 1.736859709890071812e+01
