8.083050000000000637e+02 2.818735529946883034e+00
8.139933667334669281e+02 2.834935915827213382e+00
8.196817334669339061e+02 2.851154902614549513e+00
8.253701002004007705e+02 2.867390987075225439e+00
8.310584669338677486e+02 2.883642681988066947e+00
8.367468336673346130e+02 2.899908516081055598e+00
8.424352004008017047e+02 2.916187033967996278e+00
8.481235671342685691e+02 2.932476796085182080e+00
8.538119338677354335e+02 2.948776378628060080e+00
8.595003006012024116e+02 2.965084373487897995e+00
8.651886673346693897e+02 2.981399388188449517e+00
8.708770340681362541e+02 2.997720045822620083e+00
8.765654008016032321e+02 3.014044984989133980e+00
8.822537675350700965e+02 3.030372859729196122e+00
8.879421342685370746e+02 3.046702339463164044e+00
8.936305010020039390e+02 3.063032108927207897e+00
8.993188677354710308e+02 3.079360868109982441e+00
9.050072344689378951e+02 3.095687332189286600e+00
9.106956012024047595e+02 3.112010231468732346e+00
9.163839679358718513e+02 3.128328311314410470e+00
9.220723346693387157e+02 3.144640332091557688e+00
9.277607014028055801e+02 3.160945069101219751e+00
9.334490681362725581e+02 3.177241312516918104e+00
9.391374348697395362e+02 3.193527867321318325e+00
9.448258016032064006e+02 3.209803553242891461e+00
9.505141683366732650e+02 3.226067204692584234e+00
9.562025350701402431e+02 3.242317670700482601e+00
9.618909018036072212e+02 3.258553814852478414e+00
9.675792685370740855e+02 3.274774515226931637e+00
9.732676352705411773e+02 3.290978664331344561e+00
9.789560020040080417e+02 3.307165169039018693e+00
9.846443687374750198e+02 3.323332950525725416e+00
9.903327354709418842e+02 3.339480944206371316e+00
9.960211022044088622e+02 3.355608099671663958e+00
1.001709468937875727e+03 3.371713380624775880e+00
1.007397835671342705e+03 3.387795764818012145e+00
1.013086202404809683e+03 3.403854243989478334e+00
1.018774569138276547e+03 3.419887823799740101e+00
1.024462935871743639e+03 3.435895523768495607e+00
1.030151302605210503e+03 3.451876377211238633e+00
1.035839669338677368e+03 3.467829431175922128e+00
1.041528036072144459e+03 3.483753746379631533e+00
1.047216402805611324e+03 3.499648397145238121e+00
1.052904769539078188e+03 3.515512471338078981e+00
1.058593136272545053e+03 3.531345070302612132e+00
1.064281503006011917e+03 3.547145308799088514e+00
1.069969869739479009e+03 3.562912314940215097e+00
1.075658236472945873e+03 3.578645230127819765e+00
1.081346603206412965e+03 3.594343208989521088e+00
1.087034969939879829e+03 3.610005419315389652e+00
1.092723336673346694e+03 3.625631041994616943e+00
1.098411703406813558e+03 3.641219270952182896e+00
1.104100070140280422e+03 3.656769313085514561e+00
1.109788436873747514e+03 3.672280388201159873e+00
1.115476803607214606e+03 3.687751728951448094e+00
1.121165170340681470e+03 3.703182580771159138e+00
1.126853537074148335e+03 3.718572201814188460e+00
1.132541903807615199e+03 3.733919862890209274e+00
1.138230270541082291e+03 3.749224847401348093e+00
1.143918637274549155e+03 3.764486451278836299e+00
1.149607004008016020e+03 3.779703982919690120e+00
1.155295370741483111e+03 3.794876763123365748e+00
1.160983737474949976e+03 3.810004125028432220e+00
1.166672104208416840e+03 3.825085414049234522e+00
1.172360470941883705e+03 3.840119987812556701e+00
1.178048837675350569e+03 3.855107216094294298e+00
1.183737204408817661e+03 3.870046480756115237e+00
1.189425571142284525e+03 3.884937175682124710e+00
1.195113937875751617e+03 3.899778706715539833e+00
1.200802304609218481e+03 3.914570491595337209e+00
1.206490671342685346e+03 3.929311959892943129e+00
1.212179038076152210e+03 3.944002552948877138e+00
1.217867404809619075e+03 3.958641723809434687e+00
1.223555771543086166e+03 3.973228937163340468e+00
1.229244138276553258e+03 3.987763669278422185e+00
1.234932505010020122e+03 4.002245407938273658e+00
1.240620871743486987e+03 4.016673652378918824e+00
1.246309238476953851e+03 4.031047913225483725e+00
1.251997605210420943e+03 4.045367712428853402e+00
1.257685971943887807e+03 4.059632583202345657e+00
1.263374338677354672e+03 4.073842069958373280e+00
1.269062705410821764e+03 4.087995728245109817e+00
1.274751072144288628e+03 4.102093124683156233e+00
1.280439438877755492e+03 4.116133836902207577e+00
1.286127805611222357e+03 4.130117453477715195e+00
1.291816172344689221e+03 4.144043573867557839e+00
1.297504539078156313e+03 4.157911808348703886e+00
1.303192905811623405e+03 4.171721777953878885e+00
1.308881272545090269e+03 4.185473114408230444e+00
1.314569639278557133e+03 4.199165460065991340e+00
1.320258006012023998e+03 4.212798467847154171e+00
1.325946372745490862e+03 4.226371801174125586e+00
1.331634739478957954e+03 4.239885133908401826e+00
1.337323106212425046e+03 4.253338150287229169e+00
1.343011472945891910e+03 4.266730544860271479e+00
1.348699839679358774e+03 4.280062022426275092e+00
1.354388206412825639e+03 4.293332297969739031e+00
1.360076573146292731e+03 4.306541096597571894e+00
1.365764939879759595e+03 4.319688153475766512e+00
1.371453306613226459e+03 4.332773213766063947e+00
1.377141673346693324e+03 4.345796032562610378e+00
1.382830040080160416e+03 4.358756374828640645e+00
1.388518406813627280e+03 4.371654015333125365e+00
1.394206773547094144e+03 4.384488738587450030e+00
1.399895140280561009e+03 4.397260338782072786e+00
1.405583507014027873e+03 4.409968619723196426e+00
1.411271873747495192e+03 4.422613394769429718e+00
1.416960240480962057e+03 4.435194486768455846e+00
1.422648607214428921e+03 4.447711727993697295e+00
1.428336973947895785e+03 4.460164960080980734e+00
1.434025340681362650e+03 4.472554033965202791e+00
1.439713707414829514e+03 4.484878809816999379e+00
1.445402074148296606e+03 4.497139156979409691e+00
1.451090440881763698e+03 4.509334953904535759e+00
1.456778807615230562e+03 4.521466088090225099e+00
1.462467174348697426e+03 4.533532456016711620e+00
1.468155541082164291e+03 4.545533963083306261e+00
1.473843907815631383e+03 4.557470523545047669e+00
1.479532274549098247e+03 4.569342060449370635e+00
1.485220641282565111e+03 4.581148505572779861e+00
1.490909008016032203e+03 4.592889799357498859e+00
1.496597374749499068e+03 4.604565890848158816e+00
1.502285741482965932e+03 4.616176737628443050e+00
1.507974108216432796e+03 4.627722305757766108e+00
1.513662474949899661e+03 4.639202569707936874e+00
1.519350841683366980e+03 4.650617512299813683e+00
1.525039208416833844e+03 4.661967124639994076e+00
1.530727575150300709e+03 4.673251406057455704e+00
1.536415941883767573e+03 4.684470364040233648e+00
1.542104308617234437e+03 4.695624014172086191e+00
1.547792675350701302e+03 4.706712380069163260e+00
1.553481042084168166e+03 4.717735493316661533e+00
1.559169408817635485e+03 4.728693393405505319e+00
1.564857775551102350e+03 4.739586127668998117e+00
1.570546142284569214e+03 4.750413751219499048e+00
1.576234509018036078e+03 4.761176326885077970e+00
1.581922875751502943e+03 4.771873925146200790e+00
1.587611242484970035e+03 4.782506624072366819e+00
1.593299609218436899e+03 4.793074509258797633e+00
1.598987975951903763e+03 4.803577673763101075e+00
1.604676342685370855e+03 4.814016218041921036e+00
1.610364709418837720e+03 4.824390249887619220e+00
1.616053076152304584e+03 4.834699884364935585e+00
1.621741442885771448e+03 4.844945243747652341e+00
1.627429809619238540e+03 4.855126457455263278e+00
1.633118176352705632e+03 4.865243661989637758e+00
1.638806543086172496e+03 4.875297000871683828e+00
1.644494909819639361e+03 4.885286624578021986e+00
1.650183276553106225e+03 4.895212690477642958e+00
1.655871643286573089e+03 4.905075362768574365e+00
1.661560010020039954e+03 4.914874812414556260e+00
1.667248376753507273e+03 4.924611217081690029e+00
1.672936743486974137e+03 4.934284761075121928e+00
1.678625110220441002e+03 4.943895635275695533e+00
1.684313476953907866e+03 4.953444037076624618e+00
1.690001843687374731e+03 4.962930170320158929e+00
1.695690210420841822e+03 4.972354245234246406e+00
1.701378577154308687e+03 4.981716478369198953e+00
1.707066943887775551e+03 4.991017092534365318e+00
1.712755310621242415e+03 5.000256316734786211e+00
1.718443677354709507e+03 5.009434386107871617e+00
1.724132044088176372e+03 5.018551541860057696e+00
1.729820410821643236e+03 5.027608031203472549e+00
1.735508777555110100e+03 5.036604107292611765e+00
1.741197144288577192e+03 5.045540029160993534e+00
1.746885511022044284e+03 5.054416061657834192e+00
1.752573877755511148e+03 5.063232475384699782e+00
1.758262244488978013e+03 5.071989546632187817e+00
1.763950611222444877e+03 5.080687557316581504e+00
1.769638977955911741e+03 5.089326794916527952e+00
1.775327344689378606e+03 5.097907552409687071e+00
1.781015711422845925e+03 5.106430128209409780e+00
1.786704078156312789e+03 5.114894826101402003e+00
1.792392444889779654e+03 5.123301955180390443e+00
1.798080811623246518e+03 5.131651829786783026e+00
1.803769178356713383e+03 5.139944769443344441e+00
1.809457545090180474e+03 5.148181098791850374e+00
1.815145911823647339e+03 5.156361147529765709e+00
1.820834278557114203e+03 5.164485250346897871e+00
1.826522645290581067e+03 5.172553746862071478e+00
1.832211012024048159e+03 5.180566981559794115e+00
1.837899378757515024e+03 5.188525303726915894e+00
1.843587745490982115e+03 5.196429067389301437e+00
1.849276112224448980e+03 5.204278631248495657e+00
1.854964478957916072e+03 5.212074358618380643e+00
1.860652845691382936e+03 5.219816617361853872e+00
1.866341212424849800e+03 5.227505779827484211e+00
1.872029579158316665e+03 5.235142222786187460e+00
1.877717945891783529e+03 5.242726327367884132e+00
1.883406312625250393e+03 5.250258478998164335e+00
1.889094679358717258e+03 5.257739067334963323e+00
1.894783046092184577e+03 5.265168486205213938e+00
1.900471412825651441e+03 5.272547133541531039e+00
1.906159779559118306e+03 5.279875411318851519e+00
1.911848146292585170e+03 5.287153725491126721e+00
1.917536513026052035e+03 5.294382485927971338e+00
1.923224879759519126e+03 5.301562106351330073e+00
1.928913246492985991e+03 5.308693004272154070e+00
1.934601613226452855e+03 5.315775600927061362e+00
1.940289979959919947e+03 5.322810321214992868e+00
1.945978346693386811e+03 5.329797593633896824e+00
1.951666713426853903e+03 5.336737850217383006e+00
1.957355080160320767e+03 5.343631526471379622e+00
1.963043446893787632e+03 5.350479061310820406e+00
1.968731813627254724e+03 5.357280896996304165e+00
1.974420180360721588e+03 5.364037479070743686e+00
1.980108547094188452e+03 5.370749256296054597e+00
1.985796913827655317e+03 5.377416680589800713e+00
1.991485280561122181e+03 5.384040206961879349e+00
1.997173647294589045e+03 5.390620293451176437e+00
2.002862014028055910e+03 5.397157401062237625e+00
2.008550380761523229e+03 5.403651993701913625e+00
2.014238747494990093e+03 5.410104538116065953e+00
2.019927114228456958e+03 5.416515503826187405e+00
2.025615480961923822e+03 5.422885363066107800e+00
2.031303847695390687e+03 5.429214590718632216e+00
2.036992214428857778e+03 5.435503664252228972e+00
2.042680581162324643e+03 5.441753063657659872e+00
2.048368947895791734e+03 5.447963271384692163e+00
2.054057314629258599e+03 5.454134772278734999e+00
2.059745681362725918e+03 5.460268053517506104e+00
2.065434048096192782e+03 5.466363604547707311e+00
2.071122414829659647e+03 5.472421917021691229e+00
2.076810781563126511e+03 5.478443484734118130e+00
2.082499148296593376e+03 5.484428803558625276e+00
2.088187515030060240e+03 5.490378371384494471e+00
2.093875881763527104e+03 5.496292688053316944e+00
2.099564248496993969e+03 5.502172255295663561e+00
2.105252615230460833e+03 5.508017576667742610e+00
2.110940981963927698e+03 5.513829157488062904e+00
2.116629348697395017e+03 5.519607504774119988e+00
2.122317715430861881e+03 5.525353127179040591e+00
2.128006082164328745e+03 5.531066534928255507e+00
2.133694448897795610e+03 5.536748239756164480e+00
2.139382815631262474e+03 5.542398754842816189e+00
2.145071182364729339e+03 5.548018594750542931e+00
2.150759549098196658e+03 5.553608275360656599e+00
2.156447915831663522e+03 5.559168313810104678e+00
2.162136282565130387e+03 5.564699228428125366e+00
2.167824649298597251e+03 5.570201538672930219e+00
2.173513016032064115e+03 5.575675765068352163e+00
2.179201382765530980e+03 5.581122429140543240e+00
2.184889749498997844e+03 5.586542053354595083e+00
2.190578116232464708e+03 5.591935161051234005e+00
2.196266482965931573e+03 5.597302276383494757e+00
2.201954849699398892e+03 5.602643924253351670e+00
2.207643216432865756e+03 5.607960630248424394e+00
2.213331583166332621e+03 5.613252920578618799e+00
2.219019949899799940e+03 5.618521322012798080e+00
2.224708316633266804e+03 5.623766361815439652e+00
2.230396683366733669e+03 5.628988567683324895e+00
2.236085050100200533e+03 5.634188467682189838e+00
2.241773416833667397e+03 5.639366590183389150e+00
2.247461783567134262e+03 5.644523463800560137e+00
2.253150150300601126e+03 5.649659617326297401e+00
2.258838517034067991e+03 5.654775579668827490e+00
2.264526883767534855e+03 5.659871879788632043e+00
2.270215250501001719e+03 5.664949046635172181e+00
2.275903617234469039e+03 5.670007609083517863e+00
2.281591983967936358e+03 5.675048095871014553e+00
2.287280350701403222e+03 5.680071035533959645e+00
2.292968717434870086e+03 5.685076956344268240e+00
2.298657084168336951e+03 5.690066386246130037e+00
2.304345450901803815e+03 5.695039852792686652e+00
2.310033817635270680e+03 5.699997883082685846e+00
2.315722184368737544e+03 5.704941003697161506e+00
2.321410551102204408e+03 5.709869740636085211e+00
2.327098917835671273e+03 5.714784619255036446e+00
2.332787284569138137e+03 5.719686164201871037e+00
2.338475651302605456e+03 5.724574899353380708e+00
2.344164018036072321e+03 5.729451347751982837e+00
2.349852384769539185e+03 5.734316031542350700e+00
2.355540751503006049e+03 5.739169471908102338e+00
2.361229118236472914e+03 5.744012189008453007e+00
2.366917484969939778e+03 5.748844701914898714e+00
2.372605851703407097e+03 5.753667528547863341e+00
2.378294218436873962e+03 5.758481185613378628e+00
2.383982585170340826e+03 5.763286188539744614e+00
2.389670951903807691e+03 5.768083051414192752e+00
2.395359318637274555e+03 5.772872286919545459e+00
2.401047685370741419e+03 5.777654406270909426e+00
2.406736052104208284e+03 5.782429919152306752e+00
2.412424418837675148e+03 5.787199333653365585e+00
2.418112785571142012e+03 5.791963156205970797e+00
2.423801152304608877e+03 5.796721891520939529e+00
2.429489519038076196e+03 5.801476042524684296e+00
2.435177885771543060e+03 5.806226110295880538e+00
2.440866252505010380e+03 5.810972594002121738e+00
2.446554619238477244e+03 5.815715990836597626e+00
2.452242985971944108e+03 5.820456795954763507e+00
2.457931352705410973e+03 5.825195502410993598e+00
2.463619719438877837e+03 5.829932601095235256e+00
2.469308086172344701e+03 5.834668580669723603e+00
2.474996452905811566e+03 5.839403927505591341e+00
2.480684819639278430e+03 5.844139125619566499e+00
2.486373186372745295e+03 5.848874656610629330e+00
2.492061553106212159e+03 5.853610999596685183e+00
2.497749919839679478e+03 5.858348631151209851e+00
2.503438286573146797e+03 5.863088025239942880e+00
2.509126653306613662e+03 5.867829653157536463e+00
2.514815020040080526e+03 5.872573983464217662e+00
2.520503386773547390e+03 5.877321481922482604e+00
2.526191753507014255e+03 5.882072611433722287e+00
2.531880120240481119e+03 5.886827831974906999e+00
2.537568486973947984e+03 5.891587600535267200e+00
2.543256853707414848e+03 5.896352371052932639e+00
2.548945220440881712e+03 5.901122594351620343e+00
2.554633587174349032e+03 5.905898718077283505e+00
2.560321953907815896e+03 5.910681186634786144e+00
2.566010320641282760e+03 5.915470441124563550e+00
2.571698687374749625e+03 5.920266919279308482e+00
2.577387054108216489e+03 5.925071055400600528e+00
2.583075420841683354e+03 5.929883280295595860e+00
2.588763787575150218e+03 5.934704021213701886e+00
2.594452154308617537e+03 5.939533701783224373e+00
2.600140521042084401e+03 5.944372741948019900e+00
2.605828887775551266e+03 5.949221557904215807e+00
2.611517254509018130e+03 5.954080562036810242e+00
2.617205621242484995e+03 5.958950162856391231e+00
2.622893987975951859e+03 5.963830764935764250e+00
2.628582354709418723e+03 5.968722768846653537e+00
2.634270721442885588e+03 5.973626571096327886e+00
2.639959088176352452e+03 5.978542564064293963e+00
2.645647454909819317e+03 5.983471135938962959e+00
2.651335821643286636e+03 5.988412670654297720e+00
2.657024188376753500e+03 5.993367547826496278e+00
2.662712555110220364e+03 5.998336142690661177e+00
2.668400921843687684e+03 6.003318826037433276e+00
2.674089288577154548e+03 6.008315964149693045e+00
2.679777655310621412e+03 6.013327918739216571e+00
2.685466022044088277e+03 6.018355046883323567e+00
2.691154388777555141e+03 6.023397700961570678e+00
2.696842755511022006e+03 6.028456228592407484e+00
2.702531122244488870e+03 6.033530972569816520e+00
2.708219488977955734e+03 6.038622270800034109e+00
2.713907855711422599e+03 6.043730456238156634e+00
2.719596222444889918e+03 6.048855856824836508e+00
2.725284589178357237e+03 6.053998795422961265e+00
2.730972955911824101e+03 6.059159589754291808e+00
2.736661322645290966e+03 6.064338552336139720e+00
2.742349689378757830e+03 6.069535990418045479e+00
2.748038056112224695e+03 6.074752205918404258e+00
2.753726422845691559e+03 6.079987495361187655e+00
2.759414789579158423e+03 6.085242149812570389e+00
2.765103156312625288e+03 6.090516454817601399e+00
2.770791523046092152e+03 6.095810690336886495e+00
2.776479889779559471e+03 6.101125130683232811e+00
2.782168256513026336e+03 6.106460044458331460e+00
2.787856623246493200e+03 6.111815694489413531e+00
2.793544989979960064e+03 6.117192337765915866e+00
2.799233356713426929e+03 6.122590225376157491e+00
2.804921723446893793e+03 6.128009602444006276e+00
2.810610090180360658e+03 6.133450708065516288e+00
2.816298456913827977e+03 6.138913775245622872e+00
2.821986823647294841e+03 6.144399030834801323e+00
2.827675190380761705e+03 6.149906695465734430e+00
2.833363557114228570e+03 6.155436983489967595e+00
2.839051923847695434e+03 6.160990102914592370e+00
2.844740290581162299e+03 6.166566255338882030e+00
2.850428657314629163e+03 6.172165635891001756e+00
2.856117024048096027e+03 6.177788433164636217e+00
2.861805390781562892e+03 6.183434829155670442e+00
2.867493757515029756e+03 6.189104999198856483e+00
2.873182124248497075e+03 6.194799111904487177e+00
2.878870490981964394e+03 6.200517329095029950e+00
2.884558857715431259e+03 6.206259805741831670e+00
2.890247224448898123e+03 6.212026689901762211e+00
2.895935591182364988e+03 6.217818122653891777e+00
2.901623957915831852e+03 6.223634238036140687e+00
2.907312324649298716e+03 6.229475162981972680e+00
2.913000691382765581e+03 6.235341017257010954e+00
2.918689058116232445e+03 6.241231913395777653e+00
2.924377424849699764e+03 6.247147956638283262e+00
2.930065791583166629e+03 6.253089244866753660e+00
2.935754158316633493e+03 6.259055868542251488e+00
2.941442525050100357e+03 6.265047910641378337e+00
2.947130891783567222e+03 6.271065446592899661e+00
2.952819258517034541e+03 6.277108544214453190e+00
2.958507625250501405e+03 6.283177263649192490e+00
2.964195991983968270e+03 6.289271657302442975e+00
2.969884358717435134e+03 6.295391769778398761e+00
2.975572725450901999e+03 6.301537637816769788e+00
2.981261092184368863e+03 6.307709290229414734e+00
2.986949458917835727e+03 6.313906747837080502e+00
2.992637825651302592e+03 6.320130023406011155e+00
2.998326192384769456e+03 6.326379121584633225e+00
3.004014559118236321e+03 6.332654038840215271e+00
3.009702925851703640e+03 6.338954763395545200e+00
3.015391292585170504e+03 6.345281275165580048e+00
3.021079659318637368e+03 6.351633545694114424e+00
3.026768026052104233e+03 6.358011538090467596e+00
3.032456392785571097e+03 6.364415206966124394e+00
3.038144759519038416e+03 6.370844498371407205e+00
3.043833126252505281e+03 6.377299349732154177e+00
3.049521492985972145e+03 6.383779689786377887e+00
3.055209859719439009e+03 6.390285438520907135e+00
3.060898226452905874e+03 6.396816507108102456e+00
3.066586593186372738e+03 6.403372797842473929e+00
3.072274959919839603e+03 6.409954204077385143e+00
3.077963326653306467e+03 6.416560610161679890e+00
3.083651693386773331e+03 6.423191891376385243e+00
3.089340060120240651e+03 6.429847913871352461e+00
3.095028426853707970e+03 6.436528534601954732e+00
3.100716793587174834e+03 6.443233601265690780e+00
3.106405160320641698e+03 6.449962952238921687e+00
3.112093527054108563e+03 6.456716416513502921e+00
3.117781893787575427e+03 6.463493813633435003e+00
3.123470260521042292e+03 6.470294953631555046e+00
3.129158627254509156e+03 6.477119636966195415e+00
3.134846993987976020e+03 6.483967654457849505e+00
3.140535360721442885e+03 6.490838787225848172e+00
3.146223727454909749e+03 6.497732806624982871e+00
3.151912094188377068e+03 6.504649474182241597e+00
3.157600460921843933e+03 6.511588541533395613e+00
3.163288827655310797e+03 6.518549750359758477e+00
3.168977194388777662e+03 6.525532832324728361e+00
3.174665561122244526e+03 6.532537509010579946e+00
3.180353927855711845e+03 6.539563491855067134e+00
3.186042294589178709e+03 6.546610482088077276e+00
3.191730661322645574e+03 6.553678170668330694e+00
3.197419028056112438e+03 6.560766238220012703e+00
3.203107394789579303e+03 6.567874354969493567e+00
3.208795761523046167e+03 6.575002180681927655e+00
3.214484128256513031e+03 6.582149364597962737e+00
3.220172494989979896e+03 6.589315545370413751e+00
3.225860861723446760e+03 6.596500351000862850e+00
3.231549228456914079e+03 6.603703398776412214e+00
3.237237595190380944e+03 6.610924295206306311e+00
3.242925961923847808e+03 6.618162635958579898e+00
3.248614328657314672e+03 6.625418005796765542e+00
3.254302695390781992e+03 6.632689978516525642e+00
3.259991062124248856e+03 6.639978116882329751e+00
3.265679428857715720e+03 6.647281972564124786e+00
3.271367795591182585e+03 6.654601086074016791e+00
3.277056162324649449e+03 6.661934986702894079e+00
3.282744529058116314e+03 6.669283192457118759e+00
3.288432895791583178e+03 6.676645209995214714e+00
3.294121262525050042e+03 6.684020534564480087e+00
3.299809629258516907e+03 6.691408649937688580e+00
3.305497995991983771e+03 6.698809028349776540e+00
3.311186362725451090e+03 6.706221130434444788e+00
3.316874729458918409e+03 6.713644405160886564e+00
3.322563096192385274e+03 6.721078289770404446e+00
3.328251462925852138e+03 6.728522209713148072e+00
3.333939829659319003e+03 6.735975578584655565e+00
3.339628196392785867e+03 6.743437798062679178e+00
3.345316563126252731e+03 6.750908257843716953e+00
3.351004929859719596e+03 6.758386335579718462e+00
3.356693296593186460e+03 6.765871396814812755e+00
3.362381663326653324e+03 6.773362794921865770e+00
3.368070030060120189e+03 6.780859871039261577e+00
3.373758396793587508e+03 6.788361954007467780e+00
3.379446763527054372e+03 6.795868360305739486e+00
3.385135130260521237e+03 6.803378393988809947e+00
3.390823496993988101e+03 6.810891346623559883e+00
3.396511863727454966e+03 6.818406497225609542e+00
3.402200230460922285e+03 6.825923112196036868e+00
3.407888597194389149e+03 6.833440445258078810e+00
3.413576963927856013e+03 6.840957737393745575e+00
3.419265330661322878e+03 6.848474216780489066e+00
3.424953697394789742e+03 6.855989098727870434e+00
3.430642064128256607e+03 6.863501585614277367e+00
3.436330430861723471e+03 6.871010866823477059e+00
3.442018797595190335e+03 6.878516118681428537e+00
3.447707164328657200e+03 6.886016504392832083e+00
3.453395531062124064e+03 6.893511173977820761e+00
3.459083897795591383e+03 6.900999264208699913e+00
3.464772264529058248e+03 6.908479898546510789e+00
3.470460631262525112e+03 6.915952187077710533e+00
3.476148997995992431e+03 6.923415226450931215e+00
3.481837364729459296e+03 6.930868099813541683e+00
3.487525731462926160e+03 6.938309876748386174e+00
3.493214098196393024e+03 6.945739613210379915e+00
3.498902464929859889e+03 6.953156351463224638e+00
3.504590831663326753e+03 6.960559120016085899e+00
3.510279198396793618e+03 6.967946933560212663e+00
3.515967565130260482e+03 6.975318792905603971e+00
3.521655931863727346e+03 6.982673684917758195e+00
3.527344298597194211e+03 6.990010582454216248e+00
3.533032665330661530e+03 6.997328444301349037e+00
3.538721032064128849e+03 7.004626215110899778e+00
3.544409398797595713e+03 7.011902825336730594e+00
3.550097765531062578e+03 7.019157191171514043e+00
3.555786132264529442e+03 7.026388214483308303e+00
3.561474498997996307e+03 7.033594782752283336e+00
3.567162865731463171e+03 7.040775769007380447e+00
3.572851232464930035e+03 7.047930031762966507e+00
3.578539599198396900e+03 7.055056414955487298e+00
3.584227965931863764e+03 7.062153747880213217e+00
3.589916332665330629e+03 7.069220845127758501e+00
3.595604699398797948e+03 7.076256506520887335e+00
3.601293066132264812e+03 7.083259517051082810e+00
3.606981432865731676e+03 7.090228646815338820e+00
3.612669799599198541e+03 7.097162650952602903e+00
3.618358166332665405e+03 7.104060269580722675e+00
3.624046533066132724e+03 7.042513862649484757e+00
3.679137756518061906e+03 7.101152855767907113e+00
3.734228979969990633e+03 7.159791848886328580e+00
3.789320203421919814e+03 7.218430842004750936e+00
3.844411426873848541e+03 7.277069835123173291e+00
3.899502650325777722e+03 7.335708828241595647e+00
3.954593873777706904e+03 7.394347821360017115e+00
4.009685097229635630e+03 7.452986814478439470e+00
4.064776320681564812e+03 7.511625807596861826e+00
4.119867544133493539e+03 7.570264800715283293e+00
4.174958767585422720e+03 7.628903793833705649e+00
4.230049991037351901e+03 7.687542786952128004e+00
4.285141214489280173e+03 7.746181780070549472e+00
4.340232437941209355e+03 7.804820773188971827e+00
4.395323661393138536e+03 7.863459766307393295e+00
4.450414884845067718e+03 7.922098759425815651e+00
4.505506108296996899e+03 7.980737752544238006e+00
4.560597331748925171e+03 8.039376745662659474e+00
4.615688555200854353e+03 8.098015738781082717e+00
4.670779778652783534e+03 8.156654731899504185e+00
4.725871002104712716e+03 8.215293725017925652e+00
4.780962225556640988e+03 8.273932718136347120e+00
4.836053449008570169e+03 8.332571711254768587e+00
4.891144672460499351e+03 8.391210704373191831e+00
4.946235895912428532e+03 8.449849697491615075e+00
5.001327119364357713e+03 8.508488690610036542e+00
5.056418342816286895e+03 8.567127683728458010e+00
5.111509566268215167e+03 8.625766676846879477e+00
5.166600789720144348e+03 8.684405669965302721e+00
5.221692013172073530e+03 8.743044663083725965e+00
5.276783236624002711e+03 8.801683656202147432e+00
5.331874460075930983e+03 8.860322649320568900e+00
5.386965683527860165e+03 8.918961642438990367e+00
5.442056906979789346e+03 8.977600635557411834e+00
5.497148130431718528e+03 9.036239628675835078e+00
5.552239353883647709e+03 9.094878621794258322e+00
5.607330577335576891e+03 9.153517614912679790e+00
5.662421800787505163e+03 9.212156608031101257e+00
5.717513024239434344e+03 9.270795601149522724e+00
5.772604247691363526e+03 9.329434594267944192e+00
5.827695471143291797e+03 9.388073587386365659e+00
5.882786694595220979e+03 9.446712580504788903e+00
5.937877918047150160e+03 9.505351573623212147e+00
5.992969141499079342e+03 9.563990566741633614e+00
6.048060364951008523e+03 9.622629559860055082e+00
6.103151588402937705e+03 9.681268552978478326e+00
6.158242811854866886e+03 9.739907546096901569e+00
6.213334035306795158e+03 9.798546539215321260e+00
6.268425258758724340e+03 9.857185532333744504e+00
6.323516482210652612e+03 9.915824525452165972e+00
6.378607705662581793e+03 9.974463518570587439e+00
6.433698929114510975e+03 1.003310251168900891e+01
6.488790152566440156e+03 1.009174150480743215e+01
6.543881376018369338e+03 1.015038049792585539e+01
6.598972599470298519e+03 1.020901949104427686e+01
6.654063822922227700e+03 1.026765848416269833e+01
6.709155046374155972e+03 1.032629747728111980e+01
6.764246269826085154e+03 1.038493647039954126e+01
6.819337493278014335e+03 1.044357546351796451e+01
6.874428716729942607e+03 1.050221445663638598e+01
6.929519940181871789e+03 1.056085344975480922e+01
6.984611163633800970e+03 1.061949244287323069e+01
7.039702387085730152e+03 1.067813143599165215e+01
7.094793610537659333e+03 1.073677042911007362e+01
7.149884833989588515e+03 1.079540942222849687e+01
7.204976057441517696e+03 1.085404841534692011e+01
7.260067280893445968e+03 1.091268740846534158e+01
7.315158504345375150e+03 1.097132640158376304e+01
7.370249727797303422e+03 1.102996539470218451e+01
7.425340951249232603e+03 1.108860438782060598e+01
7.480432174701161784e+03 1.114724338093902922e+01
7.535523398153090966e+03 1.120588237405745069e+01
7.590614621605020147e+03 1.126452136717587393e+01
7.645705845056949329e+03 1.132316036029429540e+01
7.700797068508878510e+03 1.138179935341271865e+01
7.755888291960806782e+03 1.144043834653113834e+01
7.810979515412735964e+03 1.149907733964956158e+01
7.866070738864665145e+03 1.155771633276798305e+01
7.921161962316594327e+03 1.161635532588640629e+01
7.976253185768522599e+03 1.167499431900482776e+01
8.031344409220451780e+03 1.173363331212324923e+01
8.086435632672380962e+03 1.179227230524167247e+01
8.141526856124310143e+03 1.185091129836009394e+01
8.196618079576237506e+03 1.190955029147851363e+01
8.251709303028168506e+03 1.196818928459693865e+01
8.306800526480095868e+03 1.202682827771535834e+01
8.361891749932026869e+03 1.208546727083378336e+01
8.416982973383954231e+03 1.214410626395220305e+01
8.472074196835883413e+03 1.220274525707062629e+01
8.527165420287812594e+03 1.226138425018904776e+01
8.582256643739741776e+03 1.232002324330747101e+01
8.637347867191670957e+03 1.237866223642589247e+01
8.692439090643600139e+03 1.243730122954431394e+01
8.747530314095529320e+03 1.249594022266273718e+01
8.802621537547456683e+03 1.255457921578115688e+01
8.857712760999387683e+03 1.261321820889958190e+01
8.912803984451315046e+03 1.267185720201800159e+01
8.967895207903246046e+03 1.273049619513642661e+01
9.022986431355173409e+03 1.278913518825484630e+01
9.078077654807102590e+03 1.284777418137326954e+01
9.133168878259031771e+03 1.290641317449169101e+01
9.188260101710960953e+03 1.296505216761011248e+01
9.243351325162890134e+03 1.302369116072853572e+01
9.298442548614817497e+03 1.308233015384695541e+01
9.353533772066748497e+03 1.314096914696538043e+01
9.408624995518675860e+03 1.319960814008380012e+01
9.463716218970606860e+03 1.325824713320222514e+01
9.518807442422534223e+03 1.331688612632064483e+01
9.573898665874463404e+03 1.337552511943906630e+01
9.628989889326392586e+03 1.343416411255748955e+01
9.684081112778321767e+03 1.349280310567591101e+01
9.739172336230250949e+03 1.355144209879433426e+01
9.794263559682178311e+03 1.361008109191275395e+01
9.849354783134109312e+03 1.366872008503117897e+01
9.904446006586036674e+03 1.372735907814959866e+01
9.959537230037967674e+03 1.378599807126802368e+01
1.001462845348989504e+04 1.384463706438644337e+01
1.006971967694182422e+04 1.390327605750486484e+01
1.012481090039375340e+04 1.396191505062328808e+01
1.017990212384568258e+04 1.402055404374170955e+01
1.023499334729761176e+04 1.407919303686013279e+01
1.029008457074953913e+04 1.413783202997855248e+01
1.034517579420147013e+04 1.419647102309697750e+01
1.040026701765339749e+04 1.425511001621539720e+01
1.045535824110532849e+04 1.431374900933382222e+01
1.051044946455725585e+04 1.437238800245224191e+01
1.056554068800918503e+04 1.443102699557066337e+01
1.062063191146111421e+04 1.448966598868908662e+01
1.067572313491304340e+04 1.454830498180750809e+01
1.073081435836497258e+04 1.460694397492593133e+01
1.078590558181690176e+04 1.466558296804435280e+01
1.084099680526883094e+04 1.472422196116277604e+01
1.089608802872075830e+04 1.478286095428119573e+01
1.095117925217268930e+04 1.484149994739962075e+01
1.100627047562461667e+04 1.490013894051804044e+01
1.106136169907654767e+04 1.495877793363646369e+01
1.111645292252847503e+04 1.501741692675488515e+01
1.117154414598040421e+04 1.507605591987330662e+01
1.122663536943233339e+04 1.513469491299172986e+01
1.128172659288426257e+04 1.519333390611015133e+01
1.133681781633619175e+04 1.525197289922857458e+01
1.139190903978811912e+04 1.531061189234699427e+01
1.144700026324005012e+04 1.536925088546541751e+01
1.150209148669197748e+04 1.542788987858383898e+01
1.155718271014390848e+04 1.548652887170226222e+01
1.161227393359583584e+04 1.554516786482068369e+01
1.166736515704776502e+04 1.560380685793910516e+01
1.172245638049969421e+04 1.566244585105752840e+01
1.177754760395162339e+04 1.572108484417594987e+01
1.183263882740355257e+04 1.577972383729437311e+01
1.188773005085547993e+04 1.583836283041279280e+01
1.194282127430741093e+04 1.589700182353121605e+01
1.199791249775933829e+04 1.595564081664963751e+01
1.205300372121126929e+04 1.601427980976806253e+01
1.210809494466319666e+04 1.607291880288648400e+01
1.216318616811512766e+04 1.613155779600490547e+01
1.221827739156705502e+04 1.619019678912332694e+01
1.227336861501898238e+04 1.624883578224174840e+01
1.232845983847091338e+04 1.630747477536016987e+01
1.238355106192284074e+04 1.636611376847859134e+01
1.243864228537477175e+04 1.642475276159701281e+01
1.249373350882669911e+04 1.648339175471543427e+01
1.254882473227863011e+04 1.654203074783385929e+01
1.260391595573055747e+04 1.660066974095228076e+01
1.265900717918248847e+04 1.665930873407070578e+01
1.271409840263441583e+04 1.671794772718912725e+01
1.276918962608634320e+04 1.677658672030754516e+01
1.282428084953827420e+04 1.683522571342597018e+01
1.287937207299020156e+04 1.689386470654439165e+01
1.293446329644213256e+04 1.695250369966281312e+01
1.298955451989405992e+04 1.701114269278123459e+01
1.304464574334599092e+04 1.706978168589965605e+01
1.309973696679791829e+04 1.712842067901807752e+01
1.315482819024984929e+04 1.718705967213650254e+01
1.320991941370177665e+04 1.724569866525492046e+01
1.326501063715370765e+04 1.730433765837334903e+01
1.332010186060563501e+04 1.736297665149176694e+01
1.337519308405756237e+04 1.742161564461018841e+01
1.343028430750949337e+04 1.748025463772861343e+01
1.348537553096142074e+04 1.753889363084703490e+01
1.354046675441335174e+04 1.759753262396545637e+01
1.359555797786527910e+04 1.765617161708387783e+01
1.365064920131721010e+04 1.771481061020229930e+01
1.370574042476913746e+04 1.777344960332072077e+01
1.376083164822106846e+04 1.783208859643914579e+01
1.381592287167299583e+04 1.789072758955756370e+01
1.387101409512492319e+04 1.794936658267598517e+01
1.392610531857685419e+04 1.800800557579441019e+01
1.398119654202878155e+04 1.806664456891283166e+01
1.403628776548071255e+04 1.812528356203125668e+01
1.409137898893263991e+04 1.818392255514967459e+01
1.414647021238457091e+04 1.824256154826809961e+01
1.420156143583649828e+04 1.830120054138652108e+01
1.425665265928842928e+04 1.835983953450494255e+01
1.431174388274035664e+04 1.841847852762336402e+01
1.436683510619228400e+04 1.847711752074178548e+01
1.442192632964421500e+04 1.853575651386020695e+01
1.447701755309614236e+04 1.859439550697862842e+01
1.453210877654807337e+04 1.865303450009705344e+01
1.458720000000000073e+04 1.871167349321547135e+01
