8.099950000000000045e+02 2.491015710112897352e+00
8.156775751503006404e+02 2.504363878662767995e+00
8.213601503006011626e+02 2.517765692206531014e+00
8.270427254509017985e+02 2.531219510870492684e+00
8.327253006012024343e+02 2.544723709674553191e+00
8.384078757515030702e+02 2.558276678479305843e+00
8.440904509018035924e+02 2.571876821933134494e+00
8.497730260521042283e+02 2.585522559419316746e+00
8.554556012024047504e+02 2.599212325003116941e+00
8.611381763527053863e+02 2.612944567378890248e+00
8.668207515030060222e+02 2.626717749817179204e+00
8.725033266533066580e+02 2.640530350111812474e+00
8.781859018036071802e+02 2.654380860527004948e+00
8.838684769539078161e+02 2.668267787744454722e+00
8.895510521042083383e+02 2.682189652810444080e+00
8.952336272545089741e+02 2.696144991082938702e+00
9.009162024048096100e+02 2.710132352178683313e+00
9.065987775551102459e+02 2.724150299920304441e+00
9.122813527054108818e+02 2.738197412283405630e+00
9.179639278557114039e+02 2.752272281343671523e+00
9.236465030060119261e+02 2.766373513223959968e+00
9.293290781563125620e+02 2.780499728041407881e+00
9.350116533066131979e+02 2.794649559854524234e+00
9.406942284569138337e+02 2.808821656610293260e+00
9.463768036072143559e+02 2.823014680091270989e+00
9.520593787575151055e+02 2.837227305862685789e+00
9.577419539078156276e+02 2.851458223219533572e+00
9.634245290581162635e+02 2.865706135133684551e+00
9.691071042084167857e+02 2.879969758200971341e+00
9.747896793587174216e+02 2.894247822588297048e+00
9.804722545090180574e+02 2.908539071980731361e+00
9.861548296593185796e+02 2.922842263528606654e+00
9.918374048096193292e+02 2.937156167794620742e+00
9.975199799599197377e+02 2.951479568700932532e+00
1.003202555110220487e+03 2.965811263476264781e+00
1.008885130260521009e+03 2.980150062602998862e+00
1.014567705410821645e+03 2.994494789764276632e+00
1.020250280561122281e+03 3.008844281791099640e+00
1.025932855711422690e+03 3.023197388609422998e+00
1.031615430861723326e+03 3.037552973187262140e+00
1.037298006012023961e+03 3.051909911481784032e+00
1.042980581162324597e+03 3.066267092386413928e+00
1.048663156312625233e+03 3.080623417677925246e+00
1.054345731462925869e+03 3.094977801963546771e+00
1.060028306613226505e+03 3.109329172628058746e+00
1.065710881763527141e+03 3.123676469780885867e+00
1.071393456913827777e+03 3.138018646203208917e+00
1.077076032064128185e+03 3.152354667295049762e+00
1.082758607214428821e+03 3.166683511022379438e+00
1.088441182364729457e+03 3.181004167864216026e+00
1.094123757515029865e+03 3.195315640759718967e+00
1.099806332665330501e+03 3.209616945055292270e+00
1.105488907815631137e+03 3.223907108451682380e+00
1.111171482965931773e+03 3.238185170951075609e+00
1.116854058116232409e+03 3.252450184804199118e+00
1.122536633266533045e+03 3.266701214457420122e+00
1.128219208416833681e+03 3.280937336499839319e+00
1.133901783567134316e+03 3.295157639610400757e+00
1.139584358717434952e+03 3.309361224504978161e+00
1.145266933867735588e+03 3.323547203883482126e+00
1.150949509018036224e+03 3.337714702376957110e+00
1.156632084168336633e+03 3.351862856494678855e+00
1.162314659318637268e+03 3.365990814571257594e+00
1.167997234468937677e+03 3.380097736713728374e+00
1.173679809619238313e+03 3.394182794748658694e+00
1.179362384769538949e+03 3.408245172169244608e+00
1.185044959919839584e+03 3.422284064082407262e+00
1.190727535070140220e+03 3.436298677155894765e+00
1.196410110220440856e+03 3.450288229565378728e+00
1.202092685370741492e+03 3.464251950941557023e+00
1.207775260521042128e+03 3.478189082317247660e+00
1.213457835671342536e+03 3.492098876074491098e+00
1.219140410821643400e+03 3.505980595891648122e+00
1.224822985971943808e+03 3.519833516690499042e+00
1.230505561122244444e+03 3.533656924583342018e+00
1.236188136272545080e+03 3.547450116820092703e+00
1.241870711422845716e+03 3.561212401735384780e+00
1.247553286573146124e+03 3.574943098695660737e+00
1.253235861723446760e+03 3.588641538046285273e+00
1.258918436873747396e+03 3.602307061058630300e+00
1.264601012024048032e+03 3.615939019877181249e+00
1.270283587174348668e+03 3.629536777466633168e+00
1.275966162324649304e+03 3.643099707558993039e+00
1.281648737474949939e+03 3.656627194600673647e+00
1.287331312625250575e+03 3.670118633699597233e+00
1.293013887775550984e+03 3.683573430572290697e+00
1.298696462925851620e+03 3.696991001490989248e+00
1.304379038076152483e+03 3.710370773230727170e+00
1.310061613226452891e+03 3.723712183016444577e+00
1.315744188376753527e+03 3.737014678470087503e+00
1.321426763527054163e+03 3.750277717557696455e+00
1.327109338677354572e+03 3.763500768536513608e+00
1.332791913827655208e+03 3.776683309902082009e+00
1.338474488977955843e+03 3.789824830335340788e+00
1.344157064128256479e+03 3.802924828649726141e+00
1.349839639278557115e+03 3.815982813738269641e+00
1.355522214428857751e+03 3.828998304520695672e+00
1.361204789579158387e+03 3.841970829890524186e+00
1.366887364729459023e+03 3.854899928662165909e+00
1.372569939879759431e+03 3.867785149518025545e+00
1.378252515030060067e+03 3.880626050955592099e+00
1.383935090180360703e+03 3.893422201234550073e+00
1.389617665330661112e+03 3.906173178323868456e+00
1.395300240480961747e+03 3.918878569848903926e+00
1.400982815631262383e+03 3.931537973038496059e+00
1.406665390781563019e+03 3.944150994672073196e+00
1.412347965931863655e+03 3.956717251026744098e+00
1.418030541082164291e+03 3.969236367824402478e+00
1.423713116232464927e+03 3.981707980178820883e+00
1.429395691382765563e+03 3.994131732542756996e+00
1.435078266533066198e+03 4.006507278655041304e+00
1.440760841683366834e+03 4.018834281487684734e+00
1.446443416833667470e+03 4.031112413192978750e+00
1.452125991983967879e+03 4.043341355050585229e+00
1.457808567134268515e+03 4.055520797414644996e+00
1.463491142284569150e+03 4.067650439660870809e+00
1.469173717434869559e+03 4.079729990133649231e+00
1.474856292585170195e+03 4.091759166093138056e+00
1.480538867735470831e+03 4.103737693662365515e+00
1.486221442885771467e+03 4.115665307774324155e+00
1.491904018036072102e+03 4.127541752119086027e+00
1.497586593186372738e+03 4.139366779090883242e+00
1.503269168336673374e+03 4.151140149735214280e+00
1.508951743486974010e+03 4.162861633695943198e+00
1.514634318637274419e+03 4.174531009162397943e+00
1.520316893787575054e+03 4.186148062816470450e+00
1.525999468937875690e+03 4.197712589779714065e+00
1.531682044088176099e+03 4.209224393560443644e+00
1.537364619238476962e+03 4.220683286000832979e+00
1.543047194388777598e+03 4.232089087224012225e+00
1.548729769539078006e+03 4.243441625581172438e+00
1.554412344689378642e+03 4.254740737598659450e+00
1.560094919839679278e+03 4.265986267925075737e+00
1.565777494989979914e+03 4.277178069278377848e+00
1.571460070140280550e+03 4.288316002392972059e+00
1.577142645290581186e+03 4.299399935966821573e+00
1.582825220440881822e+03 4.310429746608536838e+00
1.588507795591182457e+03 4.321405318784482752e+00
1.594190370741482866e+03 4.332326544765866316e+00
1.599872945891783502e+03 4.343193324575847392e+00
1.605555521042083910e+03 4.354005565936633460e+00
1.611238096192384546e+03 4.364763184216574388e+00
1.616920671342685182e+03 4.375466102377265187e+00
1.622603246492986045e+03 4.386114250920639890e+00
1.628285821643286454e+03 4.396707567836088515e+00
1.633968396793587090e+03 4.407245998547526966e+00
1.639650971943887726e+03 4.417729495860519329e+00
1.645333547094188361e+03 4.428158019909366416e+00
1.651016122244488770e+03 4.438531538104209417e+00
1.656698697394789633e+03 4.448850025078124659e+00
1.662381272545090269e+03 4.459113462634221925e+00
1.668063847695390905e+03 4.469321839692748100e+00
1.673746422845691313e+03 4.479475152238189040e+00
1.679428997995991949e+03 4.489573403266351903e+00
1.685111573146292358e+03 4.499616602731482118e+00
1.690794148296592994e+03 4.509604767493356370e+00
1.696476723446893629e+03 4.519537921264380920e+00
1.702159298597194265e+03 4.529416094556685479e+00
1.707841873747494901e+03 4.539239324629228634e+00
1.713524448897795537e+03 4.549007655434898822e+00
1.719207024048096173e+03 4.558721137567602888e+00
1.724889599198396809e+03 4.568379828209380378e+00
1.730572174348697217e+03 4.577983791077483211e+00
1.736254749498997853e+03 4.587533096371496200e+00
1.741937324649298716e+03 4.597027820720414049e+00
1.747619899799599125e+03 4.606468047129759213e+00
1.753302474949899761e+03 4.615853864928666894e+00
1.758985050100200397e+03 4.625185369716994899e+00
1.764667625250500805e+03 4.634462663312411301e+00
1.770350200400801441e+03 4.643685853697506083e+00
1.776032775551102077e+03 4.652855054966876125e+00
1.781715350701402713e+03 4.661970387274238625e+00
1.787397925851703349e+03 4.671031976779516981e+00
1.793080501002003984e+03 4.680039955595946211e+00
1.798763076152304620e+03 4.688994461737175712e+00
1.804445651302605256e+03 4.697895639064359585e+00
1.810128226452905665e+03 4.706743637233260280e+00
1.815810801603206301e+03 4.715538611641346023e+00
1.821493376753507164e+03 4.724280723374891799e+00
1.827175951903807572e+03 4.732970139156076783e+00
1.832858527054107981e+03 4.741607031290079988e+00
1.838541102204408617e+03 4.750191577612190130e+00
1.844223677354709253e+03 4.758723961434892402e+00
1.849906252505009888e+03 4.767204371494969450e+00
1.855588827655310524e+03 4.775633001900605024e+00
1.861271402805611160e+03 4.784010052078485842e+00
1.866953977955911796e+03 4.792335726720883926e+00
1.872636553106212432e+03 4.800610235732781561e+00
1.878319128256513068e+03 4.808833794178943855e+00
1.884001703406813476e+03 4.817006622231031265e+00
1.889684278557114339e+03 4.825128945114703249e+00
1.895366853707414748e+03 4.833200993056705030e+00
1.901049428857715156e+03 4.841223001231972134e+00
1.906732004008016020e+03 4.849195209710730481e+00
1.912414579158316428e+03 4.857117863405594704e+00
1.918097154308617064e+03 4.864991212018666467e+00
1.923779729458917700e+03 4.872815509988627447e+00
1.929462304609218336e+03 4.880591016437854535e+00
1.935144879759518972e+03 4.888317995119503934e+00
1.940827454909819608e+03 4.895996714364610369e+00
1.946510030060120243e+03 4.903627447029193398e+00
1.952192605210420879e+03 4.911210470441357501e+00
1.957875180360721515e+03 4.918746066348376189e+00
1.963557755511021924e+03 4.926234520863811639e+00
1.969240330661322560e+03 4.933676124414596131e+00
1.974922905811623195e+03 4.941071171688142805e+00
1.980605480961923831e+03 4.948419961579433313e+00
1.986288056112224240e+03 4.955722797138136571e+00
1.991970631262524876e+03 4.962979985515677761e+00
1.997653206412825512e+03 4.970191837912363297e+00
2.003335781563126147e+03 4.977358669524472035e+00
2.009018356713426783e+03 4.984480799491345593e+00
2.014700931863727419e+03 4.991558550842500885e+00
2.020383507014028055e+03 4.998592250444716889e+00
2.026066082164328691e+03 5.005582228949142731e+00
2.031748657314629099e+03 5.012528820738388902e+00
2.037431232464929963e+03 5.019432363873636227e+00
2.043113807615230144e+03 5.026293200041719089e+00
2.048796382765530780e+03 5.033111674502246835e+00
2.054478957915831415e+03 5.039888136034674559e+00
2.060161533066132506e+03 5.046622936885434285e+00
2.065844108216432687e+03 5.053316432715004858e+00
2.071526683366733323e+03 5.059968982545023586e+00
2.077209258517033959e+03 5.066580948705382781e+00
2.082891833667334595e+03 5.073152696781345838e+00
2.088574408817635231e+03 5.079684595560609139e+00
2.094256983967935867e+03 5.086177016980436782e+00
2.099939559118236502e+03 5.092630336074740249e+00
2.105622134268537138e+03 5.099044930921175833e+00
2.111304709418837774e+03 5.105421182588269602e+00
2.116987284569137955e+03 5.111759475082472193e+00
2.122669859719438591e+03 5.118060195295297987e+00
2.128352434869739227e+03 5.124323732950402999e+00
2.134035010020039863e+03 5.130550480550692072e+00
2.139717585170340499e+03 5.136740833325412758e+00
2.145400160320641589e+03 5.142895189177256299e+00
2.151082735470941770e+03 5.149013948629448834e+00
2.156765310621242406e+03 5.155097514772876366e+00
2.162447885771543042e+03 5.161146293213141334e+00
2.168130460921843678e+03 5.167160692017710666e+00
2.173813036072144314e+03 5.173141121662969688e+00
2.179495611222444950e+03 5.179087994981351528e+00
2.185178186372745586e+03 5.185001727108422998e+00
2.190860761523045767e+03 5.190882735429978467e+00
2.196543336673346857e+03 5.196731439529159502e+00
2.202225911823647039e+03 5.202548261133530083e+00
2.207908486973947674e+03 5.208333624062186473e+00
2.213591062124248310e+03 5.214087954172864414e+00
2.219273637274548946e+03 5.219811679309014352e+00
2.224956212424849582e+03 5.225505229246930838e+00
2.230638787575149763e+03 5.231169035642832199e+00
2.236321362725450854e+03 5.236803531979951742e+00
2.242003937875751035e+03 5.242409153515652953e+00
2.247686513026052125e+03 5.247986337228537579e+00
2.253369088176352307e+03 5.253535521765505756e+00
2.259051663326653397e+03 5.259057147388900511e+00
2.264734238476954033e+03 5.264551655923577655e+00
2.270416813627254669e+03 5.270019490704012100e+00
2.276099388777554850e+03 5.275461096521396165e+00
2.281781963927855486e+03 5.280876919570737904e+00
2.287464539078156122e+03 5.286267407397973628e+00
2.293147114228456758e+03 5.291633008847046682e+00
2.298829689378757394e+03 5.296974174007008429e+00
2.304512264529058029e+03 5.302291354159136105e+00
2.310194839679358665e+03 5.307585001724006268e+00
2.315877414829658846e+03 5.312855570208624201e+00
2.321559989979959937e+03 5.318103514153479594e+00
2.327242565130260118e+03 5.323329289079695492e+00
2.332925140280561209e+03 5.328533351436096410e+00
2.338607715430861390e+03 5.333716158546305763e+00
2.344290290581162481e+03 5.338878168555849513e+00
2.349972865731462662e+03 5.344019840379272246e+00
2.355655440881763752e+03 5.349141633647219507e+00
2.361338016032063933e+03 5.354244008653531672e+00
2.367020591182364569e+03 5.359327426302345820e+00
2.372703166332665205e+03 5.364392348055217141e+00
2.378385741482965841e+03 5.369439235878184391e+00
2.384068316633266477e+03 5.374468552188895742e+00
2.389750891783566658e+03 5.379480759803686674e+00
2.395433466933867749e+03 5.384476321884692496e+00
2.401116042084167930e+03 5.389455701886943118e+00
2.406798617234469020e+03 5.394419363505461362e+00
2.412481192384769201e+03 5.399367770622368390e+00
2.418163767535070292e+03 5.404301387253963362e+00
2.423846342685370473e+03 5.409220677497851071e+00
2.429528917835671564e+03 5.414126105480017159e+00
2.435211492985971745e+03 5.419018135301936212e+00
2.440894068136272381e+03 5.423897230987673623e+00
2.446576643286573017e+03 5.428763856430981249e+00
2.452259218436873653e+03 5.433618475342380627e+00
2.457941793587174288e+03 5.438461551196301258e+00
2.463624368737474924e+03 5.443293547178141623e+00
2.469306943887775560e+03 5.448114926131385261e+00
2.474989519038075741e+03 5.452926150504691094e+00
2.480672094188376377e+03 5.457727682299005068e+00
2.486354669338677013e+03 5.462519983014647806e+00
2.492037244488977649e+03 5.467303513598423592e+00
2.497719819639278285e+03 5.472078734390700028e+00
2.503402394789579375e+03 5.476846105072528559e+00
2.509084969939879556e+03 5.481606084612738350e+00
2.514767545090180647e+03 5.486359131215017726e+00
2.520450120240480828e+03 5.491105702265048016e+00
2.526132695390781464e+03 5.495846254277562792e+00
2.531815270541082100e+03 5.500581242843471941e+00
2.537497845691382736e+03 5.505311122576962646e+00
2.543180420841683372e+03 5.510036347062566620e+00
2.548862995991983553e+03 5.514757368802307269e+00
2.554545571142284643e+03 5.519474639162769591e+00
2.560228146292584825e+03 5.524188608322186944e+00
2.565910721442885460e+03 5.528899725217559791e+00
2.571593296593186096e+03 5.533608437491770893e+00
2.577275871743486732e+03 5.538315191440643659e+00
2.582958446893787368e+03 5.543020431960075101e+00
2.588641022044088004e+03 5.547724602493101287e+00
2.594323597194388640e+03 5.552428144977028523e+00
2.600006172344688821e+03 5.557131499790537887e+00
2.605688747494989912e+03 5.561835105700733806e+00
2.611371322645290547e+03 5.566539399810296551e+00
2.617053897795591183e+03 5.571244817504553026e+00
2.622736472945891819e+03 5.575951792398578633e+00
2.628419048096192455e+03 5.580660756284311574e+00
2.634101623246492636e+03 5.585372139077622755e+00
2.639784198396793272e+03 5.590086368765457614e+00
2.645466773547093908e+03 5.594803871352885594e+00
2.651149348697394544e+03 5.599525070810230432e+00
2.656831923847695180e+03 5.604250389020172030e+00
2.662514498997995815e+03 5.608980245724822566e+00
2.668197074148296451e+03 5.613715058472842578e+00
2.673879649298597087e+03 5.618455242566540164e+00
2.679562224448897723e+03 5.623201211008951539e+00
2.685244799599197904e+03 5.627953374450967772e+00
2.690927374749498995e+03 5.632712141138419781e+00
2.696609949899799631e+03 5.637477916859162441e+00
2.702292525050100267e+03 5.642251104890190661e+00
2.707975100200400902e+03 5.647032105944751912e+00
2.713657675350701538e+03 5.651821318119423232e+00
2.719340250501001719e+03 5.656619136841192663e+00
2.725022825651302355e+03 5.661425954814607309e+00
2.730705400801602991e+03 5.666242161968846780e+00
2.736387975951903627e+03 5.671068145404803751e+00
2.742070551102204263e+03 5.675904289342204478e+00
2.747753126252504899e+03 5.680750975066712449e+00
2.753435701402805535e+03 5.685608580877026696e+00
2.759118276553105716e+03 5.690477482031942813e+00
2.764800851703406806e+03 5.695358050697513441e+00
2.770483426853706987e+03 5.700250655894093299e+00
2.776166002004008078e+03 5.705155663443470360e+00
2.781848577154308714e+03 5.710073435915963280e+00
2.787531152304609350e+03 5.715004332577485968e+00
2.793213727454909531e+03 5.719948709336692083e+00
2.798896302605210167e+03 5.724906918692058255e+00
2.804578877755510803e+03 5.729879309678959309e+00
2.810261452905811439e+03 5.734866227816812767e+00
2.815944028056112074e+03 5.739868015056114103e+00
2.821626603206412710e+03 5.744885009725616776e+00
2.827309178356713346e+03 5.749917546479370145e+00
2.832991753507013982e+03 5.754965956243809799e+00
2.838674328657314618e+03 5.760030566164913601e+00
2.844356903807614799e+03 5.765111699555282243e+00
2.850039478957915890e+03 5.770209675841177166e+00
2.855722054108216071e+03 5.775324810509708584e+00
2.861404629258517161e+03 5.780457415055876069e+00
2.867087204408817342e+03 5.785607796929687296e+00
2.872769779559118433e+03 5.790776259483269683e+00
2.878452354709418614e+03 5.795963101917926963e+00
2.884134929859719250e+03 5.801168619231280132e+00
2.889817505010019886e+03 5.806393102164372877e+00
2.895500080160320522e+03 5.811636837148693502e+00
2.901182655310621158e+03 5.816900106253386049e+00
2.906865230460921794e+03 5.822183187132262461e+00
2.912547805611222429e+03 5.827486352970950634e+00
2.918230380761522611e+03 5.832809872433953657e+00
2.923912955911823701e+03 5.838154009611775663e+00
2.929595531062123882e+03 5.843519023968029913e+00
2.935278106212424973e+03 5.848905170286509581e+00
2.940960681362725154e+03 5.854312698618294064e+00
2.946643256513026245e+03 5.859741854228859737e+00
2.952325831663326426e+03 5.865192877545181815e+00
2.958008406813626607e+03 5.870666004102812252e+00
2.963690981963927698e+03 5.876161464492987818e+00
2.969373557114228333e+03 5.881679484309739081e+00
2.975056132264528969e+03 5.887220284096986944e+00
2.980738707414829605e+03 5.892784079295631194e+00
2.986421282565130241e+03 5.898371080190646154e+00
2.992103857715430422e+03 5.903981491858180775e+00
2.997786432865731058e+03 5.909615514112713797e+00
3.003469008016031694e+03 5.915273341454032163e+00
3.009151583166332784e+03 5.920955163014468781e+00
3.014834158316632966e+03 5.926661162505880043e+00
3.020516733466934056e+03 5.932391518166834743e+00
3.026199308617234237e+03 5.938146402709669758e+00
3.031881883767535328e+03 5.943925983267582147e+00
3.037564458917835509e+03 5.949730421341748787e+00
3.043247034068135690e+03 5.955559872748429129e+00
3.048929609218436781e+03 5.961414487566040421e+00
3.054612184368737417e+03 5.967294410082281786e+00
3.060294759519038053e+03 5.973199778741211219e+00
3.065977334669338688e+03 5.979130726090357228e+00
3.071659909819639324e+03 5.985087378727815377e+00
3.077342484969939505e+03 5.991069857249346597e+00
3.083025060120240141e+03 5.997078276195486168e+00
3.088707635270540777e+03 6.003112743998624268e+00
3.094390210420841868e+03 6.009173362930104290e+00
3.100072785571142049e+03 6.015260229047345142e+00
3.105755360721443139e+03 6.021373432140913806e+00
3.111437935871743321e+03 6.027513055681652077e+00
3.117120511022043502e+03 6.033679176767750008e+00
3.122803086172344592e+03 6.039871866071854001e+00
3.128485661322644773e+03 6.046091187788176669e+00
3.134168236472945864e+03 6.052337199579563176e+00
3.139850811623246500e+03 6.058609952524630415e+00
3.145533386773547136e+03 6.064909491064847558e+00
3.151215961923847772e+03 6.071235852951631706e+00
3.156898537074147953e+03 6.077589069193460425e+00
3.162581112224448589e+03 6.083969164002921204e+00
3.168263687374749225e+03 6.090376154743899484e+00
3.173946262525049860e+03 6.096810051878621906e+00
3.179628837675350951e+03 6.103270858914724428e+00
3.185311412825651132e+03 6.109758572352416373e+00
3.190993987975952223e+03 6.116273181631537881e+00
3.196676563126252404e+03 6.122814669078702643e+00
3.202359138276552585e+03 6.129383009854317166e+00
3.208041713426853676e+03 6.135978171899779454e+00
3.213724288577153857e+03 6.142600115884468082e+00
3.219406863727454947e+03 6.149248795152972846e+00
3.225089438877755583e+03 6.155924155672067855e+00
3.230772014028056219e+03 6.162626135977870234e+00
3.236454589178356400e+03 6.169354667122931346e+00
3.242137164328657036e+03 6.176109672623368851e+00
3.247819739478957672e+03 6.182891068405913515e+00
3.253502314629258308e+03 6.189698762754989758e+00
3.259184889779558944e+03 6.196532656259927663e+00
3.264867464929860034e+03 6.203392641761935167e+00
3.270550040080160215e+03 6.210278604301244343e+00
3.276232615230460397e+03 6.217190421064257677e+00
3.281915190380761487e+03 6.224127961330566450e+00
3.287597765531061668e+03 6.231091086420102343e+00
3.293280340681362759e+03 6.238079649640205560e+00
3.298962915831662940e+03 6.245093496232778207e+00
3.304645490981964031e+03 6.252132463321308009e+00
3.310328066132264667e+03 6.259196379858018133e+00
3.316010641282564848e+03 6.266285066570926432e+00
3.321693216432865484e+03 6.273398335911025470e+00
3.327375791583166119e+03 6.280535991999272483e+00
3.333058366733466755e+03 6.287697830573776514e+00
3.338740941883767391e+03 6.294883638936839887e+00
3.344423517034068027e+03 6.302093195902084055e+00
3.350106092184368663e+03 6.309326271741555914e+00
3.355788667334669299e+03 6.316582628132803023e+00
3.361471242484969480e+03 6.323862018105973704e+00
3.367153817635270570e+03 6.331164185990951765e+00
3.372836392785570752e+03 6.338488867364436175e+00
3.378518967935871842e+03 6.345835788997003846e+00
3.384201543086172023e+03 6.353204668800241706e+00
3.389884118236473114e+03 6.360595215773853894e+00
3.395566693386773295e+03 6.368007129952774292e+00
3.401249268537073931e+03 6.375440102354184901e+00
3.406931843687374567e+03 6.382893814924708309e+00
3.412614418837675203e+03 6.390367940487475806e+00
3.418296993987975839e+03 6.397862142689191955e+00
3.423979569138276474e+03 6.405376075947263992e+00
3.429662144288577110e+03 6.412909385396944550e+00
3.435344719438877291e+03 6.420461706838285210e+00
3.441027294589178382e+03 6.428032666683458629e+00
3.446709869739478563e+03 6.435621881903627717e+00
3.452392444889779654e+03 6.443228959976210035e+00
3.458075020040079835e+03 6.450853498831863320e+00
3.463757595190380925e+03 6.458495086801708140e+00
3.469440170340681107e+03 6.466153302564320526e+00
3.475122745490981288e+03 6.473827715092828505e+00
3.480805320641282378e+03 6.481517883602114338e+00
3.486487895791583014e+03 6.489223357495786715e+00
3.492170470941883650e+03 6.496943676313405192e+00
3.497853046092184286e+03 6.504678369677467487e+00
3.503535621242484922e+03 6.512426957240568193e+00
3.509218196392785558e+03 6.520188948632481996e+00
3.514900771543085739e+03 6.527963843407271760e+00
3.520583346693386375e+03 6.535751130990393065e+00
3.526265921843687465e+03 6.543550290625749000e+00
3.531948496993987646e+03 6.551360791322844435e+00
3.537631072144288737e+03 6.559182091803869241e+00
3.543313647294588918e+03 6.567013640450767298e+00
3.548996222444890009e+03 6.574854875252378328e+00
3.554678797595190190e+03 6.582705223751490919e+00
3.560361372745490371e+03 6.590564102991999462e+00
3.566043947895791462e+03 6.598430919465966049e+00
3.571726523046092098e+03 6.606305069060686819e+00
3.577409098196392733e+03 6.614185937005851557e+00
3.583091673346693369e+03 6.622072897820665105e+00
3.588774248496994005e+03 6.629965315260806236e+00
3.594456823647294186e+03 6.637862542265708932e+00
3.600139398797594822e+03 6.645763920905531918e+00
3.605821973947895458e+03 6.653668782328262310e+00
3.611504549098196549e+03 6.661576446706941823e+00
3.617187124248496730e+03 6.669486223186608775e+00
3.622869699398797820e+03 6.590046688861647795e+00
3.677942715984733695e+03 6.645721014754553124e+00
3.733015732570669115e+03 6.701395340647459342e+00
3.788088749156604990e+03 6.757069666540365560e+00
3.843161765742540410e+03 6.812743992433270890e+00
3.898234782328476285e+03 6.868418318326176220e+00
3.953307798914412160e+03 6.924092644219083326e+00
4.008380815500347580e+03 6.979766970111988655e+00
4.063453832086283455e+03 7.035441296004893985e+00
4.118526848672218875e+03 7.091115621897799315e+00
4.173599865258154750e+03 7.146789947790706421e+00
4.228672881844090625e+03 7.202464273683611751e+00
4.283745898430026500e+03 7.258138599576517080e+00
4.338818915015961466e+03 7.313812925469422410e+00
4.393891931601897340e+03 7.369487251362329516e+00
4.448964948187833215e+03 7.425161577255234846e+00
4.504037964773769090e+03 7.480835903148140176e+00
4.559110981359704965e+03 7.536510229041047282e+00
4.614183997945639931e+03 7.592184554933952612e+00
4.669257014531575805e+03 7.647858880826857941e+00
4.724330031117511680e+03 7.703533206719763271e+00
4.779403047703447555e+03 7.759207532612670377e+00
4.834476064289383430e+03 7.814881858505575707e+00
4.889549080875318396e+03 7.870556184398481037e+00
4.944622097461254270e+03 7.926230510291386366e+00
4.999695114047190145e+03 7.981904836184293472e+00
5.054768130633126020e+03 8.037579162077198802e+00
5.109841147219061895e+03 8.093253487970105908e+00
5.164914163804996861e+03 8.148927813863009462e+00
5.219987180390932735e+03 8.204602139755916568e+00
5.275060196976868610e+03 8.260276465648821898e+00
5.330133213562804485e+03 8.315950791541729004e+00
5.385206230148740360e+03 8.371625117434634333e+00
5.440279246734675326e+03 8.427299443327539663e+00
5.495352263320611200e+03 8.482973769220444993e+00
5.550425279906547075e+03 8.538648095113352099e+00
5.605498296492482950e+03 8.594322421006257429e+00
5.660571313078418825e+03 8.649996746899162758e+00
5.715644329664353791e+03 8.705671072792068088e+00
5.770717346250289665e+03 8.761345398684975194e+00
5.825790362836225540e+03 8.817019724577880524e+00
5.880863379422160506e+03 8.872694050470785854e+00
5.935936396008097290e+03 8.928368376363692960e+00
5.991009412594032256e+03 8.984042702256598290e+00
6.046082429179968130e+03 9.039717028149503619e+00
6.101155445765904005e+03 9.095391354042408949e+00
6.156228462351838971e+03 9.151065679935314279e+00
6.211301478937775755e+03 9.206740005828221385e+00
6.266374495523710721e+03 9.262414331721126715e+00
6.321447512109646595e+03 9.318088657614032044e+00
6.376520528695582470e+03 9.373762983506939150e+00
6.431593545281517436e+03 9.429437309399844480e+00
6.486666561867454220e+03 9.485111635292749810e+00
6.541739578453389186e+03 9.540785961185655140e+00
6.596812595039325060e+03 9.596460287078562246e+00
6.651885611625260935e+03 9.652134612971467575e+00
6.706958628211195901e+03 9.707808938864372905e+00
6.762031644797132685e+03 9.763483264757280011e+00
6.817104661383067651e+03 9.819157590650185341e+00
6.872177677969003526e+03 9.874831916543090671e+00
6.927250694554939400e+03 9.930506242435996000e+00
6.982323711140874366e+03 9.986180568328901330e+00
7.037396727726811150e+03 1.004185489422180844e+01
7.092469744312746116e+03 1.009752922011471377e+01
7.147542760898681991e+03 1.015320354600761910e+01
7.202615777484617865e+03 1.020887787190052620e+01
7.257688794070552831e+03 1.026455219779343153e+01
7.312761810656489615e+03 1.032022652368633864e+01
7.367834827242424581e+03 1.037590084957924219e+01
7.422907843828360456e+03 1.043157517547214930e+01
7.477980860414296330e+03 1.048724950136505463e+01
7.533053877000231296e+03 1.054292382725795996e+01
7.588126893586168080e+03 1.059859815315086706e+01
7.643199910172103046e+03 1.065427247904377239e+01
7.698272926758038921e+03 1.070994680493667772e+01
7.753345943343974795e+03 1.076562113082958483e+01
7.808418959929910670e+03 1.082129545672249016e+01
7.863491976515845636e+03 1.087696978261539549e+01
7.918564993101781511e+03 1.093264410850830082e+01
7.973638009687717386e+03 1.098831843440120615e+01
8.028711026273653260e+03 1.104399276029411325e+01
8.083784042859589135e+03 1.109966708618701858e+01
8.138857059445524101e+03 1.115534141207992391e+01
8.193930076031459976e+03 1.121101573797282924e+01
8.249003092617396760e+03 1.126669006386573635e+01
8.304076109203331725e+03 1.132236438975864168e+01
8.359149125789266691e+03 1.137803871565154701e+01
8.414222142375201656e+03 1.143371304154445234e+01
8.469295158961138441e+03 1.148938736743735944e+01
8.524368175547075225e+03 1.154506169333026655e+01
8.579441192133010190e+03 1.160073601922317010e+01
8.634514208718945156e+03 1.165641034511607543e+01
8.689587225304880121e+03 1.171208467100898076e+01
8.744660241890816906e+03 1.176775899690188787e+01
8.799733258476753690e+03 1.182343332279479498e+01
8.854806275062688655e+03 1.187910764868770030e+01
8.909879291648623621e+03 1.193478197458060563e+01
8.964952308234558586e+03 1.199045630047351096e+01
9.020025324820495371e+03 1.204613062636641629e+01
9.075098341406432155e+03 1.210180495225932340e+01
9.130171357992367120e+03 1.215747927815222873e+01
9.185244374578302086e+03 1.221315360404513406e+01
9.240317391164237051e+03 1.226882792993803939e+01
9.295390407750173836e+03 1.232450225583094650e+01
9.350463424336110620e+03 1.238017658172385360e+01
9.405536440922045585e+03 1.243585090761675893e+01
9.460609457507980551e+03 1.249152523350966248e+01
9.515682474093915516e+03 1.254719955940256781e+01
9.570755490679852301e+03 1.260287388529547492e+01
9.625828507265789085e+03 1.265854821118838203e+01
9.680901523851724050e+03 1.271422253708128736e+01
9.735974540437659016e+03 1.276989686297419269e+01
9.791047557023593981e+03 1.282557118886709802e+01
9.846120573609530766e+03 1.288124551476000512e+01
9.901193590195467550e+03 1.293691984065291223e+01
9.956266606781402515e+03 1.299259416654581578e+01
1.001133962336733748e+04 1.304826849243872111e+01
1.006641263995327245e+04 1.310394281833162644e+01
1.012148565653920923e+04 1.315961714422453355e+01
1.017655867312514602e+04 1.321529147011744065e+01
1.023163168971108098e+04 1.327096579601034598e+01
1.028670470629701595e+04 1.332664012190325131e+01
1.034177772288295091e+04 1.338231444779615487e+01
1.039685073946888770e+04 1.343798877368906197e+01
1.045192375605482448e+04 1.349366309958196908e+01
1.050699677264075945e+04 1.354933742547487441e+01
1.056206978922669441e+04 1.360501175136777974e+01
1.061714280581262938e+04 1.366068607726068507e+01
1.067221582239856616e+04 1.371636040315359217e+01
1.072728883898450295e+04 1.377203472904649928e+01
1.078236185557043791e+04 1.382770905493940283e+01
1.083743487215637288e+04 1.388338338083230816e+01
1.089250788874230784e+04 1.393905770672521349e+01
1.094758090532824463e+04 1.399473203261812060e+01
1.100265392191418141e+04 1.405040635851102770e+01
1.105772693850011638e+04 1.410608068440393303e+01
1.111279995508605134e+04 1.416175501029683836e+01
1.116787297167198631e+04 1.421742933618974369e+01
1.122294598825792309e+04 1.427310366208264902e+01
1.127801900484385988e+04 1.432877798797555613e+01
1.133309202142979484e+04 1.438445231386846146e+01
1.138816503801572981e+04 1.444012663976136679e+01
1.144323805460166477e+04 1.449580096565427212e+01
1.149831107118760156e+04 1.455147529154717922e+01
1.155338408777353834e+04 1.460714961744008633e+01
1.160845710435947331e+04 1.466282394333299166e+01
1.166353012094540827e+04 1.471849826922589521e+01
1.171860313753134324e+04 1.477417259511880054e+01
1.177367615411728002e+04 1.482984692101170765e+01
1.182874917070321499e+04 1.488552124690461298e+01
1.188382218728915177e+04 1.494119557279752009e+01
1.193889520387508674e+04 1.499686989869042542e+01
1.199396822046102352e+04 1.505254422458333252e+01
1.204904123704695849e+04 1.510821855047623785e+01
1.210411425363289345e+04 1.516389287636914140e+01
1.215918727021883024e+04 1.521956720226204851e+01
1.221426028680476520e+04 1.527524152815495384e+01
1.226933330339070199e+04 1.533091585404786095e+01
1.232440631997663695e+04 1.538659017994076628e+01
1.237947933656257192e+04 1.544226450583367161e+01
1.243455235314850870e+04 1.549793883172657871e+01
1.248962536973444367e+04 1.555361315761948404e+01
1.254469838632038045e+04 1.560928748351239115e+01
1.259977140290631542e+04 1.566496180940529470e+01
1.265484441949225038e+04 1.572063613529820003e+01
1.270991743607818717e+04 1.577631046119110714e+01
1.276499045266412213e+04 1.583198478708401247e+01
1.282006346925005892e+04 1.588765911297691957e+01
1.287513648583599388e+04 1.594333343886982490e+01
1.293020950242192885e+04 1.599900776476273023e+01
1.298528251900786563e+04 1.605468209065563556e+01
1.304035553559380060e+04 1.611035641654854089e+01
1.309542855217973738e+04 1.616603074244144977e+01
1.315050156876567235e+04 1.622170506833435510e+01
1.320557458535160731e+04 1.627737939422726043e+01
1.326064760193754410e+04 1.633305372012016576e+01
1.331572061852347906e+04 1.638872804601307109e+01
1.337079363510941585e+04 1.644440237190597998e+01
1.342586665169535081e+04 1.650007669779888175e+01
1.348093966828128578e+04 1.655575102369178708e+01
1.353601268486722256e+04 1.661142534958469597e+01
1.359108570145315753e+04 1.666709967547760129e+01
1.364615871803909431e+04 1.672277400137050662e+01
1.370123173462502928e+04 1.677844832726341195e+01
1.375630475121096424e+04 1.683412265315631728e+01
1.381137776779690103e+04 1.688979697904922617e+01
1.386645078438283599e+04 1.694547130494212794e+01
1.392152380096877278e+04 1.700114563083503683e+01
1.397659681755470774e+04 1.705681995672794216e+01
1.403166983414064271e+04 1.711249428262084749e+01
1.408674285072657949e+04 1.716816860851375282e+01
1.414181586731251446e+04 1.722384293440665815e+01
1.419688888389844942e+04 1.727951726029956347e+01
1.425196190048438621e+04 1.733519158619247236e+01
1.430703491707032117e+04 1.739086591208537413e+01
1.436210793365625796e+04 1.744654023797828302e+01
1.441718095024219292e+04 1.750221456387118835e+01
1.447225396682812789e+04 1.755788888976409368e+01
1.452732698341406467e+04 1.761356321565699901e+01
1.458239999999999964e+04 1.766923754154990434e+01
