7.379900000000000091e+02 1.301928504884047655e+00
7.438154709418838593e+02 1.306024787639715523e+00
7.496409418837674821e+02 1.310113235047915659e+00
7.554664128256513322e+02 1.314193961692503354e+00
7.612918837675350687e+02 1.318267081420260833e+00
7.671173547094188052e+02 1.322332707342852132e+00
7.729428256513026554e+02 1.326390951838777532e+00
7.787682965931863919e+02 1.330441926555327559e+00
7.845937675350701284e+02 1.334485742410537856e+00
7.904192384769539785e+02 1.338522509595142740e+00
7.962447094188377150e+02 1.342552337574531407e+00
8.020701803607214515e+02 1.346575335090700820e+00
8.078956513026053017e+02 1.350591610164210810e+00
8.137211222444889245e+02 1.354601270096138066e+00
8.195465931863727747e+02 1.358604421470031909e+00
8.253720641282565111e+02 1.362601170153866281e+00
8.311975350701402476e+02 1.366591621301996629e+00
8.370230060120240978e+02 1.370575879357113003e+00
8.428484769539078343e+02 1.374554048052194943e+00
8.486739478957915708e+02 1.378526230412466358e+00
8.544994188376754209e+02 1.382492528757348182e+00
8.603248897795591574e+02 1.386453044702415927e+00
8.661503607214428939e+02 1.390407879161350557e+00
8.719758316633266304e+02 1.394357132347895822e+00
8.778013026052103669e+02 1.398300903777810911e+00
8.836267735470942171e+02 1.402239292270825999e+00
8.894522444889779536e+02 1.406172395952596466e+00
8.952777154308616900e+02 1.410100312256655997e+00
9.011031863727455402e+02 1.414023137926373686e+00
9.069286573146292767e+02 1.417940969016906028e+00
9.127541282565130132e+02 1.421853900897151801e+00
9.185795991983968634e+02 1.425762028251708724e+00
9.244050701402804862e+02 1.429665445082824338e+00
9.302305410821643363e+02 1.433564244712353997e+00
9.360560120240480728e+02 1.437458519783711974e+00
9.418814829659318093e+02 1.441348362263828786e+00
9.477069539078156595e+02 1.445233863445103850e+00
9.535324248496993960e+02 1.449115113947360367e+00
9.593578957915831324e+02 1.452992203719800868e+00
9.651833667334669826e+02 1.456865222042959207e+00
9.710088376753507191e+02 1.460734257530657665e+00
9.768343086172344556e+02 1.464599398131959607e+00
9.826597795591183058e+02 1.468460731133125030e+00
9.884852505010020423e+02 1.472318343159563891e+00
9.943107214428857787e+02 1.476172320177791875e+00
1.000136192384769629e+03 1.480022747497383495e+00
1.005961663326653365e+03 1.483869709772928092e+00
1.011787134268537102e+03 1.487713291005982263e+00
1.017612605210420952e+03 1.491553574547026084e+00
1.023438076152304689e+03 1.495390643097417094e+00
1.029263547094188425e+03 1.499224578711344069e+00
1.035089018036072048e+03 1.503055462797782127e+00
1.040914488977955898e+03 1.506883376122446938e+00
1.046739959919839748e+03 1.510708398809749831e+00
1.052565430861723598e+03 1.514530610344750450e+00
1.058390901803607221e+03 1.518350089575113415e+00
1.064216372745491071e+03 1.522166914713061869e+00
1.070041843687374694e+03 1.525981163337330804e+00
1.075867314629258544e+03 1.529792912395123050e+00
1.081692785571142394e+03 1.533602238204063717e+00
1.087518256513026245e+03 1.537409216454153071e+00
1.093343727454909867e+03 1.541213922209722753e+00
1.099169198396793718e+03 1.545016429911389544e+00
1.104994669338677340e+03 1.548816813378008694e+00
1.110820140280561191e+03 1.552615145808631247e+00
1.116645611222445041e+03 1.556411499784454922e+00
1.122471082164328891e+03 1.560205947270781213e+00
1.128296553106212514e+03 1.563998559618969164e+00
1.134122024048096364e+03 1.567789407568388693e+00
1.139947494989979987e+03 1.571578561248376804e+00
1.145772965931863837e+03 1.575366090180190248e+00
1.151598436873747460e+03 1.579152063278962403e+00
1.157423907815631310e+03 1.582936548855654380e+00
1.163249378757514933e+03 1.586719614619012564e+00
1.169074849699398783e+03 1.590501327677520838e+00
1.174900320641282633e+03 1.594281754541357454e+00
1.180725791583166483e+03 1.598060961124346147e+00
1.186551262525050106e+03 1.601839012745914115e+00
1.192376733466933729e+03 1.605615974133043355e+00
1.198202204408817579e+03 1.609391909422227762e+00
1.204027675350701429e+03 1.613166882161425786e+00
1.209853146292585279e+03 1.616940955312015316e+00
1.215678617234469129e+03 1.620714191250748559e+00
1.221504088176352752e+03 1.624486651771706036e+00
1.227329559118236375e+03 1.628258398088251457e+00
1.233155030060120225e+03 1.632029490834985719e+00
1.238980501002004075e+03 1.635799990069701115e+00
1.244805971943887926e+03 1.639569955275336888e+00
1.250631442885771776e+03 1.643339445361932771e+00
1.256456913827655399e+03 1.647108518668583432e+00
1.262282384769539021e+03 1.650877232965393349e+00
1.268107855711422872e+03 1.654645645455430802e+00
1.273933326653306722e+03 1.658413812776682983e+00
1.279758797595190572e+03 1.662181791004009979e+00
1.285584268537074422e+03 1.665949635651098770e+00
1.291409739478957817e+03 1.669717401672418555e+00
1.297235210420841668e+03 1.673485143465174740e+00
1.303060681362725518e+03 1.677252914871263378e+00
1.308886152304609141e+03 1.681020769179226271e+00
1.314711623246492991e+03 1.684788759126204294e+00
1.320537094188376614e+03 1.688556936899891836e+00
1.326362565130260464e+03 1.692325354140492788e+00
1.332188036072144314e+03 1.696094061942674092e+00
1.338013507014028164e+03 1.699863110857519066e+00
1.343838977955911787e+03 1.703632550894483844e+00
1.349664448897795637e+03 1.707402431523350472e+00
1.355489919839679260e+03 1.711172801676181798e+00
1.361315390781563110e+03 1.714943709749275680e+00
1.367140861723446960e+03 1.718715203605119868e+00
1.372966332665330810e+03 1.722487330574346664e+00
1.378791803607214433e+03 1.726260137457686028e+00
1.384617274549098283e+03 1.730033670527920897e+00
1.390442745490981906e+03 1.733807975531842738e+00
1.396268216432865756e+03 1.737583097692203760e+00
1.402093687374749607e+03 1.741359081709673351e+00
1.407919158316633229e+03 1.745135971764790739e+00
1.413744629258517080e+03 1.748913811519921424e+00
1.419570100200400702e+03 1.752692644121209398e+00
1.425395571142284552e+03 1.756472512200534020e+00
1.431221042084168403e+03 1.760253457877462679e+00
1.437046513026052253e+03 1.764035522761205232e+00
1.442871983967935876e+03 1.767818747952569769e+00
1.448697454909819726e+03 1.771603174045916163e+00
1.454522925851703349e+03 1.775388841131110285e+00
1.460348396793587199e+03 1.779175788795479107e+00
1.466173867735471049e+03 1.782964056125764696e+00
1.471999338677354899e+03 1.786753681710078867e+00
1.477824809619238522e+03 1.790544703639857405e+00
1.483650280561122372e+03 1.794337159511814939e+00
1.489475751503005995e+03 1.798131086429899606e+00
1.495301222444889845e+03 1.801926521007245707e+00
1.501126693386773695e+03 1.805723499368130591e+00
1.506952164328657318e+03 1.809522057149927532e+00
1.512777635270541168e+03 1.813322229505060612e+00
1.518603106212425018e+03 1.817124051102959825e+00
1.524428577154308641e+03 1.820927556132013514e+00
1.530254048096192491e+03 1.824732778301525915e+00
1.536079519038076342e+03 1.828539750843668710e+00
1.541904989979959964e+03 1.832348506515436348e+00
1.547730460921843815e+03 1.836159077600601819e+00
1.553555931863727437e+03 1.839971495911669530e+00
1.559381402805611287e+03 1.843785792791830414e+00
1.565206873747495138e+03 1.847601999116916360e+00
1.571032344689378988e+03 1.851420145297353992e+00
1.576857815631262611e+03 1.855240261280120428e+00
1.582683286573146461e+03 1.859062376550696172e+00
1.588508757515030084e+03 1.862886520135021318e+00
1.594334228456913934e+03 1.866712720601448217e+00
1.600159699398797784e+03 1.870541006062697020e+00
1.605985170340681634e+03 1.874371404177810341e+00
1.611810641282565257e+03 1.878203942154106132e+00
1.617636112224449107e+03 1.882038646749133903e+00
1.623461583166332730e+03 1.885875544272628934e+00
1.629287054108216580e+03 1.889714660588465600e+00
1.635112525050100430e+03 1.893556021116612476e+00
1.640937995991984053e+03 1.897399650835087215e+00
1.646763466933867903e+03 1.901245574281909656e+00
1.652588937875751526e+03 1.905093815557059145e+00
1.658414408817635376e+03 1.908944398324424085e+00
1.664239879759519226e+03 1.912797345813762373e+00
1.670065350701402849e+03 1.916652680822651167e+00
1.675890821643286472e+03 1.920510425718442216e+00
1.681716292585170322e+03 1.924370602440219402e+00
1.687541763527054172e+03 1.928233232500748517e+00
1.693367234468938022e+03 1.932098336988435472e+00
1.699192705410821873e+03 1.935965936569278956e+00
1.705018176352705495e+03 1.939836051488824209e+00
1.710843647294589118e+03 1.943708701574120568e+00
1.716669118236472968e+03 1.947583906235672346e+00
1.722494589178356819e+03 1.951461684469394164e+00
1.728320060120240669e+03 1.955342054858568046e+00
1.734145531062124292e+03 1.959225035575794527e+00
1.739971002004008142e+03 1.963110644384948200e+00
1.745796472945891765e+03 1.966998898643133487e+00
1.751621943887775615e+03 1.970889815302636183e+00
1.757447414829659465e+03 1.974783410912881454e+00
1.763272885771543315e+03 1.978679701622385156e+00
1.769098356713426938e+03 1.982578703180710722e+00
1.774923827655310788e+03 1.986480430940422481e+00
1.780749298597194411e+03 1.990384899859039214e+00
1.786574769539078261e+03 1.994292124500989694e+00
1.792400240480962111e+03 1.998202119039568014e+00
1.798225711422845734e+03 2.002114897258885584e+00
1.804051182364729357e+03 2.006030472555828670e+00
1.809876653306613207e+03 2.009948857942009504e+00
1.815702124248497057e+03 2.013870066045723384e+00
1.821527595190380907e+03 2.017794109113901335e+00
1.827353066132264757e+03 2.021720999014066322e+00
1.833178537074148608e+03 2.025650747236285909e+00
1.839004008016032230e+03 2.029583364895128472e+00
1.844829478957915853e+03 2.033518862731615418e+00
1.850654949899799703e+03 2.037457251115177392e+00
1.856480420841683554e+03 2.041398540045609167e+00
1.862305891783567176e+03 2.045342739155021405e+00
1.868131362725450799e+03 2.049289857709799101e+00
1.873956833667334649e+03 2.053239904612551125e+00
1.879782304609218500e+03 2.057192888404069553e+00
1.885607775551102350e+03 2.061148817265280986e+00
1.891433246492986200e+03 2.065107699019201881e+00
1.897258717434869823e+03 2.069069541132892986e+00
1.903084188376753445e+03 2.073034350719414221e+00
1.908909659318637296e+03 2.077002134539777778e+00
1.914735130260521146e+03 2.080972899004905230e+00
1.920560601202404996e+03 2.084946650177578853e+00
1.926386072144288619e+03 2.088923393774396953e+00
1.932211543086172469e+03 2.092903135167730966e+00
1.938037014028056092e+03 2.096885879387676344e+00
1.943862484969939942e+03 2.100871631124007877e+00
1.949687955911823792e+03 2.104860394728136797e+00
1.955513426853707642e+03 2.108852174215060771e+00
1.961338897795591265e+03 2.112846973265322781e+00
1.967164368737474888e+03 2.116844795226961118e+00
1.972989839679358738e+03 2.120845643117468704e+00
1.978815310621242588e+03 2.124849519625743532e+00
1.984640781563126438e+03 2.128856427114044436e+00
1.990466252505010289e+03 2.132866367619947745e+00
1.996291723446893911e+03 2.136879342858296837e+00
2.002117194388777534e+03 2.140895354223161462e+00
2.007942665330661384e+03 2.144914402789789953e+00
2.013768136272545235e+03 2.148936489316563225e+00
2.019593607214429085e+03 2.152961614246949651e+00
2.025419078156312708e+03 2.156989777711461276e+00
2.031244549098196558e+03 2.161020979529606034e+00
2.037070020040080180e+03 2.165055219211842186e+00
2.042895490981964031e+03 2.169092495961533196e+00
2.048720961923847881e+03 2.173132808676905725e+00
2.054546432865731731e+03 2.177176155952996073e+00
2.060371903807615126e+03 2.181222536083613051e+00
2.066197374749499431e+03 2.185271947063287090e+00
2.072022845691382827e+03 2.189324386589226012e+00
2.077848316633266677e+03 2.193379852063271684e+00
2.083673787575150527e+03 2.197438340593850459e+00
2.089499258517034377e+03 2.201499848997931608e+00
2.095324729458918227e+03 2.205564373802978650e+00
2.101150200400801623e+03 2.209631911248904679e+00
2.106975671342685473e+03 2.213702457290029901e+00
2.112801142284569323e+03 2.217776007597029420e+00
2.118626613226452719e+03 2.221852557558895214e+00
2.124452084168336569e+03 2.225932102284884806e+00
2.130277555110220419e+03 2.230014636606479694e+00
2.136103026052104269e+03 2.234100155079335792e+00
2.141928496993988119e+03 2.238188651985241862e+00
2.147753967935871515e+03 2.242280121334070841e+00
2.153579438877755365e+03 2.246374556865737837e+00
2.159404909819639215e+03 2.250471952052150115e+00
2.165230380761523065e+03 2.254572300099165538e+00
2.171055851703406915e+03 2.258675593948543003e+00
2.176881322645290311e+03 2.262781826279902653e+00
2.182706793587174616e+03 2.266890989512673649e+00
2.188532264529058011e+03 2.271003075808053051e+00
2.194357735470941861e+03 2.275118077070960254e+00
2.200183206412825712e+03 2.279235984951988314e+00
2.206008677354709562e+03 2.283356790849360607e+00
2.211834148296593412e+03 2.287480485910886152e+00
2.217659619238476807e+03 2.291607061035911386e+00
2.223485090180360658e+03 2.295736506877277705e+00
2.229310561122244508e+03 2.299868813843272797e+00
2.235136032064128358e+03 2.304003972099588626e+00
2.240961503006012208e+03 2.308141971571270545e+00
2.246786973947895603e+03 2.312282801944677502e+00
2.252612444889779454e+03 2.316426452669434255e+00
2.258437915831663304e+03 2.320572912960384926e+00
2.264263386773547154e+03 2.324722171799547876e+00
2.270088857715431004e+03 2.328874217938069702e+00
2.275914328657314400e+03 2.333029039898182777e+00
2.281739799599198705e+03 2.337186625975155252e+00
2.287565270541082100e+03 2.341346964239246820e+00
2.293390741482965950e+03 2.345510042537667594e+00
2.299216212424849800e+03 2.349675848496524999e+00
2.305041683366733650e+03 2.353844369522783531e+00
2.310867154308617501e+03 2.358015592806218308e+00
2.316692625250500896e+03 2.362189505321367733e+00
2.322518096192384746e+03 2.366366093829490147e+00
2.328343567134268596e+03 2.370545344880517824e+00
2.334169038076152447e+03 2.374727244815008298e+00
2.339994509018036297e+03 2.378911779766105017e+00
2.345819979959919692e+03 2.383098935661485118e+00
2.351645450901803542e+03 2.387288698225318306e+00
2.357470921843687393e+03 2.391481052980219957e+00
2.363296392785571243e+03 2.395675985249205553e+00
2.369121863727455093e+03 2.399873480157643790e+00
2.374947334669338943e+03 2.404073522635215454e+00
2.380772805611222793e+03 2.408276097417860750e+00
2.386598276553106189e+03 2.412481189049739960e+00
2.392423747494990039e+03 2.416688781885186543e+00
2.398249218436873889e+03 2.420898860090659355e+00
2.404074689378757739e+03 2.425111407646697970e+00
2.409900160320641589e+03 2.429326408349879785e+00
2.415725631262524985e+03 2.433543845814769568e+00
2.421551102204408835e+03 2.437763703475878341e+00
2.427376573146292685e+03 2.441985964589616032e+00
2.433202044088176535e+03 2.446210612236246362e+00
2.439027515030060385e+03 2.450437629321839950e+00
2.444852985971943781e+03 2.454666998580229631e+00
2.450678456913827631e+03 2.458898702574965789e+00
2.456503927855711481e+03 2.463132723701270343e+00
2.462329398797595331e+03 2.467369044187989857e+00
2.468154869739479182e+03 2.471607646099552635e+00
2.473980340681363032e+03 2.475848511337919167e+00
2.479805811623246882e+03 2.480091621644540556e+00
2.485631282565130277e+03 2.484336958602311629e+00
2.491456753507014128e+03 2.488584503637524481e+00
2.497282224448897978e+03 2.492834238021823801e+00
2.503107695390781828e+03 2.497086142874160863e+00
2.508933166332665678e+03 2.501340199162748412e+00
2.514758637274549073e+03 2.505596387707014649e+00
2.520584108216432924e+03 2.509854689179557674e+00
2.526409579158316774e+03 2.514115084108101250e+00
2.532235050100200624e+03 2.518377552877448355e+00
2.538060521042084474e+03 2.522642075731433842e+00
2.543885991983967870e+03 2.526908632774880203e+00
2.549711462925852175e+03 2.531177203975555567e+00
2.555536933867735570e+03 2.535447769166121912e+00
2.561362404809619420e+03 2.539720308046093500e+00
2.567187875751503270e+03 2.543994800183788652e+00
2.573013346693387120e+03 2.548271225018289954e+00
2.578838817635270971e+03 2.552549561861391147e+00
2.584664288577154366e+03 2.556829789899554672e+00
2.590489759519038216e+03 2.561111888195870101e+00
2.596315230460922066e+03 2.565395835692001025e+00
2.602140701402805917e+03 2.569681611210145711e+00
2.607966172344689767e+03 2.573969193454988869e+00
2.613791643286573162e+03 2.578258561015655204e+00
2.619617114228457012e+03 2.582549692367667404e+00
2.625442585170340863e+03 2.586842565874897470e+00
2.631268056112224713e+03 2.591137159791520705e+00
2.637093527054108563e+03 2.595433452263973262e+00
2.642918997995991958e+03 2.599731421332903913e+00
2.648744468937876263e+03 2.604031044935130268e+00
2.654569939879759659e+03 2.608332300905591872e+00
2.660395410821643509e+03 2.612635166979304202e+00
2.666220881763527359e+03 2.616939620793316212e+00
2.672046352705411209e+03 2.621245639888660328e+00
2.677871823647295059e+03 2.625553201712309548e+00
2.683697294589178455e+03 2.629862283619134544e+00
2.689522765531062305e+03 2.634172862873850995e+00
2.695348236472946155e+03 2.638484916652981127e+00
2.701173707414830005e+03 2.642798422046803708e+00
2.706999178356713855e+03 2.647113356061309375e+00
2.712824649298597251e+03 2.651429695620157290e+00
2.718650120240481101e+03 2.655747417566627355e+00
2.724475591182364951e+03 2.660066498665574208e+00
2.730301062124248801e+03 2.664386915605385653e+00
2.736126533066132652e+03 2.668708644999930879e+00
2.741952004008016502e+03 2.673031663390519341e+00
2.747777474949899897e+03 2.677355947247853862e+00
2.753602945891783747e+03 2.681681472973987734e+00
2.759428416833667598e+03 2.686008216904272938e+00
2.765253887775551448e+03 2.690336155309320798e+00
2.771079358717435298e+03 2.694665264396954640e+00
2.776904829659319148e+03 2.698995520314159791e+00
2.782730300601202543e+03 2.703326899149045559e+00
2.788555771543086394e+03 2.707659376932797013e+00
2.794381242484970244e+03 2.711992929641622752e+00
2.800206713426854094e+03 2.716327533198720445e+00
2.806032184368737944e+03 2.720663163476223723e+00
2.811857655310621794e+03 2.724999796297157939e+00
2.817683126252505190e+03 2.729337407437396834e+00
2.823508597194389040e+03 2.733675972627615636e+00
2.829334068136272890e+03 2.738015467555243720e+00
2.835159539078156740e+03 2.742355867866422159e+00
2.840985010020040590e+03 2.746697149167957264e+00
2.846810480961923986e+03 2.751039287029272362e+00
2.852635951903807836e+03 2.755382256984366229e+00
2.858461422845691231e+03 2.759726034533766192e+00
2.864286893787575536e+03 2.764070595146479903e+00
2.870112364729458932e+03 2.768415914261954214e+00
2.875937835671343237e+03 2.772761967292025176e+00
2.881763306613226632e+03 2.777108729622876915e+00
2.887588777555110028e+03 2.781456176616992515e+00
2.893414248496994333e+03 2.785804283615111121e+00
2.899239719438877728e+03 2.790153025938179265e+00
2.905065190380762033e+03 2.794502378889307970e+00
2.910890661322645883e+03 2.798852317755727626e+00
2.916716132264529278e+03 2.803202817810737990e+00
2.922541603206413129e+03 2.807553854315670172e+00
2.928367074148296979e+03 2.811905402521833075e+00
2.934192545090180829e+03 2.816257437672472719e+00
2.940018016032064679e+03 2.820609935004725344e+00
2.945843486973948075e+03 2.824962869751573624e+00
2.951668957915831925e+03 2.829316217143797108e+00
2.957494428857715775e+03 2.833669952411928428e+00
2.963319899799599625e+03 2.838024050788214403e+00
2.969145370741483475e+03 2.842378487508554041e+00
2.974970841683367325e+03 2.846733237814474293e+00
2.980796312625250266e+03 2.851088276955064060e+00
2.986621783567134116e+03 2.855443580188945951e+00
2.992447254509017966e+03 2.859799122786219172e+00
2.998272725450901817e+03 2.864154880030417072e+00
3.004098196392785667e+03 2.868510827220463355e+00
3.009923667334669517e+03 2.872866939672626518e+00
3.015749138276552912e+03 2.877223192722471179e+00
3.021574609218436763e+03 2.881579561726814731e+00
3.027400080160320613e+03 2.885936022065684892e+00
3.033225551102204463e+03 2.890292549144266587e+00
3.039051022044088313e+03 2.894649118394862164e+00
3.044876492985972163e+03 2.899005705278844935e+00
3.050701963927855559e+03 2.903362285288612732e+00
3.056527434869739409e+03 2.907718833949544113e+00
3.062352905811623259e+03 2.912075326821947918e+00
3.068178376753507109e+03 2.916431739503023923e+00
3.074003847695390959e+03 2.920788047628814166e+00
3.079829318637274355e+03 2.925144226876156495e+00
3.085654789579158205e+03 2.929500252964643003e+00
3.091480260521042055e+03 2.933856101658566473e+00
3.097305731462925905e+03 2.938211748768886800e+00
3.103131202404809756e+03 2.942567170155173883e+00
3.108956673346693606e+03 2.946922341727568284e+00
3.114782144288577001e+03 2.951277239448736101e+00
3.120607615230460851e+03 2.955631839335818078e+00
3.126433086172344701e+03 2.959986117462391153e+00
3.132258557114228552e+03 2.964340049960416668e+00
3.138084028056112402e+03 2.968693613022198363e+00
3.143909498997996252e+03 2.973046782902336815e+00
3.149734969939879647e+03 2.977399535919682094e+00
3.155560440881763498e+03 2.981751848459291310e+00
3.161385911823647348e+03 2.986103696974375055e+00
3.167211382765531198e+03 2.990455057988266496e+00
3.173036853707415048e+03 2.994805908096359381e+00
3.178862324649298898e+03 2.999156223968072243e+00
3.184687795591182294e+03 3.003505982348802839e+00
3.190513266533066144e+03 3.007855160061880362e+00
3.196338737474949994e+03 3.012203734010515888e+00
3.202164208416833844e+03 3.016551681179765687e+00
3.207989679358717694e+03 3.020898978638478560e+00
3.213815150300601090e+03 3.025245603541252493e+00
3.219640621242484940e+03 3.029591533130390424e+00
3.225466092184368790e+03 3.033936744737855129e+00
3.231291563126252640e+03 3.038281215787216549e+00
3.237117034068136491e+03 3.042624923795616887e+00
3.242942505010020341e+03 3.046967846375718381e+00
3.248767975951903736e+03 3.051309961237658186e+00
3.254593446893787586e+03 3.055651246191004589e+00
3.260418917835671436e+03 3.059991679146714105e+00
3.266244388777555287e+03 3.064331238119075262e+00
3.272069859719439137e+03 3.068669901227678576e+00
3.277895330661322987e+03 3.073007646699358109e+00
3.283720801603206382e+03 3.077344452870149460e+00
3.289546272545090233e+03 3.081680298187249090e+00
3.295371743486974083e+03 3.086015161210964308e+00
3.301197214428857933e+03 3.090349020616665943e+00
3.307022685370741783e+03 3.094681855196747655e+00
3.312848156312625179e+03 3.099013643862578604e+00
3.318673627254509029e+03 3.103344365646454328e+00
3.324499098196392879e+03 3.107673999703556511e+00
3.330324569138276729e+03 3.112002525313904755e+00
3.336150040080160579e+03 3.116329921884311016e+00
3.341975511022044429e+03 3.120656168950334930e+00
3.347800981963927825e+03 3.124981246178237804e+00
3.353626452905811675e+03 3.129305133366937497e+00
3.359451923847695525e+03 3.133627810449960194e+00
3.365277394789579375e+03 3.137949257497400168e+00
3.371102865731463226e+03 3.142269454717866672e+00
3.376928336673347076e+03 3.146588382460447697e+00
3.382753807615230471e+03 3.150906021216657305e+00
3.388579278557114321e+03 3.155222351622390953e+00
3.394404749498998171e+03 3.159537354459885705e+00
3.400230220440882022e+03 3.163851010659665786e+00
3.406055691382765872e+03 3.168163301302501900e+00
3.411881162324649722e+03 3.172474207621368336e+00
3.417706633266533117e+03 3.176783711003391630e+00
3.423532104208416968e+03 3.181091792991807665e+00
3.429357575150300818e+03 3.185398435287920549e+00
3.435183046092184668e+03 3.189703619753046837e+00
3.441008517034068518e+03 3.194007328410478408e+00
3.446833987975951914e+03 3.198309543447434677e+00
3.452659458917835764e+03 3.202610247217017481e+00
3.458484929859719614e+03 3.206909422240162844e+00
3.464310400801603464e+03 3.211207051207597196e+00
3.470135871743487314e+03 3.215503116981795806e+00
3.475961342685371164e+03 3.219797602598927444e+00
3.481786813627254560e+03 3.224090491270820813e+00
3.487612284569138410e+03 3.228381766386909213e+00
3.493437755511022260e+03 3.232671411516189863e+00
3.499263226452906110e+03 3.236959410409176119e+00
3.505088697394789961e+03 3.241245746999854127e+00
3.510914168336673811e+03 3.245530405407636820e+00
3.516739639278557206e+03 3.249813369939316132e+00
3.522565110220441056e+03 3.254094625091021875e+00
3.528390581162324906e+03 3.258374155550168627e+00
3.534216052104208757e+03 3.262651946197419051e+00
3.540041523046092607e+03 3.266927982108632555e+00
3.545866993987976002e+03 3.271202248556822401e+00
3.551692464929859852e+03 3.275474731014106133e+00
3.557517935871743703e+03 3.279745415153666244e+00
3.563343406813627553e+03 3.284014286851702380e+00
3.569168877755511403e+03 3.288281332189376904e+00
3.574994348697395253e+03 3.292546537454790645e+00
3.580819819639278649e+03 3.296809889144912020e+00
3.586645290581162499e+03 3.301071373967546130e+00
3.592470761523046349e+03 3.305330978843294076e+00
3.598296232464930199e+03 3.309588690907488306e+00
3.604121703406814049e+03 3.313844497512166143e+00
3.609947174348697899e+03 3.318098386228014451e+00
3.615772645290581295e+03 3.322350344846327630e+00
3.621598116232465145e+03 3.326570406401673896e+00
3.676663452331799363e+03 3.367349232399742931e+00
3.731728788431134035e+03 3.408128058397812854e+00
3.786794124530468252e+03 3.448906884395881889e+00
3.841859460629802470e+03 3.489685710393950924e+00
3.896924796729136688e+03 3.530464536392020403e+00
3.951990132828471360e+03 3.571243362390089882e+00
4.007055468927805578e+03 3.612022188388158916e+00
4.062120805027139795e+03 3.652801014386228395e+00
4.117186141126474467e+03 3.693579840384297874e+00
4.172251477225808230e+03 3.734358666382366909e+00
4.227316813325142903e+03 3.775137492380436388e+00
4.282382149424477575e+03 3.815916318378505867e+00
4.337447485523811338e+03 3.856695144376574902e+00
4.392512821623146010e+03 3.897473970374644381e+00
4.447578157722480682e+03 3.938252796372713860e+00
4.502643493821814445e+03 3.979031622370782895e+00
4.557708829921149118e+03 4.019810448368851930e+00
4.612774166020482880e+03 4.060589274366921408e+00
4.667839502119817553e+03 4.101368100364990887e+00
4.722904838219152225e+03 4.142146926363060366e+00
4.777970174318486897e+03 4.182925752361129845e+00
4.833035510417820660e+03 4.223704578359198436e+00
4.888100846517155333e+03 4.264483404357267915e+00
4.943166182616489095e+03 4.305262230355337394e+00
4.998231518715823768e+03 4.346041056353406873e+00
5.053296854815158440e+03 4.386819882351476352e+00
5.108362190914492203e+03 4.427598708349544943e+00
5.163427527013826875e+03 4.468377534347614422e+00
5.218492863113160638e+03 4.509156360345683012e+00
5.273558199212495310e+03 4.549935186343753379e+00
5.328623535311829983e+03 4.590714012341822858e+00
5.383688871411164655e+03 4.631492838339892337e+00
5.438754207510498418e+03 4.672271664337960928e+00
5.493819543609833090e+03 4.713050490336030407e+00
5.548884879709166853e+03 4.753829316334099886e+00
5.603950215808501525e+03 4.794608142332169365e+00
5.659015551907836198e+03 4.835386968330238844e+00
5.714080888007170870e+03 4.876165794328308323e+00
5.769146224106504633e+03 4.916944620326376914e+00
5.824211560205838396e+03 4.957723446324446392e+00
5.879276896305173068e+03 4.998502272322515871e+00
5.934342232404507740e+03 5.039281098320585350e+00
5.989407568503842413e+03 5.080059924318654829e+00
6.044472904603176175e+03 5.120838750316723420e+00
6.099538240702510848e+03 5.161617576314792899e+00
6.154603576801844611e+03 5.202396402312862378e+00
6.209668912901179283e+03 5.243175228310931857e+00
6.264734249000513955e+03 5.283954054309001336e+00
6.319799585099848628e+03 5.324732880307070815e+00
6.374864921199182390e+03 5.365511706305139406e+00
6.429930257298516153e+03 5.406290532303208884e+00
6.484995593397850826e+03 5.447069358301278363e+00
6.540060929497185498e+03 5.487848184299347842e+00
6.595126265596520170e+03 5.528627010297417321e+00
6.650191601695853933e+03 5.569405836295485912e+00
6.705256937795188605e+03 5.610184662293555391e+00
6.760322273894522368e+03 5.650963488291624870e+00
6.815387609993857041e+03 5.691742314289694349e+00
6.870452946093191713e+03 5.732521140287763828e+00
6.925518282192526385e+03 5.773299966285833307e+00
6.980583618291860148e+03 5.814078792283901898e+00
7.035648954391193911e+03 5.854857618281971376e+00
7.090714290490528583e+03 5.895636444280040855e+00
7.145779626589863256e+03 5.936415270278110334e+00
7.200844962689197928e+03 5.977194096276179813e+00
7.255910298788532600e+03 6.017972922274249292e+00
7.310975634887866363e+03 6.058751748272317883e+00
7.366040970987200126e+03 6.099530574270387362e+00
7.421106307086534798e+03 6.140309400268456841e+00
7.476171643185869470e+03 6.181088226266526320e+00
7.531236979285204143e+03 6.221867052264595799e+00
7.586302315384537906e+03 6.262645878262664390e+00
7.641367651483872578e+03 6.303424704260733868e+00
7.696432987583206341e+03 6.344203530258803347e+00
7.751498323682541013e+03 6.384982356256872826e+00
7.806563659781875685e+03 6.425761182254942305e+00
7.861628995881209448e+03 6.466540008253010896e+00
7.916694331980544121e+03 6.507318834251080375e+00
7.971759668079878793e+03 6.548097660249149854e+00
8.026825004179212556e+03 6.588876486247219333e+00
8.081890340278547228e+03 6.629655312245288812e+00
8.136955676377881900e+03 6.670434138243358291e+00
8.192021012477216573e+03 6.711212964241427770e+00
8.247086348576551245e+03 6.751991790239497249e+00
8.302151684675884098e+03 6.792770616237564951e+00
8.357217020775218771e+03 6.833549442235635318e+00
8.412282356874553443e+03 6.874328268233704797e+00
8.467347692973886296e+03 6.915107094231772500e+00
8.522413029073220969e+03 6.955885920229841979e+00
8.577478365172555641e+03 6.996664746227911458e+00
8.632543701271890313e+03 7.037443572225981825e+00
8.687609037371224986e+03 7.078222398224051304e+00
8.742674373470559658e+03 7.119001224222120783e+00
8.797739709569894330e+03 7.159780050220190262e+00
8.852805045669229003e+03 7.200558876218259741e+00
8.907870381768563675e+03 7.241337702216329220e+00
8.962935717867896528e+03 7.282116528214397810e+00
9.018001053967231201e+03 7.322895354212467289e+00
9.073066390066564054e+03 7.363674180210534992e+00
9.128131726165898726e+03 7.404453006208604471e+00
9.183197062265233399e+03 7.445231832206673950e+00
9.238262398364568071e+03 7.486010658204743429e+00
9.293327734463902743e+03 7.526789484202813796e+00
9.348393070563237416e+03 7.567568310200883275e+00
9.403458406662572088e+03 7.608347136198952754e+00
9.458523742761906760e+03 7.649125962197022233e+00
9.513589078861241433e+03 7.689904788195091712e+00
9.568654414960574286e+03 7.730683614193159414e+00
9.623719751059908958e+03 7.771462440191229781e+00
9.678785087159241812e+03 7.812241266189297484e+00
9.733850423258576484e+03 7.853020092187366963e+00
9.788915759357911156e+03 7.893798918185436442e+00
9.843981095457245829e+03 7.934577744183505921e+00
9.899046431556580501e+03 7.975356570181575400e+00
9.954111767655915173e+03 8.016135396179645767e+00
1.000917710375524985e+04 8.056914222177715246e+00
1.006424243985458452e+04 8.097693048175784725e+00
1.011930777595391919e+04 8.138471874173854204e+00
1.017437311205325204e+04 8.179250700171921906e+00
1.022943844815258672e+04 8.220029526169991385e+00
1.028450378425192139e+04 8.260808352168060864e+00
1.033956912035125424e+04 8.301587178166128567e+00
1.039463445645058891e+04 8.342366004164198046e+00
1.044969979254992359e+04 8.383144830162267525e+00
1.050476512864925826e+04 8.423923656160337003e+00
1.055983046474859293e+04 8.464702482158406482e+00
1.061489580084792760e+04 8.505481308156477738e+00
1.066996113694726228e+04 8.546260134154547217e+00
1.072502647304659695e+04 8.587038960152616696e+00
1.078009180914592980e+04 8.627817786150684398e+00
1.083515714524526447e+04 8.668596612148753877e+00
1.089022248134459915e+04 8.709375438146823356e+00
1.094528781744393200e+04 8.750154264144892835e+00
1.100035315354326667e+04 8.790933090142962314e+00
1.105541848964260134e+04 8.831711916141031793e+00
1.111048382574193602e+04 8.872490742139101272e+00
1.116554916184127069e+04 8.913269568137170751e+00
1.122061449794060536e+04 8.954048394135240230e+00
1.127567983403994003e+04 8.994827220133309709e+00
1.133074517013927471e+04 9.035606046131379188e+00
1.138581050623860756e+04 9.076384872129446890e+00
1.144087584233794223e+04 9.117163698127516369e+00
1.149594117843727690e+04 9.157942524125585848e+00
1.155100651453660976e+04 9.198721350123655327e+00
1.160607185063594443e+04 9.239500176121724806e+00
1.166113718673527910e+04 9.280279002119794285e+00
1.171620252283461377e+04 9.321057828117863764e+00
1.177126785893394845e+04 9.361836654115933243e+00
1.182633319503328312e+04 9.402615480114002722e+00
1.188139853113261779e+04 9.443394306112072201e+00
1.193646386723195246e+04 9.484173132110141680e+00
1.199152920333128714e+04 9.524951958108211159e+00
1.204659453943062181e+04 9.565730784106280638e+00
1.210165987552995284e+04 9.606509610104346564e+00
1.215672521162928751e+04 9.647288436102416043e+00
1.221179054772862219e+04 9.688067262100487298e+00
1.226685588382795686e+04 9.728846088098556777e+00
1.232192121992729153e+04 9.769624914096626256e+00
1.237698655602662620e+04 9.810403740094695735e+00
1.243205189212596088e+04 9.851182566092765214e+00
1.248711722822529555e+04 9.891961392090834693e+00
1.254218256432463022e+04 9.932740218088904172e+00
1.259724790042396489e+04 9.973519044086973651e+00
1.265231323652329957e+04 1.001429787008504313e+01
1.270737857262263060e+04 1.005507669608310906e+01
1.276244390872196527e+04 1.009585552208117853e+01
1.281750924482129994e+04 1.013663434807924801e+01
1.287257458092063462e+04 1.017741317407731927e+01
1.292763991701996929e+04 1.021819200007538875e+01
1.298270525311930396e+04 1.025897082607345823e+01
1.303777058921863863e+04 1.029974965207152771e+01
1.309283592531797331e+04 1.034052847806959718e+01
1.314790126141730798e+04 1.038130730406766666e+01
1.320296659751664265e+04 1.042208613006573614e+01
1.325803193361597732e+04 1.046286495606380562e+01
1.331309726971530836e+04 1.050364378206187155e+01
1.336816260581464303e+04 1.054442260805994103e+01
1.342322794191397770e+04 1.058520143405801051e+01
1.347829327801331237e+04 1.062598026005607998e+01
1.353335861411264705e+04 1.066675908605415124e+01
1.358842395021198172e+04 1.070753791205222072e+01
1.364348928631131639e+04 1.074831673805029020e+01
1.369855462241065106e+04 1.078909556404835968e+01
1.375361995850998574e+04 1.082987439004642916e+01
1.380868529460932041e+04 1.087065321604449863e+01
1.386375063070865508e+04 1.091143204204256811e+01
1.391881596680798611e+04 1.095221086804063404e+01
1.397388130290732079e+04 1.099298969403870352e+01
1.402894663900665546e+04 1.103376852003677300e+01
1.408401197510599013e+04 1.107454734603484248e+01
1.413907731120532480e+04 1.111532617203291373e+01
1.419414264730465948e+04 1.115610499803098321e+01
1.424920798340399415e+04 1.119688382402905269e+01
1.430427331950332882e+04 1.123766265002712217e+01
1.435933865560266349e+04 1.127844147602519165e+01
1.441440399170199817e+04 1.131922030202326113e+01
1.446946932780133284e+04 1.135999912802133061e+01
1.452453466390066387e+04 1.140077795401939653e+01
1.457960000000000036e+04 1.144155678001746779e+01
