7.849950000000000045e+02 7.199507480411445393e+00
7.907647494989979577e+02 7.227082852159779414e+00
7.965344989979960246e+02 7.254542929792247463e+00
8.023042484969939778e+02 7.281886999232661140e+00
8.080739979959919310e+02 7.309114361350572686e+00
8.138437474949899979e+02 7.336224331888005601e+00
8.196134969939880648e+02 7.363216241386187022e+00
8.253832464929860180e+02 7.390089435112274785e+00
8.311529959919839712e+02 7.416843272986088920e+00
8.369227454909819244e+02 7.443477129506841372e+00
8.426924949899798776e+02 7.469990393679866614e+00
8.484622444889779445e+02 7.496382468943346922e+00
8.542319939879760113e+02 7.522652773095052758e+00
8.600017434869739645e+02 7.548800738219060946e+00
8.657714929859719177e+02 7.574825810612492383e+00
8.715412424849699846e+02 7.600727450712238209e+00
8.773109919839679378e+02 7.626505133021692195e+00
8.830807414829658910e+02 7.652158346037478687e+00
8.888504909819639579e+02 7.677686592176184099e+00
8.946202404809619111e+02 7.703089387701084867e+00
9.003899899799598643e+02 7.728366262648881602e+00
9.061597394789579312e+02 7.753516760756424375e+00
9.119294889779558844e+02 7.778540439387442440e+00
9.176992384769539512e+02 7.803436869459281056e+00
9.234689879759519044e+02 7.828205635369624105e+00
9.292387374749498576e+02 7.852846334923224703e+00
9.350084869739478108e+02 7.877358579258639359e+00
9.407782364729459914e+02 7.901741992774957701e+00
9.465479859719439446e+02 7.925996213058525086e+00
9.523177354709418978e+02 7.950120890809682095e+00
9.580874849699398510e+02 7.974115689769488036e+00
9.638572344689378042e+02 7.997980286646455106e+00
9.696269839679357574e+02 8.021714371043275449e+00
9.753967334669339380e+02 8.045317645383551763e+00
9.811664829659318912e+02 8.068789824838525249e+00
9.869362324649298444e+02 8.092130637253813319e+00
9.927059819639277976e+02 8.115339823076126891e+00
9.984757314629257507e+02 8.138417135280015202e+00
1.004245480961923931e+03 8.161362339294583990e+00
1.010015230460921885e+03 8.184175212930229648e+00
1.015784979959919838e+03 8.206855546305368065e+00
1.021554729458917791e+03 8.229403141773168784e+00
1.027324478957915744e+03 8.251817813848280281e+00
1.033094228456913697e+03 8.274099389133560578e+00
1.038863977955911650e+03 8.296247706246809628e+00
1.044633727454909831e+03 8.318262615747494593e+00
1.050403476953907784e+03 8.340143980063487561e+00
1.056173226452905965e+03 8.361891673417787274e+00
1.061942975951903918e+03 8.383505581755251512e+00
1.067712725450901871e+03 8.404985602669338363e+00
1.073482474949899824e+03 8.426331645328808406e+00
1.079252224448897778e+03 8.447543630404489079e+00
1.085021973947895731e+03 8.468621489995978635e+00
1.090791723446893684e+03 8.489565167558389192e+00
1.096561472945891637e+03 8.510374617829068455e+00
1.102331222444889590e+03 8.531049806754337439e+00
1.108100971943887771e+03 8.551590711416217516e+00
1.113870721442885952e+03 8.571997319959159256e+00
1.119640470941883677e+03 8.592269631516771256e+00
1.125410220440881858e+03 8.612407656138557854e+00
1.131179969939879811e+03 8.632411414716631981e+00
1.136949719438877764e+03 8.652280938912465302e+00
1.142719468937875718e+03 8.672016271083609951e+00
1.148489218436873671e+03 8.691617464210418476e+00
1.154258967935871851e+03 8.711084581822793993e+00
1.160028717434869804e+03 8.730417697926899478e+00
1.165798466933867758e+03 8.749616896931904364e+00
1.171568216432865711e+03 8.768682273576704489e+00
1.177337965931863664e+03 8.787613932856658039e+00
1.183107715430861845e+03 8.806411989950309049e+00
1.188877464929859798e+03 8.825076570146116239e+00
1.194647214428857751e+03 8.843607808769199607e+00
1.200416963927855704e+03 8.862005851108051502e+00
1.206186713426853657e+03 8.880270852341272558e+00
1.211956462925851611e+03 8.898402977464305863e+00
1.217726212424849564e+03 8.916402401216158680e+00
1.223495961923847744e+03 8.934269308006143717e+00
1.229265711422845470e+03 8.952003891840597305e+00
1.235035460921843651e+03 8.969606356249617107e+00
1.240805210420841831e+03 8.987076914213790957e+00
1.246574959919839785e+03 9.004415788090920358e+00
1.252344709418837738e+03 9.021623209542765309e+00
1.258114458917835691e+03 9.038699419461757145e+00
1.263884208416833644e+03 9.055644667897734479e+00
1.269653957915831597e+03 9.072459213984677362e+00
1.275423707414829551e+03 9.089143325867439671e+00
1.281193456913827504e+03 9.105697280628465506e+00
1.286963206412825684e+03 9.122121364214535788e+00
1.292732955911823410e+03 9.138415871363479326e+00
1.298502705410821591e+03 9.154581105530924745e+00
1.304272454909819771e+03 9.170617378817013332e+00
1.310042204408817724e+03 9.186525011893133197e+00
1.315811953907815678e+03 9.202304333928655211e+00
1.321581703406813631e+03 9.217955682517658289e+00
1.327351452905811584e+03 9.233479403605652891e+00
1.333121202404809765e+03 9.248875851416329397e+00
1.338890951903807490e+03 9.264145388378263846e+00
1.344660701402805671e+03 9.279288385051675192e+00
1.350430450901803624e+03 9.294305220055122163e+00
1.356200200400801577e+03 9.309196279992267620e+00
1.361969949899799758e+03 9.323961959378586073e+00
1.367739699398797484e+03 9.338602660568096070e+00
1.373509448897795664e+03 9.353118793680105014e+00
1.379279198396793618e+03 9.367510776525914906e+00
1.385048947895791571e+03 9.381779034535579598e+00
1.390818697394789524e+03 9.395924000684608757e+00
1.396588446893787477e+03 9.409946115420716239e+00
1.402358196392785430e+03 9.423845826590543595e+00
1.408127945891783384e+03 9.437623589366388899e+00
1.413897695390781564e+03 9.451279866172935584e+00
1.419667444889779517e+03 9.464815126613984830e+00
1.425437194388777698e+03 9.478229847399195052e+00
1.431206943887775651e+03 9.491524512270792968e+00
1.436976693386773604e+03 9.504699611930309544e+00
1.442746442885771557e+03 9.517755643965323031e+00
1.448516192384769511e+03 9.530693112776177145e+00
1.454285941883767464e+03 9.543512529502706343e+00
1.460055691382765417e+03 9.556214411950977095e+00
1.465825440881763598e+03 9.568799284520013160e+00
1.471595190380761323e+03 9.581267678128526200e+00
1.477364939879759504e+03 9.593620130141644609e+00
1.483134689378757685e+03 9.605857184297644125e+00
1.488904438877755410e+03 9.617979390634673109e+00
1.494674188376753591e+03 9.629987305417497367e+00
1.500443937875751544e+03 9.641881491064207665e+00
1.506213687374749497e+03 9.653662516072971655e+00
1.511983436873747451e+03 9.665330954948750275e+00
1.517753186372745404e+03 9.676887388130030132e+00
1.523522935871743584e+03 9.688332401915555891e+00
1.529292685370741310e+03 9.699666588391059108e+00
1.535062434869739491e+03 9.710890545355990611e+00
1.540832184368737444e+03 9.722004876250242233e+00
1.546601933867735397e+03 9.733010190080889856e+00
1.552371683366733578e+03 9.743907101348909805e+00
1.558141432865731531e+03 9.754696229975918342e+00
1.563911182364729484e+03 9.765378201230898725e+00
1.569680931863727437e+03 9.775953645656928259e+00
1.575450681362725390e+03 9.786423198997912465e+00
1.581220430861723344e+03 9.796787502125313907e+00
1.586990180360721297e+03 9.807047200964881029e+00
1.592759929859719477e+03 9.817202946423382315e+00
1.598529679358717431e+03 9.827255394315324466e+00
1.604299428857715384e+03 9.837205205289695442e+00
1.610069178356713564e+03 9.847053044756691520e+00
1.615838927855711518e+03 9.856799582814442573e+00
1.621608677354709471e+03 9.866445494175746234e+00
1.627378426853707424e+03 9.875991458094793174e+00
1.633148176352705377e+03 9.885438158293903044e+00
1.638917925851703330e+03 9.894786282890251528e+00
1.644687675350701284e+03 9.904036524322600954e+00
1.650457424849699237e+03 9.913189579278029129e+00
1.656227174348697417e+03 9.922246148618654615e+00
1.661996923847695371e+03 9.931206937308381555e+00
1.667766673346693324e+03 9.940072654339612512e+00
1.673536422845691504e+03 9.948844012659991520e+00
1.679306172344689230e+03 9.957521729099124030e+00
1.685075921843687411e+03 9.966106524295312852e+00
1.690845671342685364e+03 9.974599122622283431e+00
1.696615420841683317e+03 9.983000252115925122e+00
1.702385170340681498e+03 9.991310644401004026e+00
1.708154919839679224e+03 9.999531034617909597e+00
1.713924669338677404e+03 1.000766216134937281e+01
1.719694418837675357e+03 1.001570476654719677e+01
1.725464168336673310e+03 1.002365959545899443e+01
1.731233917835671491e+03 1.003152739655491743e+01
1.737003667334669217e+03 1.003930892145437426e+01
1.742773416833667397e+03 1.004700492485277685e+01
1.748543166332665351e+03 1.005461616444825701e+01
1.754312915831663304e+03 1.006214340086840409e+01
1.760082665330661257e+03 1.006958739759699739e+01
1.765852414829659210e+03 1.007694892090071725e+01
1.771622164328657163e+03 1.008422873975590761e+01
1.777391913827655117e+03 1.009142762577527819e+01
1.783161663326653297e+03 1.009854635313463689e+01
1.788931412825651250e+03 1.010558569849964172e+01
1.794701162324649204e+03 1.011254644095250299e+01
1.800470911823647384e+03 1.011942936191873343e+01
1.806240661322645337e+03 1.012623524509386996e+01
1.812010410821643291e+03 1.013296487637019894e+01
1.817780160320641244e+03 1.013961904376349921e+01
1.823549909819639197e+03 1.014619853733975674e+01
1.829319659318637150e+03 1.015270414914191122e+01
1.835089408817635331e+03 1.015913667311656710e+01
1.840859158316633284e+03 1.016549690504074377e+01
1.846628907815631237e+03 1.017178564244858308e+01
1.852398657314629190e+03 1.017800368455810656e+01
1.858168406813627143e+03 1.018415183219791587e+01
1.863938156312625324e+03 1.019023088773394647e+01
1.869707905811623050e+03 1.019624165499618584e+01
1.875477655310621230e+03 1.020218493920540581e+01
1.881247404809619411e+03 1.020806154689988787e+01
1.887017154308617137e+03 1.021387228586216622e+01
1.892786903807615317e+03 1.021961796504574949e+01
1.898556653306613043e+03 1.022529939450183711e+01
1.904326402805611224e+03 1.023091738530608197e+01
1.910096152304609177e+03 1.023647274948528718e+01
1.915865901803607130e+03 1.024196629994415098e+01
1.921635651302605311e+03 1.024739885039200438e+01
1.927405400801603037e+03 1.025277121526952584e+01
1.933175150300601217e+03 1.025808420967547718e+01
1.938944899799599170e+03 1.026333864929343953e+01
1.944714649298597124e+03 1.026853535031853326e+01
1.950484398797595304e+03 1.027367512938415217e+01
1.956254148296593030e+03 1.027875880348870297e+01
1.962023897795591211e+03 1.028378718992231278e+01
1.967793647294589164e+03 1.028876110619357931e+01
1.973563396793587117e+03 1.029368136995629612e+01
1.979333146292585070e+03 1.029854879893617614e+01
1.985102895791583251e+03 1.030336421085759113e+01
1.990872645290581204e+03 1.030812842337029167e+01
1.996642394789579157e+03 1.031284225397614307e+01
2.002412144288577110e+03 1.031750651995585244e+01
2.008181893787575063e+03 1.032212203829570285e+01
2.013951643286573244e+03 1.032668962561428749e+01
2.019721392785570970e+03 1.033121009808922075e+01
2.025491142284569150e+03 1.033568427138389012e+01
2.031260891783567104e+03 1.034011296057416374e+01
2.037030641282565057e+03 1.034449698007514939e+01
2.042800390781563237e+03 1.034883714356789497e+01
2.048570140280560736e+03 1.035313426392614389e+01
2.054339889779559144e+03 1.035738915314303910e+01
2.060109639278557097e+03 1.036160262225788031e+01
2.065879388777555050e+03 1.036577548128282444e+01
2.071649138276553458e+03 1.036990853912964639e+01
2.077418887775550957e+03 1.037400260353645010e+01
2.083188637274549365e+03 1.037805848099439388e+01
2.088958386773546863e+03 1.038207697667443874e+01
2.094728136272545271e+03 1.038605889435406837e+01
2.100497885771543224e+03 1.039000503634401618e+01
2.106267635270541177e+03 1.039391620341499234e+01
2.112037384769539131e+03 1.039779319472443397e+01
2.117807134268537084e+03 1.040163680774321264e+01
2.123576883767535037e+03 1.040544783818236851e+01
2.129346633266532990e+03 1.040922707991985163e+01
2.135116382765530943e+03 1.041297532492724365e+01
2.140886132264528896e+03 1.041669336319648487e+01
2.146655881763526850e+03 1.042038198266661198e+01
2.152425631262524803e+03 1.042404196915047976e+01
2.158195380761522756e+03 1.042767410626150237e+01
2.163965130260520709e+03 1.043127917534037152e+01
2.169734879759519117e+03 1.043485795538179062e+01
2.175504629258517070e+03 1.043841122296120716e+01
2.181274378757515024e+03 1.044193975216154868e+01
2.187044128256512977e+03 1.044544431449992672e+01
2.192813877755510930e+03 1.044892567885440116e+01
2.198583627254508883e+03 1.045238461139068242e+01
2.204353376753507291e+03 1.045582187548889053e+01
2.210123126252505244e+03 1.045923823167024125e+01
2.215892875751503198e+03 1.046263443752382827e+01
2.221662625250501151e+03 1.046601124763331114e+01
2.227432374749499104e+03 1.046936941350367256e+01
2.233202124248497057e+03 1.047270968348792231e+01
2.238971873747495010e+03 1.047603280271385628e+01
2.244741623246492964e+03 1.047933951301076760e+01
2.250511372745490917e+03 1.048263055283617717e+01
2.256281122244488870e+03 1.048590665720257675e+01
2.262050871743486823e+03 1.048916855760413469e+01
2.267820621242484776e+03 1.049241698194345673e+01
2.273590370741482729e+03 1.049565265445829354e+01
2.279360120240480683e+03 1.049887629564827662e+01
2.285129869739478636e+03 1.050208862220165251e+01
2.290899619238477044e+03 1.050529034692200270e+01
2.296669368737474542e+03 1.050848217865499024e+01
2.302439118236472950e+03 1.051166482221506548e+01
2.308208867735470903e+03 1.051483897831222336e+01
2.313978617234468857e+03 1.051800534347871974e+01
2.319748366733467265e+03 1.052116460999578607e+01
2.325518116232464763e+03 1.052431746582039551e+01
2.331287865731463171e+03 1.052746459451196159e+01
2.337057615230461124e+03 1.053060667515908122e+01
2.342827364729459077e+03 1.053374438230625998e+01
2.348597114228457031e+03 1.053687838588064629e+01
2.354366863727454984e+03 1.054000935111876203e+01
2.360136613226452937e+03 1.054313793849322600e+01
2.365906362725450890e+03 1.054626480363949348e+01
2.371676112224448843e+03 1.054939059728257789e+01
2.377445861723446797e+03 1.055251596516377255e+01
2.383215611222444750e+03 1.055564154796741505e+01
2.388985360721442703e+03 1.055876798124757343e+01
2.394755110220440656e+03 1.056189589535480700e+01
2.400524859719438609e+03 1.056502591536288094e+01
2.406294609218436563e+03 1.056815866099550405e+01
2.412064358717434970e+03 1.057129474655305756e+01
2.417834108216432469e+03 1.057443478083931510e+01
2.423603857715430877e+03 1.057757936708818747e+01
2.429373607214428830e+03 1.058072910289044444e+01
2.435143356713426783e+03 1.058388458012045064e+01
2.440913106212425191e+03 1.058704638486289085e+01
2.446682855711422690e+03 1.059021509733948108e+01
2.452452605210421098e+03 1.059339129183574180e+01
2.458222354709418596e+03 1.059657553662770368e+01
2.463992104208417004e+03 1.059976839390861869e+01
2.469761853707414957e+03 1.060297041971572085e+01
2.475531603206412910e+03 1.060618216385694623e+01
2.481301352705410864e+03 1.060940416983765999e+01
2.487071102204408817e+03 1.061263697478737988e+01
2.492840851703406770e+03 1.061588110938652285e+01
2.498610601202404723e+03 1.061913709779312143e+01
2.504380350701402676e+03 1.062240545756955790e+01
2.510150100200400630e+03 1.062568669960930379e+01
2.515919849699398583e+03 1.062898132806362383e+01
2.521689599198396536e+03 1.063228984026832791e+01
2.527459348697394489e+03 1.063561272667051583e+01
2.533229098196392442e+03 1.063895047075524758e+01
2.538998847695390850e+03 1.064230354897235387e+01
2.544768597194388803e+03 1.064567243066310809e+01
2.550538346693386757e+03 1.064905757798696229e+01
2.556308096192384710e+03 1.065245944584829552e+01
2.562077845691382663e+03 1.065587848182315511e+01
2.567847595190380616e+03 1.065931512608594289e+01
2.573617344689379024e+03 1.066276981133617596e+01
2.579387094188376977e+03 1.066624296272521910e+01
2.585156843687374931e+03 1.066973499778300294e+01
2.590926593186372884e+03 1.067324632634475634e+01
2.596696342685370837e+03 1.067677735047773524e+01
2.602466092184368790e+03 1.068032846440795680e+01
2.608235841683366743e+03 1.068390005444692648e+01
2.614005591182364697e+03 1.068749249891838282e+01
2.619775340681362650e+03 1.069110616808498193e+01
2.625545090180360603e+03 1.069474142407508666e+01
2.631314839679358556e+03 1.069839862080947235e+01
2.637084589178356509e+03 1.070207810392802550e+01
2.642854338677354463e+03 1.070578021071652586e+01
2.648624088176352416e+03 1.070950527003334329e+01
2.654393837675350369e+03 1.071325360223617551e+01
2.660163587174348777e+03 1.071702551910878398e+01
2.665933336673346275e+03 1.072082132378771568e+01
2.671703086172344683e+03 1.072464131068903548e+01
2.677472835671342636e+03 1.072848576543506027e+01
2.683242585170340590e+03 1.073235496478108253e+01
2.689012334669338998e+03 1.073624917654209732e+01
2.694782084168336496e+03 1.074016865951956490e+01
2.700551833667334904e+03 1.074411366342808449e+01
2.706321583166332857e+03 1.074808442882215864e+01
2.712091332665330810e+03 1.075208118702293447e+01
2.717861082164328764e+03 1.075610416004490588e+01
2.723630831663326717e+03 1.076015356052265304e+01
2.729400581162324670e+03 1.076422959163758009e+01
2.735170330661322623e+03 1.076833244704463510e+01
2.740940080160320576e+03 1.077246231079905492e+01
2.746709829659318530e+03 1.077661935728307796e+01
2.752479579158316483e+03 1.078080375113266598e+01
2.758249328657314436e+03 1.078501564716426842e+01
2.764019078156312389e+03 1.078925519030154589e+01
2.769788827655310342e+03 1.079352251550204045e+01
2.775558577154308296e+03 1.079781774768400204e+01
2.781328326653306704e+03 1.080214100165303392e+01
2.787098076152304202e+03 1.080649238202888540e+01
2.792867825651302610e+03 1.081087198317212739e+01
2.798637575150301018e+03 1.081527988911091498e+01
2.804407324649298516e+03 1.081971617346772874e+01
2.810177074148296924e+03 1.082418089938607508e+01
2.815946823647294423e+03 1.082867411945722047e+01
2.821716573146292831e+03 1.083319587564693620e+01
2.827486322645290784e+03 1.083774619922223081e+01
2.833256072144288737e+03 1.084232511067805937e+01
2.839025821643286690e+03 1.084693261966406475e+01
2.844795571142284643e+03 1.085156872491130642e+01
2.850565320641282597e+03 1.085623341415898935e+01
2.856335070140280550e+03 1.086092666408122298e+01
2.862104819639278503e+03 1.086564844021368259e+01
2.867874569138276456e+03 1.087039869688040383e+01
2.873644318637274409e+03 1.087517737712049382e+01
2.879414068136272363e+03 1.087998441261484928e+01
2.885183817635270316e+03 1.088481972361288541e+01
2.890953567134268269e+03 1.088968321885929313e+01
2.896723316633266677e+03 1.089457479552073593e+01
2.902493066132264630e+03 1.089949433911260712e+01
2.908262815631262583e+03 1.090444172342573381e+01
2.914032565130260537e+03 1.090941681045313238e+01
2.919802314629258490e+03 1.091441945031672134e+01
2.925572064128256443e+03 1.091944948119404657e+01
2.931341813627254851e+03 1.092450672924503863e+01
2.937111563126252804e+03 1.092959100853870957e+01
2.942881312625250757e+03 1.093470212097991023e+01
2.948651062124248710e+03 1.093983985623605193e+01
2.954420811623246664e+03 1.094500399166380333e+01
2.960190561122244617e+03 1.095019429223589036e+01
2.965960310621242570e+03 1.095541051046775038e+01
2.971730060120240523e+03 1.096065238634432859e+01
2.977499809619238476e+03 1.096591964724673929e+01
2.983269559118236430e+03 1.097121200787908180e+01
2.989039308617234383e+03 1.097652917019508578e+01
2.994809058116232336e+03 1.098187082332488274e+01
3.000578807615230289e+03 1.098723664350173834e+01
3.006348557114228697e+03 1.099262629398876712e+01
3.012118306613226196e+03 1.099803942500568610e+01
3.017888056112224604e+03 1.100347567365550816e+01
3.023657805611222102e+03 1.100893466385130459e+01
3.029427555110220510e+03 1.101441600624291972e+01
3.035197304609218463e+03 1.101991929814370330e+01
3.040967054108216416e+03 1.102544412345724467e+01
3.046736803607214824e+03 1.103099005260409626e+01
3.052506553106212323e+03 1.103655664244851664e+01
3.058276302605210731e+03 1.104214343622516026e+01
3.064046052104208684e+03 1.104774996346587201e+01
3.069815801603206637e+03 1.105337573992638234e+01
3.075585551102204590e+03 1.105902026751299871e+01
3.081355300601202543e+03 1.106468303420942334e+01
3.087125050100200497e+03 1.107036351400339313e+01
3.092894799599198450e+03 1.107606116681348851e+01
3.098664549098196403e+03 1.108177543841579649e+01
3.104434298597194356e+03 1.108750576037067148e+01
3.110204048096192309e+03 1.109325154994948903e+01
3.115973797595190263e+03 1.109901221006132843e+01
3.121743547094188216e+03 1.110478712917972288e+01
3.127513296593186169e+03 1.111057568126940609e+01
3.133283046092184122e+03 1.111637722571301801e+01
3.139052795591182530e+03 1.112219110723783899e+01
3.144822545090180029e+03 1.112801665584254174e+01
3.150592294589178437e+03 1.113385318672387925e+01
3.156362044088176390e+03 1.113970000020347761e+01
3.162131793587174343e+03 1.114555638165448848e+01
3.167901543086172751e+03 1.115142160142837824e+01
3.173671292585170249e+03 1.115729491478162316e+01
3.179441042084168657e+03 1.116317556180251103e+01
3.185210791583166611e+03 1.116906276733773140e+01
3.190980541082164564e+03 1.117495574091922705e+01
3.196750290581162517e+03 1.118085367669091212e+01
3.202520040080160470e+03 1.118675575333534589e+01
3.208289789579158423e+03 1.119266113400048646e+01
3.214059539078156376e+03 1.119856896622644271e+01
3.219829288577154330e+03 1.120447838187219602e+01
3.225599038076152283e+03 1.121038849704230600e+01
3.231368787575150236e+03 1.121629841201365352e+01
3.237138537074148189e+03 1.122220721116219089e+01
3.242908286573146142e+03 1.122811396288964048e+01
3.248678036072144096e+03 1.123401771955027151e+01
3.254447785571142049e+03 1.123991751737754363e+01
3.260217535070140002e+03 1.124581237641093345e+01
3.265987284569138410e+03 1.125170130042261007e+01
3.271757034068136363e+03 1.125758327684416749e+01
3.277526783567134316e+03 1.126345727669338714e+01
3.283296533066132270e+03 1.126932225450091352e+01
3.289066282565130223e+03 1.127517714823705575e+01
3.294836032064128176e+03 1.128102087923843655e+01
3.300605781563126584e+03 1.128685235213478677e+01
3.306375531062124537e+03 1.129267045477564935e+01
3.312145280561122490e+03 1.129847405815710282e+01
3.317915030060120444e+03 1.130426201634851502e+01
3.323684779559118397e+03 1.131003316641923817e+01
3.329454529058116350e+03 1.131578632836536613e+01
3.335224278557114303e+03 1.132152030503647211e+01
3.340994028056112256e+03 1.132723388206230908e+01
3.346763777555110210e+03 1.133292582777954394e+01
3.352533527054108163e+03 1.133859489315852187e+01
3.358303276553106116e+03 1.134423981172996498e+01
3.364073026052104069e+03 1.134985929951168870e+01
3.369842775551102022e+03 1.135545205493536969e+01
3.375612525050100430e+03 1.136101675877326933e+01
3.381382274549097929e+03 1.136655207406492707e+01
3.387152024048096337e+03 1.137205664604393718e+01
3.392921773547093835e+03 1.137752910206465096e+01
3.398691523046092243e+03 1.138296805152890201e+01
3.404461272545090196e+03 1.138837208581277238e+01
3.410231022044088149e+03 1.139373977819327521e+01
3.416000771543086557e+03 1.139906968377511731e+01
3.421770521042084056e+03 1.140436033941741911e+01
3.427540270541082464e+03 1.140961026366042219e+01
3.433310020040080417e+03 1.141481795665228560e+01
3.439079769539078370e+03 1.141998190007575076e+01
3.444849519038076323e+03 1.142510055707487737e+01
3.450619268537074277e+03 1.143017237218179005e+01
3.456389018036072230e+03 1.143519577124343378e+01
3.462158767535070183e+03 1.144016916134827255e+01
3.467928517034068136e+03 1.144509093075298978e+01
3.473698266533066089e+03 1.144995944880926508e+01
3.479468016032064043e+03 1.145477306589052802e+01
3.485237765531061996e+03 1.145953011331860694e+01
3.491007515030059949e+03 1.146422890329052890e+01
3.496777264529057902e+03 1.146886772880519700e+01
3.502547014028055855e+03 1.147344486359017068e+01
3.508316763527054263e+03 1.147795856202840170e+01
3.514086513026051762e+03 1.148240705908483861e+01
3.519856262525050170e+03 1.148678857023335453e+01
3.525626012024048123e+03 1.149110129138333392e+01
3.531395761523046076e+03 1.149534339880642619e+01
3.537165511022044484e+03 1.149951304906331728e+01
3.542935260521041982e+03 1.150360837893041577e+01
3.548705010020040390e+03 1.150762750532666345e+01
3.554474759519038344e+03 1.151156852524013630e+01
3.560244509018036297e+03 1.151542951565483186e+01
3.566014258517034250e+03 1.151920853347747808e+01
3.571784008016032203e+03 1.152290361546416797e+01
3.577553757515030156e+03 1.152651277814709729e+01
3.583323507014028110e+03 1.153003401776130765e+01
3.589093256513026063e+03 1.153346531017145260e+01
3.594863006012024016e+03 1.153680461079852293e+01
3.600632755511021969e+03 1.154004985454647425e+01
3.606402505010019922e+03 1.154319895572909083e+01
3.612172254509017876e+03 1.154624980799663803e+01
3.617942004008015829e+03 1.154920028426265688e+01
3.623711753507013782e+03 1.155204823663056857e+01
3.629481503006011735e+03 1.155479149632052938e+01
3.635251252505010143e+03 1.155742787359615065e+01
3.641021002004008096e+03 1.155067858303222472e+01
3.696374665310520413e+03 1.159601886046214503e+01
3.751728328617033185e+03 1.164135913789206711e+01
3.807081991923545502e+03 1.168669941532198919e+01
3.862435655230058273e+03 1.173203969275191128e+01
3.917789318536570590e+03 1.177737997018183158e+01
3.973142981843083362e+03 1.182272024761175366e+01
4.028496645149595679e+03 1.186806052504167575e+01
4.083850308456107996e+03 1.191340080247159605e+01
4.139203971762621222e+03 1.195874107990151813e+01
4.194557635069133539e+03 1.200408135733144022e+01
4.249911298375645856e+03 1.204942163476136230e+01
4.305264961682158173e+03 1.209476191219128260e+01
4.360618624988670490e+03 1.214010218962120291e+01
4.415972288295182807e+03 1.218544246705112499e+01
4.471325951601696033e+03 1.223078274448104708e+01
4.526679614908208350e+03 1.227612302191096916e+01
4.582033278214720667e+03 1.232146329934088946e+01
4.637386941521233894e+03 1.236680357677081332e+01
4.692740604827746211e+03 1.241214385420073363e+01
4.748094268134258527e+03 1.245748413163065393e+01
4.803447931440770844e+03 1.250282440906057602e+01
4.858801594747283161e+03 1.254816468649049810e+01
4.914155258053795478e+03 1.259350496392042018e+01
4.969508921360308705e+03 1.263884524135034226e+01
5.024862584666821022e+03 1.268418551878026257e+01
5.080216247973333338e+03 1.272952579621018288e+01
5.135569911279846565e+03 1.277486607364010496e+01
5.190923574586358882e+03 1.282020635107002704e+01
5.246277237892871199e+03 1.286554662849994912e+01
5.301630901199383516e+03 1.291088690592986943e+01
5.356984564505895833e+03 1.295622718335979151e+01
5.412338227812408149e+03 1.300156746078971182e+01
5.467691891118921376e+03 1.304690773821963390e+01
5.523045554425433693e+03 1.309224801564955598e+01
5.578399217731946010e+03 1.313758829307947806e+01
5.633752881038459236e+03 1.318292857050940015e+01
5.689106544344971553e+03 1.322826884793932045e+01
5.744460207651483870e+03 1.327360912536924253e+01
5.799813870957996187e+03 1.331894940279916284e+01
5.855167534264508504e+03 1.336428968022908492e+01
5.910521197571020821e+03 1.340962995765900700e+01
5.965874860877533138e+03 1.345497023508892731e+01
6.021228524184046364e+03 1.350031051251884939e+01
6.076582187490558681e+03 1.354565078994876970e+01
6.131935850797071907e+03 1.359099106737869178e+01
6.187289514103584224e+03 1.363633134480861386e+01
6.242643177410096541e+03 1.368167162223853595e+01
6.297996840716608858e+03 1.372701189966845803e+01
6.353350504023121175e+03 1.377235217709837833e+01
6.408704167329633492e+03 1.381769245452829864e+01
6.464057830636145809e+03 1.386303273195822072e+01
6.519411493942659035e+03 1.390837300938814280e+01
6.574765157249171352e+03 1.395371328681806489e+01
6.630118820555684579e+03 1.399905356424798697e+01
6.685472483862196896e+03 1.404439384167790905e+01
6.740826147168709213e+03 1.408973411910782936e+01
6.796179810475221529e+03 1.413507439653774966e+01
6.851533473781733846e+03 1.418041467396767175e+01
6.906887137088246163e+03 1.422575495139759383e+01
6.962240800394758480e+03 1.427109522882751591e+01
7.017594463701271707e+03 1.431643550625743799e+01
7.072948127007784024e+03 1.436177578368735830e+01
7.128301790314297250e+03 1.440711606111728038e+01
7.183655453620809567e+03 1.445245633854720069e+01
7.239009116927321884e+03 1.449779661597712277e+01
7.294362780233834201e+03 1.454313689340704485e+01
7.349716443540346518e+03 1.458847717083696693e+01
7.405070106846858835e+03 1.463381744826688724e+01
7.460423770153371152e+03 1.467915772569680755e+01
7.515777433459884378e+03 1.472449800312672963e+01
7.571131096766396695e+03 1.476983828055665171e+01
7.626484760072909921e+03 1.481517855798657379e+01
7.681838423379422238e+03 1.486051883541649588e+01
7.737192086685934555e+03 1.490585911284641618e+01
7.792545749992446872e+03 1.495119939027633826e+01
7.847899413298959189e+03 1.499653966770625857e+01
7.903253076605471506e+03 1.504187994513618065e+01
7.958606739911983823e+03 1.508722022256610273e+01
8.013960403218496140e+03 1.513256049999602304e+01
8.069314066525010276e+03 1.517790077742594690e+01
8.124667729831522593e+03 1.522324105485586720e+01
8.180021393138034909e+03 1.526858133228578751e+01
8.235375056444547226e+03 1.531392160971570959e+01
8.290728719751059543e+03 1.535926188714563168e+01
8.346082383057571860e+03 1.540460216457555376e+01
8.401436046364084177e+03 1.544994244200547406e+01
8.456789709670596494e+03 1.549528271943539437e+01
8.512143372977108811e+03 1.554062299686531645e+01
8.567497036283621128e+03 1.558596327429523853e+01
8.622850699590135264e+03 1.563130355172516062e+01
8.678204362896647581e+03 1.567664382915508270e+01
8.733558026203159898e+03 1.572198410658500478e+01
8.788911689509672215e+03 1.576732438401492509e+01
8.844265352816184532e+03 1.581266466144484539e+01
8.899619016122696848e+03 1.585800493887476748e+01
8.954972679429209165e+03 1.590334521630468956e+01
9.010326342735721482e+03 1.594868549373461164e+01
9.065680006042233799e+03 1.599402577116453195e+01
9.121033669348747935e+03 1.603936604859445580e+01
9.176387332655260252e+03 1.608470632602437433e+01
9.231740995961772569e+03 1.613004660345429642e+01
9.287094659268284886e+03 1.617538688088421850e+01
9.342448322574797203e+03 1.622072715831414058e+01
9.397801985881309520e+03 1.626606743574406266e+01
9.453155649187821837e+03 1.631140771317398475e+01
9.508509312494334154e+03 1.635674799060390328e+01
9.563862975800846471e+03 1.640208826803382536e+01
9.619216639107360606e+03 1.644742854546374744e+01
9.674570302413872923e+03 1.649276882289366952e+01
9.729923965720385240e+03 1.653810910032359160e+01
9.785277629026897557e+03 1.658344937775351013e+01
9.840631292333409874e+03 1.662878965518343222e+01
9.895984955639922191e+03 1.667412993261335430e+01
9.951338618946434508e+03 1.671947021004327638e+01
1.000669228225294682e+04 1.676481048747319846e+01
1.006204594555945914e+04 1.681015076490312055e+01
1.011739960886597328e+04 1.685549104233304263e+01
1.017275327217248559e+04 1.690083131976296471e+01
1.022810693547899791e+04 1.694617159719288679e+01
1.028346059878551023e+04 1.699151187462280532e+01
1.033881426209202255e+04 1.703685215205272740e+01
1.039416792539853486e+04 1.708219242948264949e+01
1.044952158870504718e+04 1.712753270691256802e+01
1.050487525201155950e+04 1.717287298434249010e+01
1.056022891531807181e+04 1.721821326177241218e+01
1.061558257862458595e+04 1.726355353920233426e+01
1.067093624193109827e+04 1.730889381663225635e+01
1.072628990523761058e+04 1.735423409406217843e+01
1.078164356854412290e+04 1.739957437149210051e+01
1.083699723185063522e+04 1.744491464892202259e+01
1.089235089515714753e+04 1.749025492635194468e+01
1.094770455846365985e+04 1.753559520378186320e+01
1.100305822177017217e+04 1.758093548121178529e+01
1.105841188507668448e+04 1.762627575864170382e+01
1.111376554838319862e+04 1.767161603607162945e+01
1.116911921168971094e+04 1.771695631350154798e+01
1.122447287499622325e+04 1.776229659093147006e+01
1.127982653830273557e+04 1.780763686836139215e+01
1.133518020160924789e+04 1.785297714579131423e+01
1.139053386491576020e+04 1.789831742322123631e+01
1.144588752822227252e+04 1.794365770065115839e+01
1.150124119152878484e+04 1.798899797808108048e+01
1.155659485483529716e+04 1.803433825551100256e+01
1.161194851814181129e+04 1.807967853294092464e+01
1.166730218144832361e+04 1.812501881037084672e+01
1.172265584475483593e+04 1.817035908780076525e+01
1.177800950806134824e+04 1.821569936523068733e+01
1.183336317136786056e+04 1.826103964266060586e+01
1.188871683467437288e+04 1.830637992009052795e+01
1.194407049798088519e+04 1.835172019752045003e+01
1.199942416128739933e+04 1.839706047495037211e+01
1.205477782459391165e+04 1.844240075238029419e+01
1.211013148790042396e+04 1.848774102981021628e+01
1.216548515120693628e+04 1.853308130724013836e+01
1.222083881451344860e+04 1.857842158467006044e+01
1.227619247781996091e+04 1.862376186209998252e+01
1.233154614112647323e+04 1.866910213952990105e+01
1.238689980443298555e+04 1.871444241695982313e+01
1.244225346773949786e+04 1.875978269438974522e+01
1.249760713104601200e+04 1.880512297181966730e+01
1.255296079435252432e+04 1.885046324924958938e+01
1.260831445765903663e+04 1.889580352667950791e+01
1.266366812096554895e+04 1.894114380410942999e+01
1.271902178427206127e+04 1.898648408153935208e+01
1.277437544757857358e+04 1.903182435896927416e+01
1.282972911088508590e+04 1.907716463639919624e+01
1.288508277419159822e+04 1.912250491382911832e+01
1.294043643749811054e+04 1.916784519125904040e+01
1.299579010080462285e+04 1.921318546868895893e+01
1.305114376411113699e+04 1.925852574611888457e+01
1.310649742741764931e+04 1.930386602354880310e+01
1.316185109072416162e+04 1.934920630097872518e+01
1.321720475403067394e+04 1.939454657840864371e+01
1.327255841733718626e+04 1.943988685583856579e+01
1.332791208064369857e+04 1.948522713326848788e+01
1.338326574395021089e+04 1.953056741069840996e+01
1.343861940725672321e+04 1.957590768812833204e+01
1.349397307056323552e+04 1.962124796555825412e+01
1.354932673386974966e+04 1.966658824298817621e+01
1.360468039717626198e+04 1.971192852041809829e+01
1.366003406048277429e+04 1.975726879784802037e+01
1.371538772378928661e+04 1.980260907527794245e+01
1.377074138709579893e+04 1.984794935270786098e+01
1.382609505040231124e+04 1.989328963013778306e+01
1.388144871370882356e+04 1.993862990756770159e+01
1.393680237701533588e+04 1.998397018499762368e+01
1.399215604032184820e+04 2.002931046242754576e+01
1.404750970362836233e+04 2.007465073985746784e+01
1.410286336693487465e+04 2.011999101728738992e+01
1.415821703024138696e+04 2.016533129471731201e+01
1.421357069354789928e+04 2.021067157214723409e+01
1.426892435685441160e+04 2.025601184957715617e+01
1.432427802016092392e+04 2.030135212700707825e+01
1.437963168346743623e+04 2.034669240443699678e+01
1.443498534677394855e+04 2.039203268186691886e+01
1.449033901008046087e+04 2.043737295929684095e+01
1.454569267338697500e+04 2.048271323672676303e+01
1.460104633669348732e+04 2.052805351415668511e+01
1.465639999999999964e+04 2.057339379158660364e+01
