8.049199999999999591e+02 3.827928343913697962e+00
8.106215631262524539e+02 3.847698573662902799e+00
8.163231262525049488e+02 3.867434674396126315e+00
8.220246893787575573e+02 3.887136105156856480e+00
8.277262525050100521e+02 3.906802330710240856e+00
8.334278156312625470e+02 3.926432821524923789e+00
8.391293787575150418e+02 3.946027053754891156e+00
8.448309418837675366e+02 3.965584509221309784e+00
8.505325050100200315e+02 3.985104675394364193e+00
8.562340681362725263e+02 4.004587045375102683e+00
8.619356312625250212e+02 4.024031117877272301e+00
8.676371943887775160e+02 4.043436397209164923e+00
8.733387575150300108e+02 4.062802393255453559e+00
8.790403206412825057e+02 4.082128621459034434e+00
8.847418837675350005e+02 4.101414602802865517e+00
8.904434468937874954e+02 4.120659863791811262e+00
8.961450100200399902e+02 4.139863936434479363e+00
9.018465731462924850e+02 4.159026358225061948e+00
9.075481362725450936e+02 4.178146672125176764e+00
9.132496993987975884e+02 4.197224426545709264e+00
9.189512625250500832e+02 4.216259175328648467e+00
9.246528256513025781e+02 4.235250477728929042e+00
9.303543887775550729e+02 4.254197898396277822e+00
9.360559519038076814e+02 4.273101007357045233e+00
9.417575150300601763e+02 4.291959379996050927e+00
9.474590781563125574e+02 4.310772597038424081e+00
9.531606412825651660e+02 4.329540244531442816e+00
9.588622044088175471e+02 4.348261913826373615e+00
9.645637675350701556e+02 4.366937201560313397e+00
9.702653306613225368e+02 4.385565709638030718e+00
9.759668937875751453e+02 4.404147045213806066e+00
9.816684569138275265e+02 4.422680820673266844e+00
9.873700200400801350e+02 4.441166653615238324e+00
9.930715831663326298e+02 4.459604166833575078e+00
9.987731462925851247e+02 4.477992988299003940e+00
1.004474709418837620e+03 4.496332751140966977e+00
1.010176272545090114e+03 4.514623093629460904e+00
1.015877835671342609e+03 4.532863659156873837e+00
1.021579398797595218e+03 4.551054096219830924e+00
1.027280961923847599e+03 4.569194058401031988e+00
1.032982525050100321e+03 4.587283204351091825e+00
1.038684088176352589e+03 4.605321197770384956e+00
1.044385651302605083e+03 4.623307707390878818e+00
1.050087214428857806e+03 4.641242406957978517e+00
1.055788777555110300e+03 4.659124975212369790e+00
1.061490340681362795e+03 4.676955095871853985e+00
1.067191903807615290e+03 4.694732457613191023e+00
1.072893466933867785e+03 4.712456754053942376e+00
1.078595030060120280e+03 4.730127683734306032e+00
1.084296593186372775e+03 4.747744950098961247e+00
1.089998156312625269e+03 4.765308261478909735e+00
1.095699719438877764e+03 4.782817331073312417e+00
1.101401282565130259e+03 4.800271876931333281e+00
1.107102845691382754e+03 4.817671621933973469e+00
1.112804408817635249e+03 4.835016293775924012e+00
1.118505971943887744e+03 4.852305624947393703e+00
1.124207535070140239e+03 4.869539352715955616e+00
1.129909098196392733e+03 4.886717219108390076e+00
1.135610661322645228e+03 4.903838970892516080e+00
1.141312224448897723e+03 4.920904359559042263e+00
1.147013787575150218e+03 4.937913141303400977e+00
1.152715350701402713e+03 4.954865077007589491e+00
1.158416913827655208e+03 4.971759932222012068e+00
1.164118476953907702e+03 4.988597477147322934e+00
1.169820040080160197e+03 5.005377486616256810e+00
1.175521603206412692e+03 5.022099740075482543e+00
1.181223166332665187e+03 5.038764021567432749e+00
1.186924729458917682e+03 5.055370119712152110e+00
1.192626292585170404e+03 5.071917827689132352e+00
1.198327855711422671e+03 5.088406943219155210e+00
1.204029418837675166e+03 5.104837268546133622e+00
1.209730981963927661e+03 5.121208610418950258e+00
1.215432545090180383e+03 5.137520780073298710e+00
1.221134108216432878e+03 5.153773593213523796e+00
1.226835671342685146e+03 5.169966869994462755e+00
1.232537234468937868e+03 5.186100435003286435e+00
1.238238797595190363e+03 5.202174117241337825e+00
1.243940360721442858e+03 5.218187750105972356e+00
1.249641923847695352e+03 5.234141171372401757e+00
1.255343486973947847e+03 5.250034223175529036e+00
1.261045050100200569e+03 5.265866751991795880e+00
1.266746613226452837e+03 5.281638608621015862e+00
1.272448176352705332e+03 5.297349648168218295e+00
1.278149739478958054e+03 5.312999730025493861e+00
1.283851302605210321e+03 5.328588717853824264e+00
1.289552865731463044e+03 5.344116479564933186e+00
1.295254428857715311e+03 5.359582887303115939e+00
1.300955991983968033e+03 5.374987817427092196e+00
1.306657555110220528e+03 5.390331150491836532e+00
1.312359118236473023e+03 5.405612771230425828e+00
1.318060681362725518e+03 5.420832568535873364e+00
1.323762244488978013e+03 5.435990435442976221e+00
1.329463807615230508e+03 5.451086269110145821e+00
1.335165370741483002e+03 5.466119970801264216e+00
1.340866933867735497e+03 5.481091445867505740e+00
1.346568496993987992e+03 5.496000603729191525e+00
1.352270060120240487e+03 5.510847357857625362e+00
1.357971623246492982e+03 5.525631625756932230e+00
1.363673186372745477e+03 5.540353328945902156e+00
1.369374749498997971e+03 5.555012392939827848e+00
1.375076312625250466e+03 5.569608747232345891e+00
1.380777875751502961e+03 5.584142325277280605e+00
1.386479438877755456e+03 5.598613064470479017e+00
1.392181002004007951e+03 5.613020906131655607e+00
1.397882565130260446e+03 5.627365795486230837e+00
1.403584128256512940e+03 5.641647681647170565e+00
1.409285691382765435e+03 5.655866517596829013e+00
1.414987254509017930e+03 5.670022260168789963e+00
1.420688817635270425e+03 5.684114870029701727e+00
1.426390380761522920e+03 5.698144311661125450e+00
1.432091943887775415e+03 5.712110553341366526e+00
1.437793507014027909e+03 5.726013567127325565e+00
1.443495070140280404e+03 5.739853328836328927e+00
1.449196633266533127e+03 5.753629818027977016e+00
1.454898196392785394e+03 5.767343017985977482e+00
1.460599759519037889e+03 5.780992915699993517e+00
1.466301322645290384e+03 5.794579501847477943e+00
1.472002885771543106e+03 5.808102770775516177e+00
1.477704448897795601e+03 5.821562720482669206e+00
1.483406012024047868e+03 5.834959352600805005e+00
1.489107575150300363e+03 5.848292672376955714e+00
1.494809138276553085e+03 5.861562688655139297e+00
1.500510701402805580e+03 5.874769413858211387e+00
1.506212264529058075e+03 5.887912863969704702e+00
1.511913827655310570e+03 5.900993058515664025e+00
1.517615390781563065e+03 5.914010020546495383e+00
1.523316953907815559e+03 5.926963776618797475e+00
1.529018517034068054e+03 5.939854356777209077e+00
1.534720080160320776e+03 5.952681794536244908e+00
1.540421643286573271e+03 5.965446126862137710e+00
1.546123206412825539e+03 5.978147394154682104e+00
1.551824769539078034e+03 5.990785640229067788e+00
1.557526332665330756e+03 6.003360912297726948e+00
1.563227895791583251e+03 6.015873260952172785e+00
1.568929458917835746e+03 6.028322740144832714e+00
1.574631022044088013e+03 6.040709407170903766e+00
1.580332585170340735e+03 6.053033322650179571e+00
1.586034148296593230e+03 6.065294550508897764e+00
1.591735711422845725e+03 6.077493157961577630e+00
1.597437274549098220e+03 6.089629215492861292e+00
1.603138837675350715e+03 6.101702796839354903e+00
1.608840400801603209e+03 6.113713978971468954e+00
1.614541963927855704e+03 6.125662842075256798e+00
1.620243527054108199e+03 6.137549469534258506e+00
1.625945090180360694e+03 6.149373947911339400e+00
1.631646653306613189e+03 6.161136366930529462e+00
1.637348216432865684e+03 6.172836819458865421e+00
1.643049779559118178e+03 6.184475401488231938e+00
1.648751342685370673e+03 6.196052212117201918e+00
1.654452905811623168e+03 6.207567353532871479e+00
1.660154468937875663e+03 6.219020930992708251e+00
1.665856032064128158e+03 6.230413052806390795e+00
1.671557595190380653e+03 6.241743830317641795e+00
1.677259158316633375e+03 6.253013377886077251e+00
1.682960721442885642e+03 6.264221812869042338e+00
1.688662284569138137e+03 6.275369255603451712e+00
1.694363847695390632e+03 6.286455829387636030e+00
1.700065410821643354e+03 6.297481660463169817e+00
1.705766973947895849e+03 6.308446877996725988e+00
1.711468537074148117e+03 6.319351614061908151e+00
1.717170100200400611e+03 6.330196003621090028e+00
1.722871663326653106e+03 6.340980184507263751e+00
1.728573226452905828e+03 6.351704297405872168e+00
1.734274789579158323e+03 6.362368485836655374e+00
1.739976352705410591e+03 6.372972896135483012e+00
1.745677915831663086e+03 6.383517677436207904e+00
1.751379478957915808e+03 6.394002981652493034e+00
1.757081042084168303e+03 6.404428963459658064e+00
1.762782605210420797e+03 6.414795780276522308e+00
1.768484168336673292e+03 6.425103592247239703e+00
1.774185731462925787e+03 6.435352562223146222e+00
1.779887294589178282e+03 6.445542855744588628e+00
1.785588857715430777e+03 6.455674641022780769e+00
1.791290420841683499e+03 6.465748088921631442e+00
1.796991983967935994e+03 6.475763372939587370e+00
1.802693547094188261e+03 6.485720669191478827e+00
1.808395110220440984e+03 6.495620156390355504e+00
1.814096673346693478e+03 6.505462015829330369e+00
1.819798236472945973e+03 6.515246431363415525e+00
1.825499799599198468e+03 6.524973589391363404e+00
1.831201362725450963e+03 6.534643678837511516e+00
1.836902925851703458e+03 6.544256891133623633e+00
1.842604488977955953e+03 6.553813420200722106e+00
1.848306052104208447e+03 6.563313462430933498e+00
1.854007615230460942e+03 6.572757216669330660e+00
1.859709178356713437e+03 6.582144884195772150e+00
1.865410741482965932e+03 6.591476668706742537e+00
1.871112304609218427e+03 6.600752776297186486e+00
1.876813867735470922e+03 6.609973415442359723e+00
1.882515430861723416e+03 6.619138796979667561e+00
1.888216993987975911e+03 6.628249134090497208e+00
1.893918557114228406e+03 6.637304642282065181e+00
1.899620120240480901e+03 6.646305539369259385e+00
1.905321683366733396e+03 6.655252045456473198e+00
1.911023246492985891e+03 6.664144382919449328e+00
1.916724809619238385e+03 6.672982776387121007e+00
1.922426372745490880e+03 6.681767452723452294e+00
1.928127935871743375e+03 6.690498641009277492e+00
1.933829498997995870e+03 6.699176572524143225e+00
1.939531062124248365e+03 6.707801480728144305e+00
1.945232625250500860e+03 6.716373601243771141e+00
1.950934188376753355e+03 6.724893171837744710e+00
1.956635751503005849e+03 6.733360432402861306e+00
1.962337314629258344e+03 6.741775624939828404e+00
1.968038877755510839e+03 6.750138993539106735e+00
1.973740440881763561e+03 6.758450784362755925e+00
1.979442004008015829e+03 6.766711245626266802e+00
1.985143567134268551e+03 6.774920627580407029e+00
1.990845130260520818e+03 6.783079182493058745e+00
1.996546693386773541e+03 6.791187164631063311e+00
2.002248256513026035e+03 6.799244830242055393e+00
2.007949819639278530e+03 6.807252437536310374e+00
2.013651382765531025e+03 6.815210246668578442e+00
2.019352945891783747e+03 6.823118519719932884e+00
2.025054509018036242e+03 6.830977520679598847e+00
2.030756072144288510e+03 6.838787515426806962e+00
2.036457635270541005e+03 6.846548771712624770e+00
2.042159198396793727e+03 6.854261559141799687e+00
2.047860761523045767e+03 6.861926149154598420e+00
2.053562324649298716e+03 6.869542815008657044e+00
2.059263887775550756e+03 6.877111831760803540e+00
2.064965450901803706e+03 6.884633476248909645e+00
2.070667014028056201e+03 6.892108027073735599e+00
2.076368577154308696e+03 6.899535764580761565e+00
2.082070140280561191e+03 6.906916970842024384e+00
2.087771703406813685e+03 6.914251929637978300e+00
2.093473266533065726e+03 6.921540926439309516e+00
2.099174829659318675e+03 6.928784248388799583e+00
2.104876392785570715e+03 6.935982184283147944e+00
2.110577955911823665e+03 6.943135024554822010e+00
2.116279519038076160e+03 6.950243061253896570e+00
2.121981082164328654e+03 6.957306588029894101e+00
2.127682645290581149e+03 6.964325900113622403e+00
2.133384208416833644e+03 6.971301294299017570e+00
2.139085771543086139e+03 6.978233068924987847e+00
2.144787334669338634e+03 6.985121523857243275e+00
2.150488897795591129e+03 6.991966960470149317e+00
2.156190460921843624e+03 6.998769681628557393e+00
2.161892024048096118e+03 7.005529991669651402e+00
2.167593587174348613e+03 7.012248196384784471e+00
2.173295150300601108e+03 7.018924603001320150e+00
2.178996713426853603e+03 7.025559520164480709e+00
2.184698276553106098e+03 7.032153257919166123e+00
2.190399839679358593e+03 7.038706127691828129e+00
2.196101402805611542e+03 7.045218442272272341e+00
2.201802965931863582e+03 7.051690515795531411e+00
2.207504529058116532e+03 7.058122663723686685e+00
2.213206092184368572e+03 7.064515202827713836e+00
2.218907655310621067e+03 7.070868451169326718e+00
2.224609218436873562e+03 7.077182728082808794e+00
2.230310781563126056e+03 7.083458354156867642e+00
2.236012344689378551e+03 7.089695651216460170e+00
2.241713907815631501e+03 7.095894942304644459e+00
2.247415470941883996e+03 7.102056551664413853e+00
2.253117034068136491e+03 7.108180804720537260e+00
2.258818597194388531e+03 7.114268028061409233e+00
2.264520160320641480e+03 7.120318549420876053e+00
2.270221723446893520e+03 7.126332697660086701e+00
2.275923286573146015e+03 7.132310802749330492e+00
2.281624849699398510e+03 7.138253195749873825e+00
2.287326412825651460e+03 7.144160208795806710e+00
2.293027975951903500e+03 7.150032175075876850e+00
2.298729539078156449e+03 7.155869428815342381e+00
2.304431102204408944e+03 7.161672305257790860e+00
2.310132665330661439e+03 7.167441140647001774e+00
2.315834228456913479e+03 7.173176272208774407e+00
2.321535791583166429e+03 7.178878038132772588e+00
2.327237354709418469e+03 7.184546777554364994e+00
2.332938917835671418e+03 7.190182830536460123e+00
2.338640480961923458e+03 7.195786538051358150e+00
2.344342044088176408e+03 7.201358241962580564e+00
2.350043607214428903e+03 7.206898285006717586e+00
2.355745170340681398e+03 7.212407010775262250e+00
2.361446733466933892e+03 7.217884763696455153e+00
2.367148296593186387e+03 7.223331889017130081e+00
2.372849859719438427e+03 7.228748732784540110e+00
2.378551422845691377e+03 7.234135641828213892e+00
2.384252985971943872e+03 7.239492963741781750e+00
2.389954549098196367e+03 7.244821046864830194e+00
2.395656112224448862e+03 7.250120240264735116e+00
2.401357675350701356e+03 7.255390893718498546e+00
2.407059238476953851e+03 7.260633357694590728e+00
2.412760801603206346e+03 7.265847983334801086e+00
2.418462364729458841e+03 7.271035122436071418e+00
2.424163927855711336e+03 7.276195127432323773e+00
2.429865490981963831e+03 7.281328351376321173e+00
2.435567054108216325e+03 7.286435147921506150e+00
2.441268617234469275e+03 7.291515871303819729e+00
2.446970180360721315e+03 7.296570876323571042e+00
2.452671743486973810e+03 7.301600518327252765e+00
2.458373306613226305e+03 7.306605153189401847e+00
2.464074869739478800e+03 7.311585137294422054e+00
2.469776432865731294e+03 7.316540827518442924e+00
2.475477995991984244e+03 7.321472581211143194e+00
2.481179559118236739e+03 7.326380756177598208e+00
2.486881122244489234e+03 7.331265710660126445e+00
2.492582685370741274e+03 7.336127803320115603e+00
2.498284248496994223e+03 7.340967393219884229e+00
2.503985811623246263e+03 7.345784839804496258e+00
2.509687374749498758e+03 7.350580502883623524e+00
2.515388937875751253e+03 7.355354742613380736e+00
2.521090501002004203e+03 7.360107919478146243e+00
2.526792064128256698e+03 7.364840394272437862e+00
2.532493627254509192e+03 7.369552528082730092e+00
2.538195190380761687e+03 7.374244682269287310e+00
2.543896753507014182e+03 7.378917218448032500e+00
2.549598316633266222e+03 7.383570498472361798e+00
2.555299879759518717e+03 7.388204884414993678e+00
2.561001442885771212e+03 7.392820738549817250e+00
2.566703006012024161e+03 7.397418423333718351e+00
2.572404569138276656e+03 7.401998301388434065e+00
2.578106132264529151e+03 7.406560735482379698e+00
2.583807695390781646e+03 7.411106088512503298e+00
2.589509258517034141e+03 7.415634723486107305e+00
2.595210821643286636e+03 7.420147003502718164e+00
2.600912384769539131e+03 7.424643291735893769e+00
2.606613947895791625e+03 7.429123951415085969e+00
2.612315511022044120e+03 7.433589345807472881e+00
2.618017074148296615e+03 7.438039838199808074e+00
2.623718637274549110e+03 7.442475791880240443e+00
2.629420200400801605e+03 7.446897570120176724e+00
2.635121763527054100e+03 7.451305536156119125e+00
2.640823326653306594e+03 7.455700053171483432e+00
2.646524889779559089e+03 7.460081484278472175e+00
2.652226452905811584e+03 7.464450192499892722e+00
2.657928016032064079e+03 7.468806540751002032e+00
2.663629579158316574e+03 7.473150891821357611e+00
2.669331142284569069e+03 7.477483608356635614e+00
2.675032705410821563e+03 7.481805052840499570e+00
2.680734268537074058e+03 7.486115587576417596e+00
2.686435831663326553e+03 7.490415574669519572e+00
2.692137394789579048e+03 7.494705376008421460e+00
2.697838957915831543e+03 7.498985353247075381e+00
2.703540521042084038e+03 7.503255867786615241e+00
2.709242084168336987e+03 7.507517280757192601e+00
2.714943647294589027e+03 7.511769952999806321e+00
2.720645210420841977e+03 7.516014245048147302e+00
2.726346773547094017e+03 7.520250517110466326e+00
2.732048336673346512e+03 7.524479129051373505e+00
2.737749899799599007e+03 7.528700440373702563e+00
2.743451462925851501e+03 7.532914810200348477e+00
2.749153026052103996e+03 7.537122597256098011e+00
2.754854589178356946e+03 7.541324159849488673e+00
2.760556152304609441e+03 7.545519855854629476e+00
2.766257715430861936e+03 7.549710042693053680e+00
2.771959278557113976e+03 7.553895077315556428e+00
2.777660841683366925e+03 7.558075316184029724e+00
2.783362404809618965e+03 7.562251115253320499e+00
2.789063967935871460e+03 7.566422829953038054e+00
2.794765531062123955e+03 7.570590815169443211e+00
2.800467094188376905e+03 7.574755425227223782e+00
2.806168657314628945e+03 7.578917013871402375e+00
2.811870220440881894e+03 7.583075934249135841e+00
2.817571783567134389e+03 7.587232538891562683e+00
2.823273346693386884e+03 7.591387179695653131e+00
2.828974909819638924e+03 7.595540207906035235e+00
2.834676472945891874e+03 7.599691974096856484e+00
2.840378036072143914e+03 7.603842828153593913e+00
2.846079599198396863e+03 7.607993119254928160e+00
2.851781162324648903e+03 7.612143195854560673e+00
2.857482725450901853e+03 7.616293405663062011e+00
2.863184288577154348e+03 7.620444095629705039e+00
2.868885851703406843e+03 7.624595611924329219e+00
2.874587414829659338e+03 7.628748299919143605e+00
2.880288977955911832e+03 7.632902504170605340e+00
2.885990541082164327e+03 7.637058568401226211e+00
2.891692104208416822e+03 7.641216835481442260e+00
2.897393667334668862e+03 7.645377647411434552e+00
2.903095230460921812e+03 7.649541345302978357e+00
2.908796793587174307e+03 7.653708269361278127e+00
2.914498356713426801e+03 7.657878758866825564e+00
2.920199919839679296e+03 7.662053152157199065e+00
2.925901482965931791e+03 7.666231786608960874e+00
2.931603046092184741e+03 7.670414998619447644e+00
2.937304609218436781e+03 7.674603123588639164e+00
2.943006172344689730e+03 7.678796495900986230e+00
2.948707735470941770e+03 7.682995448907265157e+00
2.954409298597194265e+03 7.687200314906402987e+00
2.960110861723446760e+03 7.691411425127316903e+00
2.965812424849699255e+03 7.695629109710765192e+00
2.971513987975951750e+03 7.699853697691200871e+00
2.977215551102204699e+03 7.704085516978567583e+00
2.982917114228456740e+03 7.708324894340186972e+00
2.988618677354709689e+03 7.712572155382577677e+00
2.994320240480961729e+03 7.716827624533289409e+00
3.000021803607214679e+03 7.721091625022761917e+00
3.005723366733466719e+03 7.725364478866151074e+00
3.011424929859719214e+03 7.729646506845174514e+00
3.017126492985971709e+03 7.733938028489952821e+00
3.022828056112224658e+03 7.738239362060843618e+00
3.028529619238476698e+03 7.742550824530303188e+00
3.034231182364729648e+03 7.746872731564686809e+00
3.039932745490981688e+03 7.751205397506133465e+00
3.045634308617234637e+03 7.755549135354372403e+00
3.051335871743487132e+03 7.759904256748588303e+00
3.057037434869739627e+03 7.764271071949250924e+00
3.062738997995991667e+03 7.768649889819947418e+00
3.068440561122244617e+03 7.773041017809232400e+00
3.074142124248496657e+03 7.777444761932472694e+00
3.079843687374749607e+03 7.781861426753676980e+00
3.085545250501001647e+03 7.786291315367345867e+00
3.091246813627254596e+03 7.790734729380307755e+00
3.096948376753507091e+03 7.795191968893546708e+00
3.102649939879759586e+03 7.799663332484075617e+00
3.108351503006012081e+03 7.804149117186753415e+00
3.114053066132264576e+03 7.808649618476107612e+00
3.119754629258516616e+03 7.813165130248219015e+00
3.125456192384769565e+03 7.817695944802533603e+00
3.131157755511021605e+03 7.822242352823707279e+00
3.136859318637274555e+03 7.826804643363439951e+00
3.142560881763527050e+03 7.831383103822334490e+00
3.148262444889779545e+03 7.835978019931735261e+00
3.153964008016032039e+03 7.840589675735524011e+00
3.159665571142284534e+03 7.845218353572036563e+00
3.165367134268537484e+03 7.849864334055848936e+00
3.171068697394789524e+03 7.854527896059613212e+00
3.176770260521041564e+03 7.859209316695946690e+00
3.182471823647294514e+03 7.863908871299216230e+00
3.188173386773547008e+03 7.868626833407433629e+00
3.193874949899799503e+03 7.873363474744031976e+00
3.199576513026051998e+03 7.878119065199767235e+00
3.205278076152304493e+03 7.882893872814531022e+00
3.210979639278557443e+03 7.887688163759172255e+00
3.216681202404809483e+03 7.892502202317388971e+00
3.222382765531062432e+03 7.897336250867514451e+00
3.228084328657314927e+03 7.902190569864389502e+00
3.233785891783566967e+03 7.907065417821188547e+00
3.239487454909819462e+03 7.911961051291289237e+00
3.245189018036071957e+03 7.916877724850056808e+00
3.250890581162324452e+03 7.921815691076749211e+00
3.256592144288577401e+03 7.926775200536295252e+00
3.262293707414829441e+03 7.931756501761185518e+00
3.267995270541082391e+03 7.936759841233303803e+00
3.273696833667334886e+03 7.941785463365729214e+00
3.279398396793587381e+03 7.946833610484622668e+00
3.285099959919839421e+03 7.951904522811041431e+00
3.290801523046091916e+03 7.956998438442805188e+00
3.296503086172344410e+03 7.962115593336285713e+00
3.302204649298597360e+03 7.967256221288307572e+00
3.307906212424849400e+03 7.972420553917961783e+00
3.313607775551102350e+03 7.977608820648418586e+00
3.319309338677354845e+03 7.982821248688829918e+00
3.325010901803607339e+03 7.988058063016119092e+00
3.330712464929859834e+03 7.993319486356826431e+00
3.336414028056112329e+03 7.998605739168979767e+00
3.342115591182364369e+03 8.003917039623907215e+00
3.347817154308617319e+03 8.009253603588092574e+00
3.353518717434869359e+03 8.014615644604990763e+00
3.359220280561122308e+03 8.020003373876914310e+00
3.364921843687374349e+03 8.025417000246825694e+00
3.370623406813627298e+03 8.030856730180206071e+00
3.376324969939879793e+03 8.036322767746892026e+00
3.382026533066132288e+03 8.041815314602901665e+00
3.387728096192384783e+03 8.047334569972305118e+00
3.393429659318637277e+03 8.052880730629013328e+00
3.399131222444889318e+03 8.058453990878692963e+00
3.404832785571142267e+03 8.064054542540528558e+00
3.410534348697394307e+03 8.069682574929119667e+00
3.416235911823647257e+03 8.075338274836294516e+00
3.421937474949899752e+03 8.081021826512955641e+00
3.427639038076152247e+03 8.086733411650930847e+00
3.433340601202404741e+03 8.092473209364785092e+00
3.439042164328657236e+03 8.098241396173698092e+00
3.444743727454910186e+03 8.104038145983288643e+00
3.450445290581162226e+03 8.109863630067435381e+00
3.456146853707414266e+03 8.115718017050157940e+00
3.461848416833667216e+03 8.121601472887411077e+00
3.467549979959919710e+03 8.127514160848974711e+00
3.473251543086172205e+03 8.133456241500244488e+00
3.478953106212424700e+03 8.139427872684105836e+00
3.484654669338677195e+03 8.145429209502777823e+00
3.490356232464930144e+03 8.151460404299626816e+00
3.496057795591182185e+03 8.157521606641012113e+00
3.501759358717435134e+03 8.163612963298168879e+00
3.507460921843687629e+03 8.169734618228964962e+00
3.513162484969939669e+03 8.175886712559847780e+00
3.518864048096192164e+03 8.182069384567579817e+00
3.524565611222444659e+03 8.188282769661167748e+00
3.530267174348697154e+03 8.194527000363621028e+00
3.535968737474950103e+03 8.200802206293881014e+00
3.541670300601202143e+03 8.207108514148565348e+00
3.547371863727455093e+03 8.213446047683902407e+00
3.553073426853707588e+03 8.219814927697495222e+00
3.558774989979960083e+03 8.226215272010215074e+00
3.564476553106212577e+03 8.232647195448013377e+00
3.570178116232464617e+03 8.239110809823756654e+00
3.575879679358717112e+03 8.245606223919102362e+00
3.581581242484970062e+03 8.252133543466300125e+00
3.587282805611222102e+03 8.258692871130065782e+00
3.592984368737475052e+03 8.265284306489377286e+00
3.598685931863727546e+03 8.271907946019368296e+00
3.604387494989980041e+03 8.278563883073150720e+00
3.610089058116232536e+03 8.285252207863601726e+00
3.615790621242485031e+03 8.291973007445303523e+00
3.621492184368737981e+03 8.298726365696307283e+00
3.627193747494990021e+03 8.254830762990454929e+00
3.682333477407075407e+03 8.300268634989723893e+00
3.737473207319160792e+03 8.345706506988992857e+00
3.792612937231246633e+03 8.391144378988263597e+00
3.847752667143332019e+03 8.436582250987532561e+00
3.902892397055417405e+03 8.482020122986801525e+00
3.958032126967502791e+03 8.527457994986072265e+00
4.013171856879588177e+03 8.572895866985341229e+00
4.068311586791674017e+03 8.618333738984610193e+00
4.123451316703759403e+03 8.663771610983879157e+00
4.178591046615844789e+03 8.709209482983148121e+00
4.233730776527930175e+03 8.754647354982417085e+00
4.288870506440015561e+03 8.800085226981687825e+00
4.344010236352100947e+03 8.845523098980956789e+00
4.399149966264186332e+03 8.890960970980225753e+00
4.454289696176272628e+03 8.936398842979496493e+00
4.509429426088358014e+03 8.981836714978765457e+00
4.564569156000443400e+03 9.027274586978034421e+00
4.619708885912528785e+03 9.072712458977303385e+00
4.674848615824614171e+03 9.118150330976572349e+00
4.729988345736699557e+03 9.163588202975843089e+00
4.785128075648784943e+03 9.209026074975112053e+00
4.840267805560870329e+03 9.254463946974381017e+00
4.895407535472955715e+03 9.299901818973651757e+00
4.950547265385041101e+03 9.345339690972920721e+00
5.005686995297126487e+03 9.390777562972189685e+00
5.060826725209212782e+03 9.436215434971458649e+00
5.115966455121298168e+03 9.481653306970727613e+00
5.171106185033383554e+03 9.527091178969996577e+00
5.226245914945468940e+03 9.572529050969267317e+00
5.281385644857554325e+03 9.617966922968536281e+00
5.336525374769639711e+03 9.663404794967805245e+00
5.391665104681725097e+03 9.708842666967075985e+00
5.446804834593810483e+03 9.754280538966344949e+00
5.501944564505896778e+03 9.799718410965613913e+00
5.557084294417982164e+03 9.845156282964882877e+00
5.612224024330067550e+03 9.890594154964151841e+00
5.667363754242152936e+03 9.936032026963422581e+00
5.722503484154238322e+03 9.981469898962691545e+00
5.777643214066323708e+03 1.002690777096196051e+01
5.832782943978409094e+03 1.007234564296123125e+01
5.887922673890494480e+03 1.011778351496050021e+01
5.943062403802579865e+03 1.016322138695976918e+01
5.998202133714665251e+03 1.020865925895903814e+01
6.053341863626750637e+03 1.025409713095830710e+01
6.108481593538836023e+03 1.029953500295757607e+01
6.163621323450921409e+03 1.034497287495684503e+01
6.218761053363007704e+03 1.039041074695611577e+01
6.273900783275093090e+03 1.043584861895538651e+01
6.329040513187178476e+03 1.048128649095465548e+01
6.384180243099263862e+03 1.052672436295392444e+01
6.439319973011349248e+03 1.057216223495319340e+01
6.494459702923435543e+03 1.061760010695246237e+01
6.549599432835520929e+03 1.066303797895173133e+01
6.604739162747606315e+03 1.070847585095100207e+01
6.659878892659691701e+03 1.075391372295027104e+01
6.715018622571777087e+03 1.079935159494954000e+01
6.770158352483862473e+03 1.084478946694881074e+01
6.825298082395947858e+03 1.089022733894807971e+01
6.880437812308033244e+03 1.093566521094734867e+01
6.935577542220118630e+03 1.098110308294661763e+01
6.990717272132204016e+03 1.102654095494588660e+01
7.045857002044289402e+03 1.107197882694515556e+01
7.100996731956374788e+03 1.111741669894442452e+01
7.156136461868460174e+03 1.116285457094369349e+01
7.211276191780545560e+03 1.120829244294296423e+01
7.266415921692630945e+03 1.125373031494223319e+01
7.321555651604717241e+03 1.129916818694150393e+01
7.376695381516802627e+03 1.134460605894077290e+01
7.431835111428888013e+03 1.139004393094004186e+01
7.486974841340973398e+03 1.143548180293931082e+01
7.542114571253058784e+03 1.148091967493857979e+01
7.597254301165145080e+03 1.152635754693785053e+01
7.652394031077230466e+03 1.157179541893711949e+01
7.707533760989315851e+03 1.161723329093639023e+01
7.762673490901401237e+03 1.166267116293565920e+01
7.817813220813486623e+03 1.170810903493492816e+01
7.872952950725572009e+03 1.175354690693419712e+01
7.928092680637657395e+03 1.179898477893346609e+01
7.983232410549742781e+03 1.184442265093273505e+01
8.038372140461828167e+03 1.188986052293200402e+01
8.093511870373913553e+03 1.193529839493127476e+01
8.148651600285998938e+03 1.198073626693054372e+01
8.203791330198084324e+03 1.202617413892981268e+01
8.258931060110171529e+03 1.207161201092908343e+01
8.314070790022255096e+03 1.211704988292835239e+01
8.369210519934342301e+03 1.216248775492762135e+01
8.424350249846425868e+03 1.220792562692689032e+01
8.479489979758513073e+03 1.225336349892616106e+01
8.534629709670596640e+03 1.229880137092542824e+01
8.589769439582683844e+03 1.234423924292470076e+01
8.644909169494767411e+03 1.238967711492396617e+01
8.700048899406854616e+03 1.243511498692323869e+01
8.755188629318938183e+03 1.248055285892250588e+01
8.810328359231025388e+03 1.252599073092177662e+01
8.865468089143110774e+03 1.257142860292104558e+01
8.920607819055196160e+03 1.261686647492031454e+01
8.975747548967281546e+03 1.266230434691958351e+01
9.030887278879366932e+03 1.270774221891885425e+01
9.086027008791452317e+03 1.275318009091812321e+01
9.141166738703537703e+03 1.279861796291739218e+01
9.196306468615623089e+03 1.284405583491666292e+01
9.251446198527708475e+03 1.288949370691593188e+01
9.306585928439793861e+03 1.293493157891520084e+01
9.361725658351879247e+03 1.298036945091446981e+01
9.416865388263966452e+03 1.302580732291374055e+01
9.472005118176050019e+03 1.307124519491300774e+01
9.527144848088137223e+03 1.311668306691228025e+01
9.582284578000220790e+03 1.316212093891154566e+01
9.637424307912307995e+03 1.320755881091081818e+01
9.692564037824391562e+03 1.325299668291008537e+01
9.747703767736478767e+03 1.329843455490935611e+01
9.802843497648562334e+03 1.334387242690862330e+01
9.857983227560649539e+03 1.338931029890789404e+01
9.913122957472734925e+03 1.343474817090716478e+01
9.968262687384820310e+03 1.348018604290643374e+01
1.002340241729690570e+04 1.352562391490570270e+01
1.007854214720899108e+04 1.357106178690497167e+01
1.013368187712107647e+04 1.361649965890424063e+01
1.018882160703316185e+04 1.366193753090351137e+01
1.024396133694524724e+04 1.370737540290278034e+01
1.029910106685733263e+04 1.375281327490204930e+01
1.035424079676941801e+04 1.379825114690131826e+01
1.040938052668150340e+04 1.384368901890058723e+01
1.046452025659359060e+04 1.388912689089985797e+01
1.051965998650567417e+04 1.393456476289912693e+01
1.057479971641776137e+04 1.398000263489839767e+01
1.062993944632984494e+04 1.402544050689766486e+01
1.068507917624193215e+04 1.407087837889693560e+01
1.074021890615401571e+04 1.411631625089620456e+01
1.079535863606610292e+04 1.416175412289547531e+01
1.085049836597818648e+04 1.420719199489474249e+01
1.090563809589027369e+04 1.425262986689401323e+01
1.096077782580235908e+04 1.429806773889328220e+01
1.101591755571444446e+04 1.434350561089255116e+01
1.107105728562652985e+04 1.438894348289182012e+01
1.112619701553861523e+04 1.443438135489109087e+01
1.118133674545070062e+04 1.447981922689035983e+01
1.123647647536278600e+04 1.452525709888962879e+01
1.129161620527487139e+04 1.457069497088889776e+01
1.134675593518695678e+04 1.461613284288816672e+01
1.140189566509904216e+04 1.466157071488743746e+01
1.145703539501112755e+04 1.470700858688670642e+01
1.151217512492321475e+04 1.475244645888597717e+01
1.156731485483529832e+04 1.479788433088524435e+01
1.162245458474738552e+04 1.484332220288451509e+01
1.167759431465946909e+04 1.488876007488378406e+01
1.173273404457155630e+04 1.493419794688305480e+01
1.178787377448363986e+04 1.497963581888232198e+01
1.184301350439572707e+04 1.502507369088159273e+01
1.189815323430781245e+04 1.507051156288086169e+01
1.195329296421989784e+04 1.511594943488013065e+01
1.200843269413198323e+04 1.516138730687940139e+01
1.206357242404406861e+04 1.520682517887867036e+01
1.211871215395615400e+04 1.525226305087793932e+01
1.217385188386823938e+04 1.529770092287720828e+01
1.222899161378032477e+04 1.534313879487647725e+01
1.228413134369241016e+04 1.538857666687574621e+01
1.233927107360449554e+04 1.543401453887501695e+01
1.239441080351658093e+04 1.547945241087428592e+01
1.244955053342866631e+04 1.552489028287355488e+01
1.250469026334075170e+04 1.557032815487282384e+01
1.255982999325283708e+04 1.561576602687209281e+01
1.261496972316492247e+04 1.566120389887136355e+01
1.267010945307700786e+04 1.570664177087063251e+01
1.272524918298909324e+04 1.575207964286990148e+01
1.278038891290117863e+04 1.579751751486917044e+01
1.283552864281326401e+04 1.584295538686843940e+01
1.289066837272535122e+04 1.588839325886771014e+01
1.294580810263743660e+04 1.593383113086698089e+01
1.300094783254952199e+04 1.597926900286624985e+01
1.305608756246160738e+04 1.602470687486551881e+01
1.311122729237369276e+04 1.607014474686478778e+01
1.316636702228577815e+04 1.611558261886405674e+01
1.322150675219786353e+04 1.616102049086332926e+01
1.327664648210994892e+04 1.620645836286259822e+01
1.333178621202203431e+04 1.625189623486186719e+01
1.338692594193411969e+04 1.629733410686113615e+01
1.344206567184620508e+04 1.634277197886040511e+01
1.349720540175829046e+04 1.638820985085967408e+01
1.355234513167037585e+04 1.643364772285894304e+01
1.360748486158246124e+04 1.647908559485821200e+01
1.366262459149454662e+04 1.652452346685748097e+01
1.371776432140663201e+04 1.656996133885674993e+01
1.377290405131871739e+04 1.661539921085601890e+01
1.382804378123080278e+04 1.666083708285528786e+01
1.388318351114288816e+04 1.670627495485455682e+01
1.393832324105497355e+04 1.675171282685382579e+01
1.399346297096706076e+04 1.679715069885309831e+01
1.404860270087914614e+04 1.684258857085236727e+01
1.410374243079123153e+04 1.688802644285163623e+01
1.415888216070331691e+04 1.693346431485090875e+01
1.421402189061540230e+04 1.697890218685017771e+01
1.426916162052748768e+04 1.702434005884944668e+01
1.432430135043957307e+04 1.706977793084871564e+01
1.437944108035165846e+04 1.711521580284798461e+01
1.443458081026374384e+04 1.716065367484725357e+01
1.448972054017582923e+04 1.720609154684652253e+01
1.454486027008791461e+04 1.725152941884579150e+01
1.460000000000000000e+04 1.729696729084506046e+01
