6.248150000000000546e+02 8.453936900652010422e+00
6.301139679358716421e+02 8.476259854957195472e+00
6.354129358717434570e+02 8.498263711196706538e+00
6.407119038076152719e+02 8.519952574313521154e+00
6.460108717434869732e+02 8.541330517091143548e+00
6.513098396793586744e+02 8.562401580270474710e+00
6.566088076152304893e+02 8.583169772666693120e+00
6.619077755511021905e+02 8.603639071286124818e+00
6.672067434869738918e+02 8.623813421443131233e+00
6.725057114228457067e+02 8.643696736876975706e+00
6.778046793587174079e+02 8.663292899868704211e+00
6.831036472945891092e+02 8.682605761358026086e+00
6.884026152304609241e+02 8.701639141060180549e+00
6.937015831663327390e+02 8.720396827582831634e+00
6.990005511022043265e+02 8.738882578542920498e+00
7.042995190380761414e+02 8.757100120683567468e+00
7.095984869739479564e+02 8.775053149990927892e+00
7.148974549098196576e+02 8.792745331811083531e+00
7.201964228456913588e+02 8.810180300966912625e+00
7.254953907815631737e+02 8.827361661874970622e+00
7.307943587174348750e+02 8.844292988662360244e+00
7.360933266533065762e+02 8.860977825283615772e+00
7.413922945891783911e+02 8.877419685637576663e+00
7.466912625250500923e+02 8.893622053684266504e+00
7.519902304609217936e+02 8.909588383561766634e+00
7.572891983967936085e+02 8.925322099703091538e+00
7.625881663326653097e+02 8.940826596953071359e+00
7.678871342685370109e+02 8.956105240685232616e+00
7.731861022044088259e+02 8.971161366918655844e+00
7.784850701402806408e+02 8.985998282434881190e+00
7.837840380761522283e+02 9.000619264894751836e+00
7.890830060120240432e+02 9.015027562955321372e+00
7.943819739478958581e+02 9.029226396386714981e+00
7.996809418837674457e+02 9.043218956189006619e+00
8.049799098196392606e+02 9.057008404709099736e+00
8.102788777555110755e+02 9.070597875757606232e+00
8.155778456913827767e+02 9.083990474725714748e+00
8.208768136272544780e+02 9.097189278702076720e+00
8.261757815631262929e+02 9.110197336589676453e+00
8.314747494989979941e+02 9.123017669222711845e+00
8.367737174348696954e+02 9.135653269483473338e+00
8.420726853707415103e+02 9.148107102419213987e+00
8.473716533066133252e+02 9.160382105359030191e+00
8.526706212424849127e+02 9.172481188030744192e+00
8.579695891783567276e+02 9.184407232677768818e+00
8.632685571142285426e+02 9.196163094175995312e+00
8.685675250501001301e+02 9.207751600150659854e+00
8.738664929859719450e+02 9.219175551093236720e+00
8.791654609218436462e+02 9.230437720478294139e+00
8.844644288577154612e+02 9.241540854880387457e+00
8.897633967935871624e+02 9.252487674090932757e+00
8.950623647294588636e+02 9.263280871235075153e+00
9.003613326653306785e+02 9.273923112888574849e+00
9.056603006012023798e+02 9.284417039194684307e+00
9.109592685370740810e+02 9.294765263981018322e+00
9.162582364729458959e+02 9.304970374876436523e+00
9.215572044088175971e+02 9.315034933427916997e+00
9.268561723446894121e+02 9.324961475217433460e+00
9.321551402805611133e+02 9.334752509978837764e+00
9.374541082164328145e+02 9.344410521714729967e+00
9.427530761523046294e+02 9.353937968813333725e+00
9.480520440881763307e+02 9.363337284165384133e+00
9.533510120240480319e+02 9.372610875280990683e+00
9.586499799599198468e+02 9.381761124406523322e+00
9.639489478957916617e+02 9.390790388641489628e+00
9.692479158316632493e+02 9.399701000055404876e+00
9.745468837675350642e+02 9.408495265804678098e+00
9.798458517034068791e+02 9.417175468249480375e+00
9.851448196392784666e+02 9.425743865070622007e+00
9.904437875751502816e+02 9.434202689386442131e+00
9.957427555110220965e+02 9.442554149869666347e+00
1.001041723446893684e+03 9.450800430864301660e+00
1.006340691382765499e+03 9.458943692502497669e+00
1.011639659318637314e+03 9.466986070821434396e+00
1.016938627254509015e+03 9.474929677880197687e+00
1.022237595190380830e+03 9.482776601876651057e+00
1.027536563126252531e+03 9.490528907264318192e+00
1.032835531062124119e+03 9.498188634869254798e+00
1.038134498997996161e+03 9.505757802006932877e+00
1.043433466933867749e+03 9.513238402599103694e+00
1.048732434869739336e+03 9.520632407290687382e+00
1.054031402805611378e+03 9.527941763566657229e+00
1.059330370741482966e+03 9.535168395868886648e+00
1.064629338677354554e+03 9.542314205713061881e+00
1.069928306613226596e+03 9.549381071805527199e+00
1.075227274549098183e+03 9.556370850160188724e+00
1.080526242484969771e+03 9.563285374215373835e+00
1.085825210420841813e+03 9.570126454950708350e+00
1.091124178356713401e+03 9.576895881004009681e+00
1.096423146292585216e+03 9.583595418788146247e+00
1.101722114228457031e+03 9.590226812607916429e+00
1.107021082164328618e+03 9.596791784776936396e+00
1.112320050100200433e+03 9.603292035734510179e+00
1.117619018036072248e+03 9.609729244162499739e+00
1.122917985971943835e+03 9.616105067102214576e+00
1.128216953907815650e+03 9.622421140071281798e+00
1.133515921843687238e+03 9.628679077180525070e+00
1.138814889779559053e+03 9.634880471250831135e+00
1.144113857715430868e+03 9.641026893930051855e+00
1.149412825651302455e+03 9.647119895809854739e+00
1.154711793587174270e+03 9.653161006542610778e+00
1.160010761523046085e+03 9.659151734958271618e+00
1.165309729458917900e+03 9.665093569181250288e+00
1.170608697394789488e+03 9.670987976747285941e+00
1.175907665330661303e+03 9.676836404720333462e+00
1.181206633266533117e+03 9.682640279809433537e+00
1.186505601202404705e+03 9.688401008485589827e+00
1.191804569138276520e+03 9.694119977098653251e+00
1.197103537074148335e+03 9.699798551994183171e+00
1.202402505010019922e+03 9.705438079630342330e+00
1.207701472945891737e+03 9.711039886694763368e+00
1.213000440881763552e+03 9.716605280221418894e+00
1.218299408817635140e+03 9.722135547707525305e+00
1.223598376753506955e+03 9.727631957230382653e+00
1.228897344689378770e+03 9.733095757564282025e+00
1.234196312625250357e+03 9.738528178297368498e+00
1.239495280561122399e+03 9.743930429948520100e+00
1.244794248496993987e+03 9.749303704084221422e+00
1.250093216432865574e+03 9.754649173435453235e+00
1.255392184368737617e+03 9.759967992014543015e+00
1.260691152304609204e+03 9.765261295232079419e+00
1.265990120240480792e+03 9.770530200013755717e+00
1.271289088176352834e+03 9.775775804917262946e+00
1.276588056112224422e+03 9.780999190249168862e+00
1.281887024048096009e+03 9.786201418181777356e+00
1.287185991983968051e+03 9.791383532870030493e+00
1.292484959919839639e+03 9.796546560568364370e+00
1.297783927855711454e+03 9.801691509747600506e+00
1.303082895791583269e+03 9.806819371211807024e+00
1.308381863727454856e+03 9.811931118215191816e+00
1.313680831663326671e+03 9.817027706578976165e+00
1.318979799599198486e+03 9.822110074808257707e+00
1.324278767535070074e+03 9.827179144208901818e+00
1.329577735470941889e+03 9.832235819004417010e+00
1.334876703406813704e+03 9.837280986452825005e+00
1.340175671342685291e+03 9.842315516963548561e+00
1.345474639278557106e+03 9.847340264214274441e+00
1.350773607214428921e+03 9.852356065267834140e+00
1.356072575150300509e+03 9.857363740689098819e+00
1.361371543086172323e+03 9.862364094661824510e+00
1.366670511022044138e+03 9.867357915105555932e+00
1.371969478957915726e+03 9.872345973792491236e+00
1.377268446893787541e+03 9.877329026464359174e+00
1.382567414829659356e+03 9.882307812949292725e+00
1.387866382765530943e+03 9.887283057278729359e+00
1.393165350701402758e+03 9.892255467804249136e+00
1.398464318637274573e+03 9.897225737314482075e+00
1.403763286573146161e+03 9.902194543151971118e+00
1.409062254509017976e+03 9.907162547330056412e+00
1.414361222444889790e+03 9.912130396649750708e+00
1.419660190380761605e+03 9.917098722816604095e+00
1.424959158316633193e+03 9.922068142557602499e+00
1.430258126252505008e+03 9.927039257738028866e+00
1.435557094188376823e+03 9.932012655478338559e+00
1.440856062124248410e+03 9.936988908271050747e+00
1.446155030060120225e+03 9.941968574097616695e+00
1.451453997995992040e+03 9.946952196545288061e+00
1.456752965931863628e+03 9.951940304924004721e+00
1.462051933867735443e+03 9.956933414383271952e+00
1.467350901803607258e+03 9.961932026029042930e+00
1.472649869739478845e+03 9.966936627040565710e+00
1.477948837675350660e+03 9.971947690787303031e+00
1.483247805611222475e+03 9.976965676945777517e+00
1.488546773547094062e+03 9.981991031616448851e+00
1.493845741482965877e+03 9.987024187440631806e+00
1.499144709418837692e+03 9.992065563717304144e+00
1.504443677354709507e+03 9.997115566520054841e+00
1.509742645290581095e+03 1.000217458881389909e+01
1.515041613226452910e+03 1.000724301057219989e+01
1.520340581162324725e+03 1.001232119889353100e+01
1.525639549098196312e+03 1.001740950811854169e+01
1.530938517034068127e+03 1.002250827994684457e+01
1.536237484969939942e+03 1.002761784355390517e+01
1.541536452905811529e+03 1.003273851570787834e+01
1.546835420841683344e+03 1.003787060088653682e+01
1.552134388777555159e+03 1.004301439139410945e+01
1.557433356713426747e+03 1.004817016747818315e+01
1.562732324649298562e+03 1.005333819744655344e+01
1.568031292585170377e+03 1.005851873778413186e+01
1.573330260521041964e+03 1.006371203326978758e+01
1.578629228456914007e+03 1.006891831709326546e+01
1.583928196392785594e+03 1.007413781097202943e+01
1.589227164328657182e+03 1.007937072526815392e+01
1.594526132264529224e+03 1.008461725910519391e+01
1.599825100200400811e+03 1.008987760048508164e+01
1.605124068136272399e+03 1.009515192640495940e+01
1.610423036072144441e+03 1.010044040297410817e+01
1.615722004008016029e+03 1.010574318553080531e+01
1.621020971943887616e+03 1.011106041875917150e+01
1.626319939879759659e+03 1.011639223680610655e+01
1.631618907815631246e+03 1.012173876339810619e+01
1.636917875751503061e+03 1.012710011195817472e+01
1.642216843687374876e+03 1.013247638572269516e+01
1.647515811623246464e+03 1.013786767785830634e+01
1.652814779559118278e+03 1.014327407157878014e+01
1.658113747494990093e+03 1.014869564026189153e+01
1.663412715430861681e+03 1.015413244756628153e+01
1.668711683366733496e+03 1.015958454754839302e+01
1.674010651302605311e+03 1.016505198477926974e+01
1.679309619238476898e+03 1.017053479446149566e+01
1.684608587174348713e+03 1.017603300254602772e+01
1.689907555110220528e+03 1.018154662584909786e+01
1.695206523046092116e+03 1.018707567216910093e+01
1.700505490981963931e+03 1.019262014040343267e+01
1.705804458917835746e+03 1.019818002066538476e+01
1.711103426853707333e+03 1.020375529440105211e+01
1.716402394789579148e+03 1.020934593450615679e+01
1.721701362725450963e+03 1.021495190544297138e+01
1.727000330661322778e+03 1.022057316335715171e+01
1.732299298597194365e+03 1.022620965619465494e+01
1.737598266533066180e+03 1.023186132381860780e+01
1.742897234468937995e+03 1.023752809812614828e+01
1.748196202404809583e+03 1.024320990316534186e+01
1.753495170340681398e+03 1.024890665525205868e+01
1.758794138276553213e+03 1.025461826308682234e+01
1.764093106212424800e+03 1.026034462787169943e+01
1.769392074148296615e+03 1.026608564342717855e+01
1.774691042084168430e+03 1.027184119630906878e+01
1.779990010020040017e+03 1.027761116592533597e+01
1.785288977955911832e+03 1.028339542465299417e+01
1.790587945891783647e+03 1.028919383795500231e+01
1.795886913827655235e+03 1.029500626449711476e+01
1.801185881763527050e+03 1.030083255626477268e+01
1.806484849699398637e+03 1.030667255867997945e+01
1.811783817635270452e+03 1.031252611071818848e+01
1.817082785571142267e+03 1.031839304502513421e+01
1.822381753507013855e+03 1.032427318803377503e+01
1.827680721442885670e+03 1.033016636008111533e+01
1.832979689378757485e+03 1.033607237552512181e+01
1.838278657314629072e+03 1.034199104286156867e+01
1.843577625250500887e+03 1.034792216484094141e+01
1.848876593186372702e+03 1.035386553858528202e+01
1.854175561122244289e+03 1.035982095570511063e+01
1.859474529058116104e+03 1.036578820241625642e+01
1.864773496993987919e+03 1.037176705965676504e+01
1.870072464929859507e+03 1.037775730320375267e+01
1.875371432865731549e+03 1.038375870379032406e+01
1.880670400801603137e+03 1.038977102722238222e+01
1.885969368737474724e+03 1.039579403449556594e+01
1.891268336673346766e+03 1.040182748191210926e+01
1.896567304609218354e+03 1.040787112119770796e+01
1.901866272545089942e+03 1.041392469961839851e+01
1.907165240480961984e+03 1.041998796009743700e+01
1.912464208416833571e+03 1.042606064133218169e+01
1.917763176352705159e+03 1.043214247791097904e+01
1.923062144288577201e+03 1.043823320043000180e+01
1.928361112224448789e+03 1.044433253561016173e+01
1.933660080160320831e+03 1.045044020641398319e+01
1.938959048096192419e+03 1.045655593216246970e+01
1.944258016032064006e+03 1.046267942865199174e+01
1.949556983967936048e+03 1.046881040827114617e+01
1.954855951903807636e+03 1.047494858011763696e+01
1.960154919839679224e+03 1.048109365011517546e+01
1.965453887775551266e+03 1.048724532113032204e+01
1.970752855711422853e+03 1.049340329308940056e+01
1.976051823647294441e+03 1.049956726309533472e+01
1.981350791583166483e+03 1.050573692554456073e+01
1.986649759519038071e+03 1.051191197224389917e+01
1.991948727454909658e+03 1.051809209252739308e+01
1.997247695390781701e+03 1.052427697337323309e+01
2.002546663326653288e+03 1.053046629952061863e+01
2.007845631262525103e+03 1.053665975358662266e+01
2.013144599198396918e+03 1.054285701618307058e+01
2.018443567134268505e+03 1.054905776603343703e+01
2.023742535070140320e+03 1.055526168008971588e+01
2.029041503006012135e+03 1.056146843364926369e+01
2.034340470941883723e+03 1.056767770047173904e+01
2.039639438877755538e+03 1.057388915289589804e+01
2.044938406813627353e+03 1.058010246195657800e+01
2.050237374749498940e+03 1.058631729750145567e+01
2.055536342685370983e+03 1.059253332830801497e+01
2.060835310621242570e+03 1.059875022220037266e+01
2.066134278557114158e+03 1.060496764616619103e+01
2.071433246492985745e+03 1.061118526647354443e+01
2.076732214428857333e+03 1.061740274878774493e+01
2.082031182364729375e+03 1.062361975828832072e+01
2.087330150300601417e+03 1.062983595978578322e+01
2.092629118236473005e+03 1.063605101783860718e+01
2.097928086172344592e+03 1.064226459686998894e+01
2.103227054108216180e+03 1.064847636128488517e+01
2.108526022044087767e+03 1.065468597558670361e+01
2.113824989979959810e+03 1.066089310449432404e+01
2.119123957915831852e+03 1.066709741305891512e+01
2.124422925851703440e+03 1.067329856678080091e+01
2.129721893787575027e+03 1.067949623172639662e+01
2.135020861723446615e+03 1.068569007464498988e+01
2.140319829659318657e+03 1.069187976308571209e+01
2.145618797595190244e+03 1.069806496551437114e+01
2.150917765531062287e+03 1.070424535143032152e+01
2.156216733466933874e+03 1.071042059148335568e+01
2.161515701402805462e+03 1.071659035759059009e+01
2.166814669338677049e+03 1.072275432305331577e+01
2.172113637274549092e+03 1.072891216267389680e+01
2.177412605210420679e+03 1.073506355287263681e+01
2.182711573146292722e+03 1.074120817180465970e+01
2.188010541082164309e+03 1.074734569947678864e+01
2.193309509018035897e+03 1.075347581786442674e+01
2.198608476953907484e+03 1.075959821102840053e+01
2.203907444889779526e+03 1.076571256523190101e+01
2.209206412825651114e+03 1.077181856905729340e+01
2.214505380761523156e+03 1.077791591352302980e+01
2.219804348697394744e+03 1.078400429220054590e+01
2.225103316633266331e+03 1.079008340133107069e+01
2.230402284569138374e+03 1.079615293994257641e+01
2.235701252505009961e+03 1.080221260996660604e+01
2.241000220440881549e+03 1.080826211635518774e+01
2.246299188376753591e+03 1.081430116719767298e+01
2.251598156312625179e+03 1.082032947383762966e+01
2.256897124248496766e+03 1.082634675098974419e+01
2.262196092184368808e+03 1.083235271685664891e+01
2.267495060120240396e+03 1.083834709324585432e+01
2.272794028056112438e+03 1.084432960568658544e+01
2.278092995991984026e+03 1.085029998354664293e+01
2.283391963927855613e+03 1.085625796014934963e+01
2.288690931863727656e+03 1.086220327289038678e+01
2.293989899799599243e+03 1.086813566335462156e+01
2.299288867735470831e+03 1.087405487743307830e+01
2.304587835671342873e+03 1.087996066543976603e+01
2.309886803607214460e+03 1.088585278222853603e+01
2.315185771543086048e+03 1.089173098730997680e+01
2.320484739478958090e+03 1.089759504496835163e+01
2.325783707414829678e+03 1.090344472437834256e+01
2.331082675350701265e+03 1.090927979972206607e+01
2.336381643286573308e+03 1.091510005030583486e+01
2.341680611222444895e+03 1.092090526067714862e+01
2.346979579158316483e+03 1.092669522074146116e+01
2.352278547094188525e+03 1.093246972587912680e+01
2.357577515030060113e+03 1.093822857706224383e+01
2.362876482965932155e+03 1.094397158097157607e+01
2.368175450901803742e+03 1.094969855011335014e+01
2.373474418837675330e+03 1.095540930293622850e+01
2.378773386773546918e+03 1.096110366394809610e+01
2.384072354709418960e+03 1.096678146383300856e+01
2.389371322645290547e+03 1.097244253956803561e+01
2.394670290581162590e+03 1.097808673454012407e+01
2.399969258517034177e+03 1.098371389866301584e+01
2.405268226452905765e+03 1.098932388849408959e+01
2.410567194388777352e+03 1.099491656735125034e+01
2.415866162324648940e+03 1.100049180542981198e+01
2.421165130260521437e+03 1.100604947991935489e+01
2.426464098196393024e+03 1.101158947512062980e+01
2.431763066132264612e+03 1.101711168256241535e+01
2.437062034068136199e+03 1.102261600111840778e+01
2.442361002004007787e+03 1.102810233712406429e+01
2.447659969939879375e+03 1.103357060449355309e+01
2.452958937875751872e+03 1.103902072483652930e+01
2.458257905811623459e+03 1.104445262757510449e+01
2.463556873747495047e+03 1.104986625006067769e+01
2.468855841683366634e+03 1.105526153769080899e+01
2.474154809619238222e+03 1.106063844402610741e+01
2.479453777555110264e+03 1.106599693090714176e+01
2.484752745490982306e+03 1.107133696857122196e+01
2.490051713426853894e+03 1.107665853576936854e+01
2.495350681362725481e+03 1.108196161988318096e+01
2.500649649298597069e+03 1.108724621704165969e+01
2.505948617234468657e+03 1.109251233223814026e+01
2.511247585170340699e+03 1.109775997944709225e+01
2.516546553106212741e+03 1.110298918174112082e+01
2.521845521042084329e+03 1.110819997140772131e+01
2.527144488977955916e+03 1.111339239006625235e+01
2.532443456913827504e+03 1.111856648878469223e+01
2.537742424849699091e+03 1.112372232819666884e+01
2.543041392785571134e+03 1.112885997861820897e+01
2.548340360721443176e+03 1.113397952016470782e+01
2.553639328657314763e+03 1.113908104286769785e+01
2.558938296593186351e+03 1.114416464679185381e+01
2.564237264529057938e+03 1.114923044215173853e+01
2.569536232464929526e+03 1.115427854942886832e+01
2.574835200400801568e+03 1.115930909948831840e+01
2.580134168336673611e+03 1.116432223369583809e+01
2.585433136272545198e+03 1.116931810403465875e+01
2.590732104208416786e+03 1.117429687322227672e+01
2.596031072144288373e+03 1.117925871482744782e+01
2.601330040080159961e+03 1.118420381338704317e+01
2.606629008016032003e+03 1.118913236452287308e+01
2.611927975951904045e+03 1.119404457505858197e+01
2.617226943887775633e+03 1.119894066313658954e+01
2.622525911823647220e+03 1.120382085833487018e+01
2.627824879759518808e+03 1.120868540178390838e+01
2.633123847695390850e+03 1.121353454628349411e+01
2.638422815631262438e+03 1.121836855641974218e+01
2.643721783567134480e+03 1.122318770868177396e+01
2.649020751503006068e+03 1.122799229157875445e+01
2.654319719438877655e+03 1.123278260575669307e+01
2.659618687374749243e+03 1.123755896411536881e+01
2.664917655310621285e+03 1.124232169192512387e+01
2.670216623246492873e+03 1.124707112694386524e+01
2.675515591182364915e+03 1.125180761953376951e+01
2.680814559118236502e+03 1.125653153277838570e+01
2.686113527054108090e+03 1.126124324259924769e+01
2.691412494989979677e+03 1.126594313787302681e+01
2.696711462925851720e+03 1.127063162054816026e+01
2.702010430861723762e+03 1.127530910576195922e+01
2.707309398797595350e+03 1.127997602195720006e+01
2.712608366733466937e+03 1.128463281099934257e+01
2.717907334669338525e+03 1.128927992829310867e+01
2.723206302605210112e+03 1.129391784289958167e+01
2.728505270541082155e+03 1.129854703765285073e+01
2.733804238476954197e+03 1.130316800927717225e+01
2.739103206412825784e+03 1.130778126850357701e+01
2.744402174348697372e+03 1.131238734018693037e+01
2.749701142284568959e+03 1.131698676342274723e+01
2.755000110220440547e+03 1.132158009166400703e+01
2.760299078156312589e+03 1.132616789283814107e+01
2.765598046092184632e+03 1.133075074946387062e+01
2.770897014028056219e+03 1.133532925876802011e+01
2.776195981963927807e+03 1.133990403280248671e+01
2.781494949899799394e+03 1.134447569856103755e+01
2.786793917835671436e+03 1.134904489809627037e+01
2.792092885771543024e+03 1.135361228863639482e+01
2.797391853707415066e+03 1.135817854270223748e+01
2.802690821643286654e+03 1.136274434822396273e+01
2.807989789579158241e+03 1.136731040865802811e+01
2.813288757515029829e+03 1.137187744310412896e+01
2.818587725450901871e+03 1.137644618642194061e+01
2.823886693386773459e+03 1.138101738934811458e+01
2.829185661322645501e+03 1.138559181861303315e+01
2.834484629258517089e+03 1.139017025705783936e+01
2.839783597194388676e+03 1.139475350375115070e+01
2.845082565130260718e+03 1.139934237410609086e+01
2.850381533066132306e+03 1.140393769999701590e+01
2.855680501002003894e+03 1.140854032987653000e+01
2.860979468937875936e+03 1.141315112889225603e+01
2.866278436873747523e+03 1.141777097900379445e+01
2.871577404809619111e+03 1.142240077909952589e+01
2.876876372745491153e+03 1.142704144511353448e+01
2.882175340681362741e+03 1.143169391014245484e+01
2.887474308617234328e+03 1.143635912456242032e+01
2.892773276553106371e+03 1.144103805614586022e+01
2.898072244488977958e+03 1.144573169017837344e+01
2.903371212424849546e+03 1.145044102957566068e+01
2.908670180360721588e+03 1.145516709500037678e+01
2.913969148296593175e+03 1.145991092497901676e+01
2.919268116232465218e+03 1.146467357601879122e+01
2.924567084168336805e+03 1.146945612272439874e+01
2.929866052104208393e+03 1.147425965791517299e+01
2.935165020040079980e+03 1.147908529274162781e+01
2.940463987975952023e+03 1.148393415680257412e+01
2.945762955911823610e+03 1.148880739826186570e+01
2.951061923847695653e+03 1.149370618396540777e+01
2.956360891783567240e+03 1.149863169955783526e+01
2.961659859719438828e+03 1.150358514959961909e+01
2.966958827655310415e+03 1.150856775768372131e+01
2.972257795591182003e+03 1.151358076655269613e+01
2.977556763527054500e+03 1.151862543821533080e+01
2.982855731462926087e+03 1.152370305406374662e+01
2.988154699398797675e+03 1.152881491499008249e+01
2.993453667334669262e+03 1.153396234150357635e+01
2.998752635270540850e+03 1.153914667384717951e+01
3.004051603206412437e+03 1.154436927211473218e+01
3.009350571142284934e+03 1.154963151636752272e+01
3.014649539078156522e+03 1.155493480675151829e+01
3.019948507014028110e+03 1.156028056361384948e+01
3.025247474949899697e+03 1.156567022762013330e+01
3.030546442885771285e+03 1.157110525987086191e+01
3.035845410821643327e+03 1.157658714201872741e+01
3.041144378757515369e+03 1.158211737638513839e+01
3.046443346693386957e+03 1.158769748607735650e+01
3.051742314629258544e+03 1.159332901510527591e+01
3.057041282565130132e+03 1.159901352849821166e+01
3.062340250501001719e+03 1.160475261242196332e+01
3.067639218436873762e+03 1.161054787429551638e+01
3.072938186372745804e+03 1.161640094290804193e+01
3.078237154308617392e+03 1.162231346853566549e+01
3.083536122244488979e+03 1.162828712305849876e+01
3.088835090180360567e+03 1.163432360007733379e+01
3.094134058116232154e+03 1.164042461503062675e+01
3.099433026052104196e+03 1.164659190531139643e+01
3.104731993987976239e+03 1.165282723038403923e+01
3.110030961923847826e+03 1.165913237190114415e+01
3.115329929859719414e+03 1.166550913382060273e+01
3.120628897795591001e+03 1.167195934252223921e+01
3.125927865731463044e+03 1.167848484692483524e+01
3.131226833667334631e+03 1.168508751860282402e+01
3.136525801603206673e+03 1.169176925190351923e+01
3.141824769539078261e+03 1.169853196406354812e+01
3.147123737474949849e+03 1.170537759532616739e+01
3.152422705410821436e+03 1.171230810905766972e+01
3.157721673346693478e+03 1.171932549186479022e+01
3.163020641282565066e+03 1.172643175371112179e+01
3.168319609218437108e+03 1.173362892803422497e+01
3.173618577154308696e+03 1.174091907186243233e+01
3.178917545090180283e+03 1.174830426593188015e+01
3.184216513026052326e+03 1.175578661480305520e+01
3.189515480961923913e+03 1.176336824697804317e+01
3.194814448897795501e+03 1.177105131501711810e+01
3.200113416833667543e+03 1.177883799565585576e+01
3.205412384769539131e+03 1.178673048992177641e+01
3.210711352705410718e+03 1.179473102325140665e+01
3.216010320641282306e+03 1.180284184560703231e+01
3.221309288577154348e+03 1.181106523159370170e+01
3.226608256513025935e+03 1.181940348057599444e+01
3.231907224448897978e+03 1.182785891679486312e+01
3.237206192384769565e+03 1.183643388948469521e+01
3.242505160320641153e+03 1.184513077299003747e+01
3.247804128256512740e+03 1.181772797437957578e+01
3.297192047209997781e+03 1.186763730971833297e+01
3.346579966163482368e+03 1.191754664505709194e+01
3.395967885116967409e+03 1.196745598039584912e+01
3.445355804070451995e+03 1.201736531573460631e+01
3.494743723023937036e+03 1.206727465107336528e+01
3.544131641977422078e+03 1.211718398641212247e+01
3.593519560930906664e+03 1.216709332175087965e+01
3.642907479884391705e+03 1.221700265708963862e+01
3.692295398837876292e+03 1.226691199242839581e+01
3.741683317791361333e+03 1.231682132776715477e+01
3.791071236744845919e+03 1.236673066310591196e+01
3.840459155698330960e+03 1.241663999844466915e+01
3.889847074651816001e+03 1.246654933378342811e+01
3.939234993605300588e+03 1.251645866912218530e+01
3.988622912558785629e+03 1.256636800446094426e+01
4.038010831512270670e+03 1.261627733979970145e+01
4.087398750465755256e+03 1.266618667513845864e+01
4.136786669419239843e+03 1.271609601047721583e+01
4.186174588372725339e+03 1.276600534581597479e+01
4.235562507326209925e+03 1.281591468115473376e+01
4.284950426279694511e+03 1.286582401649349094e+01
4.334338345233180007e+03 1.291573335183224813e+01
4.383726264186664594e+03 1.296564268717100532e+01
4.433114183140149180e+03 1.301555202250976251e+01
4.482502102093634676e+03 1.306546135784852325e+01
4.531890021047119262e+03 1.311537069318728044e+01
4.581277940000603849e+03 1.316528002852603763e+01
4.630665858954088435e+03 1.321518936386479481e+01
4.680053777907573021e+03 1.326509869920355200e+01
4.729441696861058517e+03 1.331500803454231097e+01
4.778829615814543104e+03 1.336491736988106815e+01
4.828217534768027690e+03 1.341482670521982712e+01
4.877605453721513186e+03 1.346473604055858431e+01
4.926993372674997772e+03 1.351464537589734149e+01
4.976381291628482359e+03 1.356455471123609868e+01
5.025769210581967855e+03 1.361446404657485942e+01
5.075157129535452441e+03 1.366437338191361661e+01
5.124545048488937027e+03 1.371428271725237380e+01
5.173932967442422523e+03 1.376419205259113099e+01
5.223320886395907110e+03 1.381410138792988818e+01
5.272708805349391696e+03 1.386401072326864714e+01
5.322096724302877192e+03 1.391392005860740611e+01
5.371484643256361778e+03 1.396382939394616329e+01
5.420872562209846365e+03 1.401373872928492048e+01
5.470260481163331860e+03 1.406364806462367945e+01
5.519648400116815537e+03 1.411355739996243486e+01
5.569036319070301033e+03 1.416346673530119382e+01
5.618424238023785620e+03 1.421337607063995279e+01
5.667812156977270206e+03 1.426328540597870997e+01
5.717200075930755702e+03 1.431319474131746716e+01
5.766587994884240288e+03 1.436310407665622435e+01
5.815975913837724875e+03 1.441301341199498331e+01
5.865363832791210370e+03 1.446292274733374228e+01
5.914751751744694957e+03 1.451283208267249947e+01
5.964139670698179543e+03 1.456274141801125666e+01
6.013527589651665039e+03 1.461265075335001384e+01
6.062915508605149626e+03 1.466256008868877281e+01
6.112303427558634212e+03 1.471246942402753000e+01
6.161691346512119708e+03 1.476237875936628896e+01
6.211079265465604294e+03 1.481228809470504615e+01
6.260467184419088881e+03 1.486219743004380334e+01
6.309855103372574376e+03 1.491210676538256230e+01
6.359243022326058053e+03 1.496201610072131771e+01
6.408630941279543549e+03 1.501192543606007845e+01
6.458018860233029045e+03 1.506183477139883564e+01
6.507406779186512722e+03 1.511174410673759283e+01
6.556794698139998218e+03 1.516165344207635002e+01
6.606182617093482804e+03 1.521156277741510898e+01
6.655570536046967391e+03 1.526147211275386617e+01
6.704958455000452886e+03 1.531138144809262513e+01
6.754346373953937473e+03 1.536129078343138232e+01
6.803734292907422059e+03 1.541120011877013951e+01
6.853122211860907555e+03 1.546110945410889848e+01
6.902510130814392141e+03 1.551101878944765566e+01
6.951898049767876728e+03 1.556092812478641463e+01
7.001285968721362224e+03 1.561083746012517182e+01
7.050673887674846810e+03 1.566074679546392900e+01
7.100061806628331396e+03 1.571065613080268619e+01
7.149449725581816892e+03 1.576056546614144516e+01
7.198837644535301479e+03 1.581047480148020412e+01
7.248225563488786065e+03 1.586038413681896131e+01
7.297613482442271561e+03 1.591029347215771850e+01
7.347001401395756147e+03 1.596020280749647569e+01
7.396389320349240734e+03 1.601011214283523287e+01
7.445777239302725320e+03 1.606002147817399361e+01
7.495165158256210816e+03 1.610993081351275080e+01
7.544553077209695402e+03 1.615984014885150799e+01
7.593940996163179989e+03 1.620974948419026518e+01
7.643328915116664575e+03 1.625965881952902237e+01
7.692716834070150071e+03 1.630956815486778311e+01
7.742104753023634657e+03 1.635947749020654030e+01
7.791492671977119244e+03 1.640938682554529748e+01
7.840880590930604740e+03 1.645929616088405467e+01
7.890268509884089326e+03 1.650920549622281186e+01
7.939656428837573912e+03 1.655911483156157260e+01
7.989044347791058499e+03 1.660902416690032624e+01
8.038432266744543995e+03 1.665893350223908698e+01
8.087820185698028581e+03 1.670884283757784416e+01
8.137208104651513167e+03 1.675875217291660135e+01
8.186596023604998663e+03 1.680866150825536209e+01
8.235983942558483250e+03 1.685857084359411573e+01
8.285371861511968746e+03 1.690848017893287647e+01
8.334759780465454241e+03 1.695838951427163366e+01
8.384147699418937918e+03 1.700829884961039085e+01
8.433535618372421595e+03 1.705820818494914803e+01
8.482923537325907091e+03 1.710811752028790522e+01
8.532311456279392587e+03 1.715802685562666596e+01
8.581699375232878083e+03 1.720793619096542315e+01
8.631087294186361760e+03 1.725784552630418034e+01
8.680475213139847256e+03 1.730775486164293753e+01
8.729863132093330933e+03 1.735766419698169472e+01
8.779251051046816428e+03 1.740757353232045546e+01
8.828638970000301924e+03 1.745748286765921264e+01
8.878026888953787420e+03 1.750739220299796983e+01
8.927414807907271097e+03 1.755730153833672702e+01
8.976802726860754774e+03 1.760721087367548421e+01
9.026190645814240270e+03 1.765712020901424140e+01
9.075578564767725766e+03 1.770702954435299858e+01
9.124966483721211262e+03 1.775693887969175933e+01
9.174354402674696757e+03 1.780684821503052007e+01
9.223742321628180434e+03 1.785675755036927370e+01
9.273130240581664111e+03 1.790666688570803089e+01
9.322518159535149607e+03 1.795657622104678808e+01
9.371906078488635103e+03 1.800648555638554882e+01
9.421293997442120599e+03 1.805639489172430601e+01
9.470681916395604276e+03 1.810630422706306319e+01
9.520069835349089772e+03 1.815621356240182394e+01
9.569457754302573449e+03 1.820612289774057757e+01
9.618845673256058944e+03 1.825603223307933831e+01
9.668233592209544440e+03 1.830594156841809550e+01
9.717621511163029936e+03 1.835585090375685269e+01
9.767009430116513613e+03 1.840576023909560988e+01
9.816397349069997290e+03 1.845566957443436706e+01
9.865785268023482786e+03 1.850557890977312780e+01
9.915173186976968282e+03 1.855548824511188144e+01
9.964561105930453778e+03 1.860539758045064218e+01
1.001394902488393927e+04 1.865530691578940292e+01
1.006333694383742295e+04 1.870521625112815656e+01
1.011272486279090663e+04 1.875512558646691375e+01
1.016211278174439212e+04 1.880503492180567093e+01
1.021150070069787762e+04 1.885494425714443167e+01
1.026088861965136311e+04 1.890485359248318886e+01
1.031027653860484679e+04 1.895476292782194605e+01
1.035966445755833229e+04 1.900467226316070679e+01
1.040905237651181596e+04 1.905458159849946043e+01
1.045844029546530146e+04 1.910449093383822117e+01
1.050782821441878696e+04 1.915440026917697836e+01
1.055721613337227245e+04 1.920430960451573554e+01
1.060660405232575613e+04 1.925421893985449273e+01
1.065599197127924162e+04 1.930412827519324992e+01
1.070537989023272530e+04 1.935403761053201066e+01
1.075476780918621080e+04 1.940394694587076785e+01
1.080415572813969629e+04 1.945385628120952504e+01
1.085354364709318179e+04 1.950376561654828578e+01
1.090293156604666547e+04 1.955367495188703941e+01
1.095231948500014914e+04 1.960358428722579660e+01
1.100170740395363464e+04 1.965349362256455379e+01
1.105109532290712013e+04 1.970340295790331453e+01
1.110048324186060563e+04 1.975331229324207527e+01
1.114987116081409113e+04 1.980322162858082891e+01
1.119925907976757480e+04 1.985313096391958965e+01
1.124864699872105848e+04 1.990304029925834328e+01
1.129803491767454398e+04 1.995294963459710402e+01
1.134742283662802947e+04 2.000285896993586121e+01
1.139681075558151497e+04 2.005276830527461840e+01
1.144619867453500046e+04 2.010267764061337914e+01
1.149558659348848232e+04 2.015258697595213278e+01
1.154497451244196782e+04 2.020249631129089352e+01
1.159436243139545331e+04 2.025240564662965070e+01
1.164375035034893881e+04 2.030231498196840789e+01
1.169313826930242431e+04 2.035222431730716863e+01
1.174252618825590980e+04 2.040213365264592582e+01
1.179191410720939166e+04 2.045204298798468301e+01
1.184130202616287716e+04 2.050195232332343664e+01
1.189068994511636265e+04 2.055186165866219739e+01
1.194007786406984815e+04 2.060177099400095813e+01
1.198946578302333364e+04 2.065168032933971531e+01
1.203885370197681550e+04 2.070158966467846895e+01
1.208824162093030100e+04 2.075149900001722614e+01
1.213762953988378649e+04 2.080140833535598688e+01
1.218701745883727199e+04 2.085131767069474407e+01
1.223640537779075748e+04 2.090122700603350125e+01
1.228579329674424298e+04 2.095113634137226200e+01
1.233518121569772484e+04 2.100104567671101563e+01
1.238456913465121033e+04 2.105095501204977637e+01
1.243395705360469583e+04 2.110086434738853356e+01
1.248334497255818133e+04 2.115077368272729075e+01
1.253273289151166682e+04 2.120068301806605149e+01
1.258212081046515232e+04 2.125059235340480868e+01
1.263150872941863418e+04 2.130050168874356586e+01
1.268089664837211967e+04 2.135041102408232305e+01
1.273028456732560517e+04 2.140032035942108024e+01
1.277967248627909066e+04 2.145022969475984098e+01
1.282906040523257616e+04 2.150013903009859817e+01
1.287844832418605802e+04 2.155004836543735180e+01
1.292783624313954351e+04 2.159995770077610899e+01
1.297722416209302901e+04 2.164986703611486973e+01
1.302661208104651450e+04 2.169977637145363047e+01
1.307600000000000000e+04 2.174968570679238411e+01
