7.316200000000000045e+02 4.214279443898650612e+00
7.367103406813627089e+02 4.231717745893408100e+00
7.418006813627254132e+02 4.248927880234734111e+00
7.468910220440882313e+02 4.265912803890763882e+00
7.519813627254509356e+02 4.282675450546754803e+00
7.570717034068136400e+02 4.299218730690371970e+00
7.621620440881763443e+02 4.315545531696962200e+00
7.672523847695390486e+02 4.331658717914846690e+00
7.723427254509017530e+02 4.347561130750593250e+00
7.774330661322645710e+02 4.363255588754306302e+00
7.825234068136272754e+02 4.378744887704906219e+00
7.876137474949899797e+02 4.394031800695406886e+00
7.927040881763526841e+02 4.409119078218206589e+00
7.977944288577155021e+02 4.424009448250362908e+00
8.028847695390782064e+02 4.438705616338880944e+00
8.079751102204409108e+02 4.453210265685987324e+00
8.130654509018036151e+02 4.467526057234422865e+00
8.181557915831663195e+02 4.481655629752715697e+00
8.232461322645290238e+02 4.495601599920466818e+00
8.283364729458917282e+02 4.509366562413634760e+00
8.334268136272544325e+02 4.522953089989815822e+00
8.385171543086172505e+02 4.536363733573520740e+00
8.436074949899800686e+02 4.549601022341469125e+00
8.486978356713427729e+02 4.562667463807859924e+00
8.537881763527054773e+02 4.575565543909659638e+00
8.588785170340681816e+02 4.588297727091882550e+00
8.639688577154308859e+02 4.600866456392873616e+00
8.690591983967935903e+02 4.613274153529591359e+00
8.741495390781562946e+02 4.625523218982890761e+00
8.792398797595189990e+02 4.637616032082798156e+00
8.843302204408817033e+02 4.649554951093804789e+00
8.894205611222444077e+02 4.661342313300139928e+00
8.945109018036072257e+02 4.672980435091059981e+00
8.996012424849700437e+02 4.684471612046123390e+00
9.046915831663326344e+02 4.695818119020479742e+00
9.097819238476954524e+02 4.707022210230145554e+00
9.148722645290581568e+02 4.718086119337293383e+00
9.199626052104208611e+02 4.729012059535527612e+00
9.250529458917835655e+02 4.739802223635170897e+00
9.301432865731462698e+02 4.750458784148542613e+00
9.352336272545089741e+02 4.760983893375247078e+00
9.403239679358716785e+02 4.771379683487451118e+00
9.454143086172344965e+02 4.781648266615160736e+00
9.505046492985972009e+02 4.791791734931518221e+00
9.555949899799599052e+02 4.801812160738069934e+00
9.606853306613227232e+02 4.811711596550058090e+00
9.657756713426853139e+02 4.821492075181696535e+00
9.708660120240481319e+02 4.831155609831455422e+00
9.759563527054108363e+02 4.840704194167349428e+00
9.810466933867735406e+02 4.850139802412202883e+00
9.861370340681362450e+02 4.859464389428950426e+00
9.912273747494989493e+02 4.868679890805916344e+00
9.963177154308617673e+02 4.877788222942079699e+00
1.001408056112224358e+03 4.886791283132377650e+00
1.006498396793587176e+03 4.895690949652983903e+00
1.011588737474949994e+03 4.904489081846570286e+00
1.016679078156312585e+03 4.913187520207618952e+00
1.021769418837675403e+03 4.921788086467683954e+00
1.026859759519038107e+03 4.930292583680682128e+00
1.031950100200400811e+03 4.938702796308170662e+00
1.037040440881763516e+03 4.947020490304635310e+00
1.042130781563126220e+03 4.955247413202765294e+00
1.047221122244488924e+03 4.963385294198739750e+00
1.052311462925851629e+03 4.971435844237509727e+00
1.057401803607214333e+03 4.979400756098080194e+00
1.062492144288577038e+03 4.987281704478789379e+00
1.067582484969939742e+03 4.995080346082599654e+00
1.072672825651302446e+03 5.002798319702366214e+00
1.077763166332665378e+03 5.010437246306131520e+00
1.082853507014028082e+03 5.017998729122396639e+00
1.087943847695390559e+03 5.025484353725417463e+00
1.093034188376753491e+03 5.032895688120471611e+00
1.098124529058116195e+03 5.040234282829154644e+00
1.103214869739478900e+03 5.047501670974646970e+00
1.108305210420841831e+03 5.054699368367012724e+00
1.113395551102204536e+03 5.061828873588469335e+00
1.118485891783567240e+03 5.068891668078668644e+00
1.123576232464929944e+03 5.075889216219996669e+00
1.128666573146292649e+03 5.082822965422835182e+00
1.133756913827655353e+03 5.089694346210854370e+00
1.138847254509018057e+03 5.096504772306293063e+00
1.143937595190380762e+03 5.103255640715239849e+00
1.149027935871743466e+03 5.109948331812915967e+00
1.154118276553106170e+03 5.116584209428960861e+00
1.159208617234468875e+03 5.123164620932707081e+00
1.164298957915831579e+03 5.129690897318470277e+00
1.169389298597194284e+03 5.136164353290824103e+00
1.174479639278556988e+03 5.142586287349889318e+00
1.179569979959919920e+03 5.148957981876611356e+00
1.184660320641282397e+03 5.155280703218041438e+00
1.189750661322645328e+03 5.161555701772625682e+00
1.194841002004007805e+03 5.167784212075480887e+00
1.199931342685370737e+03 5.173967452883678320e+00
1.205021683366733441e+03 5.180106627261522156e+00
1.210112024048096146e+03 5.186202922665842152e+00
1.215202364729459077e+03 5.192257511031272976e+00
1.220292705410821554e+03 5.198271548855515789e+00
1.225383046092184486e+03 5.204246177284655772e+00
1.230473386773547190e+03 5.210182522198412158e+00
1.235563727454909895e+03 5.216081694295447768e+00
1.240654068136272599e+03 5.221944789178625257e+00
1.245744408817635303e+03 5.227772887440307770e+00
1.250834749498998008e+03 5.233567054747634728e+00
1.255925090180360712e+03 5.239328341927802057e+00
1.261015430861723416e+03 5.245057785053349519e+00
1.266105771543086121e+03 5.250756405527439163e+00
1.271196112224448825e+03 5.256425210169134665e+00
1.276286452905811529e+03 5.262065191298694877e+00
1.281376793587174461e+03 5.267677326822839845e+00
1.286467134268536938e+03 5.273262580320048798e+00
1.291557474949899643e+03 5.278821901125828830e+00
1.296647815631262574e+03 5.284356224418010228e+00
1.301738156312625279e+03 5.289866471302010709e+00
1.306828496993987983e+03 5.295353548896142293e+00
1.311918837675350687e+03 5.300818350416870217e+00
1.317009178356713392e+03 5.306261755264106483e+00
1.322099519038076096e+03 5.311684629106494526e+00
1.327189859719439028e+03 5.317087823966680560e+00
1.332280200400801732e+03 5.322472178306606239e+00
1.337370541082164436e+03 5.327838517112789773e+00
1.342460881763526913e+03 5.333187651981596389e+00
1.347551222444889845e+03 5.338520381204538978e+00
1.352641563126252549e+03 5.343837489853546785e+00
1.357731903807615254e+03 5.349139749866246518e+00
1.362822244488977958e+03 5.354427920131260343e+00
1.367912585170340662e+03 5.359702746573471899e+00
1.373002925851703367e+03 5.364964962239302082e+00
1.378093266533066071e+03 5.370215287382031022e+00
1.383183607214428775e+03 5.375454429547025015e+00
1.388273947895791480e+03 5.380683083657055832e+00
1.393364288577154184e+03 5.385901932097574729e+00
1.398454629258517116e+03 5.391111644801991787e+00
1.403544969939879820e+03 5.396312879336962354e+00
1.408635310621242297e+03 5.401506280987659281e+00
1.413725651302605002e+03 5.406692482843068248e+00
1.418815991983967933e+03 5.411872105881258221e+00
1.423906332665330638e+03 5.417045759054669674e+00
1.428996673346693342e+03 5.422214039375404582e+00
1.434087014028056274e+03 5.427377532000488003e+00
1.439177354709418751e+03 5.432536810317166953e+00
1.444267695390781455e+03 5.437692436028196852e+00
1.449358036072144387e+03 5.442844959237099545e+00
1.454448376753507091e+03 5.447994918533472841e+00
1.459538717434869568e+03 5.453142841078253866e+00
1.464629058116232500e+03 5.458289242689011722e+00
1.469719398797595204e+03 5.463434627925224163e+00
1.474809739478957908e+03 5.468579490173564039e+00
1.479900080160320613e+03 5.473724311733176862e+00
1.484990420841683317e+03 5.478869563900962802e+00
1.490080761523046021e+03 5.484015707056869360e+00
1.495171102204408726e+03 5.489163190749160037e+00
1.500261442885771658e+03 5.494312453779695460e+00
1.505351783567134135e+03 5.499463924289239358e+00
1.510442124248496839e+03 5.504618019842704157e+00
1.515532464929859543e+03 5.509775147514465843e+00
1.520622805611222475e+03 5.514935703973630865e+00
1.525713146292585179e+03 5.520100075569310150e+00
1.530803486973947884e+03 5.525268638415926858e+00
1.535893827655310588e+03 5.530441758478469971e+00
1.540984168336673292e+03 5.535619791657797606e+00
1.546074509018035997e+03 5.540803083875905699e+00
1.551164849699398928e+03 5.545991971161225109e+00
1.556255190380761633e+03 5.551186779733875198e+00
1.561345531062124110e+03 5.556387826090988469e+00
1.566435871743487041e+03 5.561595417091953486e+00
1.571526212424849746e+03 5.566809850043724417e+00
1.576616553106212450e+03 5.572031412786076388e+00
1.581706893787575154e+03 5.577260383776919461e+00
1.586797234468937859e+03 5.582497032177554885e+00
1.591887575150300563e+03 5.587741617937970418e+00
1.596977915831663267e+03 5.592994391882111671e+00
1.602068256513025972e+03 5.598255595793187211e+00
1.607158597194388676e+03 5.603525462498922138e+00
1.612248937875751380e+03 5.608804215956852524e+00
1.617339278557114085e+03 5.614092071339618073e+00
1.622429619238477017e+03 5.619389235120225479e+00
1.627519959919839494e+03 5.624695905157345521e+00
1.632610300601202198e+03 5.630012270780587968e+00
1.637700641282565130e+03 5.635338512875783579e+00
1.642790981963927834e+03 5.640674803970266993e+00
1.647881322645290766e+03 5.646021308318166732e+00
1.652971663326653470e+03 5.651378181985664995e+00
1.658062004008015947e+03 5.656745572936323185e+00
1.663152344689378651e+03 5.662123621116295524e+00
1.668242685370741583e+03 5.667512458539697207e+00
1.673333026052104287e+03 5.672912209373810910e+00
1.678423366733466992e+03 5.678322990024404326e+00
1.683513707414829696e+03 5.683744909221013941e+00
1.688604048096192400e+03 5.689178068102222596e+00
1.693694388777555105e+03 5.694622560300932612e+00
1.698784729458917809e+03 5.700078472029652232e+00
1.703875070140280513e+03 5.705545882165784732e+00
1.708965410821643218e+03 5.711024862336919306e+00
1.714055751503005922e+03 5.716515477006080204e+00
1.719146092184368626e+03 5.722017783557044268e+00
1.724236432865731331e+03 5.727531832379595400e+00
1.729326773547094035e+03 5.733057666954832321e+00
1.734417114228456967e+03 5.738595323940426596e+00
1.739507454909819671e+03 5.744144833255925064e+00
1.744597795591182376e+03 5.749706218168019412e+00
1.749688136272544853e+03 5.755279495375827281e+00
1.754778476953907784e+03 5.760864675096191156e+00
1.759868817635270489e+03 5.766461761148937271e+00
1.764959158316633193e+03 5.772070751042169157e+00
1.770049498997996125e+03 5.777691636057562974e+00
1.775139839679358829e+03 5.783324401335617537e+00
1.780230180360721306e+03 5.788969025960968295e+00
1.785320521042084238e+03 5.794625483047660452e+00
1.790410861723446942e+03 5.800293739824411432e+00
1.795501202404809646e+03 5.805973757719920414e+00
1.800591543086172123e+03 5.811665492448135240e+00
1.805681883767535055e+03 5.817368894093547738e+00
1.810772224448897759e+03 5.823083907196457076e+00
1.815862565130260464e+03 5.828810470838256208e+00
1.820952905811623395e+03 5.834548518726726307e+00
1.826043246492985872e+03 5.840297979281322327e+00
1.831133587174348577e+03 5.846058775718422140e+00
1.836223927855711509e+03 5.851830826136656505e+00
1.841314268537074213e+03 5.857614043602147547e+00
1.846404609218436690e+03 5.863408336233811191e+00
1.851494949899799394e+03 5.869213607288653378e+00
1.856585290581162326e+03 5.875029755247017427e+00
1.861675631262525030e+03 5.880856673897897124e+00
1.866765971943887735e+03 5.886694252424200968e+00
1.871856312625250439e+03 5.892542375488052819e+00
1.876946653306613143e+03 5.898400923316035716e+00
1.882036993987975848e+03 5.904269771784529830e+00
1.887127334669338779e+03 5.910148792504946513e+00
1.892217675350701484e+03 5.916037852909033390e+00
1.897308016032063961e+03 5.921936816334158138e+00
1.902398356713426665e+03 5.927845542108581611e+00
1.907488697394789597e+03 5.933763885636734514e+00
1.912579038076152301e+03 5.939691698484516280e+00
1.917669378757515005e+03 5.945628828464572635e+00
1.922759719438877710e+03 5.951575119721564278e+00
1.927850060120240414e+03 5.957530412817465759e+00
1.932940400801603118e+03 5.963494544816837717e+00
1.938030741482966050e+03 5.969467349372120424e+00
1.943121082164328755e+03 5.975448656808897141e+00
1.948211422845691231e+03 5.981438294211188555e+00
1.953301763527053936e+03 5.987436085506741890e+00
1.958392104208416868e+03 5.993441851552294253e+00
1.963482444889779572e+03 5.999455410218873297e+00
1.968572785571142049e+03 6.005476576477068562e+00
1.973663126252504981e+03 6.011505162482306375e+00
1.978753466933867685e+03 6.017540977660170043e+00
1.983843807615230389e+03 6.023583828791622352e+00
1.988934148296593321e+03 6.029633520098334643e+00
1.994024488977955798e+03 6.035689853327955490e+00
1.999114829659318502e+03 6.041752627839379386e+00
2.004205170340681207e+03 6.047821640688052724e+00
2.009295511022044138e+03 6.053896686711244257e+00
2.014385851703406843e+03 6.059977558613321769e+00
2.019476192384769320e+03 6.066064047051045627e+00
2.024566533066132251e+03 6.072155940718824141e+00
2.029656873747494956e+03 6.078253026434051520e+00
2.034747214428857660e+03 6.084355089222320601e+00
2.039837555110220592e+03 6.090461912402767020e+00
2.044927895791583069e+03 6.096573277673303259e+00
2.050018236472945773e+03 6.102688965195934401e+00
2.055108577154308477e+03 6.108808753682016146e+00
2.060198917835671637e+03 6.114932420477567021e+00
2.065289258517033886e+03 6.121059741648503305e+00
2.070379599198396591e+03 6.127190492065979655e+00
2.075469939879759295e+03 6.133324445491620480e+00
2.080560280561122454e+03 6.139461374662819715e+00
2.085650621242484704e+03 6.145601051378064561e+00
2.090740961923847863e+03 6.151743246582123348e+00
2.095831302605210112e+03 6.157887730451419017e+00
2.100921643286573271e+03 6.164034272479277377e+00
2.106011983967935521e+03 6.170182641561199333e+00
2.111102324649298680e+03 6.176332606080132237e+00
2.116192665330660930e+03 6.182483933991800740e+00
2.121283006012024089e+03 6.188636392909952377e+00
2.126373346693386793e+03 6.194789750191643130e+00
2.131463687374749497e+03 6.200943773022521199e+00
2.136554028056112202e+03 6.207098228502111681e+00
2.141644368737474906e+03 6.213252883729106557e+00
2.146734709418837610e+03 6.219407505886638710e+00
2.151825050100200315e+03 6.225561862327543494e+00
2.156915390781563019e+03 6.231715720659696700e+00
2.162005731462925723e+03 6.237868848831233493e+00
2.167096072144288428e+03 6.244021015215855286e+00
2.172186412825651132e+03 6.250171988698153491e+00
2.177276753507014291e+03 6.256321538758813361e+00
2.182367094188376541e+03 6.262469435559951947e+00
2.187457434869739245e+03 6.268615450030382341e+00
2.192547775551101950e+03 6.274759353950912555e+00
2.197638116232465109e+03 6.280900920039594659e+00
2.202728456913827358e+03 6.287039922037032547e+00
2.207818797595190517e+03 6.293176134791661269e+00
2.212909138276552767e+03 6.299309334345013056e+00
2.217999478957915926e+03 6.305439298017029515e+00
2.223089819639278176e+03 6.311565804491316101e+00
2.228180160320641335e+03 6.317688633900448991e+00
2.233270501002004039e+03 6.323807567911195804e+00
2.238360841683366743e+03 6.329922389809913952e+00
2.243451182364729448e+03 6.336032884587696756e+00
2.248541523046092152e+03 6.342138839025770025e+00
2.253631863727454856e+03 6.348240041780710996e+00
2.258722204408817561e+03 6.354336283469738333e+00
2.263812545090180265e+03 6.360427356756012784e+00
2.268902885771542969e+03 6.366513056433909412e+00
2.273993226452905674e+03 6.372593179514287165e+00
2.279083567134268378e+03 6.378667525309780650e+00
2.284173907815631537e+03 6.384735895520112336e+00
2.289264248496993787e+03 6.390798094317313272e+00
2.294354589178356946e+03 6.396853928431065484e+00
2.299444929859719196e+03 6.402903207233942240e+00
2.304535270541082355e+03 6.408945742826693603e+00
2.309625611222444604e+03 6.414981350123595050e+00
2.314715951903807763e+03 6.421009846937596244e+00
2.319806292585170013e+03 6.427031054065752258e+00
2.324896633266533172e+03 6.433044795374389224e+00
2.329986973947895876e+03 6.439050897884449398e+00
2.335077314629258581e+03 6.445049191856766058e+00
2.340167655310620830e+03 6.451039510877334848e+00
2.345257995991983989e+03 6.457021691942577135e+00
2.350348336673346694e+03 6.462995575544652205e+00
2.355438677354709398e+03 6.468961005756757920e+00
2.360529018036071648e+03 6.474917830318347001e+00
2.365619358717434807e+03 6.480865900720461426e+00
2.370709699398797511e+03 6.486805072290996677e+00
2.375800040080160215e+03 6.492735204280004169e+00
2.380890380761523375e+03 6.498656159944948385e+00
2.385980721442885624e+03 6.504567806635964899e+00
2.391071062124248328e+03 6.510470015881239192e+00
2.396161402805611033e+03 6.516362663472175853e+00
2.401251743486974192e+03 6.522245629548743651e+00
2.406342084168336442e+03 6.528118798684737101e+00
2.411432424849699601e+03 6.533982059973096668e+00
2.416522765531061850e+03 6.539835307111101059e+00
2.421613106212425009e+03 6.545678438485769135e+00
2.426703446893787259e+03 6.551511357259034440e+00
2.431793787575150418e+03 6.557333971453120469e+00
2.436884128256512668e+03 6.563146194035729408e+00
2.441974468937875827e+03 6.568947943005401413e+00
2.447064809619238531e+03 6.574739141476756643e+00
2.452155150300601235e+03 6.580519717765788812e+00
2.457245490981963485e+03 6.586289605475123210e+00
2.462335831663326644e+03 6.592048743579372427e+00
2.467426172344689348e+03 6.597797076510335756e+00
2.472516513026052053e+03 6.603534554242290966e+00
2.477606853707414757e+03 6.609261132377353576e+00
2.482697194388777461e+03 6.614976772230678037e+00
2.487787535070140166e+03 6.620681440915749505e+00
2.492877875751502870e+03 6.626375111429682718e+00
2.497968216432866029e+03 6.632057762738543971e+00
2.503058557114228279e+03 6.637729379862564727e+00
2.508148897795590983e+03 6.643389953961438721e+00
2.513239238476953687e+03 6.649039482419656366e+00
2.518329579158316847e+03 6.654677968931725474e+00
2.523419919839679096e+03 6.660305423587475460e+00
2.528510260521041801e+03 6.665921862957340238e+00
2.533600601202404505e+03 6.671527310177635783e+00
2.538690941883767664e+03 6.677121795035871443e+00
2.543781282565129914e+03 6.682705354056000857e+00
2.548871623246493073e+03 6.688278030583681755e+00
2.553961963927855322e+03 6.693839874871615692e+00
2.559052304609218481e+03 6.699390944164823836e+00
2.564142645290581186e+03 6.704931302785851699e+00
2.569232985971943890e+03 6.710461022220135519e+00
2.574323326653306594e+03 6.715980181201274490e+00
2.579413667334669299e+03 6.721488865796255041e+00
2.584504008016032003e+03 6.726987169490815432e+00
2.589594348697394707e+03 6.732475193274652270e+00
2.594684689378757412e+03 6.737953045726733592e+00
2.599775030060120116e+03 6.743420843100629725e+00
2.604865370741482820e+03 6.748878709409696697e+00
2.609955711422845525e+03 6.754326776512426633e+00
2.615046052104208684e+03 6.759765184197714660e+00
2.620136392785570933e+03 6.765194080270141797e+00
2.625226733466934093e+03 6.770613620635280938e+00
2.630317074148296342e+03 6.776023969384910473e+00
2.635407414829659501e+03 6.781425298882322039e+00
2.640497755511021751e+03 6.786817789847722437e+00
2.645588096192384910e+03 6.792201631443305132e+00
2.650678436873747160e+03 6.797577021358696570e+00
2.655768777555110319e+03 6.802944165896169793e+00
2.660859118236472568e+03 6.808303280055927331e+00
2.665949458917835727e+03 6.813654587621410741e+00
2.671039799599198432e+03 6.818998321244578165e+00
2.676130140280561136e+03 6.824334722531142816e+00
2.681220480961923386e+03 6.829664042125935808e+00
2.686310821643286545e+03 6.834986539798080685e+00
2.691401162324649249e+03 6.840302484526395332e+00
2.696491503006011953e+03 6.845612154584570064e+00
2.701581843687374658e+03 6.850915837626523341e+00
2.706672184368737362e+03 6.856213830771624274e+00
2.711762525050100066e+03 6.861506440690050113e+00
2.716852865731462771e+03 6.866793983687990988e+00
2.721943206412825930e+03 6.872076785792955889e+00
2.727033547094188179e+03 6.877355182839119507e+00
2.732123887775550884e+03 6.882629520552466573e+00
2.737214228456913588e+03 6.887900154636218630e+00
2.742304569138276747e+03 6.893167450856051204e+00
2.747394909819638997e+03 6.898431785125335836e+00
2.752485250501001701e+03 6.903693543590510018e+00
2.757575591182364406e+03 6.908953122716294359e+00
2.762665931863727565e+03 6.914210929370993242e+00
2.767756272545089814e+03 6.919467380911793697e+00
2.772846613226452973e+03 6.924722905270018103e+00
2.777936953907815223e+03 6.929977941036405298e+00
2.783027294589178382e+03 6.935232937546457421e+00
2.788117635270541086e+03 6.940488354965623330e+00
2.793207975951903791e+03 6.945744664374650768e+00
2.798298316633266040e+03 6.951002347854853269e+00
2.803388657314629199e+03 6.956261898573391278e+00
2.808478997995991904e+03 6.961523820868535495e+00
2.813569338677354608e+03 6.966788630334960430e+00
2.818659679358717312e+03 6.972056853909046836e+00
2.823750020040080017e+03 6.977329029954150386e+00
2.828840360721442721e+03 6.982605708345840156e+00
2.833930701402805425e+03 6.987887450557272118e+00
2.839021042084168130e+03 6.993174829744397414e+00
2.844111382765530834e+03 6.998468430831257692e+00
2.849201723446893538e+03 7.003768850595323059e+00
2.854292064128256243e+03 7.009076697752659513e+00
2.859382404809619402e+03 7.014392593043316637e+00
2.864472745490981652e+03 7.019717169316603389e+00
2.869563086172344356e+03 7.025051071616262632e+00
2.874653426853707060e+03 7.030394957265894362e+00
2.879743767535070219e+03 7.035749495954199517e+00
2.884834108216432469e+03 7.041115369820122538e+00
2.889924448897795628e+03 7.046493273538354529e+00
2.895014789579157878e+03 7.051883914404495357e+00
2.900105130260521037e+03 7.057288012420288581e+00
2.905195470941883286e+03 7.062706300379010926e+00
2.910285811623246445e+03 7.068139523950733860e+00
2.915376152304608695e+03 7.073588441767501678e+00
2.920466492985971854e+03 7.079053825508758280e+00
2.925556833667334558e+03 7.084536459986518153e+00
2.930647174348697263e+03 7.090037143230766503e+00
2.935737515030059967e+03 7.095556686574580496e+00
2.940827855711422671e+03 7.101095914739538273e+00
2.945918196392785376e+03 7.106655665920971643e+00
2.951008537074148080e+03 7.112236791873234765e+00
2.956098877755510784e+03 7.117840157994956840e+00
2.961189218436873489e+03 7.123466643414410271e+00
2.966279559118236193e+03 7.129117141074686970e+00
2.971369899799598898e+03 7.134792557819109149e+00
2.976460240480962057e+03 7.140493814476343459e+00
2.981550581162324306e+03 7.146221845945827766e+00
2.986640921843687011e+03 7.151977601283023844e+00
2.991731262525049715e+03 7.157762043784616779e+00
2.996821603206412874e+03 7.163576151073881348e+00
3.001911943887775124e+03 7.169420915185973797e+00
3.007002284569138283e+03 7.175297342653159660e+00
3.012092625250500532e+03 7.181206454590082444e+00
3.017182965931863691e+03 7.187149286779169088e+00
3.022273306613225941e+03 7.193126889755689035e+00
3.027363647294589100e+03 7.199140328893292917e+00
3.032453987975951804e+03 7.205190684489103603e+00
3.037544328657314509e+03 7.211279051849114552e+00
3.042634669338677213e+03 7.217406541373371454e+00
3.047725010020039917e+03 7.223574278641383017e+00
3.052815350701402622e+03 7.229783404497226229e+00
3.057905691382765326e+03 7.236035075135026418e+00
3.062996032064128030e+03 7.242330462184069617e+00
3.068086372745490735e+03 7.248670752794240002e+00
3.073176713426853439e+03 7.255057149721102050e+00
3.078267054108216144e+03 7.261490871411423242e+00
3.083357394789578848e+03 7.267973152088277544e+00
3.088447735470941552e+03 7.274505241836356717e+00
3.093538076152304711e+03 7.281088406687349135e+00
3.098628416833666961e+03 7.287723928705116094e+00
3.103718757515030120e+03 7.294413106070997799e+00
3.108809098196392370e+03 7.301157253169108685e+00
3.113899438877755529e+03 7.307957700671629198e+00
3.118989779559117778e+03 7.314815795624099337e+00
3.124080120240480937e+03 7.321732901530678461e+00
3.129170460921843642e+03 7.328710398439362450e+00
3.134260801603206346e+03 7.335749683027396273e+00
3.139351142284568596e+03 7.342852168686528458e+00
3.144441482965931755e+03 7.350019285608139441e+00
3.149531823647294459e+03 7.357252480868751832e+00
3.154622164328657163e+03 7.364553218515133892e+00
3.159712505010019413e+03 7.371922979649655261e+00
3.164802845691382572e+03 7.379363262515603594e+00
3.169893186372745276e+03 7.386875582582423050e+00
3.174983527054107981e+03 7.394461472630942112e+00
3.180073867735470685e+03 7.402122482838800366e+00
3.185164208416833389e+03 7.409860180865541324e+00
3.190254549098196094e+03 7.417676151938135121e+00
3.195344889779558798e+03 7.425571998935929230e+00
3.200435230460921957e+03 7.433549342476343469e+00
3.205525571142284207e+03 7.441609820999760316e+00
3.210615911823646911e+03 7.449755090855074258e+00
3.215706252505009616e+03 7.457986826384814805e+00
3.220796593186372775e+03 7.466306720010601694e+00
3.225886933867735024e+03 7.474716482318186195e+00
3.230977274549098183e+03 7.483217842142972032e+00
3.236067615230460433e+03 7.491812546655097549e+00
3.241157955911823592e+03 7.500502361444876698e+00
3.246248296593186296e+03 7.509289070608017980e+00
3.251338637274549001e+03 7.472975129414805906e+00
3.300763066232968413e+03 7.528924639004128672e+00
3.350187495191387825e+03 7.584874148593451437e+00
3.399611924149807237e+03 7.640823658182773315e+00
3.449036353108226649e+03 7.696773167772095192e+00
3.498460782066645606e+03 7.752722677361417070e+00
3.547885211025065018e+03 7.808672186950739835e+00
3.597309639983484431e+03 7.864621696540062601e+00
3.646734068941903843e+03 7.920571206129384478e+00
3.696158497900323255e+03 7.976520715718707244e+00
3.745582926858742667e+03 8.032470225308028233e+00
3.795007355817161624e+03 8.088419734897350111e+00
3.844431784775581036e+03 8.144369244486673765e+00
3.893856213734000448e+03 8.200318754075995642e+00
3.943280642692419860e+03 8.256268263665319296e+00
3.992705071650839272e+03 8.312217773254641173e+00
4.042129500609258685e+03 8.368167282843963051e+00
4.091553929567678097e+03 8.424116792433284928e+00
4.140978358526097509e+03 8.480066302022606806e+00
4.190402787484516921e+03 8.536015811611928683e+00
4.239827216442936333e+03 8.591965321201252337e+00
4.289251645401355745e+03 8.647914830790574214e+00
4.338676074359775157e+03 8.703864340379897868e+00
4.388100503318193660e+03 8.759813849969217969e+00
4.437524932276613981e+03 8.815763359558541623e+00
4.486949361235032484e+03 8.871712869147863501e+00
4.536373790193452805e+03 8.927662378737185378e+00
4.585798219151871308e+03 8.983611888326507255e+00
4.635222648110290720e+03 9.039561397915829133e+00
4.684647077068710132e+03 9.095510907505151010e+00
4.734071506027129544e+03 9.151460417094474664e+00
4.783495934985548956e+03 9.207409926683796542e+00
4.832920363943968368e+03 9.263359436273120195e+00
4.882344792902387780e+03 9.319308945862442073e+00
4.931769221860807193e+03 9.375258455451763950e+00
4.981193650819226605e+03 9.431207965041085828e+00
5.030618079777646017e+03 9.487157474630407705e+00
5.080042508736065429e+03 9.543106984219731359e+00
5.129466937694483931e+03 9.599056493809051460e+00
5.178891366652904253e+03 9.655006003398376890e+00
5.228315795611322756e+03 9.710955512987696991e+00
5.277740224569743077e+03 9.766905022577020645e+00
5.327164653528161580e+03 9.822854532166342523e+00
5.376589082486581901e+03 9.878804041755664400e+00
5.426013511445000404e+03 9.934753551344986278e+00
5.475437940403419816e+03 9.990703060934308155e+00
5.524862369361839228e+03 1.004665257052363003e+01
5.574286798320258640e+03 1.010260208011295369e+01
5.623711227278678052e+03 1.015855158970227556e+01
5.673135656237097464e+03 1.021450109929159922e+01
5.722560085195516876e+03 1.027045060888092110e+01
5.771984514153936288e+03 1.032640011847024297e+01
5.821408943112355701e+03 1.038234962805956485e+01
5.870833372070774203e+03 1.043829913764888673e+01
5.920257801029194525e+03 1.049424864723820860e+01
5.969682229987613027e+03 1.055019815682753048e+01
6.019106658946033349e+03 1.060614766641685414e+01
6.068531087904451852e+03 1.066209717600617601e+01
6.117955516862872173e+03 1.071804668559549967e+01
6.167379945821290676e+03 1.077399619518482154e+01
6.216804374779710088e+03 1.082994570477414342e+01
6.266228803738129500e+03 1.088589521436346530e+01
6.315653232696548912e+03 1.094184472395278718e+01
6.365077661654968324e+03 1.099779423354210905e+01
6.414502090613387736e+03 1.105374374313143093e+01
6.463926519571807148e+03 1.110969325272075459e+01
6.513350948530226560e+03 1.116564276231007646e+01
6.562775377488645972e+03 1.122159227189940012e+01
6.612199806447065384e+03 1.127754178148872199e+01
6.661624235405484797e+03 1.133349129107804387e+01
6.711048664363903299e+03 1.138944080066736575e+01
6.760473093322323621e+03 1.144539031025668763e+01
6.809897522280742123e+03 1.150133981984600950e+01
6.859321951239162445e+03 1.155728932943533316e+01
6.908746380197580947e+03 1.161323883902465504e+01
6.958170809156001269e+03 1.166918834861397869e+01
7.007595238114419772e+03 1.172513785820330057e+01
7.057019667072839184e+03 1.178108736779262244e+01
7.106444096031258596e+03 1.183703687738194432e+01
7.155868524989678008e+03 1.189298638697126620e+01
7.205292953948097420e+03 1.194893589656058808e+01
7.254717382906516832e+03 1.200488540614991173e+01
7.304141811864936244e+03 1.206083491573923361e+01
7.353566240823355656e+03 1.211678442532855549e+01
7.402990669781775068e+03 1.217273393491787736e+01
7.452415098740194480e+03 1.222868344450720102e+01
7.501839527698613892e+03 1.228463295409652289e+01
7.551263956657033305e+03 1.234058246368584477e+01
7.600688385615451807e+03 1.239653197327516665e+01
7.650112814573871219e+03 1.245248148286448853e+01
7.699537243532290631e+03 1.250843099245381040e+01
7.748961672490710043e+03 1.256438050204313406e+01
7.798386101449129455e+03 1.262033001163245594e+01
7.847810530407548868e+03 1.267627952122177781e+01
7.897234959365968280e+03 1.273222903081109969e+01
7.946659388324387692e+03 1.278817854040042334e+01
7.996083817282807104e+03 1.284412804998974522e+01
8.045508246241226516e+03 1.290007755957906710e+01
8.094932675199645928e+03 1.295602706916838898e+01
8.144357104158065340e+03 1.301197657875771263e+01
8.193781533116485662e+03 1.306792608834703628e+01
8.243205962074904164e+03 1.312387559793635639e+01
8.292630391033322667e+03 1.317982510752567826e+01
8.342054819991742988e+03 1.323577461711500192e+01
8.391479248950163310e+03 1.329172412670432557e+01
8.440903677908579994e+03 1.334767363629364390e+01
8.490328106867000315e+03 1.340362314588296755e+01
8.539752535825420637e+03 1.345957265547229120e+01
8.589176964783839139e+03 1.351552216506161308e+01
8.638601393742257642e+03 1.357147167465093318e+01
8.688025822700677963e+03 1.362742118424025684e+01
8.737450251659098285e+03 1.368337069382958049e+01
8.786874680617516788e+03 1.373932020341890237e+01
8.836299109575935290e+03 1.379526971300822247e+01
8.885723538534355612e+03 1.385121922259754612e+01
8.935147967492775933e+03 1.390716873218686978e+01
8.984572396451194436e+03 1.396311824177619165e+01
9.033996825409612939e+03 1.401906775136551175e+01
9.083421254368033260e+03 1.407501726095483541e+01
9.132845683326453582e+03 1.413096677054415906e+01
9.182270112284870265e+03 1.418691628013347739e+01
9.231694541243290587e+03 1.424286578972280104e+01
9.281118970201710908e+03 1.429881529931212469e+01
9.330543399160129411e+03 1.435476480890144657e+01
9.379967828118547914e+03 1.441071431849076845e+01
9.429392257076968235e+03 1.446666382808009033e+01
9.478816686035388557e+03 1.452261333766941398e+01
9.528241114993807059e+03 1.457856284725873586e+01
9.577665543952225562e+03 1.463451235684805773e+01
9.627089972910645884e+03 1.469046186643737961e+01
9.676514401869066205e+03 1.474641137602670327e+01
9.725938830827484708e+03 1.480236088561602514e+01
9.775363259785903210e+03 1.485831039520534702e+01
9.824787688744323532e+03 1.491425990479466890e+01
9.874212117702743853e+03 1.497020941438399255e+01
9.923636546661162356e+03 1.502615892397331443e+01
9.973060975619580859e+03 1.508210843356263631e+01
1.002248540457800118e+04 1.513805794315195996e+01
1.007190983353641968e+04 1.519400745274128006e+01
1.012133426249483819e+04 1.524995696233060194e+01
1.017075869145325851e+04 1.530590647191992559e+01
1.022018312041167883e+04 1.536185598150924925e+01
1.026960754937009733e+04 1.541780549109856935e+01
1.031903197832851583e+04 1.547375500068789123e+01
1.036845640728693616e+04 1.552970451027721488e+01
1.041788083624535648e+04 1.558565401986653853e+01
1.046730526520377498e+04 1.564160352945585863e+01
1.051672969416219348e+04 1.569755303904518051e+01
1.056615412312061380e+04 1.575350254863450417e+01
1.061557855207903413e+04 1.580945205822382782e+01
1.066500298103745263e+04 1.586540156781314792e+01
1.071442740999587113e+04 1.592135107740246980e+01
1.076385183895429145e+04 1.597730058699179345e+01
1.081327626791270995e+04 1.603325009658111355e+01
1.086270069687112846e+04 1.608919960617043543e+01
1.091212512582954878e+04 1.614514911575975731e+01
1.096154955478796910e+04 1.620109862534908274e+01
1.101097398374638760e+04 1.625704813493840462e+01
1.106039841270480611e+04 1.631299764452772649e+01
1.110982284166322643e+04 1.636894715411704837e+01
1.115924727062164675e+04 1.642489666370637025e+01
1.120867169958006525e+04 1.648084617329569568e+01
1.125809612853848375e+04 1.653679568288501400e+01
1.130752055749690408e+04 1.659274519247433943e+01
1.135694498645532440e+04 1.664869470206366131e+01
1.140636941541374290e+04 1.670464421165298319e+01
1.145579384437216140e+04 1.676059372124230151e+01
1.150521827333058172e+04 1.681654323083162694e+01
1.155464270228900205e+04 1.687249274042095237e+01
1.160406713124741873e+04 1.692844225001027070e+01
1.165349156020583905e+04 1.698439175959959258e+01
1.170291598916425937e+04 1.704034126918891445e+01
1.175234041812267969e+04 1.709629077877823988e+01
1.180176484708109638e+04 1.715224028836755821e+01
1.185118927603951670e+04 1.720818979795688364e+01
1.190061370499793702e+04 1.726413930754620552e+01
1.195003813395635370e+04 1.732008881713552739e+01
1.199946256291477403e+04 1.737603832672484927e+01
1.204888699187319435e+04 1.743198783631417115e+01
1.209831142083161467e+04 1.748793734590349658e+01
1.214773584979003135e+04 1.754388685549281490e+01
1.219716027874845167e+04 1.759983636508214033e+01
1.224658470770687200e+04 1.765578587467146221e+01
1.229600913666529232e+04 1.771173538426078409e+01
1.234543356562370900e+04 1.776768489385010241e+01
1.239485799458212932e+04 1.782363440343942784e+01
1.244428242354054964e+04 1.787958391302875327e+01
1.249370685249896997e+04 1.793553342261807160e+01
1.254313128145738665e+04 1.799148293220739347e+01
1.259255571041580697e+04 1.804743244179671535e+01
1.264198013937422729e+04 1.810338195138604078e+01
1.269140456833264761e+04 1.815933146097536266e+01
1.274082899729106430e+04 1.821528097056468454e+01
1.279025342624948462e+04 1.827123048015400641e+01
1.283967785520790494e+04 1.832717998974332829e+01
1.288910228416632162e+04 1.838312949933264662e+01
1.293852671312474195e+04 1.843907900892197205e+01
1.298795114208316227e+04 1.849502851851129748e+01
1.303737557104158259e+04 1.855097802810061935e+01
1.308679999999999927e+04 1.860692753768993768e+01
