3.720350000000000250e+02 6.529243627624801150e+00
3.778702004008016502e+02 6.524936585712669768e+00
3.837054008016032185e+02 6.520900142400574140e+00
3.895406012024048437e+02 6.517130648561196615e+00
3.953758016032064688e+02 6.513624481772563257e+00
4.012110020040080371e+02 6.510378046232716542e+00
4.070462024048096623e+02 6.507387772674390725e+00
4.128814028056112306e+02 6.504650118279673876e+00
4.187166032064128558e+02 6.502161566594685027e+00
4.245518036072144810e+02 6.499918627444243313e+00
4.303870040080160493e+02 6.497917836846538009e+00
4.362222044088176744e+02 6.496155756927796787e+00
4.420574048096192428e+02 6.494628975836960194e+00
4.478926052104208679e+02 6.493334107660351684e+00
4.537278056112224931e+02 6.492267792336345877e+00
4.595630060120240614e+02 6.491426695570039485e+00
4.653982064128256866e+02 6.490807508747925780e+00
4.712334068136273117e+02 6.490406948852559310e+00
4.770686072144288801e+02 6.490221758377231254e+00
4.829038076152305052e+02 6.490248705240638571e+00
4.887390080160321304e+02 6.490484582701549598e+00
4.945742084168336987e+02 6.490926209273486513e+00
5.004094088176353239e+02 6.491570428639382939e+00
5.062446092184369490e+02 6.492414109566263747e+00
5.120798096192385174e+02 6.493454145819908874e+00
5.179150100200400857e+02 6.494687456079528687e+00
5.237502104208417677e+02 6.496110983852434906e+00
5.295854108216433360e+02 6.497721697388707085e+00
5.354206112224449043e+02 6.499516589595865312e+00
5.412558116232464727e+02 6.501492677953542021e+00
5.470910120240481547e+02 6.503647004428151135e+00
5.529262124248497230e+02 6.505976635387558993e+00
5.587614128256514050e+02 6.508478661515754382e+00
5.645966132264529733e+02 6.511150197727520350e+00
5.704318136272545416e+02 6.513988383083104239e+00
5.762670140280561100e+02 6.516990380702888608e+00
5.821022144288577920e+02 6.520153377682058604e+00
5.879374148296593603e+02 6.523474585005278215e+00
5.937726152304609286e+02 6.526951237461357636e+00
5.996078156312626106e+02 6.530580593557923308e+00
6.054430160320641789e+02 6.534359935436087952e+00
6.112782164328657473e+02 6.538286568785126818e+00
6.171134168336673156e+02 6.542357822757139729e+00
6.229486172344689976e+02 6.546571049881729110e+00
6.287838176352705659e+02 6.550923625980663800e+00
6.346190180360722479e+02 6.555412950082557089e+00
6.404542184368738162e+02 6.560036444337532302e+00
6.462894188376753846e+02 6.564791553931891954e+00
6.521246192384769529e+02 6.569675747002793997e+00
6.579598196392785212e+02 6.574686514552920080e+00
6.637950200400800895e+02 6.579821370365141142e+00
6.696302204408817715e+02 6.585077850917197217e+00
6.754654208416833399e+02 6.590453515296358589e+00
6.813006212424850219e+02 6.595945945114104703e+00
6.871358216432865902e+02 6.601552744420787988e+00
6.929710220440881585e+02 6.607271539620308332e+00
6.988062224448897268e+02 6.613099979384784888e+00
7.046414228456914088e+02 6.619035734569219898e+00
7.104766232464929772e+02 6.625076498126176716e+00
7.163118236472946592e+02 6.631219985020448959e+00
7.221470240480962275e+02 6.637463932143727874e+00
7.279822244488977958e+02 6.643806098229273260e+00
7.338174248496993641e+02 6.650244263766586172e+00
7.396526252505010461e+02 6.656776230916082504e+00
7.454878256513026145e+02 6.663399823423754142e+00
7.513230260521041828e+02 6.670112886535850549e+00
7.571582264529058648e+02 6.676913286913540801e+00
7.629934268537074331e+02 6.683798912547588955e+00
7.688286272545090014e+02 6.690767672673020527e+00
7.746638276553105698e+02 6.697817497683800525e+00
7.804990280561122518e+02 6.704946339047495485e+00
7.863342284569138201e+02 6.712152169219949727e+00
7.921694288577155021e+02 6.719432981559950946e+00
7.980046292585170704e+02 6.726786790243908243e+00
8.038398296593186387e+02 6.734211630180515940e+00
8.096750300601202071e+02 6.741705556925426279e+00
8.155102304609218891e+02 6.749266646595920349e+00
8.213454308617234574e+02 6.756892995785579004e+00
8.271806312625251394e+02 6.764582721478954674e+00
8.330158316633267077e+02 6.772333960966237854e+00
8.388510320641282760e+02 6.780144871757931568e+00
8.446862324649298444e+02 6.788013631499518752e+00
8.505214328657314127e+02 6.795938437886137606e+00
8.563566332665330947e+02 6.803917508577245421e+00
8.621918336673346630e+02 6.811949081111297488e+00
8.680270340681363450e+02 6.820031412820409145e+00
8.738622344689379133e+02 6.828162780745034688e+00
8.796974348697394817e+02 6.836341481548627641e+00
8.855326352705410500e+02 6.844565831432323222e+00
8.913678356713427320e+02 6.852834166049598608e+00
8.972030360721443003e+02 6.861144840420951851e+00
9.030382364729459823e+02 6.869496228848564812e+00
9.088734368737475506e+02 6.877886724830980292e+00
9.147086372745491190e+02 6.886314740977768523e+00
9.205438376753506873e+02 6.894778708924200750e+00
9.263790380761522556e+02 6.903277079245915715e+00
9.322142384769539376e+02 6.911808321373593245e+00
9.380494388777556196e+02 6.920370923507624283e+00
9.438846392785571879e+02 6.928963392532784482e+00
9.497198396793587563e+02 6.937584253932897127e+00
9.555550400801603246e+02 6.946232051705511168e+00
9.613902404809618929e+02 6.954905348276569477e+00
9.672254408817635749e+02 6.963602724415075329e+00
9.730606412825651432e+02 6.972322779147770433e+00
9.788958416833668252e+02 6.981064129673800522e+00
9.847310420841683936e+02 6.989825411279386280e+00
9.905662424849699619e+02 6.998605277252496037e+00
9.964014428857715302e+02 7.007402398797514032e+00
1.002236643286573212e+03 7.016215464949912217e+00
1.008071843687374781e+03 7.025043182490920302e+00
1.013907044088176463e+03 7.033884275862199331e+00
1.019742244488978031e+03 7.042737487080505510e+00
1.025577444889779599e+03 7.051601575652368226e+00
1.031412645290581168e+03 7.060475318488755647e+00
1.037247845691382736e+03 7.069357509819747420e+00
1.043083046092184304e+03 7.078246961109205593e+00
1.048918246492985872e+03 7.087142500969441983e+00
1.054753446893787668e+03 7.096042975075894432e+00
1.060588647294589236e+03 7.104947246081794177e+00
1.066423847695390805e+03 7.113854193532831438e+00
1.072259048096192373e+03 7.122762713781837007e+00
1.078094248496994169e+03 7.131671719903443396e+00
1.083929448897795737e+03 7.140580141608760201e+00
1.089764649298597305e+03 7.149486925160044137e+00
1.095599849699398874e+03 7.158391033285365523e+00
1.101435050100200442e+03 7.167291445093285418e+00
1.107270250501002010e+03 7.176187155987522992e+00
1.113105450901803579e+03 7.185077177581622010e+00
1.118940651302605147e+03 7.193960537613632411e+00
1.124775851703406943e+03 7.202836279860767021e+00
1.130611052104208511e+03 7.211703464054082247e+00
1.136446252505010079e+03 7.220561165793148106e+00
1.142281452905811648e+03 7.229408476460710276e+00
1.148116653306613216e+03 7.238244503137371666e+00
1.153951853707415012e+03 7.247068368516254466e+00
1.159787054108216580e+03 7.255879210817679059e+00
1.165622254509018148e+03 7.264676183703823398e+00
1.171457454909819717e+03 7.273458456193406363e+00
1.177292655310621285e+03 7.282225212576344475e+00
1.183127855711422853e+03 7.290975652328437917e+00
1.188963056112224422e+03 7.299708990026029021e+00
1.194798256513025990e+03 7.308424455260675856e+00
1.200633456913827786e+03 7.317121292553826706e+00
1.206468657314629354e+03 7.325798761271487436e+00
1.212303857715430922e+03 7.334456135538889754e+00
1.218139058116232491e+03 7.343092704155169237e+00
1.223974258517034059e+03 7.351707770508027373e+00
1.229809458917835855e+03 7.360300652488407813e+00
1.235644659318637423e+03 7.368870682405164629e+00
1.241479859719438991e+03 7.377417206899733237e+00
1.247315060120240560e+03 7.385939586860802208e+00
1.253150260521042128e+03 7.394437197338982415e+00
1.258985460921843696e+03 7.402909427461478842e+00
1.264820661322645265e+03 7.411355680346757069e+00
1.270655861723446833e+03 7.419775373019220410e+00
1.276491062124248629e+03 7.428167936323877285e+00
1.282326262525050197e+03 7.436532814841009476e+00
1.288161462925851765e+03 7.444869466800848379e+00
1.293996663326653334e+03 7.453177363998237936e+00
1.299831863727455129e+03 7.461455991707314439e+00
1.305667064128256698e+03 7.469704848596165903e+00
1.311502264529058266e+03 7.477923446641517202e+00
1.317337464929859834e+03 7.486111311043385008e+00
1.323172665330661403e+03 7.494267980139759366e+00
1.329007865731462971e+03 7.502393005321269293e+00
1.334843066132264539e+03 7.510485950945856359e+00
1.340678266533066108e+03 7.518546394253441179e+00
1.346513466933867676e+03 7.526573925280599653e+00
1.352348667334669244e+03 7.534568146775227682e+00
1.358183867735471040e+03 7.542528674111215636e+00
1.364019068136272608e+03 7.550455135203117507e+00
1.369854268537074176e+03 7.558347170420822714e+00
1.375689468937875972e+03 7.566204432504223476e+00
1.381524669338677541e+03 7.574026586477890177e+00
1.387359869739479109e+03 7.581813309565736070e+00
1.393195070140280677e+03 7.589564291105697080e+00
1.399030270541082245e+03 7.597279232464389409e+00
1.404865470941883814e+03 7.604957846951792000e+00
1.410700671342685382e+03 7.612599859735911245e+00
1.416535871743486950e+03 7.620205007757451909e+00
1.422371072144288519e+03 7.627773039644488051e+00
1.428206272545090314e+03 7.635303715627137500e+00
1.434041472945891883e+03 7.642796807452224783e+00
1.439876673346693451e+03 7.650252098297957382e+00
1.445711873747495247e+03 7.657669382688595761e+00
1.451547074148296815e+03 7.665048466409123407e+00
1.457382274549098383e+03 7.672389166419914197e+00
1.463217474949899952e+03 7.679691310771408652e+00
1.469052675350701520e+03 7.686954738518778640e+00
1.474887875751503088e+03 7.694179299636607183e+00
1.480723076152304657e+03 7.701364854933545168e+00
1.486558276553106225e+03 7.708511275966996479e+00
1.492393476953907793e+03 7.715618444957775601e+00
1.498228677354709362e+03 7.722686254704788311e+00
1.504063877755510930e+03 7.729714608499698159e+00
1.509899078156312498e+03 7.736703420041596502e+00
1.515734278557114067e+03 7.743652613351672542e+00
1.521569478957915862e+03 7.750562122687887801e+00
1.527404679358717431e+03 7.757431892459640821e+00
1.533239879759518999e+03 7.764261877142445201e+00
1.539075080160320567e+03 7.771052041192591631e+00
1.544910280561122363e+03 7.777802358961825924e+00
1.550745480961923931e+03 7.784512814612016385e+00
1.556580681362725500e+03 7.791183402029821181e+00
1.562415881763527068e+03 7.797814124741366371e+00
1.568251082164328636e+03 7.804404995826909719e+00
1.574086282565130205e+03 7.810956037835516952e+00
1.579921482965931773e+03 7.817467282699723796e+00
1.585756683366733341e+03 7.823938771650219337e+00
1.591591883767534910e+03 7.830370555130503618e+00
1.597427084168336705e+03 7.836762692711566558e+00
1.603262284569138274e+03 7.843115253006555321e+00
1.609097484969939842e+03 7.849428313585445238e+00
1.614932685370741638e+03 7.855701960889711621e+00
1.620767885771543206e+03 7.861936290147002460e+00
1.626603086172344774e+03 7.868131405285796021e+00
1.632438286573146343e+03 7.874287418850093090e+00
1.638273486973947911e+03 7.880404451914067465e+00
1.644108687374749479e+03 7.886482633996751090e+00
1.649943887775551048e+03 7.892522102976692544e+00
1.655779088176352616e+03 7.898523005006639508e+00
1.661614288577154184e+03 7.904485494428199033e+00
1.667449488977955752e+03 7.910409733686513789e+00
1.673284689378757548e+03 7.916295893244931214e+00
1.679119889779559117e+03 7.922144151499677989e+00
1.684955090180360685e+03 7.927954694694518523e+00
1.690790290581162481e+03 7.933727716835441868e+00
1.696625490981964049e+03 7.939463419605321981e+00
1.702460691382765617e+03 7.945162012278588648e+00
1.708295891783567185e+03 7.950823711635901958e+00
1.714131092184368754e+03 7.956448741878821451e+00
1.719966292585170322e+03 7.962037334544472600e+00
1.725801492985971890e+03 7.967589728420228390e+00
1.731636693386773459e+03 7.973106169458365144e+00
1.737471893787575027e+03 7.978586910690744993e+00
1.743307094188376595e+03 7.984032212143478802e+00
1.749142294589178391e+03 7.989442340751604199e+00
1.754977494989979959e+03 7.994817570273747620e+00
1.760812695390781528e+03 8.000158181206803221e+00
1.766647895791583323e+03 8.005464460700594032e+00
1.772483096192384892e+03 8.010736702472554427e+00
1.778318296593186460e+03 8.015975206722387725e+00
1.784153496993988028e+03 8.021180280046753097e+00
1.789988697394789597e+03 8.026352235353915177e+00
1.795823897795591165e+03 8.031491391778429190e+00
1.801659098196392733e+03 8.036598074595813657e+00
1.807494298597194302e+03 8.041672615137210656e+00
1.813329498997995870e+03 8.046715350704060299e+00
1.819164699398797666e+03 8.051726624482775208e+00
1.824999899799599234e+03 8.056706785459406106e+00
1.830835100200400802e+03 8.061656188334318074e+00
1.836670300601202371e+03 8.066575193436850810e+00
1.842505501002004166e+03 8.071464166640005544e+00
1.848340701402805735e+03 8.076323479275096417e+00
1.854175901803607303e+03 8.081153508046433842e+00
1.860011102204408871e+03 8.085954634945995423e+00
1.865846302605210440e+03 8.090727247168089775e+00
1.871681503006012008e+03 8.095471737024027448e+00
1.877516703406813576e+03 8.100188501856806056e+00
1.883351903807615145e+03 8.104877943955756336e+00
1.889187104208416713e+03 8.109540470471225504e+00
1.895022304609218509e+03 8.114176493329262385e+00
1.900857505010020077e+03 8.118786429146258143e+00
1.906692705410821645e+03 8.123370699143640294e+00
1.912527905811623214e+03 8.127929729062531194e+00
1.918363106212425009e+03 8.132463949078429621e+00
1.924198306613226578e+03 8.136973793715863934e+00
1.930033507014028146e+03 8.141459701763082535e+00
1.935868707414829714e+03 8.145922116186710582e+00
1.941703907815631283e+03 8.150361484046428018e+00
1.947539108216432851e+03 8.154778256409629833e+00
1.953374308617234419e+03 8.159172888266116530e+00
1.959209509018035988e+03 8.163545838442740177e+00
1.965044709418837556e+03 8.167897569518096645e+00
1.970879909819639352e+03 8.172228547737176996e+00
1.976715110220440920e+03 8.176539242926057938e+00
1.982550310621242488e+03 8.180830128406553214e+00
1.988385511022044284e+03 8.185101680910900512e+00
1.994220711422845852e+03 8.189354380496418173e+00
2.000055911823647421e+03 8.193588710460188551e+00
2.005891112224448989e+03 8.197805157253714725e+00
2.011726312625250557e+03 8.202004210397607409e+00
2.017561513026052125e+03 8.206186362396238110e+00
2.023396713426853694e+03 8.210352108652427816e+00
2.029231913827655262e+03 8.214501947382098379e+00
2.035067114228456830e+03 8.218636379528962976e+00
2.040902314629258399e+03 8.222755908679175718e+00
2.046737515030060194e+03 8.226861040976023887e+00
2.052572715430861535e+03 8.230952285034579319e+00
2.058407915831663558e+03 8.235030151856381764e+00
2.064243116232465127e+03 8.239095154744102700e+00
2.070078316633266695e+03 8.243147809216221589e+00
2.075913517034068263e+03 8.247188632921695017e+00
2.081748717434869832e+03 8.251218145554613415e+00
2.087583917835671400e+03 8.255236868768900393e+00
2.093419118236472968e+03 8.259245326092955253e+00
2.099254318637274537e+03 8.263244042844339887e+00
2.105089519038076105e+03 8.267233546044442605e+00
2.110924719438877673e+03 8.271214364333149049e+00
2.116759919839679242e+03 8.275187027883518454e+00
2.122595120240481265e+03 8.279152068316449231e+00
2.128430320641282378e+03 8.283110018615344572e+00
2.134265521042084401e+03 8.287061413040799351e+00
2.140100721442885970e+03 8.291006787045246185e+00
2.145935921843687538e+03 8.294946677187660100e+00
2.151771122244489106e+03 8.298881621048185053e+00
2.157606322645290675e+03 8.302812157142849259e+00
2.163441523046092243e+03 8.306738824838204138e+00
2.169276723446893811e+03 8.310662164266009455e+00
2.175111923847695380e+03 8.314582716237893578e+00
2.180947124248496948e+03 8.318501022160043945e+00
2.186782324649298516e+03 8.322417623947853116e+00
2.192617525050100085e+03 8.326333063940605683e+00
2.198452725450902108e+03 8.330247884816138537e+00
2.204287925851703221e+03 8.334162629505531328e+00
2.210123126252505244e+03 8.338077841107741861e+00
2.215958326653306358e+03 8.341994062804310772e+00
2.221793527054108381e+03 8.345911837774018238e+00
2.227628727454909949e+03 8.349831709107551347e+00
2.233463927855711518e+03 8.353754219722178576e+00
2.239299128256513086e+03 8.357679912276420708e+00
2.245134328657314654e+03 8.361609329084725317e+00
2.250969529058116223e+03 8.365543012032125247e+00
2.256804729458917791e+03 8.369481502488916647e+00
2.262639929859719814e+03 8.373425341225345875e+00
2.268475130260520928e+03 8.377375068326243124e+00
2.274310330661322951e+03 8.381331223105719985e+00
2.280145531062124064e+03 8.385294344021840374e+00
2.285980731462926087e+03 8.389264968591284344e+00
2.291815931863727201e+03 8.393243633304013684e+00
2.297651132264529224e+03 8.397230873537944618e+00
2.303486332665330792e+03 8.401227223473627603e+00
2.309321533066132361e+03 8.405233216008916486e+00
2.315156733466933929e+03 8.409249382673626982e+00
2.320991933867735497e+03 8.413276253544211158e+00
2.326827134268537066e+03 8.417314357158442562e+00
2.332662334669338634e+03 8.421364220430069381e+00
2.338497535070140657e+03 8.425426368563494250e+00
2.344332735470941770e+03 8.429501324968434517e+00
2.350167935871743794e+03 8.433589611174614475e+00
2.356003136272544907e+03 8.437691746746407873e+00
2.361838336673346930e+03 8.441808249197531921e+00
2.367673537074148044e+03 8.445939633905702237e+00
2.373508737474950067e+03 8.450086414027317971e+00
2.379343937875751635e+03 8.454249100412109641e+00
2.385179138276553203e+03 8.458428201517842027e+00
2.391014338677354772e+03 8.462624223324951345e+00
2.396849539078156340e+03 8.466837669251244591e+00
2.402684739478957908e+03 8.471069040066545597e+00
2.408519939879759477e+03 8.475318833807383712e+00
2.414355140280561500e+03 8.479587545691655848e+00
2.420190340681362613e+03 8.483875668033300954e+00
2.426025541082164636e+03 8.488183690156958505e+00
2.431860741482965750e+03 8.492512098312666069e+00
2.437695941883767773e+03 8.496861375590501808e+00
2.443531142284568887e+03 8.501232001835262508e+00
2.449366342685370910e+03 8.505624453561152265e+00
2.455201543086172478e+03 8.510039203866423208e+00
2.461036743486974046e+03 8.514476722348067739e+00
2.466871943887775615e+03 8.518937475016489458e+00
2.472707144288577183e+03 8.523421924210154543e+00
2.478542344689378751e+03 8.527930528510285768e+00
2.484377545090180320e+03 8.532463742655515659e+00
2.490212745490982343e+03 8.537022017456564527e+00
2.496047945891783456e+03 8.541605799710918490e+00
2.501883146292585479e+03 8.546215532117479086e+00
2.507718346693386593e+03 8.550851653191251955e+00
2.513553547094188616e+03 8.555514597178014213e+00
2.519388747494990184e+03 8.560204793968981818e+00
2.525223947895791753e+03 8.564922669015480494e+00
2.531059148296593321e+03 8.569668643243613104e+00
2.536894348697394889e+03 8.574443132968948333e+00
2.542729549098196458e+03 8.579246549811161415e+00
2.548564749498998026e+03 8.584079300608719265e+00
2.554399949899799594e+03 8.588941787333572719e+00
2.560235150300601163e+03 8.593834407005779497e+00
2.566070350701403186e+03 8.598757551608226635e+00
2.571905551102204299e+03 8.603711608001257005e+00
2.577740751503006322e+03 8.608696957837370434e+00
2.583575951903807436e+03 8.613713977475876860e+00
2.589411152304609459e+03 8.618763037897585022e+00
2.595246352705411027e+03 8.623844504619439633e+00
2.601081553106212596e+03 8.628958737609234930e+00
2.606916753507014164e+03 8.634106091200251853e+00
2.612751953907815732e+03 8.639286914005950280e+00
2.618587154308617301e+03 8.644501548834613303e+00
2.624422354709418869e+03 8.649750332604053682e+00
2.630257555110220437e+03 8.655033596256249240e+00
2.636092755511022006e+03 8.660351664672042205e+00
2.641927955911824029e+03 8.665704856585783489e+00
2.647763156312625142e+03 8.671093484500037363e+00
2.653598356713427165e+03 8.676517854600202639e+00
2.659433557114228279e+03 8.681978266669243993e+00
2.665268757515030302e+03 8.687475014002304263e+00
2.671103957915831870e+03 8.693008383321416233e+00
2.676939158316633439e+03 8.698578654690148682e+00
2.682774358717435007e+03 8.704186101428303957e+00
2.688609559118236575e+03 8.709830990026546260e+00
2.694444759519038143e+03 8.715513580061116983e+00
2.700279959919839712e+03 8.721234124108477204e+00
2.706115160320641280e+03 8.726992867659991049e+00
2.711950360721442848e+03 8.732790049036585955e+00
2.717785561122244872e+03 8.738625899303439581e+00
2.723620761523045985e+03 8.744500642184625860e+00
2.729455961923848008e+03 8.750414493977803687e+00
2.735291162324649122e+03 8.756367663468896723e+00
2.741126362725451145e+03 8.762360351846737672e+00
2.746961563126252713e+03 8.768392752617749863e+00
2.752796763527054281e+03 8.774465051520632386e+00
2.758631963927855850e+03 8.780577426441007916e+00
2.764467164328657418e+03 8.786730047326106074e+00
2.770302364729458986e+03 8.792923076099430801e+00
2.776137565130260555e+03 8.799156666575438379e+00
2.781972765531062578e+03 8.805430964374187042e+00
2.787807965931863691e+03 8.811746106836043424e+00
2.793643166332665714e+03 8.818102222936310852e+00
2.799478366733466828e+03 8.824499433199928689e+00
2.805313567134268851e+03 8.830937849616137925e+00
2.811148767535069965e+03 8.837417575553146776e+00
2.816983967935871988e+03 8.843938705672805156e+00
2.822819168336673556e+03 8.850501325845263167e+00
2.828654368737475124e+03 8.857105513063666891e+00
2.834489569138276693e+03 8.863751335358799111e+00
2.840324769539078261e+03 8.870438851713782213e+00
2.846159969939879829e+03 8.877168111978704701e+00
2.851995170340681398e+03 8.883939156785359614e+00
2.857830370741483421e+03 8.890752017461824863e+00
2.863665571142284534e+03 8.897606715947221190e+00
2.869500771543086557e+03 8.904503264706331578e+00
2.875335971943887671e+03 8.911441666644272175e+00
2.881171172344689694e+03 8.918421915021189861e+00
2.887006372745490808e+03 8.925443993366929618e+00
2.892841573146292831e+03 8.932507875395659269e+00
2.898676773547094399e+03 8.939613524920609677e+00
2.904511973947895967e+03 8.946760895768676392e+00
2.910347174348697536e+03 8.953949931695170505e+00
2.916182374749499104e+03 8.961180566298391881e+00
2.922017575150300672e+03 8.968452722934388888e+00
2.927852775551102241e+03 8.975766314631563603e+00
2.933687975951904264e+03 8.983121244005392469e+00
2.939523176352705377e+03 8.990517403173054589e+00
2.945358376753507400e+03 8.997954673668147052e+00
2.951193577154308514e+03 9.005432926355286583e+00
2.957028777555110537e+03 9.012952021344883491e+00
2.962863977955911650e+03 9.020511807907697133e+00
2.968699178356713674e+03 9.028112124389593873e+00
2.974534378757515242e+03 9.035752798126175378e+00
2.980369579158316810e+03 9.043433645357458417e+00
2.986204779559118379e+03 9.051154471142556446e+00
2.992039979959919947e+03 9.058915069274323884e+00
2.997875180360721515e+03 9.066715222194051904e+00
3.003710380761523083e+03 9.074554700906141136e+00
3.009545581162325107e+03 9.082433264892744162e+00
3.015380781563126220e+03 9.090350662028452433e+00
3.021215981963928243e+03 9.098306628494990278e+00
3.027051182364729357e+03 9.106300888695834317e+00
3.032886382765531380e+03 9.114333155170925238e+00
3.038721583166332493e+03 9.122403128511338721e+00
3.044556783567134516e+03 9.130510497273924386e+00
3.050391983967936085e+03 9.138654937895998032e+00
3.056227184368737653e+03 9.146836114610021440e+00
3.062062384769539221e+03 9.155053679358237773e+00
3.067897585170340790e+03 9.163307271707402890e+00
3.073732785571142358e+03 9.171596518763367456e+00
3.079567985971943926e+03 9.179921035085845560e+00
3.085403186372745949e+03 9.188280422603003927e+00
3.091238386773547063e+03 9.196674270526196793e+00
3.097073587174349086e+03 9.205102155264571095e+00
3.102908787575150200e+03 9.213563640339810235e+00
3.108743987975952223e+03 9.222058276300735713e+00
3.114579188376753336e+03 9.230585600638031352e+00
3.120414388777555359e+03 9.239145137698866250e+00
3.126249589178356928e+03 9.247736398601620778e+00
3.132084789579158496e+03 9.256358881150493545e+00
3.137919989979960064e+03 9.265012069750241608e+00
3.143755190380761633e+03 9.273695435320775005e+00
3.149590390781563201e+03 9.282408435211914721e+00
3.155425591182364769e+03 9.291150513117962362e+00
3.161260791583166792e+03 9.299921098992466995e+00
3.167095991983967906e+03 9.308719608962821468e+00
3.172931192384769929e+03 9.317545445244991953e+00
3.178766392785571043e+03 9.326397996058123141e+00
3.184601593186373066e+03 9.335276635539308643e+00
3.190436793587174179e+03 9.344180723658126908e+00
3.196271993987976202e+03 9.353109606131438269e+00
3.202107194388777771e+03 9.362062614337961719e+00
3.207942394789579339e+03 9.371039065233031096e+00
3.213777595190380907e+03 9.380038261263170085e+00
3.219612795591182476e+03 9.389059490280853737e+00
3.225447995991984044e+03 9.398102025459110109e+00
3.231283196392785612e+03 9.407165125206237377e+00
3.237118396793587635e+03 9.416248033080442781e+00
3.242953597194388749e+03 9.425349977704522431e+00
3.248788797595190772e+03 9.434470172680562428e+00
3.254623997995991886e+03 9.443607816504545838e+00
3.260459198396793909e+03 9.314429438639045600e+00
3.310081011470176691e+03 9.360611228423868724e+00
3.359702824543559927e+03 9.406793018208691848e+00
3.409324637616942709e+03 9.452974807993514972e+00
3.458946450690325491e+03 9.499156597778338096e+00
3.508568263763708728e+03 9.545338387563162996e+00
3.558190076837091510e+03 9.591520177347986120e+00
3.607811889910474747e+03 9.637701967132809244e+00
3.657433702983857529e+03 9.683883756917632368e+00
3.707055516057240311e+03 9.730065546702455492e+00
3.756677329130623548e+03 9.776247336487280393e+00
3.806299142204006330e+03 9.822429126272101740e+00
3.855920955277389112e+03 9.868610916056926641e+00
3.905542768350772349e+03 9.914792705841749765e+00
3.955164581424155131e+03 9.960974495626572889e+00
4.004786394497537913e+03 1.000715628541139601e+01
4.054408207570921149e+03 1.005333807519621914e+01
4.104030020644304386e+03 1.009951986498104404e+01
4.153651833717686713e+03 1.014570165476586538e+01
4.203273646791069950e+03 1.019188344455069029e+01
4.252895459864453187e+03 1.023806523433551341e+01
4.302517272937835514e+03 1.028424702412033653e+01
4.352139086011218751e+03 1.033042881390515966e+01
4.401760899084601988e+03 1.037661060368998278e+01
4.451382712157984315e+03 1.042279239347480591e+01
4.501004525231367552e+03 1.046897418325962903e+01
4.550626338304750789e+03 1.051515597304445393e+01
4.600248151378133116e+03 1.056133776282927528e+01
4.649869964451516353e+03 1.060751955261410018e+01
4.699491777524899589e+03 1.065370134239892330e+01
4.749113590598282826e+03 1.069988313218374643e+01
4.798735403671665154e+03 1.074606492196856955e+01
4.848357216745048390e+03 1.079224671175339267e+01
4.897979029818430718e+03 1.083842850153821580e+01
4.947600842891813954e+03 1.088461029132303892e+01
4.997222655965197191e+03 1.093079208110786382e+01
5.046844469038580428e+03 1.097697387089268695e+01
5.096466282111962755e+03 1.102315566067751007e+01
5.146088095185345992e+03 1.106933745046233319e+01
5.195709908258728319e+03 1.111551924024715632e+01
5.245331721332111556e+03 1.116170103003197944e+01
5.294953534405494793e+03 1.120788281981680257e+01
5.344575347478878030e+03 1.125406460960162747e+01
5.394197160552260357e+03 1.130024639938644881e+01
5.443818973625643594e+03 1.134642818917127371e+01
5.493440786699025921e+03 1.139260997895609506e+01
5.543062599772409158e+03 1.143879176874091996e+01
5.592684412845792394e+03 1.148497355852574309e+01
5.642306225919175631e+03 1.153115534831056621e+01
5.691928038992558868e+03 1.157733713809539111e+01
5.741549852065941195e+03 1.162351892788021246e+01
5.791171665139323522e+03 1.166970071766503736e+01
5.840793478212706759e+03 1.171588250744985871e+01
5.890415291286089996e+03 1.176206429723468361e+01
5.940037104359473233e+03 1.180824608701950673e+01
5.989658917432856470e+03 1.185442787680432986e+01
6.039280730506238797e+03 1.190060966658915476e+01
6.088902543579621124e+03 1.194679145637397610e+01
6.138524356653004361e+03 1.199297324615880100e+01
6.188146169726387598e+03 1.203915503594362235e+01
6.237767982799770834e+03 1.208533682572844725e+01
6.287389795873154071e+03 1.213151861551327215e+01
6.337011608946536398e+03 1.217770040529809350e+01
6.386633422019919635e+03 1.222388219508291840e+01
6.436255235093301962e+03 1.227006398486773975e+01
6.485877048166685199e+03 1.231624577465256465e+01
6.535498861240068436e+03 1.236242756443738600e+01
6.585120674313451673e+03 1.240860935422221090e+01
6.634742487386834000e+03 1.245479114400703402e+01
6.684364300460217237e+03 1.250097293379185714e+01
6.733986113533599564e+03 1.254715472357668027e+01
6.783607926606982801e+03 1.259333651336150339e+01
6.833229739680366038e+03 1.263951830314632829e+01
6.882851552753749274e+03 1.268570009293115142e+01
6.932473365827132511e+03 1.273188188271597454e+01
6.982095178900514838e+03 1.277806367250079767e+01
7.031716991973897166e+03 1.282424546228562079e+01
7.081338805047280403e+03 1.287042725207044391e+01
7.130960618120663639e+03 1.291660904185526704e+01
7.180582431194046876e+03 1.296279083164009194e+01
7.230204244267430113e+03 1.300897262142491506e+01
7.279826057340812440e+03 1.305515441120973819e+01
7.329447870414194767e+03 1.310133620099455953e+01
7.379069683487578004e+03 1.314751799077938443e+01
7.428691496560961241e+03 1.319369978056420756e+01
7.478313309634344478e+03 1.323988157034903068e+01
7.527935122707726805e+03 1.328606336013385381e+01
7.577556935781110042e+03 1.333224514991867693e+01
7.627178748854493278e+03 1.337842693970350183e+01
7.676800561927875606e+03 1.342460872948832318e+01
7.726422375001258843e+03 1.347079051927314808e+01
7.776044188074642079e+03 1.351697230905797120e+01
7.825666001148025316e+03 1.356315409884279433e+01
7.875287814221407643e+03 1.360933588862761745e+01
7.924909627294790880e+03 1.365551767841244057e+01
7.974531440368174117e+03 1.370169946819726547e+01
8.024153253441556444e+03 1.374788125798208682e+01
8.073775066514939681e+03 1.379406304776691172e+01
8.123396879588322918e+03 1.384024483755173485e+01
8.173018692661705245e+03 1.388642662733655797e+01
8.222640505735089391e+03 1.393260841712138287e+01
8.272262318808472628e+03 1.397879020690620600e+01
8.321884131881854046e+03 1.402497199669102912e+01
8.371505944955237283e+03 1.407115378647585047e+01
8.421127758028620519e+03 1.411733557626067537e+01
8.470749571102001937e+03 1.416351736604549671e+01
8.520371384175385174e+03 1.420969915583032162e+01
8.569993197248768411e+03 1.425588094561514296e+01
8.619615010322151647e+03 1.430206273539996786e+01
8.669236823395534884e+03 1.434824452518479276e+01
8.718858636468918121e+03 1.439442631496961411e+01
8.768480449542301358e+03 1.444060810475443901e+01
8.818102262615684594e+03 1.448678989453926391e+01
8.867724075689067831e+03 1.453297168432408526e+01
8.917345888762449249e+03 1.457915347410890661e+01
8.966967701835832486e+03 1.462533526389373151e+01
9.016589514909215723e+03 1.467151705367855641e+01
9.066211327982598959e+03 1.471769884346337776e+01
9.115833141055980377e+03 1.476388063324819910e+01
9.165454954129363614e+03 1.481006242303302400e+01
9.215076767202746851e+03 1.485624421281784890e+01
9.264698580276130087e+03 1.490242600260267025e+01
9.314320393349513324e+03 1.494860779238749515e+01
9.363942206422896561e+03 1.499478958217232005e+01
9.413564019496279798e+03 1.504097137195714140e+01
9.463185832569663035e+03 1.508715316174196630e+01
9.512807645643046271e+03 1.513333495152679120e+01
9.562429458716427689e+03 1.517951674131161255e+01
9.612051271789810926e+03 1.522569853109643390e+01
9.661673084863194163e+03 1.527188032088125880e+01
9.711294897936575580e+03 1.531806211066608014e+01
9.760916711009958817e+03 1.536424390045090504e+01
9.810538524083342054e+03 1.541042569023572995e+01
9.860160337156725291e+03 1.545660748002055129e+01
9.909782150230108527e+03 1.550278926980537619e+01
9.959403963303491764e+03 1.554897105959019754e+01
1.000902577637687500e+04 1.559515284937502244e+01
1.005864758945025824e+04 1.564133463915984734e+01
1.010826940252364147e+04 1.568751642894466869e+01
1.015789121559702289e+04 1.573369821872949359e+01
1.020751302867040613e+04 1.577988000851431494e+01
1.025713484174378937e+04 1.582606179829913984e+01
1.030675665481717260e+04 1.587224358808396119e+01
1.035637846789055402e+04 1.591842537786878609e+01
1.040600028096393726e+04 1.596460716765360743e+01
1.045562209403732049e+04 1.601078895743843233e+01
1.050524390711070373e+04 1.605697074722325723e+01
1.055486572018408697e+04 1.610315253700807858e+01
1.060448753325747020e+04 1.614933432679290348e+01
1.065410934633085344e+04 1.619551611657772483e+01
1.070373115940423668e+04 1.624169790636254973e+01
1.075335297247761991e+04 1.628787969614737463e+01
1.080297478555100133e+04 1.633406148593219598e+01
1.085259659862438457e+04 1.638024327571702088e+01
1.090221841169776781e+04 1.642642506550184223e+01
1.095184022477114922e+04 1.647260685528666357e+01
1.100146203784453246e+04 1.651878864507148847e+01
1.105108385091791570e+04 1.656497043485631337e+01
1.110070566399129893e+04 1.661115222464113472e+01
1.115032747706468217e+04 1.665733401442595962e+01
1.119994929013806541e+04 1.670351580421078452e+01
1.124957110321144864e+04 1.674969759399560587e+01
1.129919291628483188e+04 1.679587938378043077e+01
1.134881472935821512e+04 1.684206117356525567e+01
1.139843654243159654e+04 1.688824296335007702e+01
1.144805835550497977e+04 1.693442475313489837e+01
1.149768016857836119e+04 1.698060654291971971e+01
1.154730198165174443e+04 1.702678833270454462e+01
1.159692379472512766e+04 1.707297012248936952e+01
1.164654560779851090e+04 1.711915191227419086e+01
1.169616742087189414e+04 1.716533370205901576e+01
1.174578923394527737e+04 1.721151549184384066e+01
1.179541104701866061e+04 1.725769728162866201e+01
1.184503286009204385e+04 1.730387907141348691e+01
1.189465467316542708e+04 1.735006086119831181e+01
1.194427648623881032e+04 1.739624265098313316e+01
1.199389829931219356e+04 1.744242444076795806e+01
1.204352011238557679e+04 1.748860623055278296e+01
1.209314192545895639e+04 1.753478802033760076e+01
1.214276373853233963e+04 1.758096981012242566e+01
1.219238555160572287e+04 1.762715159990725056e+01
1.224200736467910610e+04 1.767333338969207190e+01
1.229162917775248934e+04 1.771951517947689680e+01
1.234125099082587258e+04 1.776569696926171815e+01
1.239087280389925581e+04 1.781187875904654305e+01
1.244049461697263905e+04 1.785806054883136795e+01
1.249011643004602229e+04 1.790424233861618930e+01
1.253973824311940552e+04 1.795042412840101420e+01
1.258936005619278876e+04 1.799660591818583910e+01
1.263898186926617200e+04 1.804278770797066045e+01
1.268860368233955523e+04 1.808896949775548535e+01
1.273822549541293483e+04 1.813515128754030670e+01
1.278784730848631807e+04 1.818133307732512804e+01
1.283746912155970131e+04 1.822751486710995295e+01
1.288709093463308454e+04 1.827369665689477785e+01
1.293671274770646778e+04 1.831987844667959919e+01
1.298633456077985102e+04 1.836606023646442409e+01
1.303595637385323425e+04 1.841224202624924544e+01
1.308557818692661749e+04 1.845842381603407034e+01
1.313520000000000073e+04 1.850460560581889524e+01
