7.345850000000000364e+02 3.820776592676448757e+00
7.396641883767536001e+02 3.836388118020199300e+00
7.447433767535070501e+02 3.851867822154700249e+00
7.498225651302605002e+02 3.867216960130065218e+00
7.549017535070140639e+02 3.882436779080158828e+00
7.599809418837676276e+02 3.897528518247814766e+00
7.650601302605210776e+02 3.912493409010077805e+00
7.701393186372745276e+02 3.927332674903435183e+00
7.752185070140280914e+02 3.942047531649046199e+00
7.802976953907816551e+02 3.956639187177978023e+00
7.853768837675351051e+02 3.971108841656435295e+00
7.904560721442885551e+02 3.985457687510995051e+00
7.955352605210421189e+02 3.999686909453839867e+00
8.006144488977956826e+02 4.013797684507988350e+00
8.056936372745491326e+02 4.027791182032526507e+00
8.107728256513025826e+02 4.041668563747847109e+00
8.158520140280561463e+02 4.055430983760875741e+00
8.209312024048097101e+02 4.069079588590304830e+00
8.260103907815631601e+02 4.082615517191826804e+00
8.310895791583166101e+02 4.096039900983369897e+00
8.361687675350701738e+02 4.109353863870324197e+00
8.412479559118237376e+02 4.122558522270780124e+00
8.463271442885771876e+02 4.135654985140758910e+00
8.514063326653306376e+02 4.148644353999444867e+00
8.564855210420842013e+02 4.161527722954416753e+00
8.615647094188377650e+02 4.174306178726885364e+00
8.666438977955912151e+02 4.186980800676918690e+00
8.717230861723446651e+02 4.199552660828684836e+00
8.768022745490982288e+02 4.212022823895671841e+00
8.818814629258517925e+02 4.224392347305929718e+00
8.869606513026052426e+02 4.236662281227303595e+00
8.920398396793588063e+02 4.248833668592657986e+00
8.971190280561122563e+02 4.260907545125118823e+00
9.021982164328657063e+02 4.272884939363298606e+00
9.072774048096192701e+02 4.284766872686534001e+00
9.123565931863727201e+02 4.296554359340117202e+00
9.174357815631262838e+02 4.308248406460528201e+00
9.225149699398798475e+02 4.319850014100665270e+00
9.275941583166332975e+02 4.331360175255083433e+00
9.326733466933867476e+02 4.342779875885218743e+00
9.377525350701403113e+02 4.354110094944632081e+00
9.428317234468938750e+02 4.365351804404228986e+00
9.479109118236473250e+02 4.376505969277501684e+00
9.529901002004007751e+02 4.387573547645759575e+00
9.580692885771543388e+02 4.398555490683357050e+00
9.631484769539079025e+02 4.409452742682935522e+00
9.682276653306613525e+02 4.420266241080645031e+00
9.733068537074148026e+02 4.430996916481387160e+00
9.783860420841683663e+02 4.441645692684042857e+00
9.834652304609219300e+02 4.452213486706700252e+00
9.885444188376752663e+02 4.462701208811896691e+00
9.936236072144288300e+02 4.473109762531846556e+00
9.987027955911823938e+02 4.483440044693672633e+00
1.003781983967935957e+03 4.493692945444643705e+00
1.008861172344689408e+03 4.503869348277397933e+00
1.013940360721442971e+03 4.513970130055188434e+00
1.019019549098196421e+03 4.523996161037102226e+00
1.024098737474949985e+03 4.533948304903306692e+00
1.029177925851703549e+03 4.543827418780271188e+00
1.034257114228456885e+03 4.553634353266000190e+00
1.039336302605210449e+03 4.563369952455277989e+00
1.044415490981964012e+03 4.573035053964885854e+00
1.049494679358717349e+03 4.582630488958843173e+00
1.054573867735471140e+03 4.592157082173640603e+00
1.059653056112224476e+03 4.601615651943468777e+00
1.064732244488977813e+03 4.611007010225451452e+00
1.069811432865731604e+03 4.620331962624882216e+00
1.074890621242484940e+03 4.629591308420453188e+00
1.079969809619238504e+03 4.638785840589489951e+00
1.085048997995992067e+03 4.647916345833179363e+00
1.090128186372745404e+03 4.656983604601810711e+00
1.095207374749498968e+03 4.665988391119999967e+00
1.100286563126252531e+03 4.674931473411929161e+00
1.105365751503006095e+03 4.683813613326574199e+00
1.110444939879759659e+03 4.692635566562938010e+00
1.115524128256512995e+03 4.701398082695285474e+00
1.120603316633266559e+03 4.710101905198376571e+00
1.125682505010020122e+03 4.718747771472695973e+00
1.130761693386773459e+03 4.727336412869686200e+00
1.135840881763527022e+03 4.735868554716983425e+00
1.140920070140280586e+03 4.744344916343645302e+00
1.145999258517034150e+03 4.752766211105387661e+00
1.151078446893787714e+03 4.761133146409818551e+00
1.156157635270541050e+03 4.769446423741660723e+00
1.161236823647294614e+03 4.777706738687998111e+00
1.166316012024048177e+03 4.785914780963500093e+00
1.171395200400801514e+03 4.794071234435654638e+00
1.176474388777555077e+03 4.802176777150005904e+00
1.181553577154308641e+03 4.810232081355376721e+00
1.186632765531062205e+03 4.818237813529115066e+00
1.191711953907815769e+03 4.826194634402314776e+00
1.196791142284569105e+03 4.834103198985053140e+00
1.201870330661322669e+03 4.841964156591625823e+00
1.206949519038076232e+03 4.849778150865776460e+00
1.212028707414829569e+03 4.857545819805924481e+00
1.217107895791583360e+03 4.865267795790411576e+00
1.222187084168336696e+03 4.872944705602721527e+00
1.227266272545090033e+03 4.880577170456712466e+00
1.232345460921843824e+03 4.888165806021863347e+00
1.237424649298597160e+03 4.895711222448489330e+00
1.242503837675350724e+03 4.903214024392990034e+00
1.247583026052104287e+03 4.910674811043065802e+00
1.252662214428857624e+03 4.918094176142967733e+00
1.257741402805611415e+03 4.925472708018716617e+00
1.262820591182364751e+03 4.932810989603342300e+00
1.267899779559118087e+03 4.940109598462115059e+00
1.272978967935871651e+03 4.947369106817776085e+00
1.278058156312625215e+03 4.954590081575775962e+00
1.283137344689378779e+03 4.961773084349498930e+00
1.288216533066132342e+03 4.968918671485502259e+00
1.293295721442885906e+03 4.976027394088747613e+00
1.298374909819639470e+03 4.983099798047827989e+00
1.303454098196392806e+03 4.990136424060210629e+00
1.308533286573146142e+03 4.997137807657461295e+00
1.313612474949899706e+03 5.004104479230480962e+00
1.318691663326653270e+03 5.011036964054733645e+00
1.323770851703406834e+03 5.017935782315488424e+00
1.328850040080160397e+03 5.024801449133040165e+00
1.333929228456913961e+03 5.031634474587953321e+00
1.339008416833667525e+03 5.038435363746286200e+00
1.344087605210420861e+03 5.045204616684828558e+00
1.349166793587174197e+03 5.051942728516330305e+00
1.354245981963927989e+03 5.058650189414739984e+00
1.359325170340681325e+03 5.065327484640432587e+00
1.364404358717434889e+03 5.071975094565440045e+00
1.369483547094188452e+03 5.078593494698690591e+00
1.374562735470941789e+03 5.085183155711240133e+00
1.379641923847695580e+03 5.091744543461499184e+00
1.384721112224448916e+03 5.098278119020470456e+00
1.389800300601202480e+03 5.104784338696976675e+00
1.394879488977956044e+03 5.111263654062904394e+00
1.399958677354709380e+03 5.117716511978422034e+00
1.405037865731462944e+03 5.124143354617224588e+00
1.410117054108216507e+03 5.130544619491758773e+00
1.415196242484969844e+03 5.136920739478455289e+00
1.420275430861723407e+03 5.143272142842970851e+00
1.425354619238476971e+03 5.149599253265408905e+00
1.430433807615230535e+03 5.155902489865557214e+00
1.435512995991984099e+03 5.162182267228127230e+00
1.440592184368737435e+03 5.168438995427972138e+00
1.445671372745490999e+03 5.174673080055334218e+00
1.450750561122244562e+03 5.180884922241066448e+00
1.455829749498997899e+03 5.187074918681874536e+00
1.460908937875751462e+03 5.193243461665540295e+00
1.465988126252505026e+03 5.199390939096160125e+00
1.471067314629258590e+03 5.205517734519376383e+00
1.476146503006012153e+03 5.211624227147613198e+00
1.481225691382765490e+03 5.217710791885298072e+00
1.486304879759519054e+03 5.223777799354108353e+00
1.491384068136272617e+03 5.229825615918199944e+00
1.496463256513025954e+03 5.235854603709431565e+00
1.501542444889779517e+03 5.241865120652608567e+00
1.506621633266533081e+03 5.247857520490704530e+00
1.511700821643286645e+03 5.253832152810105960e+00
1.516780010020040208e+03 5.259789363065838330e+00
1.521859198396793545e+03 5.265729492606794793e+00
1.526938386773547109e+03 5.271652878700979983e+00
1.532017575150300672e+03 5.277559854560733399e+00
1.537096763527054009e+03 5.283450749367959887e+00
1.542175951903807572e+03 5.289325888299375222e+00
1.547255140280561136e+03 5.295185592551726828e+00
1.552334328657314472e+03 5.301030179367025141e+00
1.557413517034068263e+03 5.306859962057795421e+00
1.562492705410821600e+03 5.312675250032278917e+00
1.567571893787575164e+03 5.318476348819697108e+00
1.572651082164328727e+03 5.324263560095461756e+00
1.577730270541082064e+03 5.330037181706417826e+00
1.582809458917835855e+03 5.335797507696080189e+00
1.587888647294589191e+03 5.341544828329848116e+00
1.592967835671342527e+03 5.347279430120263299e+00
1.598047024048096091e+03 5.353001595852220795e+00
1.603126212424849655e+03 5.358711604608213719e+00
1.608205400801603218e+03 5.364409731793559288e+00
1.613284589178356782e+03 5.370096249161640856e+00
1.618363777555110346e+03 5.375771424839125956e+00
1.623442965931863910e+03 5.381435523351214556e+00
1.628522154308617246e+03 5.387088805646860656e+00
1.633601342685370582e+03 5.392731529124008993e+00
1.638680531062124146e+03 5.398363947654829076e+00
1.643759719438877710e+03 5.403986311610940341e+00
1.648838907815631273e+03 5.409598867888658624e+00
1.653918096192384837e+03 5.415201859934217765e+00
1.658997284569138401e+03 5.420795527769003641e+00
1.664076472945891965e+03 5.426380108014784653e+00
1.669155661322645301e+03 5.431955833918961751e+00
1.674234849699398637e+03 5.437522935379770495e+00
1.679314038076152428e+03 5.443081638971543512e+00
1.684393226452905765e+03 5.448632167969922335e+00
1.689472414829659328e+03 5.454174742377105645e+00
1.694551603206412892e+03 5.459709578947061992e+00
1.699630791583166229e+03 5.465236891210788706e+00
1.704709979959920020e+03 5.470756889501521059e+00
1.709789168336673356e+03 5.476269780979976964e+00
1.714868356713426920e+03 5.481775769659592790e+00
1.719947545090180483e+03 5.487275056431739628e+00
1.725026733466933820e+03 5.492767839090971549e+00
1.730105921843687383e+03 5.498254312360257856e+00
1.735185110220440947e+03 5.503734667916202028e+00
1.740264298597194284e+03 5.509209094414293517e+00
1.745343486973947847e+03 5.514677777514119583e+00
1.750422675350701411e+03 5.520140899904617982e+00
1.755501863727454975e+03 5.525598641329295013e+00
1.760581052104208538e+03 5.531051178611464891e+00
1.765660240480961875e+03 5.536498685679481113e+00
1.770739428857715666e+03 5.541941333591970498e+00
1.775818617234468775e+03 5.547379290563060117e+00
1.780897805611222338e+03 5.552812721987617550e+00
1.785976993987975902e+03 5.558241790466478705e+00
1.791056182364729466e+03 5.563666655831681851e+00
1.796135370741483030e+03 5.569087475171702550e+00
1.801214559118236593e+03 5.574504402856680585e+00
1.806293747494990157e+03 5.579917590563660212e+00
1.811372935871743493e+03 5.585327187301809104e+00
1.816452124248496830e+03 5.590733339437674587e+00
1.821531312625250393e+03 5.596136190720393699e+00
1.826610501002003957e+03 5.601535882306929892e+00
1.831689689378757521e+03 5.606932552787318613e+00
1.836768877755511085e+03 5.612326338209889798e+00
1.841848066132264648e+03 5.617717372106500129e+00
1.846927254509017985e+03 5.623105785517769739e+00
1.852006442885771548e+03 5.628491707018308254e+00
1.857085631262525112e+03 5.633875262741955936e+00
1.862164819639278448e+03 5.639256576407010613e+00
1.867244008016032012e+03 5.644635769341468823e+00
1.872323196392785576e+03 5.650012960508238535e+00
1.877402384769539140e+03 5.655388266530396280e+00
1.882481573146292476e+03 5.660761801716406083e+00
1.887560761523046040e+03 5.666133678085349956e+00
1.892639949899799603e+03 5.671504005392169034e+00
1.897719138276553167e+03 5.676872891152889622e+00
1.902798326653306731e+03 5.682240440669866111e+00
1.907877515030060067e+03 5.687606757056991924e+00
1.912956703406813631e+03 5.692971941264964642e+00
1.918035891783566967e+03 5.698336092106480066e+00
1.923115080160320531e+03 5.703699306281498238e+00
1.928194268537074095e+03 5.709061678402465034e+00
1.933273456913827658e+03 5.714423301019530221e+00
1.938352645290581222e+03 5.719784264645804583e+00
1.943431833667334786e+03 5.725144657782571755e+00
1.948511022044088350e+03 5.730504566944538247e+00
1.953590210420841686e+03 5.735864076685047053e+00
1.958669398797595022e+03 5.741223269621327674e+00
1.963748587174348586e+03 5.746582226459725717e+00
1.968827775551102150e+03 5.751941026020920944e+00
1.973906963927855713e+03 5.757299745265178181e+00
1.978986152304609277e+03 5.762658459317570703e+00
1.984065340681362841e+03 5.768017241493209823e+00
1.989144529058116404e+03 5.773376163322490484e+00
1.994223717434869741e+03 5.778735294576314629e+00
1.999302905811623305e+03 5.784094703291314588e+00
2.004382094188376641e+03 5.789454455795109311e+00
2.009461282565130205e+03 5.794814616731512658e+00
2.014540470941883768e+03 5.800175249085787854e+00
2.019619659318637332e+03 5.805536414209859331e+00
2.024698847695390896e+03 5.810898171847558302e+00
2.029778036072144232e+03 5.816260580159859472e+00
2.034857224448897796e+03 5.821623695750101746e+00
2.039936412825651360e+03 5.826987573689221378e+00
2.045015601202404923e+03 5.832352267540988677e+00
2.050094789579158260e+03 5.837717829387251811e+00
2.055173977955912051e+03 5.843084309853153968e+00
2.060253166332665387e+03 5.848451758132365619e+00
2.065332354709418723e+03 5.853820222012327434e+00
2.070411543086172060e+03 5.859189747899476330e+00
2.075490731462925851e+03 5.864560380844475063e+00
2.080569919839679642e+03 5.869932164567458699e+00
2.085649108216432978e+03 5.875305141483247340e+00
2.090728296593186315e+03 5.880679352726599696e+00
2.095807484969939651e+03 5.886054838177431137e+00
2.100886673346692987e+03 5.891431636486046841e+00
2.105965861723446778e+03 5.896809785098382051e+00
2.111045050100200569e+03 5.902189320281230778e+00
2.116124238476953906e+03 5.907570277147474513e+00
2.121203426853707242e+03 5.912952689681324259e+00
2.126282615230461033e+03 5.918336590763552785e+00
2.131361803607214824e+03 5.923722012196700248e+00
2.136440991983968161e+03 5.929108984730358856e+00
2.141520180360721497e+03 5.934497538086345614e+00
2.146599368737474833e+03 5.939887700983989660e+00
2.151678557114228170e+03 5.945279501165331659e+00
2.156757745490981961e+03 5.950672965420349847e+00
2.161836933867735752e+03 5.956068119612235812e+00
2.166916122244489088e+03 5.961464988702577017e+00
2.171995310621242425e+03 5.966863596776615708e+00
2.177074498997995761e+03 5.972263967068490942e+00
2.182153687374749552e+03 5.977666121986436210e+00
2.187232875751502888e+03 5.983070083138051665e+00
2.192312064128256679e+03 5.988475871355505298e+00
2.197391252505010016e+03 5.993883506720786514e+00
2.202470440881763352e+03 5.999293008590928622e+00
2.207549629258516688e+03 6.004704395623244650e+00
2.212628817635270480e+03 6.010117685800564047e+00
2.217708006012024271e+03 6.015532896456449841e+00
2.222787194388777607e+03 6.020950044300450443e+00
2.227866382765530943e+03 6.026369145443320363e+00
2.232945571142284280e+03 6.031790215422253354e+00
2.238024759519038071e+03 6.037213269226134216e+00
2.243103947895791407e+03 6.042638321320731087e+00
2.248183136272545198e+03 6.048065385673966787e+00
2.253262324649298534e+03 6.053494475781135975e+00
2.258341513026051871e+03 6.058925604690140965e+00
2.263420701402805662e+03 6.064358785026710663e+00
2.268499889779559453e+03 6.069794029019659476e+00
2.273579078156312789e+03 6.075231348526087594e+00
2.278658266533066126e+03 6.080670755056655885e+00
2.283737454909819462e+03 6.086112259800772861e+00
2.288816643286572798e+03 6.091555873651850916e+00
2.293895831663326589e+03 6.097001607232549247e+00
2.298975020040080381e+03 6.102449470919981245e+00
2.304054208416833717e+03 6.107899474870963630e+00
2.309133396793587053e+03 6.113351629047246050e+00
2.314212585170340844e+03 6.118805943240738898e+00
2.319291773547094181e+03 6.124262427098757122e+00
2.324370961923847972e+03 6.129721090149232055e+00
2.329450150300601308e+03 6.135181941825973873e+00
2.334529338677354644e+03 6.140644991493875438e+00
2.339608527054107981e+03 6.146110248474164983e+00
2.344687715430861772e+03 6.151577722069629495e+00
2.349766903807615563e+03 6.157047421589842529e+00
2.354846092184368899e+03 6.162519356376412460e+00
2.359925280561122236e+03 6.167993535828200535e+00
2.365004468937875572e+03 6.173469969426557569e+00
2.370083657314629363e+03 6.178948666760572195e+00
2.375162845691382699e+03 6.184429637552261383e+00
2.380242034068136491e+03 6.189912891681857765e+00
2.385321222444889827e+03 6.195398439213001041e+00
2.390400410821643163e+03 6.200886290417992441e+00
2.395479599198396500e+03 6.206376455803011893e+00
2.400558787575150291e+03 6.211868946133373370e+00
2.405637975951904082e+03 6.217363772458719851e+00
2.410717164328657418e+03 6.222860946138302651e+00
2.415796352705410754e+03 6.228360478866177274e+00
2.420875541082164091e+03 6.233862382696447213e+00
2.425954729458917427e+03 6.239366670068508647e+00
2.431033917835671218e+03 6.244873353832272045e+00
2.436113106212425009e+03 6.250382447273384656e+00
2.441192294589178346e+03 6.255893964138484087e+00
2.446271482965931682e+03 6.261407918660416350e+00
2.451350671342685473e+03 6.266924325583479671e+00
2.456429859719439264e+03 6.272443200188640766e+00
2.461509048096192600e+03 6.277964558318785748e+00
2.466588236472945937e+03 6.283488416403950616e+00
2.471667424849699273e+03 6.289014791486529532e+00
2.476746613226452610e+03 6.294543701246534617e+00
2.481825801603206401e+03 6.300075164026827323e+00
2.486904989979960192e+03 6.305609198858327602e+00
2.491984178356713528e+03 6.311145825485281691e+00
2.497063366733466864e+03 6.316685064390460624e+00
2.502142555110220201e+03 6.322226936820417365e+00
2.507221743486973992e+03 6.327771464810696855e+00
2.512300931863727328e+03 6.333318671211097595e+00
2.517380120240481119e+03 6.338868579710871032e+00
2.522459308617234456e+03 6.344421214863990244e+00
2.527538496993987792e+03 6.349976602114352886e+00
2.532617685370741128e+03 6.355534767821023223e+00
2.537696873747494919e+03 6.361095739283468831e+00
2.542776062124248710e+03 6.366659544766793744e+00
2.547855250501002047e+03 6.372226213526966276e+00
2.552934438877755383e+03 6.377795775836050396e+00
2.558013627254508719e+03 6.383368263007449528e+00
2.563092815631262511e+03 6.388943707421121943e+00
2.568172004008015847e+03 6.394522142548821009e+00
2.573251192384769638e+03 6.400103602979342554e+00
2.578330380761522974e+03 6.405688124443729592e+00
2.583409569138276311e+03 6.411275743840535668e+00
2.588488757515030102e+03 6.416866499261026036e+00
2.593567945891783893e+03 6.422460430014433896e+00
2.598647134268537229e+03 6.428057576653181115e+00
2.603726322645290566e+03 6.433657980998113146e+00
2.608805511022043902e+03 6.439261686163744614e+00
2.613884699398797238e+03 6.444868736583475588e+00
2.618963887775551029e+03 6.450479178034814076e+00
2.624043076152304820e+03 6.456093057664645585e+00
2.629122264529058157e+03 6.461710424014436960e+00
2.634201452905811493e+03 6.467331327045465095e+00
2.639280641282565284e+03 6.472955818164068731e+00
2.644359829659318621e+03 6.478583950246887824e+00
2.649439018036072412e+03 6.484215777666054059e+00
2.654518206412825748e+03 6.489851356314464859e+00
2.659597394789579084e+03 6.495490743631000541e+00
2.664676583166332421e+03 6.501133998625755694e+00
2.669755771543086212e+03 6.506781181905287426e+00
2.674834959919840003e+03 6.512432355697816533e+00
2.679914148296593339e+03 6.518087583878491742e+00
2.684993336673346676e+03 6.523746931994596210e+00
2.690072525050100012e+03 6.529410467290803766e+00
2.695151713426853803e+03 6.535078258734401402e+00
2.700230901803607139e+03 6.540750377040517094e+00
2.705310090180360930e+03 6.546426894697357390e+00
2.710389278557114267e+03 6.552107885991439673e+00
2.715468466933867603e+03 6.557793427032825306e+00
2.720547655310620939e+03 6.563483595780351010e+00
2.725626843687374731e+03 6.569178472066862895e+00
2.730706032064128522e+03 6.574878137624448726e+00
2.735785220440881858e+03 6.580582676109663964e+00
2.740864408817635194e+03 6.586292173128784455e+00
2.745943597194388531e+03 6.592006716263014710e+00
2.751022785571141867e+03 6.597726395093726381e+00
2.756101973947895658e+03 6.603451301227708292e+00
2.761181162324649449e+03 6.609181528322377375e+00
2.766260350701402785e+03 6.614917172111020705e+00
2.771339539078156122e+03 6.620658330428037530e+00
2.776418727454909458e+03 6.626405103234151994e+00
2.781497915831663249e+03 6.632157592641647170e+00
2.786577104208417040e+03 6.637915902939630186e+00
2.791656292585170377e+03 6.643680140619229846e+00
2.796735480961923713e+03 6.649450414398829778e+00
2.801814669338677049e+03 6.655226835249326456e+00
2.806893857715430840e+03 6.661009516419346355e+00
2.811973046092184177e+03 6.666798573460471999e+00
2.817052234468937968e+03 6.672594124252483994e+00
2.822131422845691304e+03 6.678396289028587063e+00
2.827210611222444641e+03 6.684205190400660967e+00
2.832289799599198432e+03 6.690020953384474112e+00
2.837368987975952223e+03 6.695843705424916692e+00
2.842448176352705559e+03 6.701673576421240064e+00
2.847527364729458895e+03 6.707510698752289002e+00
2.852606553106212232e+03 6.713355207301725969e+00
2.857685741482965568e+03 6.719207239483287353e+00
2.862764929859719359e+03 6.725066935265985535e+00
2.867844118236473150e+03 6.730934437199357134e+00
2.872923306613226487e+03 6.736809890438696158e+00
2.878002494989979823e+03 6.742693442770293366e+00
2.883081683366733614e+03 6.748585244636633007e+00
2.888160871743486950e+03 6.754485449161691690e+00
2.893240060120240742e+03 6.760394212176090711e+00
2.898319248496994078e+03 6.766311692242402920e+00
2.903398436873747414e+03 6.772238050680336130e+00
2.908477625250500751e+03 6.778173451591984033e+00
2.913556813627254542e+03 6.784118061887053130e+00
2.918636002004008333e+03 6.790072051308106538e+00
2.923715190380761669e+03 6.796035592455790919e+00
2.928794378757515005e+03 6.802008860814057201e+00
2.933873567134268342e+03 6.807992034775399048e+00
2.938952755511022133e+03 6.813985295666115327e+00
2.944031943887775469e+03 6.819988827771485518e+00
2.949111132264529260e+03 6.826002818361065039e+00
2.954190320641282597e+03 6.832027457713850893e+00
2.959269509018035933e+03 6.838062939143588537e+00
2.964348697394789269e+03 6.844109459023940190e+00
2.969427885771543060e+03 6.850167216813742854e+00
2.974507074148296851e+03 6.856236415082266333e+00
2.979586262525050188e+03 6.862317259534384206e+00
2.984665450901803524e+03 6.868409959035880696e+00
2.989744639278556861e+03 6.874514725638617207e+00
2.994823827655310197e+03 6.880631774605822315e+00
2.999903016032063988e+03 6.886761324437259191e+00
3.004982204408817779e+03 6.892903596894519147e+00
3.010061392785571115e+03 6.899058817026237023e+00
3.015140581162324452e+03 6.905227213193297686e+00
3.020219769539078243e+03 6.911409017094095830e+00
3.025298957915832034e+03 6.917604463789761127e+00
3.030378146292585370e+03 6.923813791729389600e+00
3.035457334669338707e+03 6.930037242775279438e+00
3.040536523046092043e+03 6.936275062228155264e+00
3.045615711422845379e+03 6.942527498852417267e+00
3.050694899799599170e+03 6.948794804901345046e+00
3.055774088176352961e+03 6.955077236142374275e+00
3.060853276553106298e+03 6.961375051882283671e+00
3.065932464929859634e+03 6.967688514992449456e+00
3.071011653306612970e+03 6.974017891934076729e+00
3.076090841683366762e+03 6.980363452783443279e+00
3.081170030060120098e+03 6.986725471257120290e+00
3.086249218436873889e+03 6.993104224737175301e+00
3.091328406813627225e+03 6.999499994296477290e+00
3.096407595190380562e+03 7.005913064723845451e+00
3.101486783567133898e+03 7.012343724549352508e+00
3.106565971943887689e+03 7.018792266069521446e+00
3.111645160320641480e+03 7.025258985372570208e+00
3.116724348697394817e+03 7.031744182363619089e+00
3.121803537074148153e+03 7.038248160789952301e+00
3.126882725450901489e+03 7.044771228266247576e+00
3.131961913827655280e+03 7.051313696299801315e+00
3.137041102204408617e+03 7.057875880315757300e+00
3.142120290581162408e+03 7.064458099682349612e+00
3.147199478957915744e+03 7.071060677736119793e+00
3.152278667334669080e+03 7.077683941807185519e+00
3.157357855711422872e+03 7.084328223244412470e+00
3.162437044088176663e+03 7.090993857440707870e+00
3.167516232464929999e+03 7.097681183858220777e+00
3.172595420841683335e+03 7.104390546053574340e+00
3.177674609218436672e+03 7.111122291703111387e+00
3.182753797595190008e+03 7.117876772628129345e+00
3.187832985971943799e+03 7.124654344820095631e+00
3.192912174348697590e+03 7.131455368465882572e+00
3.197991362725450927e+03 7.138280207973016545e+00
3.203070551102204263e+03 7.145129231994898689e+00
3.208149739478958054e+03 7.152002813456045160e+00
3.213228927855711390e+03 7.158901329577302519e+00
3.218308116232465181e+03 7.165825161901103968e+00
3.223387304609218518e+03 7.172774696316681187e+00
3.228466492985971854e+03 7.179750323085302810e+00
3.233545681362725190e+03 7.186752436865534222e+00
3.238624869739478982e+03 7.193781436738424517e+00
3.243704058116232773e+03 7.200837726232755642e+00
3.248783246492986109e+03 7.172928311961818792e+00
3.298168255304579361e+03 7.228632415659538069e+00
3.347553264116172159e+03 7.284336519357256456e+00
3.396938272927764956e+03 7.340040623054974844e+00
3.446323281739358208e+03 7.395744726752694120e+00
3.495708290550951460e+03 7.451448830450413396e+00
3.545093299362544258e+03 7.507152934148130896e+00
3.594478308174137055e+03 7.562857037845849284e+00
3.643863316985730307e+03 7.618561141543568560e+00
3.693248325797323560e+03 7.674265245241287836e+00
3.742633334608916357e+03 7.729969348939006224e+00
3.792018343420509154e+03 7.785673452636724612e+00
3.841403352232102407e+03 7.841377556334443000e+00
3.890788361043695659e+03 7.897081660032162276e+00
3.940173369855288456e+03 7.952785763729880664e+00
3.989558378666881254e+03 8.008489867427599052e+00
4.038943387478474506e+03 8.064193971125318328e+00
4.088328396290067758e+03 8.119898074823037604e+00
4.137713405101660101e+03 8.175602178520755103e+00
4.187098413913253353e+03 8.231306282218472603e+00
4.236483422724846605e+03 8.287010385916193655e+00
4.285868431536439857e+03 8.342714489613911155e+00
4.335253440348033109e+03 8.398418593311630431e+00
4.384638449159625452e+03 8.454122697009349707e+00
4.434023457971218704e+03 8.509826800707067207e+00
4.483408466782811956e+03 8.565530904404786483e+00
4.532793475594404299e+03 8.621235008102503983e+00
4.582178484405997551e+03 8.676939111800223259e+00
4.631563493217590803e+03 8.732643215497940758e+00
4.680948502029184056e+03 8.788347319195661811e+00
4.730333510840777308e+03 8.844051422893379311e+00
4.779718519652369650e+03 8.899755526591096810e+00
4.829103528463962903e+03 8.955459630288817863e+00
4.878488537275556155e+03 9.011163733986535362e+00
4.927873546087148497e+03 9.066867837684252862e+00
4.977258554898741750e+03 9.122571941381972138e+00
5.026643563710335002e+03 9.178276045079691414e+00
5.076028572521928254e+03 9.233980148777410690e+00
5.125413581333521506e+03 9.289684252475129966e+00
5.174798590145113849e+03 9.345388356172847466e+00
5.224183598956707101e+03 9.401092459870564966e+00
5.273568607768300353e+03 9.456796563568286018e+00
5.322953616579892696e+03 9.512500667266003518e+00
5.372338625391485948e+03 9.568204770963721018e+00
5.421723634203079200e+03 9.623908874661442070e+00
5.471108643014672452e+03 9.679612978359159570e+00
5.520493651826265705e+03 9.735317082056878846e+00
5.569878660637858047e+03 9.791021185754596345e+00
5.619263669449451299e+03 9.846725289452315621e+00
5.668648678261044552e+03 9.902429393150033121e+00
5.718033687072636894e+03 9.958133496847752397e+00
5.767418695884230146e+03 1.001383760054547167e+01
5.816803704695823399e+03 1.006954170424318917e+01
5.866188713507416651e+03 1.012524580794091023e+01
5.915573722319009903e+03 1.018094991163862773e+01
5.964958731130602246e+03 1.023665401533634522e+01
6.014343739942195498e+03 1.029235811903406450e+01
6.063728748753788750e+03 1.034806222273178378e+01
6.113113757565381093e+03 1.040376632642950128e+01
6.162498766376974345e+03 1.045947043012722055e+01
6.211883775188567597e+03 1.051517453382493983e+01
6.261268784000160849e+03 1.057087863752265733e+01
6.310653792811754101e+03 1.062658274122037838e+01
6.360038801623346444e+03 1.068228684491809588e+01
6.409423810434939696e+03 1.073799094861581338e+01
6.458808819246532948e+03 1.079369505231353266e+01
6.508193828058125291e+03 1.084939915601125193e+01
6.557578836869718543e+03 1.090510325970896943e+01
6.606963845681311795e+03 1.096080736340668871e+01
6.656348854492905048e+03 1.101651146710440798e+01
6.705733863304498300e+03 1.107221557080212548e+01
6.755118872116090643e+03 1.112791967449984476e+01
6.804503880927683895e+03 1.118362377819756404e+01
6.853888889739277147e+03 1.123932788189528154e+01
6.903273898550869490e+03 1.129503198559299904e+01
6.952658907362462742e+03 1.135073608929072009e+01
7.002043916174055994e+03 1.140644019298843759e+01
7.051428924985649246e+03 1.146214429668615686e+01
7.100813933797242498e+03 1.151784840038387614e+01
7.150198942608834841e+03 1.157355250408159364e+01
7.199583951420428093e+03 1.162925660777931114e+01
7.248968960232021345e+03 1.168496071147703219e+01
7.298353969043613688e+03 1.174066481517474969e+01
7.347738977855206940e+03 1.179636891887246719e+01
7.397123986666800192e+03 1.185207302257018824e+01
7.446508995478393445e+03 1.190777712626790574e+01
7.495894004289985787e+03 1.196348122996562324e+01
7.545279013101579039e+03 1.201918533366334430e+01
7.594664021913172292e+03 1.207488943736106179e+01
7.644049030724765544e+03 1.213059354105878285e+01
7.693434039536358796e+03 1.218629764475650035e+01
7.742819048347951139e+03 1.224200174845421785e+01
7.792204057159544391e+03 1.229770585215193535e+01
7.841589065971137643e+03 1.235340995584965640e+01
7.890974074782729986e+03 1.240911405954737390e+01
7.940359083594323238e+03 1.246481816324509140e+01
7.989744092405916490e+03 1.252052226694281245e+01
8.039129101217509742e+03 1.257622637064052995e+01
8.088514110029102994e+03 1.263193047433825100e+01
8.137899118840695337e+03 1.268763457803596850e+01
8.187284127652288589e+03 1.274333868173368600e+01
8.236669136463882751e+03 1.279904278543140705e+01
8.286054145275473275e+03 1.285474688912912100e+01
8.335439154087067436e+03 1.291045099282684205e+01
8.384824162898661598e+03 1.296615509652456311e+01
8.434209171710253941e+03 1.302185920022228061e+01
8.483594180521846283e+03 1.307756330391999811e+01
8.532979189333440445e+03 1.313326740761771916e+01
8.582364198145032788e+03 1.318897151131543666e+01
8.631749206956625130e+03 1.324467561501315416e+01
8.681134215768219292e+03 1.330037971871087521e+01
8.730519224579811635e+03 1.335608382240859271e+01
8.779904233391403977e+03 1.341178792610631021e+01
8.829289242202998139e+03 1.346749202980402771e+01
8.878674251014592301e+03 1.352319613350174876e+01
8.928059259826182824e+03 1.357890023719946626e+01
8.977444268637776986e+03 1.363460434089718376e+01
9.026829277449371148e+03 1.369030844459490481e+01
9.076214286260961671e+03 1.374601254829262231e+01
9.125599295072555833e+03 1.380171665199033981e+01
9.174984303884149995e+03 1.385742075568806086e+01
9.224369312695742337e+03 1.391312485938577836e+01
9.273754321507334680e+03 1.396882896308349586e+01
9.323139330318928842e+03 1.402453306678121692e+01
9.372524339130521184e+03 1.408023717047893442e+01
9.421909347942113527e+03 1.413594127417665192e+01
9.471294356753707689e+03 1.419164537787437297e+01
9.520679365565300031e+03 1.424734948157209047e+01
9.570064374376892374e+03 1.430305358526980797e+01
9.619449383188486536e+03 1.435875768896752902e+01
9.668834392000080697e+03 1.441446179266524652e+01
9.718219400811671221e+03 1.447016589636296402e+01
9.767604409623265383e+03 1.452587000006068507e+01
9.816989418434859545e+03 1.458157410375840257e+01
9.866374427246450068e+03 1.463727820745612007e+01
9.915759436058044230e+03 1.469298231115384112e+01
9.965144444869638392e+03 1.474868641485155862e+01
1.001452945368123073e+04 1.480439051854927612e+01
1.006391446249282308e+04 1.486009462224699362e+01
1.011329947130441724e+04 1.491579872594471468e+01
1.016268448011600958e+04 1.497150282964243218e+01
1.021206948892760192e+04 1.502720693334014967e+01
1.026145449773919609e+04 1.508291103703787073e+01
1.031083950655078843e+04 1.513861514073558823e+01
1.036022451536238077e+04 1.519431924443330573e+01
1.040960952417397493e+04 1.525002334813102678e+01
1.045899453298556909e+04 1.530572745182874783e+01
1.050837954179715962e+04 1.536143155552646178e+01
1.055776455060875378e+04 1.541713565922418283e+01
1.060714955942034794e+04 1.547283976292190388e+01
1.065653456823193847e+04 1.552854386661961783e+01
1.070591957704353263e+04 1.558424797031733888e+01
1.075530458585512679e+04 1.563995207401505994e+01
1.080468959466671913e+04 1.569565617771277743e+01
1.085407460347831147e+04 1.575136028141049493e+01
1.090345961228990564e+04 1.580706438510821243e+01
1.095284462110149798e+04 1.586276848880593349e+01
1.100222962991309032e+04 1.591847259250365099e+01
1.105161463872468448e+04 1.597417669620136849e+01
1.110099964753627683e+04 1.602988079989908599e+01
1.115038465634786917e+04 1.608558490359680704e+01
1.119976966515946333e+04 1.614128900729452454e+01
1.124915467397105749e+04 1.619699311099224559e+01
1.129853968278264801e+04 1.625269721468995954e+01
1.134792469159424218e+04 1.630840131838768059e+01
1.139730970040583634e+04 1.636410542208540164e+01
1.144669470921742686e+04 1.641980952578311559e+01
1.149607971802902102e+04 1.647551362948083664e+01
1.154546472684061519e+04 1.653121773317855769e+01
1.159484973565220571e+04 1.658692183687627164e+01
1.164423474446379987e+04 1.664262594057399269e+01
1.169361975327539403e+04 1.669833004427171375e+01
1.174300476208698456e+04 1.675403414796942769e+01
1.179238977089857872e+04 1.680973825166714875e+01
1.184177477971017288e+04 1.686544235536486980e+01
1.189115978852176704e+04 1.692114645906258730e+01
1.194054479733335756e+04 1.697685056276030480e+01
1.198992980614495173e+04 1.703255466645802585e+01
1.203931481495654589e+04 1.708825877015574335e+01
1.208869982376813641e+04 1.714396287385346085e+01
1.213808483257973057e+04 1.719966697755117835e+01
1.218746984139132474e+04 1.725537108124889940e+01
1.223685485020291526e+04 1.731107518494661690e+01
1.228623985901450942e+04 1.736677928864433440e+01
1.233562486782610358e+04 1.742248339234205545e+01
1.238500987663769411e+04 1.747818749603977295e+01
1.243439488544928827e+04 1.753389159973749045e+01
1.248377989426088243e+04 1.758959570343521150e+01
1.253316490307247295e+04 1.764529980713292900e+01
1.258254991188406711e+04 1.770100391083064650e+01
1.263193492069566128e+04 1.775670801452836756e+01
1.268131992950725544e+04 1.781241211822608861e+01
1.273070493831884596e+04 1.786811622192380256e+01
1.278008994713044012e+04 1.792382032562152361e+01
1.282947495594203428e+04 1.797952442931924111e+01
1.287885996475362481e+04 1.803522853301695861e+01
1.292824497356521897e+04 1.809093263671467966e+01
1.297762998237681313e+04 1.814663674041239716e+01
1.302701499118840366e+04 1.820234084411011466e+01
1.307639999999999964e+04 1.825804494780783571e+01
