6.623799999999999955e+02 7.271995990070899474e+00
6.675952705410821864e+02 7.289933066525531302e+00
6.728105410821642636e+02 7.307647775391739486e+00
6.780258116232464545e+02 7.325142905817010330e+00
6.832410821643286454e+02 7.342421224565535809e+00
6.884563527054108363e+02 7.359485476103792223e+00
6.936716232464930272e+02 7.376338382686109085e+00
6.988868937875752181e+02 7.392982644440257545e+00
7.041021643286572953e+02 7.409420939453015720e+00
7.093174348697393725e+02 7.425655923855758900e+00
7.145327054108215634e+02 7.441690231910030207e+00
7.197479759519037543e+02 7.457526476093113033e+00
7.249632464929859452e+02 7.473167247183622131e+00
7.301785170340681361e+02 7.488615114347064505e+00
7.353937875751503270e+02 7.503872625221433168e+00
7.406090581162325179e+02 7.518942306002770692e+00
7.458243286573145951e+02 7.533826661530757640e+00
7.510395991983967861e+02 7.548528175374281446e+00
7.562548697394789770e+02 7.563049309917018626e+00
7.614701402805610542e+02 7.577392506443013431e+00
7.666854108216432451e+02 7.591560185222249402e+00
7.719006813627254360e+02 7.605554745596233346e+00
7.771159519038076269e+02 7.619378566063566893e+00
7.823312224448898178e+02 7.633034004365529590e+00
7.875464929859720087e+02 7.646523397571652225e+00
7.927617635270541996e+02 7.659849062165295486e+00
7.979770340681362768e+02 7.673013294129230388e+00
8.031923046092183540e+02 7.686018369031207165e+00
8.084075751503005449e+02 7.698866542109543687e+00
8.136228456913827358e+02 7.711560048358697017e+00
8.188381162324649267e+02 7.724101102614840286e+00
8.240533867735471176e+02 7.736491899641439574e+00
8.292686573146293085e+02 7.748734614214836114e+00
8.344839278557114994e+02 7.760831401209822289e+00
8.396991983967935766e+02 7.772784395685210512e+00
8.449144689378757676e+02 7.784595712969426096e+00
8.501297394789578448e+02 7.796267448746071693e+00
8.553450100200400357e+02 7.807801679139510398e+00
8.605602805611222266e+02 7.819200460800439956e+00
8.657755511022044175e+02 7.830465830991475862e+00
8.709908216432866084e+02 7.841599807672725575e+00
8.762060921843686856e+02 7.852604389587362732e+00
8.814213627254508765e+02 7.863481556347206691e+00
8.866366332665330674e+02 7.874233268518309181e+00
8.918519038076151446e+02 7.884861467706511640e+00
8.970671743486973355e+02 7.895368076643042521e+00
9.022824448897795264e+02 7.905754999270084404e+00
9.074977154308617173e+02 7.916024120826355315e+00
9.127129859719439082e+02 7.926177307932680272e+00
9.179282565130260991e+02 7.936216408677577938e+00
9.231435270541081763e+02 7.946143252702830395e+00
9.283587975951903672e+02 7.955959651289064460e+00
9.335740681362725581e+02 7.965667397441326791e+00
9.387893386773547491e+02 7.975268265974663429e+00
9.440046092184368263e+02 7.984764013599696675e+00
9.492198797595190172e+02 7.994156379008202862e+00
9.544351503006012081e+02 8.003447082958684788e+00
9.596504208416833990e+02 8.012637828361960146e+00
9.648656913827655899e+02 8.021730300366730404e+00
9.700809619238477808e+02 8.030726166445154135e+00
9.752962324649297443e+02 8.039627076478438994e+00
9.805115030060119352e+02 8.048434662842403498e+00
9.857267735470942398e+02 8.057150540493070778e+00
9.909420440881763170e+02 8.065776307052225036e+00
9.961573146292585079e+02 8.074313542893012396e+00
1.001372585170340585e+03 8.082763811225500916e+00
1.006587855711422890e+03 8.091128658182258349e+00
1.011803126252504967e+03 8.099409612903949451e+00
1.017018396793587272e+03 8.107608187624887108e+00
1.022233667334669235e+03 8.115725877758627860e+00
1.027448937875751426e+03 8.123764161983539012e+00
1.032664208416833617e+03 8.131724502328385284e+00
1.037879478957915808e+03 8.139608344257894146e+00
1.043094749498997999e+03 8.147417116758351341e+00
1.048310020040080190e+03 8.155152232423155567e+00
1.053525290581162153e+03 8.162815087538414005e+00
1.058740561122244344e+03 8.170407062168518308e+00
1.063955831663326535e+03 8.177929520241704608e+00
1.069171102204408726e+03 8.185383809635656149e+00
1.074386372745490917e+03 8.192771262263061516e+00
1.079601643286573108e+03 8.200093194157197729e+00
1.084816913827655299e+03 8.207350905557513343e+00
1.090032184368737489e+03 8.214545680995200883e+00
1.095247454909819680e+03 8.221678789378767505e+00
1.100462725450901871e+03 8.228751484079632306e+00
1.105677995991984062e+03 8.235765003017679220e+00
1.110893266533066253e+03 8.242720568746854326e+00
1.116108537074148444e+03 8.249619388540729403e+00
1.121323807615230635e+03 8.256462654478086804e+00
1.126539078156312598e+03 8.263251543528498999e+00
1.131754348697394789e+03 8.269987217637897459e+00
1.136969619238476980e+03 8.276670823814161082e+00
1.142184889779558944e+03 8.283303494212681528e+00
1.147400160320641362e+03 8.289886346221948088e+00
1.152615430861723326e+03 8.296420482549125452e+00
1.157830701402805516e+03 8.302906991305631479e+00
1.163045971943887707e+03 8.309346946092706077e+00
1.168261242484969898e+03 8.315741406086999632e+00
1.173476513026052089e+03 8.322091416126147223e+00
1.178691783567134280e+03 8.328398006794341057e+00
1.183907054108216471e+03 8.334662194507913568e+00
1.189122324649298662e+03 8.340884981600915182e+00
1.194337595190380853e+03 8.347067356410686756e+00
1.199552865731463044e+03 8.353210293363442673e+00
1.204768136272545007e+03 8.359314753059836178e+00
1.209983406813627198e+03 8.365381682360558457e+00
1.215198677354709389e+03 8.371412014471900420e+00
1.220413947895791580e+03 8.377406669031323361e+00
1.225629218436873771e+03 8.383366552193066923e+00
1.230844488977955734e+03 8.389292556713684235e+00
1.236059759519037925e+03 8.395185562037653426e+00
1.241275030060120116e+03 8.401046434382939410e+00
1.246490300601202307e+03 8.406876026826576975e+00
1.251705571142284498e+03 8.412675179390245006e+00
1.256920841683366689e+03 8.418444719125844244e+00
1.262136112224448880e+03 8.424185460201076836e+00
1.267351382765531071e+03 8.429898203985018768e+00
1.272566653306613262e+03 8.435583739133704739e+00
1.277781923847695452e+03 8.441242841675698827e+00
1.282997194388777643e+03 8.446876275097679354e+00
1.288212464929859834e+03 8.452484790430013106e+00
1.293427735470941798e+03 8.458069126332318888e+00
1.298643006012023989e+03 8.463630009179073710e+00
1.303858276553106180e+03 8.469168153145162137e+00
1.309073547094188370e+03 8.474684260291471816e+00
1.314288817635270334e+03 8.480179020650464139e+00
1.319504088176352752e+03 8.485653112311750235e+00
1.324719358717434716e+03 8.491107201507674063e+00
1.329934629258517134e+03 8.496541942698884853e+00
1.335149899799599098e+03 8.501957978659913095e+00
1.340365170340681289e+03 8.507355940564753638e+00
1.345580440881763479e+03 8.512736448072439899e+00
1.350795711422845670e+03 8.518100109412625187e+00
1.356010981963927861e+03 8.523447521471151589e+00
1.361226252505010052e+03 8.528779269875631286e+00
1.366441523046092243e+03 8.534095929081040310e+00
1.371656793587174434e+03 8.539398062455257232e+00
1.376872064128256397e+03 8.544686222364681782e+00
1.382087334669338816e+03 8.549960950259791304e+00
1.387302605210420779e+03 8.555222776760718517e+00
1.392517875751502970e+03 8.560472221742834620e+00
1.397733146292585161e+03 8.565709794422321721e+00
1.402948416833667125e+03 8.570935993441757716e+00
1.408163687374749543e+03 8.576151306955686948e+00
1.413378957915831506e+03 8.581356212716196197e+00
1.418594228456913697e+03 8.586551178158501330e+00
1.423809498997995888e+03 8.591736660486510857e+00
1.429024769539078079e+03 8.596913106758425016e+00
1.434240040080160270e+03 8.602080953972286892e+00
1.439455310621242461e+03 8.607240629151576172e+00
1.444670581162324652e+03 8.612392549430778033e+00
1.449885851703406843e+03 8.617537122140983996e+00
1.455101122244488806e+03 8.622674744895430621e+00
1.460316392785571225e+03 8.627805805675112794e+00
1.465531663326653188e+03 8.632930682914327747e+00
1.470746933867735606e+03 8.638049745586288353e+00
1.475962204408817570e+03 8.643163353288674244e+00
1.481177474949899761e+03 8.648271856329216689e+00
1.486392745490981952e+03 8.653375595811279908e+00
1.491608016032064143e+03 8.658474903719437066e+00
1.496823286573146106e+03 8.663570103005039158e+00
1.502038557114228524e+03 8.668661507671810540e+00
1.507253827655310488e+03 8.673749422861407155e+00
1.512469098196392906e+03 8.678834144939001405e+00
1.517684368737474870e+03 8.683915961578865250e+00
1.522899639278557061e+03 8.688995151849946197e+00
1.528114909819639252e+03 8.694071986301434407e+00
1.533330180360721442e+03 8.699146727048340466e+00
1.538545450901803633e+03 8.704219627857096242e+00
1.543760721442885824e+03 8.709290934231107784e+00
1.548975991983968015e+03 8.714360883496340193e+00
1.554191262525050206e+03 8.719429704886890065e+00
1.559406533066132170e+03 8.724497619630579237e+00
1.564621803607214588e+03 8.729564841034509470e+00
1.569837074148296551e+03 8.734631574570666857e+00
1.575052344689378742e+03 8.739698017961469390e+00
1.580267615230460933e+03 8.744764361265366048e+00
1.585482885771542897e+03 8.749830786962407458e+00
1.590698156312625315e+03 8.754897470039818330e+00
1.595913426853707278e+03 8.759964578077587660e+00
1.601128697394789469e+03 8.765032271334034064e+00
1.606343967935871660e+03 8.770100702831378214e+00
1.611559238476953851e+03 8.775170018441357911e+00
1.616774509018036042e+03 8.780240356970740123e+00
1.621989779559118233e+03 8.785311850246962706e+00
1.627205050100200424e+03 8.790384623203665981e+00
1.632420320641282615e+03 8.795458793966307809e+00
1.637635591182364578e+03 8.800534473937709379e+00
1.642850861723446997e+03 8.805611767883647190e+00
1.648066132264528960e+03 8.810690774018429039e+00
1.653281402805611378e+03 8.815771584090471791e+00
1.658496673346693342e+03 8.820854283467879142e+00
1.663711943887775533e+03 8.825938951224006956e+00
1.668927214428857724e+03 8.831025660223083662e+00
1.674142484969939915e+03 8.836114477205706308e+00
1.679357755511021878e+03 8.841205462874514254e+00
1.684573026052104296e+03 8.846298671979687001e+00
1.689788296593186260e+03 8.851394153404578802e+00
1.695003567134268678e+03 8.856491950251257350e+00
1.700218837675350642e+03 8.861592099926092203e+00
1.705434108216432833e+03 8.866694634225348537e+00
1.710649378757515024e+03 8.871799579420743598e+00
1.715864649298597215e+03 8.876906956345028021e+00
1.721079919839679405e+03 8.882016780477581364e+00
1.726295190380761596e+03 8.887129062029966775e+00
1.731510460921843560e+03 8.892243806031512321e+00
1.736725731462925978e+03 8.897361012414908288e+00
1.741941002004007942e+03 8.902480676101754753e+00
1.747156272545090360e+03 8.907602787088160667e+00
1.752371543086172323e+03 8.912727330530312742e+00
1.757586813627254287e+03 8.917854286830063870e+00
1.762802084168336705e+03 8.922983631720484254e+00
1.768017354709418669e+03 8.928115336351471143e+00
1.773232625250501087e+03 8.933249367375307060e+00
1.778447895791583051e+03 8.938385687032230464e+00
1.783663166332665241e+03 8.943524253236052601e+00
1.788878436873747432e+03 8.948665019659673092e+00
1.794093707414829623e+03 8.953807935820709218e+00
1.799308977955911814e+03 8.958952947167055925e+00
1.804524248496994005e+03 8.964099995162442269e+00
1.809739519038075969e+03 8.969249017372067811e+00
1.814954789579158387e+03 8.974399947548107548e+00
1.820170060120240350e+03 8.979552715715332312e+00
1.825385330661322769e+03 8.984707248256672329e+00
1.830600601202404732e+03 8.989863467998810975e+00
1.835815871743486923e+03 8.995021294297744774e+00
1.841031142284569114e+03 9.000180643124362945e+00
1.846246412825651305e+03 9.005341427150035827e+00
1.851461683366733496e+03 9.010503555832174882e+00
1.856676953907815687e+03 9.015666935499824675e+00
1.861892224448897650e+03 9.020831469439251293e+00
1.867107494989980069e+03 9.025997057979465055e+00
1.872322765531062032e+03 9.031163598577879981e+00
1.877538036072144450e+03 9.036330985905829394e+00
1.882753306613226414e+03 9.041499111934157895e+00
1.887968577154308605e+03 9.046667866018808013e+00
1.893183847695390796e+03 9.051837134986397970e+00
1.898399118236472987e+03 9.057006803219797675e+00
1.903614388777555178e+03 9.062176752743667407e+00
1.908829659318637368e+03 9.067346863310127958e+00
1.914044929859719332e+03 9.072517012484237142e+00
1.919260200400801523e+03 9.077687075729629740e+00
1.924475470941883714e+03 9.082856926494057959e+00
1.929690741482965905e+03 9.088026436295013610e+00
1.934906012024048096e+03 9.093195474805250811e+00
1.940121282565130059e+03 9.098363909938413485e+00
1.945336553106212477e+03 9.103531607934584713e+00
1.950551823647294441e+03 9.108698433445859166e+00
1.955767094188376859e+03 9.113864249621945746e+00
1.960982364729458823e+03 9.119028918195720479e+00
1.966197635270541014e+03 9.124192299568818498e+00
1.971412905811623204e+03 9.129354252897215360e+00
1.976628176352705395e+03 9.134514636176778168e+00
1.981843446893787586e+03 9.139673306328873537e+00
1.987058717434869777e+03 9.144830119285934700e+00
1.992273987975951741e+03 9.149984930077039280e+00
1.997489258517034159e+03 9.155137592913462186e+00
2.002704529058116123e+03 9.160287961274306667e+00
2.007919799599198541e+03 9.165435887992007480e+00
2.013135070140280504e+03 9.170581225338022335e+00
2.018350340681362695e+03 9.175723825108253351e+00
2.023565611222444886e+03 9.180863538708788241e+00
2.028780881763527077e+03 9.186000217241319987e+00
2.033996152304609268e+03 9.191133711588886257e+00
2.039211422845691459e+03 9.196263872501301506e+00
2.044426693386773422e+03 9.201390550680805802e+00
2.049641963927855613e+03 9.206513596867672788e+00
2.054857234468937804e+03 9.211632861925695082e+00
2.060072505010019995e+03 9.216748196927859738e+00
2.065287775551102186e+03 9.221859453241840754e+00
2.070503046092184377e+03 9.226966482615644338e+00
2.075718316633266568e+03 9.232069137263145819e+00
2.080933587174348759e+03 9.237167269949679849e+00
2.086148857715430950e+03 9.242260734077637707e+00
2.091364128256513141e+03 9.247349383771972242e+00
2.096579398797594877e+03 9.252433073965880439e+00
2.101794669338677522e+03 9.257511660486304805e+00
2.107009939879759258e+03 9.262585000139536007e+00
2.112225210420841904e+03 9.267652950796781752e+00
2.117440480961923640e+03 9.272715371479780089e+00
2.122655751503005831e+03 9.277772122446290126e+00
2.127871022044088022e+03 9.282823065275781715e+00
2.133086292585170213e+03 9.287868062954943937e+00
2.138301563126252404e+03 9.292906979963245107e+00
2.143516833667334595e+03 9.297939682358579816e+00
2.148732104208416786e+03 9.302966037862805848e+00
2.153947374749498977e+03 9.307985915947289968e+00
2.159162645290581168e+03 9.312999187918560295e+00
2.164377915831663358e+03 9.318005727003813021e+00
2.169593186372745549e+03 9.323005408436522146e+00
2.174808456913827285e+03 9.327998109542045668e+00
2.180023727454909931e+03 9.332983709823135854e+00
2.185238997995991667e+03 9.337962091045557855e+00
2.190454268537074313e+03 9.342933137323683468e+00
2.195669539078156049e+03 9.347896735206019159e+00
2.200884809619238695e+03 9.352852773760837124e+00
2.206100080160320431e+03 9.357801144661699766e+00
2.211315350701403077e+03 9.362741742273097856e+00
2.216530621242484813e+03 9.367674463735951917e+00
2.221745891783567458e+03 9.372599209053273484e+00
2.226961162324649194e+03 9.377515881175686019e+00
2.232176432865731840e+03 9.382424386087000912e+00
2.237391703406813576e+03 9.387324632889827214e+00
2.242606973947895767e+03 9.392216533891135199e+00
2.247822244488977958e+03 9.397100004687832353e+00
2.253037515030059694e+03 9.401974964252332256e+00
2.258252785571142340e+03 9.406841335018135908e+00
2.263468056112224076e+03 9.411699042965452122e+00
2.268683326653306722e+03 9.416548017706652729e+00
2.273898597194388458e+03 9.421388192572042186e+00
2.279113867735471104e+03 9.426219504695239948e+00
2.284329138276552840e+03 9.431041895098882577e+00
2.289544408817635485e+03 9.435855308780158879e+00
2.294759679358717221e+03 9.440659694796387669e+00
2.299974949899799867e+03 9.445455006350590210e+00
2.305190220440881603e+03 9.450241200877105285e+00
2.310405490981964249e+03 9.455018240127104789e+00
2.315620761523045985e+03 9.459786090254233670e+00
2.320836032064128176e+03 9.464544721900107760e+00
2.326051302605210367e+03 9.469294110280021215e+00
2.331266573146292558e+03 9.474034235268373294e+00
2.336481843687374749e+03 9.478765081484350929e+00
2.341697114228456940e+03 9.483486638377453204e+00
2.346912384769539131e+03 9.488198900313111750e+00
2.352127655310621321e+03 9.492901866658225885e+00
2.357342925851703512e+03 9.497595541866749258e+00
2.362558196392785703e+03 9.502279935565304925e+00
2.367773466933867894e+03 9.506955062638716925e+00
2.372988737474949630e+03 9.511620943315609367e+00
2.378204008016032276e+03 9.516277603253957551e+00
2.383419278557114012e+03 9.520925073626713697e+00
2.388634549098196658e+03 9.525563391207374053e+00
2.393849819639278394e+03 9.530192598455474950e+00
2.399065090180360585e+03 9.534812743602305574e+00
2.404280360721442776e+03 9.539423880736379147e+00
2.409495631262524967e+03 9.544026069889042674e+00
2.414710901803607157e+03 9.548619377120086682e+00
2.419926172344689348e+03 9.553203874603267920e+00
2.425141442885771539e+03 9.557779640711903113e+00
2.430356713426853730e+03 9.562346760104516008e+00
2.435571983967935921e+03 9.566905323810271256e+00
2.440787254509018112e+03 9.571455429314703167e+00
2.446002525050100303e+03 9.575997180645206441e+00
2.451217795591182039e+03 9.580530688456601496e+00
2.456433066132264685e+03 9.585056070116795723e+00
2.461648336673346421e+03 9.589573449792254678e+00
2.466863607214429067e+03 9.594082958533697081e+00
2.472078877755510803e+03 9.598584734361544690e+00
2.477294148296592994e+03 9.603078922351603097e+00
2.482509418837675184e+03 9.607565674720573767e+00
2.487724689378757375e+03 9.612045150911683322e+00
2.492939959919839566e+03 9.616517517680243543e+00
2.498155230460921757e+03 9.620982949179158084e+00
2.503370501002003948e+03 9.625441627044629911e+00
2.508585771543086139e+03 9.629893740481627162e+00
2.513801042084168330e+03 9.634339486349553283e+00
2.519016312625250521e+03 9.638779069247735976e+00
2.524231583166332712e+03 9.643212701601013848e+00
2.529446853707414448e+03 9.647640603745443855e+00
2.534662124248497094e+03 9.652063004013680114e+00
2.539877394789578830e+03 9.656480138820702663e+00
2.545092665330661475e+03 9.660892252749327724e+00
2.550307935871743211e+03 9.665299598635790801e+00
2.555523206412825857e+03 9.669702437655365301e+00
2.560738476953907593e+03 9.674101039407869251e+00
2.565953747494990239e+03 9.678495682003308787e+00
2.571169018036071975e+03 9.682886652147427498e+00
2.576384288577154621e+03 9.687274245227246894e+00
2.581599559118236357e+03 9.691658765396745423e+00
2.586814829659318548e+03 9.696040525662315446e+00
2.592030100200400739e+03 9.700419847968438702e+00
2.597245370741482930e+03 9.704797063283173486e+00
2.602460641282565120e+03 9.709172511683849649e+00
2.607675911823646857e+03 9.713546542442516696e+00
2.612891182364729502e+03 9.717919514111592605e+00
2.618106452905811238e+03 9.722291794609494886e+00
2.623321723446893884e+03 9.726663761306040712e+00
2.628536993987975620e+03 9.731035801108230743e+00
2.633752264529058266e+03 9.735408310545690114e+00
2.638967535070140002e+03 9.739781695856304822e+00
2.644182805611222648e+03 9.744156373071788835e+00
2.649398076152304384e+03 9.748532768103213897e+00
2.654613346693387030e+03 9.752911316826697430e+00
2.659828617234468766e+03 9.757292465168855955e+00
2.665043887775551411e+03 9.761676669192468125e+00
2.670259158316633147e+03 9.766064395182013413e+00
2.675474428857715793e+03 9.770456119729228561e+00
2.680689699398797529e+03 9.774852329818784824e+00
2.685904969939880175e+03 9.779253522913737839e+00
2.691120240480961911e+03 9.783660207041148027e+00
2.696335511022044102e+03 9.788072900877766713e+00
2.701550781563126293e+03 9.792492133835384749e+00
2.706766052104208484e+03 9.796918446146705151e+00
2.711981322645290675e+03 9.801352388950590466e+00
2.717196593186372866e+03 9.805794524377933641e+00
2.722411863727455057e+03 9.810245425637056371e+00
2.727627134268537247e+03 9.814705677099372139e+00
2.732842404809619438e+03 9.819175874384900027e+00
2.738057675350701629e+03 9.823656624447885122e+00
2.743272945891783820e+03 9.828148545662408253e+00
2.748488216432865556e+03 9.832652267907853627e+00
2.753703486973948202e+03 9.837168432654596728e+00
2.758918757515029938e+03 9.841697693049557216e+00
2.764134028056112584e+03 9.846240714001687877e+00
2.769349298597194320e+03 9.850798172267703379e+00
2.774564569138276511e+03 9.855370756537517707e+00
2.779779839679358702e+03 9.859959167519912526e+00
2.784995110220440893e+03 9.864564118028098960e+00
2.790210380761523083e+03 9.869186333065197658e+00
2.795425651302605274e+03 9.873826549910003081e+00
2.800640921843687465e+03 9.878485518202383631e+00
2.805856192384769656e+03 9.883164000028969554e+00
2.811071462925851847e+03 9.887862770008680968e+00
2.816286733466934038e+03 9.892582615378282540e+00
2.821502004008016229e+03 9.897324336078053619e+00
2.826717274549097965e+03 9.902088744837246992e+00
2.831932545090180611e+03 9.906876667259796321e+00
2.837147815631262347e+03 9.911688941909741146e+00
2.842363086172344993e+03 9.916526420396966301e+00
2.847578356713426729e+03 9.921389967462651782e+00
2.852793627254508920e+03 9.926280461064859395e+00
2.858008897795591110e+03 9.931198792464279279e+00
2.863224168336673301e+03 9.936145866309519903e+00
2.868439438877755492e+03 9.941122600722966496e+00
2.873654709418837683e+03 9.946129927386177627e+00
2.878869979959919874e+03 9.951168791625491394e+00
2.884085250501002065e+03 9.956240152497702667e+00
2.889300521042084256e+03 9.961344982875516507e+00
2.894515791583166447e+03 9.966484269533188112e+00
2.899731062124248638e+03 9.971659013232127222e+00
2.904946332665330374e+03 9.976870228806353325e+00
2.910161603206413020e+03 9.982118945248263486e+00
2.915376873747494756e+03 9.987406205794020053e+00
2.920592144288577401e+03 9.992733068009243880e+00
2.925807414829659137e+03 9.998100603874583214e+00
2.931022685370741783e+03 1.000350989987120087e+01
2.936237955911823519e+03 1.000896205706652964e+01
2.941453226452906165e+03 1.001445819119962977e+01
2.946668496993987901e+03 1.001999943276691063e+01
2.951883767535070547e+03 1.002558692710772803e+01
2.957099038076152283e+03 1.003122183448980920e+01
2.962314308617234929e+03 1.003690533019501885e+01
2.967529579158316665e+03 1.004263860460476820e+01
2.972744849699399310e+03 1.004842286328576506e+01
2.977960120240481046e+03 1.005425932707538550e+01
2.983175390781563237e+03 1.006014923216744705e+01
2.988390661322645428e+03 1.006609383019766213e+01
2.993605931863727619e+03 1.007209438832925663e+01
2.998821202404809810e+03 1.007815218933855661e+01
3.004036472945891546e+03 1.008426853170054116e+01
3.009251743486974192e+03 1.009044472967445571e+01
3.014467014028055928e+03 1.009668211338934540e+01
3.019682284569138574e+03 1.010298202892963282e+01
3.024897555110220310e+03 1.010934583842080770e+01
3.030112825651302956e+03 1.011577492011477197e+01
3.035328096192384692e+03 1.012227066847570001e+01
3.040543366733467337e+03 1.012883449426537297e+01
3.045758637274549073e+03 1.013546782462889340e+01
3.050973907815631264e+03 1.014217210318026829e+01
3.056189178356713455e+03 1.014894879008787143e+01
3.061404448897795646e+03 1.015579936216011170e+01
3.066619719438877837e+03 1.016272531293103754e+01
3.071834989979960028e+03 1.016972815274584896e+01
3.077050260521042219e+03 1.017680940884649132e+01
3.082265531062124410e+03 1.018397062545718867e+01
3.087480801603206601e+03 1.019121336387021159e+01
3.092696072144288792e+03 1.019853920253112634e+01
3.097911342685370983e+03 1.020594973712470299e+01
3.103126613226452719e+03 1.021344658066029609e+01
3.108341883767535364e+03 1.022103136355743658e+01
3.113557154308617100e+03 1.022870573373160141e+01
3.118772424849699746e+03 1.023647135667937746e+01
3.123987695390781482e+03 1.024432991556454553e+01
3.129202965931863673e+03 1.025228311130329573e+01
3.134418236472945864e+03 1.026033266264989763e+01
3.139633507014028055e+03 1.026848030628243080e+01
3.144848777555110246e+03 1.027672779688804816e+01
3.150064048096192437e+03 1.028507690724885748e+01
3.155279318637274628e+03 1.029352942832736062e+01
3.160494589178356819e+03 1.030208716935205970e+01
3.165709859719439009e+03 1.031075195790302956e+01
3.170925130260521200e+03 1.031952563999736583e+01
3.176140400801603391e+03 1.032841008017504869e+01
3.181355671342685127e+03 1.033740716158428441e+01
3.186570941883767773e+03 1.034651878606715059e+01
3.191786212424849509e+03 1.035574687424528406e+01
3.197001482965932155e+03 1.036509336560510341e+01
3.202216753507013891e+03 1.037456021858391964e+01
3.207432024048096082e+03 1.038414941065503072e+01
3.212647294589178273e+03 1.039386293841365827e+01
3.217862565130260464e+03 1.040370281766220728e+01
3.223077835671342655e+03 1.041367108349608372e+01
3.228293106212424846e+03 1.042376979038922080e+01
3.233508376753507036e+03 1.043400101227952348e+01
3.238723647294589227e+03 1.044436684265469850e+01
3.243938917835671418e+03 1.034500267497453230e+01
3.293261837846547223e+03 1.039263467157291210e+01
3.342584757857423483e+03 1.044026666817129367e+01
3.391907677868299288e+03 1.048789866476967347e+01
3.441230597879175548e+03 1.053553066136805505e+01
3.490553517890051353e+03 1.058316265796643663e+01
3.539876437900927613e+03 1.063079465456481643e+01
3.589199357911803418e+03 1.067842665116319800e+01
3.638522277922679677e+03 1.072605864776157958e+01
3.687845197933555482e+03 1.077369064435995938e+01
3.737168117944431742e+03 1.082132264095834095e+01
3.786491037955307547e+03 1.086895463755672253e+01
3.835813957966183807e+03 1.091658663415510233e+01
3.885136877977059612e+03 1.096421863075348391e+01
3.934459797987935872e+03 1.101185062735186548e+01
3.983782717998811677e+03 1.105948262395024528e+01
4.033105638009687937e+03 1.110711462054862686e+01
4.082428558020563742e+03 1.115474661714700844e+01
4.131751478031439547e+03 1.120237861374538824e+01
4.181074398042315806e+03 1.125001061034376804e+01
4.230397318053192066e+03 1.129764260694215139e+01
4.279720238064068326e+03 1.134527460354053119e+01
4.329043158074943676e+03 1.139290660013891099e+01
4.378366078085819936e+03 1.144053859673729434e+01
4.427688998096696196e+03 1.148817059333567414e+01
4.477011918107571546e+03 1.153580258993405394e+01
4.526334838118447806e+03 1.158343458653243552e+01
4.575657758129324066e+03 1.163106658313081709e+01
4.624980678140200325e+03 1.167869857972919689e+01
4.674303598151076585e+03 1.172633057632758025e+01
4.723626518161951935e+03 1.177396257292596005e+01
4.772949438172828195e+03 1.182159456952433985e+01
4.822272358183704455e+03 1.186922656612272142e+01
4.871595278194579805e+03 1.191685856272110300e+01
4.920918198205456065e+03 1.196449055931948280e+01
4.970241118216332325e+03 1.201212255591786437e+01
5.019564038227208584e+03 1.205975455251624595e+01
5.068886958238084844e+03 1.210738654911462575e+01
5.118209878248960194e+03 1.215501854571300555e+01
5.167532798259836454e+03 1.220265054231138890e+01
5.216855718270712714e+03 1.225028253890976870e+01
5.266178638281588064e+03 1.229791453550814850e+01
5.315501558292464324e+03 1.234554653210653186e+01
5.364824478303340584e+03 1.239317852870491166e+01
5.414147398314216844e+03 1.244081052530329323e+01
5.463470318325093103e+03 1.248844252190167481e+01
5.512793238335968454e+03 1.253607451850005461e+01
5.562116158346844713e+03 1.258370651509843441e+01
5.611439078357720064e+03 1.263133851169681598e+01
5.660761998368596323e+03 1.267897050829519756e+01
5.710084918379472583e+03 1.272660250489357736e+01
5.759407838390348843e+03 1.277423450149195894e+01
5.808730758401225103e+03 1.282186649809034051e+01
5.858053678412101362e+03 1.286949849468872031e+01
5.907376598422976713e+03 1.291713049128710189e+01
5.956699518433852973e+03 1.296476248788548347e+01
6.006022438444728323e+03 1.301239448448386327e+01
6.055345358455604583e+03 1.306002648108224307e+01
6.104668278466480842e+03 1.310765847768062642e+01
6.153991198477357102e+03 1.315529047427900622e+01
6.203314118488233362e+03 1.320292247087738779e+01
6.252637038499109622e+03 1.325055446747576937e+01
6.301959958509984972e+03 1.329818646407414917e+01
6.351282878520861232e+03 1.334581846067253075e+01
6.400605798531736582e+03 1.339345045727091055e+01
6.449928718542612842e+03 1.344108245386929212e+01
6.499251638553489101e+03 1.348871445046767192e+01
6.548574558564365361e+03 1.353634644706605528e+01
6.597897478575241621e+03 1.358397844366443508e+01
6.647220398586116971e+03 1.363161044026281488e+01
6.696543318596993231e+03 1.367924243686119645e+01
6.745866238607868581e+03 1.372687443345957803e+01
6.795189158618744841e+03 1.377450643005795783e+01
6.844512078629621101e+03 1.382213842665633940e+01
6.893834998640497361e+03 1.386977042325472098e+01
6.943157918651373620e+03 1.391740241985310078e+01
6.992480838662249880e+03 1.396503441645148236e+01
7.041803758673125230e+03 1.401266641304986393e+01
7.091126678684001490e+03 1.406029840964824373e+01
7.140449598694876840e+03 1.410793040624662353e+01
7.189772518705753100e+03 1.415556240284500689e+01
7.239095438716629360e+03 1.420319439944338669e+01
7.288418358727505620e+03 1.425082639604176826e+01
7.337741278738381880e+03 1.429845839264014984e+01
7.387064198749257230e+03 1.434609038923852964e+01
7.436387118760133490e+03 1.439372238583690944e+01
7.485710038771009749e+03 1.444135438243529279e+01
7.535032958781886009e+03 1.448898637903367259e+01
7.584355878792761359e+03 1.453661837563205239e+01
7.633678798803637619e+03 1.458425037223043397e+01
7.683001718814513879e+03 1.463188236882881554e+01
7.732324638825390139e+03 1.467951436542719534e+01
7.781647558836265489e+03 1.472714636202557692e+01
7.830970478847141749e+03 1.477477835862395850e+01
7.880293398858018008e+03 1.482241035522233830e+01
7.929616318868894268e+03 1.487004235182071987e+01
7.978939238879769619e+03 1.491767434841910145e+01
8.028262158890645878e+03 1.496530634501748125e+01
8.077585078901522138e+03 1.501293834161586283e+01
8.126907998912397488e+03 1.506057033821424440e+01
8.176230918923273748e+03 1.510820233481262420e+01
8.225553838934149098e+03 1.515583433141100400e+01
8.274876758945025358e+03 1.520346632800938558e+01
8.324199678955901618e+03 1.525109832460776715e+01
8.373522598966777878e+03 1.529873032120614873e+01
8.422845518977654137e+03 1.534636231780452853e+01
8.472168438988530397e+03 1.539399431440291011e+01
8.521491358999406657e+03 1.544162631100129168e+01
8.570814279010282917e+03 1.548925830759967326e+01
8.620137199021159176e+03 1.553689030419805306e+01
8.669460119032035436e+03 1.558452230079643464e+01
8.718783039042909877e+03 1.563215429739481444e+01
8.768105959053786137e+03 1.567978629399319601e+01
8.817428879064662397e+03 1.572741829059157581e+01
8.866751799075538656e+03 1.577505028718995739e+01
8.916074719086413097e+03 1.582268228378833719e+01
8.965397639097289357e+03 1.587031428038671876e+01
9.014720559108165617e+03 1.591794627698510034e+01
9.064043479119041876e+03 1.596557827358348014e+01
9.113366399129918136e+03 1.601321027018186172e+01
9.162689319140794396e+03 1.606084226678024152e+01
9.212012239151670656e+03 1.610847426337862487e+01
9.261335159162546915e+03 1.615610625997700467e+01
9.310658079173423175e+03 1.620373825657538447e+01
9.359980999184299435e+03 1.625137025317376782e+01
9.409303919195175695e+03 1.629900224977215117e+01
9.458626839206051955e+03 1.634663424637052742e+01
9.507949759216926395e+03 1.639426624296891077e+01
9.557272679227802655e+03 1.644189823956729057e+01
9.606595599238678915e+03 1.648953023616567037e+01
9.655918519249553356e+03 1.653716223276405017e+01
9.705241439260429615e+03 1.658479422936242997e+01
9.754564359271305875e+03 1.663242622596081333e+01
9.803887279282182135e+03 1.668005822255919668e+01
9.853210199293058395e+03 1.672769021915757293e+01
9.902533119303934654e+03 1.677532221575595628e+01
9.951856039314810914e+03 1.682295421235433963e+01
1.000117895932568717e+04 1.687058620895271943e+01
1.005050187933656343e+04 1.691821820555109923e+01
1.009982479934743969e+04 1.696585020214948258e+01
1.014914771935831595e+04 1.701348219874786238e+01
1.019847063936919221e+04 1.706111419534624218e+01
1.024779355938006665e+04 1.710874619194462554e+01
1.029711647939094291e+04 1.715637818854300178e+01
1.034643939940181917e+04 1.720401018514138514e+01
1.039576231941269543e+04 1.725164218173976849e+01
1.044508523942356987e+04 1.729927417833814474e+01
1.049440815943444613e+04 1.734690617493652809e+01
1.054373107944532239e+04 1.739453817153490789e+01
1.059305399945619865e+04 1.744217016813328769e+01
1.064237691946707491e+04 1.748980216473167104e+01
1.069169983947795117e+04 1.753743416133005084e+01
1.074102275948882743e+04 1.758506615792843064e+01
1.079034567949970369e+04 1.763269815452681399e+01
1.083966859951057995e+04 1.768033015112519735e+01
1.088899151952145621e+04 1.772796214772357715e+01
1.093831443953233247e+04 1.777559414432195695e+01
1.098763735954320873e+04 1.782322614092034030e+01
1.103696027955408317e+04 1.787085813751871655e+01
1.108628319956495943e+04 1.791849013411709990e+01
1.113560611957583569e+04 1.796612213071547970e+01
1.118492903958671013e+04 1.801375412731385950e+01
1.123425195959758639e+04 1.806138612391224285e+01
1.128357487960846265e+04 1.810901812051062265e+01
1.133289779961933891e+04 1.815665011710900245e+01
1.138222071963021517e+04 1.820428211370738580e+01
1.143154363964109143e+04 1.825191411030576560e+01
1.148086655965196769e+04 1.829954610690414540e+01
1.153018947966284395e+04 1.834717810350252876e+01
1.157951239967372021e+04 1.839481010010090856e+01
1.162883531968459647e+04 1.844244209669928836e+01
1.167815823969547273e+04 1.849007409329767171e+01
1.172748115970634899e+04 1.853770608989605151e+01
1.177680407971722525e+04 1.858533808649443131e+01
1.182612699972810151e+04 1.863297008309281466e+01
1.187544991973897413e+04 1.868060207969119091e+01
1.192477283974985039e+04 1.872823407628957426e+01
1.197409575976072665e+04 1.877586607288795406e+01
1.202341867977160291e+04 1.882349806948633386e+01
1.207274159978247917e+04 1.887113006608471721e+01
1.212206451979335543e+04 1.891876206268310057e+01
1.217138743980423169e+04 1.896639405928147681e+01
1.222071035981510795e+04 1.901402605587986017e+01
1.227003327982598421e+04 1.906165805247824352e+01
1.231935619983686047e+04 1.910929004907662332e+01
1.236867911984773673e+04 1.915692204567500312e+01
1.241800203985861299e+04 1.920455404227338647e+01
1.246732495986948925e+04 1.925218603887176627e+01
1.251664787988036551e+04 1.929981803547014607e+01
1.256597079989124177e+04 1.934745003206852942e+01
1.261529371990211803e+04 1.939508202866690922e+01
1.266461663991299065e+04 1.944271402526528902e+01
1.271393955992386691e+04 1.949034602186366882e+01
1.276326247993474317e+04 1.953797801846204862e+01
1.281258539994561943e+04 1.958561001506043198e+01
1.286190831995649569e+04 1.963324201165881178e+01
1.291123123996737195e+04 1.968087400825719158e+01
1.296055415997824821e+04 1.972850600485557493e+01
1.300987707998912447e+04 1.977613800145395473e+01
1.305920000000000073e+04 1.982376999805233453e+01
