5.475850000000000364e+02 9.064555650807029963e+00
5.530357314629258099e+02 9.092983486156478889e+00
5.584864629258516970e+02 9.121157053460951403e+00
5.639371943887774705e+02 9.149078783163876238e+00
5.693879258517033577e+02 9.176751088545685775e+00
5.748386573146292449e+02 9.204176365786052472e+00
5.802893887775551320e+02 9.231356994026103990e+00
5.857401202404810192e+02 9.258295335430645423e+00
5.911908517034067927e+02 9.284993735250385072e+00
5.966415831663326799e+02 9.311454521884158453e+00
6.020923146292584534e+02 9.337680006941145194e+00
6.075430460921843405e+02 9.363672485303094817e+00
6.129937775551102277e+02 9.389434235186552513e+00
6.184445090180361149e+02 9.414967518205081376e+00
6.238952404809618884e+02 9.440274579431473967e+00
6.293459719438877755e+02 9.465357647459992307e+00
6.347967034068135490e+02 9.490218934468579448e+00
6.402474348697394362e+02 9.514860636281088802e+00
6.456981663326653234e+02 9.539284932429495711e+00
6.511488977955912105e+02 9.563493986216137444e+00
6.565996292585170977e+02 9.587489944775917650e+00
6.620503607214428712e+02 9.611274939138542805e+00
6.675010921843687584e+02 9.634851084290737333e+00
6.729518236472945318e+02 9.658220479238469380e+00
6.784025551102204190e+02 9.681385207069174825e+00
6.838532865731463062e+02 9.704347335013977727e+00
6.893040180360721934e+02 9.727108914509908999e+00
6.947547494989979668e+02 9.749671981262141074e+00
7.002054809619238540e+02 9.772038555306199470e+00
7.056562124248496275e+02 9.794210641070190349e+00
7.111069438877755147e+02 9.816190227437019189e+00
7.165576753507014018e+02 9.837979287806621898e+00
7.220084068136272890e+02 9.859579780158178153e+00
7.274591382765530625e+02 9.880993647112340739e+00
7.329098697394789497e+02 9.902222815993454219e+00
7.383606012024048368e+02 9.923269198891780718e+00
7.438113326653306103e+02 9.944134692725720370e+00
7.492620641282564975e+02 9.964821179304035326e+00
7.547127955911823847e+02 9.985330525388071976e+00
7.601635270541082718e+02 1.000566458275397963e+01
7.656142585170340453e+02 1.002582518825495228e+01
7.710649899799598188e+02 1.004581416388341708e+01
7.765157214428857060e+02 1.006563331683328499e+01
7.819664529058115932e+02 1.008528443956217302e+01
7.874171843687374803e+02 1.010476930985360511e+01
7.928679158316633675e+02 1.012408969087925925e+01
7.983186472945892547e+02 1.014324733126117195e+01
8.037693787575150282e+02 1.016224396513397821e+01
8.092201102204409153e+02 1.018108131220711421e+01
8.146708416833666888e+02 1.019976107782705910e+01
8.201215731462925760e+02 1.021828495303954654e+01
8.255723046092184632e+02 1.023665461465178694e+01
8.310230360721443503e+02 1.025487172529470037e+01
8.364737675350701238e+02 1.027293793348512452e+01
8.419244989979960110e+02 1.029085487368805474e+01
8.473752304609217845e+02 1.030862416637884849e+01
8.528259619238476716e+02 1.032624741810545999e+01
8.582766933867735588e+02 1.034372622155066601e+01
8.637274248496993323e+02 1.036106215559427390e+01
8.691781563126252195e+02 1.037825678537535623e+01
8.746288877755511066e+02 1.039531166235446946e+01
8.800796192384768801e+02 1.041222832437588508e+01
8.855303507014027673e+02 1.042900829572979227e+01
8.909810821643286545e+02 1.044565308721454322e+01
8.964318136272545416e+02 1.046216419619886118e+01
9.018825450901804288e+02 1.047854310668406974e+01
9.073332765531062023e+02 1.049479128936631156e+01
9.127840080160319758e+02 1.051091020169877588e+01
9.182347394789579766e+02 1.052690128795391900e+01
9.236854709418837501e+02 1.054276597928568293e+01
9.291362024048096373e+02 1.055850569379172477e+01
9.345869338677355245e+02 1.057412183657563887e+01
9.400376653306614116e+02 1.058961579980917023e+01
9.454883967935871851e+02 1.060498896279445447e+01
9.509391282565130723e+02 1.062024269202622051e+01
9.563898597194388458e+02 1.063537834125402881e+01
9.618405911823647330e+02 1.065039725154448469e+01
9.672913226452906201e+02 1.066530075134347122e+01
9.727420541082165073e+02 1.068009015653836080e+01
9.781927855711422808e+02 1.069476677052024272e+01
9.836435170340681680e+02 1.070933188424614713e+01
9.890942484969939414e+02 1.072378677630126731e+01
9.945449799599198286e+02 1.073813271296118188e+01
9.999957114228457158e+02 1.075237094825407524e+01
1.005446442885771489e+03 1.076650272402296160e+01
1.010897174348697376e+03 1.078052926998791605e+01
1.016347905811623150e+03 1.079445180380828084e+01
1.021798637274549037e+03 1.080827153114490180e+01
1.027249368737474924e+03 1.082198964572234345e+01
1.032700100200400811e+03 1.083560732939112192e+01
1.038150831663326699e+03 1.084912575218990760e+01
1.043601563126252586e+03 1.086254607240777581e+01
1.049052294589178246e+03 1.087586943664640238e+01
1.054503026052104360e+03 1.088909697988230540e+01
1.059953757515030247e+03 1.090222982552905862e+01
1.065404488977955907e+03 1.091526908549951358e+01
1.070855220440881794e+03 1.092821586026803615e+01
1.076305951903807681e+03 1.094107123893270384e+01
1.081756683366733569e+03 1.095383629927755464e+01
1.087207414829659228e+03 1.096651210783479691e+01
1.092658146292585116e+03 1.097909971994702261e+01
1.098108877755511003e+03 1.099160017982945803e+01
1.103559609218436890e+03 1.100401452063215579e+01
1.109010340681362777e+03 1.101634376450223840e+01
1.114461072144288664e+03 1.102858892264611512e+01
1.119911803607214551e+03 1.104075099539169358e+01
1.125362535070140439e+03 1.105283097225062505e+01
1.130813266533066326e+03 1.106482983198050896e+01
1.136263997995991986e+03 1.107674854264712039e+01
1.141714729458917873e+03 1.108858806168663236e+01
1.147165460921843760e+03 1.110034933596784157e+01
1.152616192384769647e+03 1.111203330185439775e+01
1.158066923847695534e+03 1.112364088526700279e+01
1.163517655310621194e+03 1.113517300174565783e+01
1.168968386773547081e+03 1.114663055651188017e+01
1.174419118236472968e+03 1.115801444453091307e+01
1.179869849699398856e+03 1.116932555057396925e+01
1.185320581162324743e+03 1.118056474928043187e+01
1.190771312625250630e+03 1.119173290522009800e+01
1.196222044088176517e+03 1.120283087295538493e+01
1.201672775551102404e+03 1.121385949710355945e+01
1.207123507014028064e+03 1.122481961239896719e+01
1.212574238476953951e+03 1.123571204375524246e+01
1.218024969939879838e+03 1.124653760632753574e+01
1.223475701402805726e+03 1.125729710557474661e+01
1.228926432865731385e+03 1.126799133732172642e+01
1.234377164328657273e+03 1.127862108782152362e+01
1.239827895791583160e+03 1.128918713381758820e+01
1.245278627254509047e+03 1.129969024260600108e+01
1.250729358717434934e+03 1.131013117209770691e+01
1.256180090180360821e+03 1.132051067088071505e+01
1.261630821643286708e+03 1.133082947828234133e+01
1.267081553106212368e+03 1.134108832443142134e+01
1.272532284569138255e+03 1.135128793032054162e+01
1.277983016032064143e+03 1.136142900786824583e+01
1.283433747494990030e+03 1.137151225998127657e+01
1.288884478957915690e+03 1.138153838061679046e+01
1.294335210420841577e+03 1.139150805484457685e+01
1.299785941883767464e+03 1.140142195890928356e+01
1.305236673346693351e+03 1.141128076029264093e+01
1.310687404809619238e+03 1.142108511777568580e+01
1.316138136272545125e+03 1.143083568150097840e+01
1.321588867735471013e+03 1.144053309303483346e+01
1.327039599198396900e+03 1.145017798542953180e+01
1.332490330661322560e+03 1.145977098328555854e+01
1.337941062124248447e+03 1.146931270281380932e+01
1.343391793587174334e+03 1.147880375189782143e+01
1.348842525050100221e+03 1.148824473015600134e+01
1.354293256513026108e+03 1.149763622900383808e+01
1.359743987975951768e+03 1.150697883171612546e+01
1.365194719438877655e+03 1.151627311348919847e+01
1.370645450901803542e+03 1.152551964150313779e+01
1.376096182364729430e+03 1.153471897498400800e+01
1.381546913827655317e+03 1.154387166526607089e+01
1.386997645290581204e+03 1.155297825585400950e+01
1.392448376753507091e+03 1.156203928248515744e+01
1.397899108216432978e+03 1.157105527319171046e+01
1.403349839679358865e+03 1.158002674836295931e+01
1.408800571142284753e+03 1.158895422080750848e+01
1.414251302605210412e+03 1.159783819581549835e+01
1.419702034068136300e+03 1.160667917122082571e+01
1.425152765531062187e+03 1.161547763746337480e+01
1.430603496993988074e+03 1.162423407765123251e+01
1.436054228456913961e+03 1.163294896762290875e+01
1.441504959919839848e+03 1.164162277600957118e+01
1.446955691382765508e+03 1.165025596429725674e+01
1.452406422845691395e+03 1.165884898688909743e+01
1.457857154308617282e+03 1.166740229116754435e+01
1.463307885771543170e+03 1.167591631755658810e+01
1.468758617234469057e+03 1.168439149958398993e+01
1.474209348697394944e+03 1.169282826394349328e+01
1.479660080160320831e+03 1.170122703055704605e+01
1.485110811623246491e+03 1.170958821263703520e+01
1.490561543086172378e+03 1.171791221674850370e+01
1.496012274549098265e+03 1.172619944287136562e+01
1.501463006012024152e+03 1.173445028446264260e+01
1.506913737474950040e+03 1.174266512851867361e+01
1.512364468937875699e+03 1.175084435563734786e+01
1.517815200400801587e+03 1.175898834008031990e+01
1.523265931863727474e+03 1.176709744983523898e+01
1.528716663326653361e+03 1.177517204667796591e+01
1.534167394789579248e+03 1.178321248623480244e+01
1.539618126252505135e+03 1.179121911804469924e+01
1.545068857715430795e+03 1.179919228562150657e+01
1.550519589178356682e+03 1.180713232651616273e+01
1.555970320641282569e+03 1.181503957237894831e+01
1.561421052104208457e+03 1.182291434902168348e+01
1.566871783567134344e+03 1.183075697647996805e+01
1.572322515030060231e+03 1.183856776907539476e+01
1.577773246492985891e+03 1.184634703547777868e+01
1.583223977955911778e+03 1.185409507876737578e+01
1.588674709418837665e+03 1.186181219649709817e+01
1.594125440881763552e+03 1.186949868075475933e+01
1.599576172344689439e+03 1.187715481822527508e+01
1.605026903807615327e+03 1.188478089025288931e+01
1.610477635270541214e+03 1.189237717290341045e+01
1.615928366733467101e+03 1.189994393702641950e+01
1.621379098196392988e+03 1.190748144831749933e+01
1.626829829659318875e+03 1.191498996738045868e+01
1.632280561122244762e+03 1.192246974978954555e+01
1.637731292585170195e+03 1.192992104615168714e+01
1.643182024048096082e+03 1.193734410216869612e+01
1.648632755511021969e+03 1.194473915869949820e+01
1.654083486973947856e+03 1.195210645182236497e+01
1.659534218436873743e+03 1.195944621289711662e+01
1.664984949899799631e+03 1.196675866862736903e+01
1.670435681362725518e+03 1.197404404112272935e+01
1.675886412825651405e+03 1.198130254796104133e+01
1.681337144288577292e+03 1.198853440225060396e+01
1.686787875751503179e+03 1.199573981269238132e+01
1.692238607214429067e+03 1.200291898364223719e+01
1.697689338677354954e+03 1.201007211517315554e+01
1.703140070140280386e+03 1.201719940313746093e+01
1.708590801603206273e+03 1.202430103922904259e+01
1.714041533066132160e+03 1.203137721104558366e+01
1.719492264529058048e+03 1.203842810215076931e+01
1.724942995991983935e+03 1.204545389213651418e+01
1.730393727454909822e+03 1.205245475668520427e+01
1.735844458917835709e+03 1.205943086763189243e+01
1.741295190380761596e+03 1.206638239302653304e+01
1.746745921843687483e+03 1.207330949719620605e+01
1.752196653306613371e+03 1.208021234080734274e+01
1.757647384769539258e+03 1.208709108092793727e+01
1.763098116232464918e+03 1.209394587108977781e+01
1.768548847695390805e+03 1.210077686135067054e+01
1.773999579158316692e+03 1.210758419835665300e+01
1.779450310621242579e+03 1.211436802540423585e+01
1.784901042084168466e+03 1.212112848250259489e+01
1.790351773547094353e+03 1.212786570643583062e+01
1.795802505010020013e+03 1.213457983082515490e+01
1.801253236472945900e+03 1.214127098619113987e+01
1.806703967935871788e+03 1.214793930001593658e+01
1.812154699398797675e+03 1.215458489680548304e+01
1.817605430861723562e+03 1.216120789815174597e+01
1.823056162324649449e+03 1.216780842279492347e+01
1.828506893787575109e+03 1.217438658668569218e+01
1.833957625250500996e+03 1.218094250304740811e+01
1.839408356713426883e+03 1.218747628243833603e+01
1.844859088176352770e+03 1.219398803281388410e+01
1.850309819639278658e+03 1.220047785958880127e+01
1.855760551102204545e+03 1.220694586569943318e+01
1.861211282565130205e+03 1.221339215166591607e+01
1.866662014028056092e+03 1.221981681565440958e+01
1.872112745490981979e+03 1.222621995353932789e+01
1.877563476953907866e+03 1.223260165896554952e+01
1.883014208416833753e+03 1.223896202341064665e+01
1.888464939879759640e+03 1.224530113624710737e+01
1.893915671342685528e+03 1.225161908480455608e+01
1.899366402805611415e+03 1.225791595443198112e+01
1.904817134268537302e+03 1.226419182855995160e+01
1.910267865731463189e+03 1.227044678876284678e+01
1.915718597194389076e+03 1.227668091482107648e+01
1.921169328657314509e+03 1.228289428478328915e+01
1.926620060120240396e+03 1.228908697502862779e+01
1.932070791583166283e+03 1.229525906032890603e+01
1.937521523046092170e+03 1.230141061391089075e+01
1.942972254509018057e+03 1.230754170751846566e+01
1.948422985971943945e+03 1.231365241147489087e+01
1.953873717434869832e+03 1.231974279474500911e+01
1.959324448897795719e+03 1.232581292499748571e+01
1.964775180360721606e+03 1.233186286866700243e+01
1.970225911823647493e+03 1.233789269101651875e+01
1.975676643286573380e+03 1.234390245619945325e+01
1.981127374749499268e+03 1.234989222732193781e+01
1.986578106212424700e+03 1.235586206650502206e+01
1.992028837675350587e+03 1.236181203494691161e+01
1.997479569138276474e+03 1.236774219298518318e+01
2.002930300601202362e+03 1.237365260015898905e+01
2.008381032064128249e+03 1.237954331527132013e+01
2.013831763527054136e+03 1.238541439645119091e+01
2.019282494989980023e+03 1.239126590121588123e+01
2.024733226452905910e+03 1.239709788653316380e+01
2.030183957915831797e+03 1.240291040888349805e+01
2.035634689378757685e+03 1.240870352432228607e+01
2.041085420841683572e+03 1.241447728854208421e+01
2.046536152304609232e+03 1.242023175693481996e+01
2.051986883767534891e+03 1.242596698465401772e+01
2.057437615230461233e+03 1.243168302667702108e+01
2.062888346693386666e+03 1.243737993786722562e+01
2.068339078156313008e+03 1.244305777303628346e+01
2.073789809619238440e+03 1.244871658700633432e+01
2.079240541082164327e+03 1.245435643467223308e+01
2.084691272545090214e+03 1.245997737106377556e+01
2.090142004008016102e+03 1.246557945140790125e+01
2.095592735470941989e+03 1.247116273119094565e+01
2.101043466933867876e+03 1.247672726622081996e+01
2.106494198396793763e+03 1.248227311268929363e+01
2.111944929859719196e+03 1.248780032723417044e+01
2.117395661322645537e+03 1.249330896700150184e+01
2.122846392785570970e+03 1.249879908970788023e+01
2.128297124248497312e+03 1.250427075370255636e+01
2.133747855711422744e+03 1.250972401802978062e+01
2.139198587174348631e+03 1.251515894249091509e+01
2.144649318637274519e+03 1.252057558770673928e+01
2.150100050100200406e+03 1.252597401517961728e+01
2.155550781563126293e+03 1.253135428735575552e+01
2.161001513026052180e+03 1.253671646768741255e+01
2.166452244488978067e+03 1.254206062069511773e+01
2.171902975951903500e+03 1.254738681202990058e+01
2.177353707414829842e+03 1.255269510853550941e+01
2.182804438877755274e+03 1.255798557831064954e+01
2.188255170340681616e+03 1.256325829077116651e+01
2.193705901803607048e+03 1.256851331671231442e+01
2.199156633266533390e+03 1.257375072837095331e+01
2.204607364729458823e+03 1.257897059948778917e+01
2.210058096192384710e+03 1.258417300536956773e+01
2.215508827655310597e+03 1.258935802295131978e+01
2.220959559118236484e+03 1.259452573085858518e+01
2.226410290581162371e+03 1.259967620946962796e+01
2.231861022044088259e+03 1.260480954097764617e+01
2.237311753507014146e+03 1.260992580945303487e+01
2.242762484969939578e+03 1.261502510090556228e+01
2.248213216432865920e+03 1.262010750334662212e+01
2.253663947895791352e+03 1.262517310685144167e+01
2.259114679358717694e+03 1.263022200362131642e+01
2.264565410821643127e+03 1.263525428804582518e+01
2.270016142284569014e+03 1.264027005676504700e+01
2.275466873747494901e+03 1.264526940873179939e+01
2.280917605210420788e+03 1.265025244527385695e+01
2.286368336673346676e+03 1.265521927015615589e+01
2.291819068136272563e+03 1.266016998964304285e+01
2.297269799599198450e+03 1.266510471256047765e+01
2.302720531062124337e+03 1.267002355035827499e+01
2.308171262525050224e+03 1.267492661717230007e+01
2.313621993987976111e+03 1.267981402988671746e+01
2.319072725450901999e+03 1.268468590819621866e+01
2.324523456913827886e+03 1.268954237466819279e+01
2.329974188376753773e+03 1.269438355480502345e+01
2.335424919839679205e+03 1.269920957710625586e+01
2.340875651302605547e+03 1.270402057313083866e+01
2.346326382765530980e+03 1.270881667755935673e+01
2.351777114228457322e+03 1.271359802825623220e+01
2.357227845691382754e+03 1.271836476633196611e+01
2.362678577154308641e+03 1.272311703620535184e+01
2.368129308617234528e+03 1.272785498566569196e+01
2.373580040080160416e+03 1.273257876593504889e+01
2.379030771543086303e+03 1.273728853173041742e+01
2.384481503006012190e+03 1.274198444132601615e+01
2.389932234468938077e+03 1.274666665661542808e+01
2.395382965931863509e+03 1.275133534317391160e+01
2.400833697394789851e+03 1.275599067032053036e+01
2.406284428857715284e+03 1.276063281118046433e+01
2.411735160320641626e+03 1.276526194274717163e+01
2.417185891783567058e+03 1.276987824594464804e+01
2.422636623246492945e+03 1.277448190568960484e+01
2.428087354709418832e+03 1.277907311095375675e+01
2.433538086172345174e+03 1.278365205482598554e+01
2.438988817635270607e+03 1.278821893457458359e+01
2.444439549098196949e+03 1.279277395170949383e+01
2.449890280561122381e+03 1.279731731204450718e+01
2.455341012024048268e+03 1.280184922575949535e+01
2.460791743486974156e+03 1.280636990746263493e+01
2.466242474949900043e+03 1.281087957625263840e+01
2.471693206412825930e+03 1.281537845578094803e+01
2.477143937875751817e+03 1.281986677431399357e+01
2.482594669338677704e+03 1.282434476479539498e+01
2.488045400801603137e+03 1.282881266490818106e+01
2.493496132264529479e+03 1.283327071713704548e+01
2.498946863727454911e+03 1.283771916883050856e+01
2.504397595190381253e+03 1.284215827226319995e+01
2.509848326653306685e+03 1.284658828469805769e+01
2.515299058116232573e+03 1.285100946844854874e+01
2.520749789579158460e+03 1.285542209094088584e+01
2.526200521042084347e+03 1.285982642477627103e+01
2.531651252505010234e+03 1.286422274779308417e+01
2.537101983967936121e+03 1.286861134312914601e+01
2.542552715430862008e+03 1.287299249928392086e+01
2.548003446893787441e+03 1.287736651018074419e+01
2.553454178356713783e+03 1.288173367522901813e+01
2.558904909819639215e+03 1.288609429938648354e+01
2.564355641282565557e+03 1.289044869322140840e+01
2.569806372745490989e+03 1.289479717297481542e+01
2.575257104208416877e+03 1.289914006062271667e+01
2.580707835671342764e+03 1.290347768393831451e+01
2.586158567134268651e+03 1.290781037655424690e+01
2.591609298597194538e+03 1.291213847802481496e+01
2.597060030060120425e+03 1.291646233388816611e+01
2.602510761523046313e+03 1.292078229572855008e+01
2.607961492985971745e+03 1.292509872123855352e+01
2.613412224448898087e+03 1.292941197428127253e+01
2.618862955911823519e+03 1.293372242495259705e+01
2.624313687374749861e+03 1.293803044964338511e+01
2.629764418837675294e+03 1.294233643110169751e+01
2.635215150300601181e+03 1.294664075849505558e+01
2.640665881763527068e+03 1.295094382747258877e+01
2.646116613226452955e+03 1.295524604022734927e+01
2.651567344689378842e+03 1.295954780555846142e+01
2.657018076152304729e+03 1.296384953893338121e+01
2.662468807615230617e+03 1.296815166255011320e+01
2.667919539078156049e+03 1.297245460539942208e+01
2.673370270541082391e+03 1.297675880332706555e+01
2.678821002004007823e+03 1.298106469909602190e+01
2.684271733466934165e+03 1.298537274244869266e+01
2.689722464929859598e+03 1.298968339016914086e+01
2.695173196392785940e+03 1.299399710614532921e+01
2.700623927855711372e+03 1.299831436143129793e+01
2.706074659318637259e+03 1.300263563430943314e+01
2.711525390781563146e+03 1.300696141035266074e+01
2.716976122244489034e+03 1.301129218248668629e+01
2.722426853707414921e+03 1.301562845105221200e+01
2.727877585170340353e+03 1.301997072386713583e+01
2.733328316633266695e+03 1.302431951628884477e+01
2.738779048096192128e+03 1.302867535127634113e+01
2.744229779559118469e+03 1.303303875945252166e+01
2.749680511022043902e+03 1.303741027916642281e+01
2.755131242484970244e+03 1.304179045655537550e+01
2.760581973947895676e+03 1.304617984560729305e+01
2.766032705410821563e+03 1.305057900822284722e+01
2.771483436873747451e+03 1.305498851427773310e+01
2.776934168336673338e+03 1.305940894168483624e+01
2.782384899799599225e+03 1.306384087645651526e+01
2.787835631262525112e+03 1.306828491276677795e+01
2.793286362725450999e+03 1.307274165301353364e+01
2.798737094188376432e+03 1.307721170788081011e+01
2.804187825651302774e+03 1.308169569640096519e+01
2.809638557114228206e+03 1.308619424601690717e+01
2.815089288577154548e+03 1.309070799264432594e+01
2.820540020040079980e+03 1.309523758073396316e+01
2.825990751503005868e+03 1.309978366333370303e+01
2.831441482965931755e+03 1.310434690215096154e+01
2.836892214428857642e+03 1.310892796761478429e+01
2.842342945891783529e+03 1.311352753893810785e+01
2.847793677354709416e+03 1.311814630418000860e+01
2.853244408817635303e+03 1.312278496030790720e+01
2.858695140280560736e+03 1.312744421325976774e+01
2.864145871743487078e+03 1.313212477800634836e+01
2.869596603206412510e+03 1.313682737861342709e+01
2.875047334669338852e+03 1.314155274830400089e+01
2.880498066132264285e+03 1.314630162952052927e+01
2.885948797595190172e+03 1.315107477398714408e+01
2.891399529058116059e+03 1.315587294277188946e+01
2.896850260521041946e+03 1.316069690634891209e+01
2.902300991983967833e+03 1.316554744466073501e+01
2.907751723446893720e+03 1.317042534718040514e+01
2.913202454909819608e+03 1.317533141297380617e+01
2.918653186372745040e+03 1.318026645076181325e+01
2.924103917835671382e+03 1.318523127898254188e+01
2.929554649298597724e+03 1.319022672585356659e+01
2.935005380761523156e+03 1.319525362943413604e+01
2.940456112224449498e+03 1.320031283768742369e+01
2.945906843687374931e+03 1.320540520854272515e+01
2.951357575150300818e+03 1.321053160995767684e+01
2.956808306613226705e+03 1.321569291998048534e+01
2.962259038076152592e+03 1.322089002681217096e+01
2.967709769539078479e+03 1.322612382886876325e+01
2.973160501002004366e+03 1.323139523484352509e+01
2.978611232464930254e+03 1.323670516376921213e+01
2.984061963927855686e+03 1.324205454508023116e+01
2.989512695390782028e+03 1.324744431867490491e+01
2.994963426853707460e+03 1.325287543497772269e+01
3.000414158316633802e+03 1.325834885500151117e+01
3.005864889779559235e+03 1.326386555040963877e+01
3.011315621242485122e+03 1.326942650357832498e+01
3.016766352705411009e+03 1.327503270765877552e+01
3.022217084168336896e+03 1.328068516663948273e+01
3.027667815631262783e+03 1.328638489540838563e+01
3.033118547094188671e+03 1.329213291981508505e+01
3.038569278557114558e+03 1.329793027673315642e+01
3.044020010020039990e+03 1.330377801412227434e+01
3.049470741482966332e+03 1.330967719109046854e+01
3.054921472945891765e+03 1.331562887795638161e+01
3.060372204408818106e+03 1.332163415631143089e+01
3.065822935871743539e+03 1.332769411908208568e+01
3.071273667334669881e+03 1.333380987059205758e+01
3.076724398797595313e+03 1.333998252662452266e+01
3.082175130260521200e+03 1.334621321448435616e+01
3.087625861723447088e+03 1.335250307306037953e+01
3.093076593186372975e+03 1.335885325288751702e+01
3.098527324649298862e+03 1.336526491620907642e+01
3.103978056112224294e+03 1.337173923703894829e+01
3.109428787575150636e+03 1.337827740122385123e+01
3.114879519038076069e+03 1.338488060650551503e+01
3.120330250501002411e+03 1.339155006258293312e+01
3.125780981963927843e+03 1.339828699117458299e+01
3.131231713426854185e+03 1.340509262608062357e+01
3.136682444889779617e+03 1.341196821324514943e+01
3.142133176352705505e+03 1.341891501081843074e+01
3.147583907815631392e+03 1.342593428921904142e+01
3.153034639278557279e+03 1.343302733119622872e+01
3.158485370741483166e+03 1.344019543189197741e+01
3.163936102204409053e+03 1.344743989890335811e+01
3.169386833667334940e+03 1.345476205234469802e+01
3.174837565130260373e+03 1.346216322490979422e+01
3.180288296593186715e+03 1.346964476193414484e+01
3.185739028056112147e+03 1.347720802145719254e+01
3.191189759519038489e+03 1.348485437428453437e+01
3.196640490981963922e+03 1.349258520405012263e+01
3.202091222444889809e+03 1.350040190727849421e+01
3.207541953907815696e+03 1.350830589344705324e+01
3.212992685370741583e+03 1.351629858504823645e+01
3.218443416833667470e+03 1.352438141765169277e+01
3.223894148296593357e+03 1.353255583996662104e+01
3.229344879759519245e+03 1.354082331390388383e+01
3.234795611222444677e+03 1.354918531463832032e+01
3.240246342685371019e+03 1.355764333067089744e+01
3.245697074148296451e+03 1.350382850149359903e+01
3.295065430559611741e+03 1.354840990569013570e+01
3.344433786970926576e+03 1.359299130988667059e+01
3.393802143382241866e+03 1.363757271408320726e+01
3.443170499793556701e+03 1.368215411827974215e+01
3.492538856204871990e+03 1.372673552247627882e+01
3.541907212616186825e+03 1.377131692667281371e+01
3.591275569027502115e+03 1.381589833086935037e+01
3.640643925438816950e+03 1.386047973506588704e+01
3.690012281850132240e+03 1.390506113926242193e+01
3.739380638261447530e+03 1.394964254345895860e+01
3.788748994672762365e+03 1.399422394765549349e+01
3.838117351084077654e+03 1.403880535185203016e+01
3.887485707495392489e+03 1.408338675604856505e+01
3.936854063906707779e+03 1.412796816024510171e+01
3.986222420318023069e+03 1.417254956444163838e+01
4.035590776729337904e+03 1.421713096863817327e+01
4.084959133140652739e+03 1.426171237283470994e+01
4.134327489551968029e+03 1.430629377703124483e+01
4.183695845963283318e+03 1.435087518122778150e+01
4.233064202374598608e+03 1.439545658542431816e+01
4.282432558785912988e+03 1.444003798962085305e+01
4.331800915197228278e+03 1.448461939381738972e+01
4.381169271608543568e+03 1.452920079801392461e+01
4.430537628019858857e+03 1.457378220221046128e+01
4.479905984431174147e+03 1.461836360640699795e+01
4.529274340842488527e+03 1.466294501060353284e+01
4.578642697253803817e+03 1.470752641480006773e+01
4.628011053665119107e+03 1.475210781899660439e+01
4.677379410076434397e+03 1.479668922319314106e+01
4.726747766487749686e+03 1.484127062738967595e+01
4.776116122899064067e+03 1.488585203158621084e+01
4.825484479310379356e+03 1.493043343578274929e+01
4.874852835721694646e+03 1.497501483997928418e+01
4.924221192133009026e+03 1.501959624417581907e+01
4.973589548544324316e+03 1.506417764837235573e+01
5.022957904955639606e+03 1.510875905256889240e+01
5.072326261366954895e+03 1.515334045676542729e+01
5.121694617778270185e+03 1.519792186096196396e+01
5.171062974189584565e+03 1.524250326515849885e+01
5.220431330600899855e+03 1.528708466935503552e+01
5.269799687012215145e+03 1.533166607355157041e+01
5.319168043423530435e+03 1.537624747774810707e+01
5.368536399834845724e+03 1.542082888194464374e+01
5.417904756246160105e+03 1.546541028614117863e+01
5.467273112657475394e+03 1.550999169033771530e+01
5.516641469068790684e+03 1.555457309453425196e+01
5.566009825480105064e+03 1.559915449873078686e+01
5.615378181891421264e+03 1.564373590292732352e+01
5.664746538302735644e+03 1.568831730712385841e+01
5.714114894714050934e+03 1.573289871132039508e+01
5.763483251125366223e+03 1.577748011551692997e+01
5.812851607536680604e+03 1.582206151971346486e+01
5.862219963947996803e+03 1.586664292391000330e+01
5.911588320359311183e+03 1.591122432810653820e+01
5.960956676770626473e+03 1.595580573230307309e+01
6.010325033181941762e+03 1.600038713649961153e+01
6.059693389593256143e+03 1.604496854069614642e+01
6.109061746004572342e+03 1.608954994489268131e+01
6.158430102415886722e+03 1.613413134908921620e+01
6.207798458827202012e+03 1.617871275328575464e+01
6.257166815238517302e+03 1.622329415748228953e+01
6.306535171649831682e+03 1.626787556167882443e+01
6.355903528061146972e+03 1.631245696587536287e+01
6.405271884472462261e+03 1.635703837007189776e+01
6.454640240883777551e+03 1.640161977426843265e+01
6.504008597295092841e+03 1.644620117846496754e+01
6.553376953706407221e+03 1.649078258266150598e+01
6.602745310117722511e+03 1.653536398685804087e+01
6.652113666529037801e+03 1.657994539105457577e+01
6.701482022940352181e+03 1.662452679525111421e+01
6.750850379351668380e+03 1.666910819944764910e+01
6.800218735762982760e+03 1.671368960364418399e+01
6.849587092174298050e+03 1.675827100784071888e+01
6.898955448585613340e+03 1.680285241203725732e+01
6.948323804996927720e+03 1.684743381623379221e+01
6.997692161408243919e+03 1.689201522043033066e+01
7.047060517819558299e+03 1.693659662462686555e+01
7.096428874230873589e+03 1.698117802882340044e+01
7.145797230642188879e+03 1.702575943301993533e+01
7.195165587053503259e+03 1.707034083721647022e+01
7.244533943464819458e+03 1.711492224141300866e+01
7.293902299876133839e+03 1.715950364560954355e+01
7.343270656287449128e+03 1.720408504980608200e+01
7.392639012698764418e+03 1.724866645400261689e+01
7.442007369110078798e+03 1.729324785819915178e+01
7.491375725521394088e+03 1.733782926239568667e+01
7.540744081932709378e+03 1.738241066659222156e+01
7.590112438344024667e+03 1.742699207078876000e+01
7.639480794755339957e+03 1.747157347498529489e+01
7.688849151166654337e+03 1.751615487918182978e+01
7.738217507577969627e+03 1.756073628337836823e+01
7.787585863989284917e+03 1.760531768757490312e+01
7.836954220400600207e+03 1.764989909177143801e+01
7.886322576811914587e+03 1.769448049596797290e+01
7.935690933223229877e+03 1.773906190016451134e+01
7.985059289634545166e+03 1.778364330436104623e+01
8.034427646045860456e+03 1.782822470855758468e+01
8.083796002457175746e+03 1.787280611275411957e+01
8.133164358868490126e+03 1.791738751695065446e+01
8.182532715279805416e+03 1.796196892114718935e+01
8.231901071691121615e+03 1.800655032534372779e+01
8.281269428102435995e+03 1.805113172954026268e+01
8.330637784513750375e+03 1.809571313373679757e+01
8.380006140925066575e+03 1.814029453793333602e+01
8.429374497336380955e+03 1.818487594212987091e+01
8.478742853747695335e+03 1.822945734632640580e+01
8.528111210159011534e+03 1.827403875052294069e+01
8.577479566570325915e+03 1.831862015471947558e+01
8.626847922981640295e+03 1.836320155891601047e+01
8.676216279392956494e+03 1.840778296311254891e+01
8.725584635804272693e+03 1.845236436730908736e+01
8.774952992215587074e+03 1.849694577150562225e+01
8.824321348626901454e+03 1.854152717570215714e+01
8.873689705038217653e+03 1.858610857989869203e+01
8.923058061449532033e+03 1.863068998409522692e+01
8.972426417860846414e+03 1.867527138829176181e+01
9.021794774272162613e+03 1.871985279248830025e+01
9.071163130683476993e+03 1.876443419668483870e+01
9.120531487094791373e+03 1.880901560088137359e+01
9.169899843506107572e+03 1.885359700507790848e+01
9.219268199917423772e+03 1.889817840927444337e+01
9.268636556328736333e+03 1.894275981347097826e+01
9.318004912740052532e+03 1.898734121766751670e+01
9.367373269151368731e+03 1.903192262186405515e+01
9.416741625562683112e+03 1.907650402606059004e+01
9.466109981973997492e+03 1.912108543025712493e+01
9.515478338385313691e+03 1.916566683445365982e+01
9.564846694796628071e+03 1.921024823865019471e+01
9.614215051207942452e+03 1.925482964284672960e+01
9.663583407619258651e+03 1.929941104704326804e+01
9.712951764030573031e+03 1.934399245123980293e+01
9.762320120441887411e+03 1.938857385543633782e+01
9.811688476853203611e+03 1.943315525963287627e+01
9.861056833264519810e+03 1.947773666382941116e+01
9.910425189675832371e+03 1.952231806802594605e+01
9.959793546087148570e+03 1.956689947222248094e+01
1.000916190249846477e+04 1.961148087641901938e+01
1.005853025890977915e+04 1.965606228061555427e+01
1.010789861532109353e+04 1.970064368481209272e+01
1.015726697173240973e+04 1.974522508900862761e+01
1.020663532814372411e+04 1.978980649320516250e+01
1.025600368455503849e+04 1.983438789740169739e+01
1.030537204096635469e+04 1.987896930159823228e+01
1.035474039737766907e+04 1.992355070579476717e+01
1.040410875378898345e+04 1.996813210999130561e+01
1.045347711020029965e+04 2.001271351418784405e+01
1.050284546661161585e+04 2.005729491838437895e+01
1.055221382302293023e+04 2.010187632258091384e+01
1.060158217943424461e+04 2.014645772677744873e+01
1.065095053584556081e+04 2.019103913097398717e+01
1.070031889225687519e+04 2.023562053517052206e+01
1.074968724866818957e+04 2.028020193936705695e+01
1.079905560507950577e+04 2.032478334356359539e+01
1.084842396149082015e+04 2.036936474776013029e+01
1.089779231790213453e+04 2.041394615195666518e+01
1.094716067431345073e+04 2.045852755615320007e+01
1.099652903072476693e+04 2.050310896034973851e+01
1.104589738713607949e+04 2.054769036454626985e+01
1.109526574354739569e+04 2.059227176874280829e+01
1.114463409995871189e+04 2.063685317293934673e+01
1.119400245637002627e+04 2.068143457713588163e+01
1.124337081278134065e+04 2.072601598133241652e+01
1.129273916919265685e+04 2.077059738552895141e+01
1.134210752560397123e+04 2.081517878972548630e+01
1.139147588201528561e+04 2.085976019392202119e+01
1.144084423842660181e+04 2.090434159811855963e+01
1.149021259483791619e+04 2.094892300231509807e+01
1.153958095124923238e+04 2.099350440651163296e+01
1.158894930766054676e+04 2.103808581070816786e+01
1.163831766407186115e+04 2.108266721490470275e+01
1.168768602048317734e+04 2.112724861910123764e+01
1.173705437689449172e+04 2.117183002329777608e+01
1.178642273330580792e+04 2.121641142749431452e+01
1.183579108971712230e+04 2.126099283169084941e+01
1.188515944612843668e+04 2.130557423588738430e+01
1.193452780253975288e+04 2.135015564008391920e+01
1.198389615895106726e+04 2.139473704428045409e+01
1.203326451536238346e+04 2.143931844847699253e+01
1.208263287177369784e+04 2.148389985267352742e+01
1.213200122818501222e+04 2.152848125687006231e+01
1.218136958459632842e+04 2.157306266106660075e+01
1.223073794100764280e+04 2.161764406526313564e+01
1.228010629741895718e+04 2.166222546945967053e+01
1.232947465383027338e+04 2.170680687365620543e+01
1.237884301024158776e+04 2.175138827785274032e+01
1.242821136665290396e+04 2.179596968204927876e+01
1.247757972306421834e+04 2.184055108624581365e+01
1.252694807947553272e+04 2.188513249044235209e+01
1.257631643588684892e+04 2.192971389463888698e+01
1.262568479229816330e+04 2.197429529883542187e+01
1.267505314870947950e+04 2.201887670303195677e+01
1.272442150512079388e+04 2.206345810722849166e+01
1.277378986153210826e+04 2.210803951142502655e+01
1.282315821794342446e+04 2.215262091562156854e+01
1.287252657435473884e+04 2.219720231981810343e+01
1.292189493076605504e+04 2.224178372401463832e+01
1.297126328717736942e+04 2.228636512821117321e+01
1.302063164358868380e+04 2.233094653240770810e+01
1.307000000000000000e+04 2.237552793660424655e+01
