7.189000000000000909e+02 5.327846833592525755e+00
7.240228456913828268e+02 5.339890562324096202e+00
7.291456913827655626e+02 5.351753254140545479e+00
7.342685370741482984e+02 5.363438125253497724e+00
7.393913827655310342e+02 5.374948361427788868e+00
7.445142284569138837e+02 5.386287118106169558e+00
7.496370741482966196e+02 5.397457520533992081e+00
7.547599198396793554e+02 5.408462663883913280e+00
7.598827655310622049e+02 5.419305613380587694e+00
7.650056112224449407e+02 5.429989404425366928e+00
7.701284569138276765e+02 5.440517042720990126e+00
7.752513026052104124e+02 5.450891504396286891e+00
7.803741482965931482e+02 5.461115736130865983e+00
7.854969939879758840e+02 5.471192655279820016e+00
7.906198396793588472e+02 5.481125149998417712e+00
7.957426853707415830e+02 5.490916079366795266e+00
8.008655310621243189e+02 5.500568273514659268e+00
8.059883767535070547e+02 5.510084533745982505e+00
8.111112224448897905e+02 5.519467632663697110e+00
8.162340681362725263e+02 5.528720314294390370e+00
8.213569138276553758e+02 5.537845294213004976e+00
8.264797595190381116e+02 5.546845259667529504e+00
8.316026052104208475e+02 5.555722869703703992e+00
8.367254509018035833e+02 5.564480755289699765e+00
8.418482965931864328e+02 5.573121519440837446e+00
8.469711422845691686e+02 5.581647737344265892e+00
8.520939879759519044e+02 5.590061956483661554e+00
8.572168336673346403e+02 5.598366696763930506e+00
8.623396793587174898e+02 5.606564450635902475e+00
8.674625250501002256e+02 5.614657683221023987e+00
8.725853707414830751e+02 5.622648832436055066e+00
8.777082164328658109e+02 5.630540309117769482e+00
8.828310621242485468e+02 5.638334497147648783e+00
8.879539078156312826e+02 5.646033753576573666e+00
8.930767535070140184e+02 5.653640408749527779e+00
8.981995991983967542e+02 5.661156766430293530e+00
9.033224448897796037e+02 5.668585103926137236e+00
9.084452905811623395e+02 5.675927672212520925e+00
9.135681362725451891e+02 5.683186696057789256e+00
9.186909819639279249e+02 5.690364374147864446e+00
9.238138276553106607e+02 5.697462879210947406e+00
9.289366733466933965e+02 5.704484358142216216e+00
9.340595190380761323e+02 5.711430932128511273e+00
9.391823647294588682e+02 5.718304696773041762e+00
9.443052104208417177e+02 5.725107722220077022e+00
9.494280561122245672e+02 5.731842053279649463e+00
9.545509018036073030e+02 5.738509709552237936e+00
9.596737474949900388e+02 5.745112685553478649e+00
9.647965931863727747e+02 5.751652950838846756e+00
9.699194388777555105e+02 5.758132450128363722e+00
9.750422845691383600e+02 5.764553103431291348e+00
9.801651302605210958e+02 5.770916806170827584e+00
9.852879759519038316e+02 5.777225429308796123e+00
9.904108216432865675e+02 5.783480819470348422e+00
9.955336673346693033e+02 5.789684799068668397e+00
1.000656513026052153e+03 5.795839166429648692e+00
1.005779358717434889e+03 5.801945695916601586e+00
1.010902204408817624e+03 5.808006138054956580e+00
1.016025050100200474e+03 5.814022219656943768e+00
1.021147895791583210e+03 5.819995643946302089e+00
1.026270741482966059e+03 5.825928090682973348e+00
1.031393587174348795e+03 5.831821216287789156e+00
1.036516432865731531e+03 5.837676653967180052e+00
1.041639278557114267e+03 5.843496013837868652e+00
1.046762124248497003e+03 5.849280883051550362e+00
1.051884969939879738e+03 5.855032825919614936e+00
1.057007815631262474e+03 5.860753384037829861e+00
1.062130661322645437e+03 5.866444076411024611e+00
1.067253507014028173e+03 5.872106399577815772e+00
1.072376352705410909e+03 5.877741827735269986e+00
1.077499198396793645e+03 5.883351812863628183e+00
1.082622044088176381e+03 5.888937784850988955e+00
1.087744889779559117e+03 5.894501151617993706e+00
1.092867735470941852e+03 5.900043299242556216e+00
1.097990581162324816e+03 5.905565592084517590e+00
1.103113426853707551e+03 5.911069372910375819e+00
1.108236272545090287e+03 5.916555963017960273e+00
1.113359118236473023e+03 5.922026662361147054e+00
1.118481963927855759e+03 5.927482749674527263e+00
1.123604809619238495e+03 5.932925482598140121e+00
1.128727655310621230e+03 5.938356097802138578e+00
1.133850501002003966e+03 5.943775811111493113e+00
1.138973346693386702e+03 5.949185817630699091e+00
1.144096192384769438e+03 5.954587291868461918e+00
1.149219038076152174e+03 5.959981387862395508e+00
1.154341883767534910e+03 5.965369239303723425e+00
1.159464729458917873e+03 5.970751959661965813e+00
1.164587575150300836e+03 5.976130642309644969e+00
1.169710420841683572e+03 5.981506360646969611e+00
1.174833266533066308e+03 5.986880168226554666e+00
1.179956112224449043e+03 5.992253098878082440e+00
1.185078957915831779e+03 5.997626166833032180e+00
1.190201803607214515e+03 6.003000366849355451e+00
1.195324649298597251e+03 6.008376674336179946e+00
1.200447494989979987e+03 6.013756045478509726e+00
1.205570340681362723e+03 6.019139417361906830e+00
1.210693186372745458e+03 6.024527708097203060e+00
1.215816032064128194e+03 6.029921816945192248e+00
1.220938877755510930e+03 6.035322624441322503e+00
1.226061723446893666e+03 6.040730992520387588e+00
1.231184569138276629e+03 6.046147764641240485e+00
1.236307414829659365e+03 6.051573765911470559e+00
1.241430260521042101e+03 6.057009803212116239e+00
1.246553106212425064e+03 6.062456665322343063e+00
1.251675951903807800e+03 6.067915123044159031e+00
1.256798797595190536e+03 6.073385929327095312e+00
1.261921643286573271e+03 6.078869819392910046e+00
1.267044488977956007e+03 6.084367510860287709e+00
1.272167334669338743e+03 6.089879703869527816e+00
1.277290180360721479e+03 6.095407081207238953e+00
1.282413026052104215e+03 6.100950308431051461e+00
1.287535871743486950e+03 6.106510033994290154e+00
1.292658717434869686e+03 6.112086889370692333e+00
1.297781563126252422e+03 6.117681489179091159e+00
1.302904408817635158e+03 6.123294431308110575e+00
1.308027254509018121e+03 6.128926297040870885e+00
1.313150100200400857e+03 6.134577651179681901e+00
1.318272945891783593e+03 6.140249042170729865e+00
1.323395791583166329e+03 6.145941002228788363e+00
1.328518637274549064e+03 6.151654047461908803e+00
1.333641482965931800e+03 6.157388677996102011e+00
1.338764328657314763e+03 6.163145378100062466e+00
1.343887174348697499e+03 6.168924616309839237e+00
1.349010020040080235e+03 6.174726845553550447e+00
1.354132865731462971e+03 6.180552503276057763e+00
1.359255711422845707e+03 6.186402011563695957e+00
1.364378557114228443e+03 6.192275777268934078e+00
1.369501402805611406e+03 6.198174192135097016e+00
1.374624248496994142e+03 6.204097632921038219e+00
1.379747094188376877e+03 6.210046461525863926e+00
1.384869939879759613e+03 6.216021025113603216e+00
1.389992785571142349e+03 6.222021656237927800e+00
1.395115631262525085e+03 6.228048672966825627e+00
1.400238476953907821e+03 6.234102379007312678e+00
1.405361322645290556e+03 6.240183063830117227e+00
1.410484168336673292e+03 6.246291002794396974e+00
1.415607014028056255e+03 6.252426457272406424e+00
1.420729859719438991e+03 6.258589674774216682e+00
1.425852705410821727e+03 6.264780889072400605e+00
1.430975551102204463e+03 6.271000320326727717e+00
1.436098396793587199e+03 6.277248175208866243e+00
1.441221242484969935e+03 6.283524647027078025e+00
1.446344088176352670e+03 6.289829915850920550e+00
1.451466933867735406e+03 6.296164148635918778e+00
1.456589779559118142e+03 6.302527499348293816e+00
1.461712625250500878e+03 6.308920109089639183e+00
1.466835470941883841e+03 6.315342106221613960e+00
1.471958316633266577e+03 6.321793606490667905e+00
1.477081162324649540e+03 6.328274713152688413e+00
1.482204008016032276e+03 6.334785517097753171e+00
1.487326853707415012e+03 6.341326096974775339e+00
1.492449699398797748e+03 6.347896519316233999e+00
1.497572545090180483e+03 6.354496838662864633e+00
1.502695390781563219e+03 6.361127097688335397e+00
1.507818236472945955e+03 6.367787327323958024e+00
1.512941082164328691e+03 6.374477546883397849e+00
1.518063927855711427e+03 6.381197764187346522e+00
1.523186773547094162e+03 6.387947975688226698e+00
1.528309619238476898e+03 6.394728166594886964e+00
1.533432464929859634e+03 6.401538310997304748e+00
1.538555310621242370e+03 6.408378371991276801e+00
1.543678156312625106e+03 6.415248301803120334e+00
1.548801002004008069e+03 6.422148041914347516e+00
1.553923847695390805e+03 6.429077523186404797e+00
1.559046693386773768e+03 6.436036665985326977e+00
1.564169539078156504e+03 6.443025380306455219e+00
1.569292384769539240e+03 6.450043565899120424e+00
1.574415230460921975e+03 6.457091112391363907e+00
1.579538076152304711e+03 6.464167899414595908e+00
1.584660921843687447e+03 6.471273796728325145e+00
1.589783767535070183e+03 6.478408664344849299e+00
1.594906613226452919e+03 6.485572352653928618e+00
1.600029458917835655e+03 6.492764702547502154e+00
1.605152304609218390e+03 6.499985545544383569e+00
1.610275150300601126e+03 6.507234703914953400e+00
1.615397995991983862e+03 6.514511990805856634e+00
1.620520841683366825e+03 6.521817210364695860e+00
1.625643687374749561e+03 6.529150157864723525e+00
1.630766533066132297e+03 6.536510619829551061e+00
1.635889378757515033e+03 6.543898374157839370e+00
1.641012224448897769e+03 6.551313190247981311e+00
1.646135070140280504e+03 6.558754829122822372e+00
1.651257915831663468e+03 6.566223043554339611e+00
1.656380761523046203e+03 6.573717578188347233e+00
1.661503607214428939e+03 6.581238169669187954e+00
1.666626452905811675e+03 6.588784546764409278e+00
1.671749298597194411e+03 6.596356430489510814e+00
1.676872144288577147e+03 6.603953534232597455e+00
1.681994989979960110e+03 6.611575563879079631e+00
1.687117835671342846e+03 6.619222217936386876e+00
1.692240681362725581e+03 6.626893187658652984e+00
1.697363527054108317e+03 6.634588157171407374e+00
1.702486372745491053e+03 6.642306803596292220e+00
1.707609218436873789e+03 6.650048797175733384e+00
1.712732064128256525e+03 6.657813801397639786e+00
1.717854909819639261e+03 6.665601473120133846e+00
1.722977755511021996e+03 6.673411462696192231e+00
1.728100601202404732e+03 6.681243414098389621e+00
1.733223446893787468e+03 6.689096965043566989e+00
1.738346292585170431e+03 6.696971747117546059e+00
1.743469138276553167e+03 6.704867385899807353e+00
1.748591983967935903e+03 6.712783501088193994e+00
1.753714829659318639e+03 6.720719706623624390e+00
1.758837675350701375e+03 6.728675610814764063e+00
1.763960521042084110e+03 6.736650816462722347e+00
1.769083366733466846e+03 6.744644920985765957e+00
1.774206212424849582e+03 6.752657516544013916e+00
1.779329058116232318e+03 6.760688190164119149e+00
1.784451903807615054e+03 6.768736523863967847e+00
1.789574749498997789e+03 6.776802094777395702e+00
1.794697595190380753e+03 6.784884475278841087e+00
1.799820440881763716e+03 6.792983233108104812e+00
1.804943286573146452e+03 6.801097931494966886e+00
1.810066132264529188e+03 6.809228129283974695e+00
1.815188977955911923e+03 6.817373381059042003e+00
1.820311823647294659e+03 6.825533237268224696e+00
1.825434669338677395e+03 6.833707244348386389e+00
1.830557515030060131e+03 6.841894944849872928e+00
1.835680360721442867e+03 6.850095877561255264e+00
1.840803206412825602e+03 6.858309577633969312e+00
1.845926052104208338e+03 6.866535576707077482e+00
1.851048897795591074e+03 6.874773403031890773e+00
1.856171743486973810e+03 6.883022581596749845e+00
1.861294589178357000e+03 6.891282634251640005e+00
1.866417434869739736e+03 6.899553079832945635e+00
1.871540280561122472e+03 6.907833434288098040e+00
1.876663126252505208e+03 6.916123210800320997e+00
1.881785971943887944e+03 6.924421919913315904e+00
1.886908817635270680e+03 6.932729069655890086e+00
1.892031663326653415e+03 6.941044165666776067e+00
1.897154509018036151e+03 6.949366711319211021e+00
1.902277354709418887e+03 6.957696207845700975e+00
1.907400200400801623e+03 6.966032154462706849e+00
1.912523046092184359e+03 6.974374048495312728e+00
1.917645891783567095e+03 6.982721385501953648e+00
1.922768737474950058e+03 6.991073659399098972e+00
1.927891583166332794e+03 6.999430362585937537e+00
1.933014428857715529e+03 7.007790986069107220e+00
1.938137274549098265e+03 7.016155019587353436e+00
1.943260120240481001e+03 7.024521951736241832e+00
1.948382965931863737e+03 7.032891270092850533e+00
1.953505811623246700e+03 7.041262461340485501e+00
1.958628657314629436e+03 7.049635011393345252e+00
1.963751503006012172e+03 7.058008405521241535e+00
1.968874348697394908e+03 7.066382128474272051e+00
1.973997194388777643e+03 7.074755664607562444e+00
1.979120040080160379e+03 7.083128498005898166e+00
1.984242885771543115e+03 7.091500112608473572e+00
1.989365731462925851e+03 7.099869992333562863e+00
1.994488577154308587e+03 7.108237621203207013e+00
1.999611422845691322e+03 7.116602483467943330e+00
2.004734268537074286e+03 7.124964063731493269e+00
2.009857114228457021e+03 7.133321847075425381e+00
2.014979959919839757e+03 7.141675319183872439e+00
2.020102805611222493e+03 7.150023966468260106e+00
2.025225651302605229e+03 7.158367276191929029e+00
2.030348496993987965e+03 7.166704736594914138e+00
2.035471342685370701e+03 7.175035837018594265e+00
2.040594188376753436e+03 7.183360068030358647e+00
2.045717034068136172e+03 7.191676921548388890e+00
2.050839879759519135e+03 7.199985890966286384e+00
2.055962725450901871e+03 7.208286471277777885e+00
2.061085571142284607e+03 7.216578159201435305e+00
2.066208416833667798e+03 7.224860453305369745e+00
2.071331262525050079e+03 7.233132854131870459e+00
2.076454108216433269e+03 7.241394864322208136e+00
2.081576953907815550e+03 7.249645988741231228e+00
2.086699799599198741e+03 7.257885734602121275e+00
2.091822645290581022e+03 7.266113611591041632e+00
2.096945490981964213e+03 7.274329131991892794e+00
2.102068336673346494e+03 7.282531810810954909e+00
2.107191182364729684e+03 7.290721165901627998e+00
2.112314028056112420e+03 7.298896718089082469e+00
2.117436873747495156e+03 7.307057991294977128e+00
2.122559719438877892e+03 7.315204512662181635e+00
2.127682565130260627e+03 7.323335812679443002e+00
2.132805410821643363e+03 7.331451425306083181e+00
2.137928256513026099e+03 7.339550888096660231e+00
2.143051102204408835e+03 7.347633742325765382e+00
2.148173947895791571e+03 7.355699533112636246e+00
2.153296793587174307e+03 7.363747809545866829e+00
2.158419639278557042e+03 7.371778124808079369e+00
2.163542484969939778e+03 7.379790036300725831e+00
2.168665330661322514e+03 7.387783105768651382e+00
2.173788176352705705e+03 7.395756899424874575e+00
2.178911022044087986e+03 7.403710988075248522e+00
2.184033867735471176e+03 7.411644947243163806e+00
2.189156713426853457e+03 7.419558357294253170e+00
2.194279559118236648e+03 7.427450803561097104e+00
2.199402404809618929e+03 7.435321876467883229e+00
2.204525250501002120e+03 7.443171171655142082e+00
2.209648096192384401e+03 7.450998290104398514e+00
2.214770941883767591e+03 7.458802838262936774e+00
2.219893787575150327e+03 7.466584428168427934e+00
2.225016633266533063e+03 7.474342677573636351e+00
2.230139478957915799e+03 7.482077210071174989e+00
2.235262324649298534e+03 7.489787655218151485e+00
2.240385170340681725e+03 7.497473648660829326e+00
2.245508016032064006e+03 7.505134832259406252e+00
2.250630861723447197e+03 7.512770854212673655e+00
2.255753707414829478e+03 7.520381369182704390e+00
2.260876553106212668e+03 7.527966038419521055e+00
2.265999398797594949e+03 7.535524529885893941e+00
2.271122244488978140e+03 7.543056518381908049e+00
2.276245090180360876e+03 7.550561685669745060e+00
2.281367935871743612e+03 7.558039720598348055e+00
2.286490781563126347e+03 7.565490319228130645e+00
2.291613627254509083e+03 7.572913184955686106e+00
2.296736472945892274e+03 7.580308028638425455e+00
2.301859318637274555e+03 7.587674568719346979e+00
2.306982164328657746e+03 7.595012531351669871e+00
2.312105010020040027e+03 7.602321650523599317e+00
2.317227855711423217e+03 7.609601668182901513e+00
2.322350701402805498e+03 7.616852334361794874e+00
2.327473547094188689e+03 7.624073407301451333e+00
2.332596392785570970e+03 7.631264653576765866e+00
2.337719238476954160e+03 7.638425848221127801e+00
2.342842084168336442e+03 7.645556774851016257e+00
2.347964929859719632e+03 7.652657225790693296e+00
2.353087775551101913e+03 7.659727002196966339e+00
2.358210621242485104e+03 7.666765914183875097e+00
2.363333466933867840e+03 7.673773780947330536e+00
2.368456312625250575e+03 7.680750430889863978e+00
2.373579158316633311e+03 7.687695701745317578e+00
2.378702004008016047e+03 7.694609440703510828e+00
2.383824849699398783e+03 7.701491504534943466e+00
2.388947695390781519e+03 7.708341759715546360e+00
2.394070541082164254e+03 7.715160082551311582e+00
2.399193386773546990e+03 7.721946359302993557e+00
2.404316232464929726e+03 7.728700486310849271e+00
2.409439078156312462e+03 7.735422370119316327e+00
2.414561923847695198e+03 7.742111927601668775e+00
2.419684769539077934e+03 7.748769086084775992e+00
2.424807615230461124e+03 7.755393783473730096e+00
2.429930460921843860e+03 7.761985968376659883e+00
2.435053306613226596e+03 7.768545600229273873e+00
2.440176152304609332e+03 7.775072649419636939e+00
2.445298997995992067e+03 7.781567097412889211e+00
2.450421843687374803e+03 7.788028936875921460e+00
2.455544689378757539e+03 7.794458171802029156e+00
2.460667535070140275e+03 7.800854817635648253e+00
2.465790380761523011e+03 7.807218901397094513e+00
2.470913226452905747e+03 7.813550461807131420e+00
2.476036072144288482e+03 7.819849549411808098e+00
2.481158917835671673e+03 7.826116226707086732e+00
2.486281763527054409e+03 7.832350568263525048e+00
2.491404609218437145e+03 7.838552660850979237e+00
2.496527454909819880e+03 7.844722603563377028e+00
2.501650300601202616e+03 7.850860507943281164e+00
2.506773146292585352e+03 7.856966498106683794e+00
2.511895991983968088e+03 7.863040710867684524e+00
2.517018837675350824e+03 7.869083295863176453e+00
2.522141683366733560e+03 7.875094415677533988e+00
2.527264529058116295e+03 7.881074245967288228e+00
2.532387374749499031e+03 7.887022975585892937e+00
2.537510220440881767e+03 7.892940806708385715e+00
2.542633066132264503e+03 7.898827954956044728e+00
2.547755911823647693e+03 7.904684649521133366e+00
2.552878757515029974e+03 7.910511133291587171e+00
2.558001603206413165e+03 7.916307662975714976e+00
2.563124448897795446e+03 7.922074509226830763e+00
2.568247294589178637e+03 7.927811956768071155e+00
2.573370140280560918e+03 7.933520304517002408e+00
2.578492985971944108e+03 7.939199865710319770e+00
2.583615831663326389e+03 7.944850968028580596e+00
2.588738677354709580e+03 7.950473953720874398e+00
2.593861523046091861e+03 7.956069179729521323e+00
2.598984368737475052e+03 7.961637017814799933e+00
2.604107214428857333e+03 7.967177854679579951e+00
2.609230060120240523e+03 7.972692092094098903e+00
2.614352905811623259e+03 7.978180147020585089e+00
2.619475751503005995e+03 7.983642451737969381e+00
2.624598597194388731e+03 7.989079453966637878e+00
2.629721442885771467e+03 7.994491616993070870e+00
2.634844288577154657e+03 7.999879419794549307e+00
2.639967134268536938e+03 8.005243357163831064e+00
2.645089979959920129e+03 8.010583939833937350e+00
2.650212825651302410e+03 8.015901694602730387e+00
2.655335671342685600e+03 8.021197164457646522e+00
2.660458517034067881e+03 8.026470908700508389e+00
2.665581362725451072e+03 8.031723503071990677e+00
2.670704208416833808e+03 8.036955539876537102e+00
2.675827054108216544e+03 8.042167628106934529e+00
2.680949899799599280e+03 8.047360393569061188e+00
2.686072745490982015e+03 8.052534479006533630e+00
2.691195591182365206e+03 8.057690544225415863e+00
2.696318436873747487e+03 8.062829266219047497e+00
2.701441282565130678e+03 8.067951339292470436e+00
2.706564128256512959e+03 8.073057475187368937e+00
2.711686973947896149e+03 8.078148403206640182e+00
2.716809819639278430e+03 8.083224870339201118e+00
2.721932665330661621e+03 8.088287641384496851e+00
2.727055511022043902e+03 8.093337499077362551e+00
2.732178356713427092e+03 8.098375244212718371e+00
2.737301202404809374e+03 8.103401695770116930e+00
2.742424048096192564e+03 8.108417691038598107e+00
2.747546893787574845e+03 8.113424085741321790e+00
2.752669739478958036e+03 8.118421754160257464e+00
2.757792585170340772e+03 8.123411589260868482e+00
2.762915430861723507e+03 8.128394502816858491e+00
2.768038276553106243e+03 8.133371425534821952e+00
2.773161122244488979e+03 8.138343307178979913e+00
2.778283967935871715e+03 8.143311116695805651e+00
2.783406813627254451e+03 8.148275842338820851e+00
2.788529659318637187e+03 8.153238491793224796e+00
2.793652505010019922e+03 8.158200092300539552e+00
2.798775350701402658e+03 8.163161690783486080e+00
2.803898196392785394e+03 8.168124353970490859e+00
2.809021042084168130e+03 8.173089168520448311e+00
2.814143887775550866e+03 8.178057241147465461e+00
2.819266733466934056e+03 8.183029698745521330e+00
2.824389579158316337e+03 8.188007688513099680e+00
2.829512424849699528e+03 8.192992378078045590e+00
2.834635270541081809e+03 8.197984955622032999e+00
2.839758116232464999e+03 8.202986630005515423e+00
2.844880961923847281e+03 8.207998630892209491e+00
2.850003807615230471e+03 8.213022208873923091e+00
2.855126653306612752e+03 8.218058635595195227e+00
2.860249498997995943e+03 8.223109203877985607e+00
2.865372344689378224e+03 8.228175227846396211e+00
2.870495190380761414e+03 8.233258043051401742e+00
2.875618036072144605e+03 8.238359006595427303e+00
2.880740881763527341e+03 8.243479497257199640e+00
2.885863727454910077e+03 8.248620915616305282e+00
2.890986573146292812e+03 8.253784684177979614e+00
2.896109418837675548e+03 8.258972247497759156e+00
2.901232264529058284e+03 8.264185072306187152e+00
2.906355110220441020e+03 8.269424647633513814e+00
2.911477955911823756e+03 8.274692484934387693e+00
2.916600801603206492e+03 8.279990118212536387e+00
2.921723647294589227e+03 8.285319104145518310e+00
2.926846492985971963e+03 8.290681022209401618e+00
2.931969338677354699e+03 8.296077474803308149e+00
2.937092184368737435e+03 8.301510087374399660e+00
2.942215030060120625e+03 8.306980508542325836e+00
2.947337875751502906e+03 8.312490410224054216e+00
2.952460721442886097e+03 8.318041487758481622e+00
2.957583567134268378e+03 8.323635460031184152e+00
2.962706412825651569e+03 8.329274069599128083e+00
2.967829258517033850e+03 8.334959082815306175e+00
2.972952104208417040e+03 8.340692289953439698e+00
2.978074949899799321e+03 8.346475505332794143e+00
2.983197795591182512e+03 8.352310567442710720e+00
2.988320641282564793e+03 8.358199339067359901e+00
2.993443486973947984e+03 8.364143707410509165e+00
2.998566332665330719e+03 8.370145584220125556e+00
3.003689178356713455e+03 8.376206905913122114e+00
3.008812024048096191e+03 8.382329633700015492e+00
3.013934869739478927e+03 8.388515753709686606e+00
3.019057715430861663e+03 8.394767277114009829e+00
3.024180561122244399e+03 8.401086240252539028e+00
3.029303406813627134e+03 8.407474704757344597e+00
3.034426252505009870e+03 8.413934757677520082e+00
3.039549098196392606e+03 8.420468511603974804e+00
3.044671943887775342e+03 8.427078104794134106e+00
3.049794789579158078e+03 8.433765701296671580e+00
3.054917635270540814e+03 8.440533491076042338e+00
3.060040480961923549e+03 8.447383690137336032e+00
3.065163326653306285e+03 8.454318540651026836e+00
3.070286172344689476e+03 8.461340311077460541e+00
3.075409018036071757e+03 8.468451296291673813e+00
3.080531863727454947e+03 8.475653817708055371e+00
3.085654709418838138e+03 8.482950223405175905e+00
3.090777555110220419e+03 8.490342888250296483e+00
3.095900400801603610e+03 8.497834214024079458e+00
3.101023246492985891e+03 8.505426629545450368e+00
3.106146092184369081e+03 8.513122590796221800e+00
3.111268937875751362e+03 8.520924581045592916e+00
3.116391783567134553e+03 8.528835110975155231e+00
3.121514629258516834e+03 8.536856718803411681e+00
3.126637474949900025e+03 8.544991970410471538e+00
3.131760320641282760e+03 8.553243459462787968e+00
3.136883166332665496e+03 8.561613807537877818e+00
3.142006012024048232e+03 8.570105664249009436e+00
3.147128857715430968e+03 8.578721707369764360e+00
3.152251703406813704e+03 8.587464642958959615e+00
3.157374549098196439e+03 8.596337205485205857e+00
3.162497394789579175e+03 8.605342157951611171e+00
3.167620240480961911e+03 8.614482292020436915e+00
3.172743086172344647e+03 8.623760428137943634e+00
3.177865931863727383e+03 8.633179415659006040e+00
3.182988777555110119e+03 8.642742132971665825e+00
3.188111623246492854e+03 8.652451487622101922e+00
3.193234468937876045e+03 8.662310416439087390e+00
3.198357314629258326e+03 8.672321885658892171e+00
3.203480160320641517e+03 8.682488891049708002e+00
3.208603006012023798e+03 8.692814458036618674e+00
3.213725851703406988e+03 8.703301641826218571e+00
3.218848697394789269e+03 8.713953527531190346e+00
3.223971543086172460e+03 8.724773230295088666e+00
3.229094388777554741e+03 8.735763895417097302e+00
3.234217234468937932e+03 8.746928698476619246e+00
3.239340080160320213e+03 8.758270845457932552e+00
3.244462925851703403e+03 8.769793572875160592e+00
3.249585771543086139e+03 8.781500147896601050e+00
3.254708617234468875e+03 8.729234711978946848e+00
3.304186463379019187e+03 8.789797866489202249e+00
3.353664309523569500e+03 8.850361020999455874e+00
3.403142155668120267e+03 8.910924175509711276e+00
3.452620001812670580e+03 8.971487330019964901e+00
3.502097847957220893e+03 9.032050484530220302e+00
3.551575694101771205e+03 9.092613639040475704e+00
3.601053540246321973e+03 9.153176793550729329e+00
3.650531386390872285e+03 9.213739948060982954e+00
3.700009232535422598e+03 9.274303102571238355e+00
3.749487078679972910e+03 9.334866257081493757e+00
3.798964924824523223e+03 9.395429411591747382e+00
3.848442770969073536e+03 9.455992566102001007e+00
3.897920617113624303e+03 9.516555720612256408e+00
3.947398463258174615e+03 9.577118875122511810e+00
3.996876309402724928e+03 9.637682029632767211e+00
4.046354155547275695e+03 9.698245184143020836e+00
4.095832001691826008e+03 9.758808338653274461e+00
4.145309847836376321e+03 9.819371493163529863e+00
4.194787693980926633e+03 9.879934647673785264e+00
4.244265540125476946e+03 9.940497802184038889e+00
4.293743386270027258e+03 1.000106095669429251e+01
4.343221232414578481e+03 1.006162411120454792e+01
4.392699078559127884e+03 1.012218726571480332e+01
4.442176924703679106e+03 1.018275042022505872e+01
4.491654770848229418e+03 1.024331357473531234e+01
4.541132616992779731e+03 1.030387672924556597e+01
4.590610463137330044e+03 1.036443988375582137e+01
4.640088309281880356e+03 1.042500303826607677e+01
4.689566155426430669e+03 1.048556619277633040e+01
4.739044001570980981e+03 1.054612934728658402e+01
4.788521847715532203e+03 1.060669250179684120e+01
4.837999693860081607e+03 1.066725565630709482e+01
4.887477540004632829e+03 1.072781881081735023e+01
4.936955386149183141e+03 1.078838196532760563e+01
4.986433232293733454e+03 1.084894511983785748e+01
5.035911078438283766e+03 1.090950827434811288e+01
5.085388924582834079e+03 1.097007142885836828e+01
5.134866770727384392e+03 1.103063458336862190e+01
5.184344616871934704e+03 1.109119773787887553e+01
5.233822463016485926e+03 1.115176089238913271e+01
5.283300309161035329e+03 1.121232404689938633e+01
5.332778155305586552e+03 1.127288720140964173e+01
5.382256001450135955e+03 1.133345035591989358e+01
5.431733847594687177e+03 1.139401351043015076e+01
5.481211693739237489e+03 1.145457666494040438e+01
5.530689539883787802e+03 1.151513981945065979e+01
5.580167386028338115e+03 1.157570297396091519e+01
5.629645232172888427e+03 1.163626612847116881e+01
5.679123078317439649e+03 1.169682928298142421e+01
5.728600924461989052e+03 1.175739243749167784e+01
5.778078770606540274e+03 1.181795559200193324e+01
5.827556616751089678e+03 1.187851874651218509e+01
5.877034462895640900e+03 1.193908190102244227e+01
5.926512309040191212e+03 1.199964505553269589e+01
5.975990155184741525e+03 1.206020821004295129e+01
6.025468001329291837e+03 1.212077136455320669e+01
6.074945847473842150e+03 1.218133451906346032e+01
6.124423693618393372e+03 1.224189767357371572e+01
6.173901539762942775e+03 1.230246082808396935e+01
6.223379385907493997e+03 1.236302398259422475e+01
6.272857232052043400e+03 1.242358713710447837e+01
6.322335078196594623e+03 1.248415029161473377e+01
6.371812924341144935e+03 1.254471344612498740e+01
6.421290770485695248e+03 1.260527660063524280e+01
6.470768616630245560e+03 1.266583975514549820e+01
6.520246462774795873e+03 1.272640290965575183e+01
6.569724308919347095e+03 1.278696606416600545e+01
6.619202155063896498e+03 1.284752921867626085e+01
6.668680001208447720e+03 1.290809237318651626e+01
6.718157847352997123e+03 1.296865552769676810e+01
6.767635693497548345e+03 1.302921868220702351e+01
6.817113539642098658e+03 1.308978183671727891e+01
6.866591385786648971e+03 1.315034499122753431e+01
6.916069231931199283e+03 1.321090814573778971e+01
6.965547078075749596e+03 1.327147130024804156e+01
7.015024924220300818e+03 1.333203445475830051e+01
7.064502770364850221e+03 1.339259760926855236e+01
7.113980616509401443e+03 1.345316076377880776e+01
7.163458462653950846e+03 1.351372391828905961e+01
7.212936308798502068e+03 1.357428707279931501e+01
7.262414154943052381e+03 1.363485022730957041e+01
7.311892001087602694e+03 1.369541338181982582e+01
7.361369847232153006e+03 1.375597653633008122e+01
7.410847693376703319e+03 1.381653969084033307e+01
7.460325539521253631e+03 1.387710284535058847e+01
7.509803385665803944e+03 1.393766599986084387e+01
7.559281231810355166e+03 1.399822915437109927e+01
7.608759077954905479e+03 1.405879230888135467e+01
7.658236924099455791e+03 1.411935546339161007e+01
7.707714770244006104e+03 1.417991861790186192e+01
7.757192616388556416e+03 1.424048177241211732e+01
7.806670462533106729e+03 1.430104492692237272e+01
7.856148308677657042e+03 1.436160808143262813e+01
7.905626154822207354e+03 1.442217123594287997e+01
7.955104000966757667e+03 1.448273439045313538e+01
8.004581847111307980e+03 1.454329754496339078e+01
8.054059693255859202e+03 1.460386069947364618e+01
8.103537539400409514e+03 1.466442385398390158e+01
8.153015385544959827e+03 1.472498700849415343e+01
8.202493231689510139e+03 1.478555016300440883e+01
8.251971077834059543e+03 1.484611331751466068e+01
8.301448923978610765e+03 1.490667647202491963e+01
8.350926770123161987e+03 1.496723962653517503e+01
8.400404616267711390e+03 1.502780278104542688e+01
8.449882462412260793e+03 1.508836593555567873e+01
8.499360308556813834e+03 1.514892909006593769e+01
8.548838154701363237e+03 1.520949224457619309e+01
8.598316000845912640e+03 1.527005539908644494e+01
8.647793846990463862e+03 1.533061855359670034e+01
8.697271693135015084e+03 1.539118170810695574e+01
8.746749539279564488e+03 1.545174486261721114e+01
8.796227385424113891e+03 1.551230801712746299e+01
8.845705231568665113e+03 1.557287117163771839e+01
8.895183077713216335e+03 1.563343432614797379e+01
8.944660923857765738e+03 1.569399748065822919e+01
8.994138770002316960e+03 1.575456063516848459e+01
9.043616616146868182e+03 1.581512378967874000e+01
9.093094462291417585e+03 1.587568694418899184e+01
9.142572308435966988e+03 1.593625009869924725e+01
9.192050154580518210e+03 1.599681325320950265e+01
9.241528000725069433e+03 1.605737640771975805e+01
9.291005846869618836e+03 1.611793956223000990e+01
9.340483693014168239e+03 1.617850271674026530e+01
9.389961539158721280e+03 1.623906587125052070e+01
9.439439385303270683e+03 1.629962902576077610e+01
9.488917231447820086e+03 1.636019218027102795e+01
9.538395077592371308e+03 1.642075533478128335e+01
9.587872923736922530e+03 1.648131848929153875e+01
9.637350769881471933e+03 1.654188164380179416e+01
9.686828616026021336e+03 1.660244479831204600e+01
9.736306462170572559e+03 1.666300795282230141e+01
9.785784308315123781e+03 1.672357110733255681e+01
9.835262154459673184e+03 1.678413426184281221e+01
9.884740000604224406e+03 1.684469741635306761e+01
9.934217846748775628e+03 1.690526057086332301e+01
9.983695692893325031e+03 1.696582372537357486e+01
1.003317353903787443e+04 1.702638687988383026e+01
1.008265138518242566e+04 1.708695003439408566e+01
1.013212923132697688e+04 1.714751318890434106e+01
1.018160707747152628e+04 1.720807634341459291e+01
1.023108492361607568e+04 1.726863949792484831e+01
1.028056276976062873e+04 1.732920265243510372e+01
1.033004061590517813e+04 1.738976580694535912e+01
1.037951846204972753e+04 1.745032896145561097e+01
1.042899630819427875e+04 1.751089211596586637e+01
1.047847415433882998e+04 1.757145527047612177e+01
1.052795200048337938e+04 1.763201842498637717e+01
1.057742984662792878e+04 1.769258157949662902e+01
1.062690769277248000e+04 1.775314473400688442e+01
1.067638553891703123e+04 1.781370788851713982e+01
1.072586338506158063e+04 1.787427104302739522e+01
1.077534123120613185e+04 1.793483419753765062e+01
1.082481907735068307e+04 1.799539735204790603e+01
1.087429692349523248e+04 1.805596050655815787e+01
1.092377476963978188e+04 1.811652366106841328e+01
1.097325261578433310e+04 1.817708681557866868e+01
1.102273046192888432e+04 1.823764997008892408e+01
1.107220830807343373e+04 1.829821312459917593e+01
1.112168615421798313e+04 1.835877627910943133e+01
1.117116400036253617e+04 1.841933943361968673e+01
1.122064184650708557e+04 1.847990258812994213e+01
1.127011969265163498e+04 1.854046574264019398e+01
1.131959753879618620e+04 1.860102889715044938e+01
1.136907538494073742e+04 1.866159205166070478e+01
1.141855323108528682e+04 1.872215520617096018e+01
1.146803107722983623e+04 1.878271836068121203e+01
1.151750892337438927e+04 1.884328151519147099e+01
1.156698676951893867e+04 1.890384466970172284e+01
1.161646461566348808e+04 1.896440782421197824e+01
1.166594246180803748e+04 1.902497097872223009e+01
1.171542030795259052e+04 1.908553413323248904e+01
1.176489815409713992e+04 1.914609728774274089e+01
1.181437600024168933e+04 1.920666044225299629e+01
1.186385384638624237e+04 1.926722359676325169e+01
1.191333169253079177e+04 1.932778675127350709e+01
1.196280953867534117e+04 1.938834990578375894e+01
1.201228738481989058e+04 1.944891306029401434e+01
1.206176523096444362e+04 1.950947621480426974e+01
1.211124307710899302e+04 1.957003936931452515e+01
1.216072092325354242e+04 1.963060252382477699e+01
1.221019876939809183e+04 1.969116567833503240e+01
1.225967661554264487e+04 1.975172883284528780e+01
1.230915446168719427e+04 1.981229198735554320e+01
1.235863230783174367e+04 1.987285514186579505e+01
1.240811015397629671e+04 1.993341829637605400e+01
1.245758800012084612e+04 1.999398145088630585e+01
1.250706584626539552e+04 2.005454460539656125e+01
1.255654369240994492e+04 2.011510775990681310e+01
1.260602153855449797e+04 2.017567091441707205e+01
1.265549938469904737e+04 2.023623406892732390e+01
1.270497723084359677e+04 2.029679722343757931e+01
1.275445507698814617e+04 2.035736037794783115e+01
1.280393292313269922e+04 2.041792353245809011e+01
1.285341076927724862e+04 2.047848668696834196e+01
1.290288861542179802e+04 2.053904984147859736e+01
1.295236646156635106e+04 2.059961299598885276e+01
1.300184430771090047e+04 2.066017615049910816e+01
1.305132215385544987e+04 2.072073930500936001e+01
1.310079999999999927e+04 2.078130245951961186e+01
