5.192500000000000000e+02 1.000658037146662238e+01
5.247819639278557133e+02 1.004144318436146932e+01
5.303139278557114267e+02 1.007606122804583926e+01
5.358458917835671400e+02 1.011043617727703037e+01
5.413778557114228533e+02 1.014456969776496464e+01
5.469098196392785667e+02 1.017846344619944787e+01
5.524417835671342800e+02 1.021211907027744026e+01
5.579737474949899934e+02 1.024553820873035193e+01
5.635057114228457067e+02 1.027872249135128691e+01
5.690376753507014200e+02 1.031167353902234929e+01
5.745696392785571334e+02 1.034439296374189254e+01
5.801016032064128467e+02 1.037688236865180613e+01
5.856335671342685600e+02 1.040914334806479147e+01
5.911655310621242734e+02 1.044117748749162899e+01
5.966974949899799867e+02 1.047298636366845770e+01
6.022294589178357000e+02 1.050457154458404752e+01
6.077614228456914134e+02 1.053593458950707529e+01
6.132933867735471267e+02 1.056707704901339895e+01
6.188253507014028401e+02 1.059800046501333526e+01
6.243573146292585534e+02 1.062870637077892155e+01
6.298892785571142667e+02 1.065919629097120946e+01
6.354212424849699801e+02 1.068947174166752134e+01
6.409532064128256934e+02 1.071953423038874043e+01
6.464851703406814067e+02 1.074938525612656903e+01
6.520171342685371201e+02 1.077902630937082051e+01
6.575490981963928334e+02 1.080845887213667922e+01
6.630810621242485468e+02 1.083768441799198179e+01
6.686130260521042601e+02 1.086670441208449311e+01
6.741449899799599734e+02 1.089552031116917519e+01
6.796769539078156868e+02 1.092413356363546129e+01
6.852089178356714001e+02 1.095254560953454792e+01
6.907408817635271134e+02 1.098075788060664060e+01
6.962728456913828268e+02 1.100877180030824753e+01
7.018048096192385401e+02 1.103658878383945208e+01
7.073367735470942534e+02 1.106421023817118332e+01
7.128687374749498531e+02 1.109163756207248852e+01
7.184007014028056801e+02 1.111887214613782149e+01
7.239326653306613935e+02 1.114591537281429368e+01
7.294646292585171068e+02 1.117276861642896790e+01
7.349965931863727064e+02 1.119943324321613076e+01
7.405285571142285335e+02 1.122591061134455259e+01
7.460605210420842468e+02 1.125220207094478475e+01
7.515924849699399601e+02 1.127830896413640893e+01
7.571244488977956735e+02 1.130423262505533444e+01
7.626564128256512731e+02 1.132997437988105816e+01
7.681883767535071001e+02 1.135553554686394762e+01
7.737203406813628135e+02 1.138091743635250452e+01
7.792523046092184131e+02 1.140612135082064960e+01
7.847842685370741265e+02 1.143114858489499674e+01
7.903162324649299535e+02 1.145600042538212193e+01
7.958481963927856668e+02 1.148067815129583735e+01
8.013801603206413802e+02 1.150518303388447450e+01
8.069121242484969798e+02 1.152951633665814946e+01
8.124440881763526932e+02 1.155367931541603710e+01
8.179760521042085202e+02 1.157767321827365947e+01
8.235080160320642335e+02 1.160149928569013866e+01
8.290399799599198332e+02 1.162515875049549052e+01
8.345719438877755465e+02 1.164865283791789352e+01
8.401039078156313735e+02 1.167198276561095049e+01
8.456358717434870869e+02 1.169514974368098414e+01
8.511678356713426865e+02 1.171815497471429524e+01
8.566997995991983998e+02 1.174099965380444388e+01
8.622317635270541132e+02 1.176368496857952728e+01
8.677637274549098265e+02 1.178621209922944502e+01
8.732956913827655399e+02 1.180858221853318213e+01
8.788276553106212532e+02 1.183079649188607796e+01
8.843596192384769665e+02 1.185285607732710389e+01
8.898915831663326799e+02 1.187476212556613575e+01
8.954235470941883932e+02 1.189651578001123156e+01
9.009555110220441065e+02 1.191811817679590213e+01
9.064874749498998199e+02 1.193957044480638352e+01
9.120194388777554195e+02 1.196087370570892361e+01
9.175514028056111329e+02 1.198202907397704209e+01
9.230833667334669599e+02 1.200303765691880997e+01
9.286153306613226732e+02 1.202390055470413266e+01
9.341472945891782729e+02 1.204461886039200813e+01
9.396792585170340999e+02 1.206519365995781534e+01
9.452112224448898132e+02 1.208562603232058308e+01
9.507431863727455266e+02 1.210591704937026414e+01
9.562751503006011262e+02 1.212606777599501129e+01
9.618071142284568396e+02 1.214607927010844968e+01
9.673390781563126666e+02 1.216595258267695456e+01
9.728710420841683799e+02 1.218568875774692373e+01
9.784030060120240933e+02 1.220528883247205343e+01
9.839349699398796929e+02 1.222475383714060726e+01
9.894669338677354062e+02 1.224408479520269744e+01
9.949988977955912333e+02 1.226328272329756430e+01
1.000530861723446947e+03 1.228234863128082921e+01
1.006062825651302546e+03 1.230128352225179533e+01
1.011594789579158260e+03 1.232008839258070587e+01
1.017126753507013973e+03 1.233876423193602179e+01
1.022658717434869800e+03 1.235731202331169776e+01
1.028190681362725400e+03 1.237573274305445992e+01
1.033722645290581113e+03 1.239402736089106938e+01
1.039254609218437054e+03 1.241219683995560885e+01
1.044786573146292540e+03 1.243024213681675683e+01
1.050318537074148480e+03 1.244816420150504754e+01
1.055850501002003966e+03 1.246596397754016117e+01
1.061382464929859680e+03 1.248364240195819264e+01
1.066914428857715393e+03 1.250120040533892585e+01
1.072446392785571334e+03 1.251863891183310784e+01
1.077978356713426820e+03 1.253595883918972120e+01
1.083510320641282533e+03 1.255316109878326536e+01
1.089042284569138246e+03 1.257024659564102720e+01
1.094574248496994187e+03 1.258721622847035171e+01
1.100106212424849673e+03 1.260407088968592326e+01
1.105638176352705386e+03 1.262081146543703269e+01
1.111170140280561100e+03 1.263743883563486570e+01
1.116702104208416813e+03 1.265395387397975213e+01
1.122234068136272526e+03 1.267035744798847219e+01
1.127766032064128240e+03 1.268665041902150392e+01
1.133297995991983953e+03 1.270283364231030987e+01
1.138829959919839894e+03 1.271890796698461656e+01
1.144361923847695380e+03 1.273487423609967450e+01
1.149893887775551093e+03 1.275073328666354655e+01
1.155425851703406806e+03 1.276648594966437678e+01
1.160957815631262520e+03 1.278213305009765755e+01
1.166489779559118233e+03 1.279767540699352324e+01
1.172021743486973946e+03 1.281311383344399957e+01
1.177553707414829660e+03 1.282844913663030439e+01
1.183085671342685373e+03 1.284368211785009883e+01
1.188617635270541086e+03 1.285881357254477564e+01
1.194149599198396800e+03 1.287384429032673161e+01
1.199681563126252513e+03 1.288877505500664000e+01
1.205213527054108226e+03 1.290360664462072471e+01
1.210745490981963940e+03 1.291833983145803799e+01
1.216277454909819426e+03 1.293297538208772757e+01
1.221809418837675366e+03 1.294751405738632144e+01
1.227341382765531080e+03 1.296195661256499321e+01
1.232873346693386793e+03 1.297630379719684512e+01
1.238405310621242506e+03 1.299055635524416985e+01
1.243937274549098220e+03 1.300471502508574595e+01
1.249469238476953933e+03 1.301878053954408898e+01
1.255001202404809646e+03 1.303275362591273634e+01
1.260533166332665132e+03 1.304663500598352677e+01
1.266065130260521073e+03 1.306042539607387098e+01
1.271597094188376786e+03 1.307412550705402055e+01
1.277129058116232500e+03 1.308773604437434734e+01
1.282661022044087986e+03 1.310125770809262136e+01
1.288192985971943926e+03 1.311469119290127772e+01
1.293724949899799640e+03 1.312803718815469800e+01
1.299256913827655353e+03 1.314129637789647909e+01
1.304788877755510839e+03 1.315446944088671444e+01
1.310320841683366780e+03 1.316755705062925941e+01
1.315852805611222266e+03 1.318055987539901253e+01
1.321384769539078206e+03 1.319347857826919146e+01
1.326916733466933692e+03 1.320631381713859653e+01
1.332448697394789633e+03 1.321906624475890091e+01
1.337980661322645346e+03 1.323173650876191587e+01
1.343512625250501060e+03 1.324432525168686148e+01
1.349044589178356546e+03 1.325683311100765138e+01
1.354576553106212486e+03 1.326926071916016170e+01
1.360108517034067972e+03 1.328160870356950340e+01
1.365640480961923913e+03 1.329387768667729830e+01
1.371172444889779399e+03 1.330606828596895852e+01
1.376704408817635340e+03 1.331818111400095361e+01
1.382236372745490826e+03 1.333021677842809183e+01
1.387768336673346766e+03 1.334217588203078897e+01
1.393300300601202252e+03 1.335405902274234435e+01
1.398832264529058193e+03 1.336586679367622033e+01
1.404364228456913679e+03 1.337759978315330756e+01
1.409896192384769620e+03 1.338925857472920811e+01
1.415428156312625106e+03 1.340084374722149896e+01
1.420960120240481046e+03 1.341235587473702928e+01
1.426492084168336532e+03 1.342379552669916087e+01
1.432024048096192473e+03 1.343516326787507431e+01
1.437556012024048187e+03 1.344645965840302893e+01
1.443087975951903672e+03 1.345768525381962988e+01
1.448619939879759386e+03 1.346884060508712544e+01
1.454151903807615327e+03 1.347992625862065452e+01
1.459683867735470812e+03 1.349094275631554396e+01
1.465215831663326753e+03 1.350189063557456493e+01
1.470747795591182239e+03 1.351277042933522310e+01
1.476279759519038180e+03 1.352358266609702397e+01
1.481811723446893666e+03 1.353432786994874881e+01
1.487343687374749379e+03 1.354500656059572350e+01
1.492875651302605092e+03 1.355561925338710871e+01
1.498407615230461033e+03 1.356616645934316168e+01
1.503939579158316519e+03 1.357664868518251033e+01
1.509471543086172460e+03 1.358706643334943465e+01
1.515003507014027946e+03 1.359742020204113899e+01
1.520535470941883887e+03 1.360771048523502280e+01
1.526067434869739373e+03 1.361793777271595474e+01
1.531599398797595313e+03 1.362810255010355753e+01
1.537131362725450799e+03 1.363820529887946620e+01
1.542663326653306513e+03 1.364824649641462173e+01
1.548195290581162226e+03 1.365822661599652932e+01
1.553727254509018167e+03 1.366814612685653607e+01
1.559259218436873653e+03 1.367800549419711231e+01
1.564791182364729593e+03 1.368780517921912043e+01
1.570323146292585079e+03 1.369754563914909262e+01
1.575855110220441020e+03 1.370722732726650506e+01
1.581387074148296733e+03 1.371685069293104320e+01
1.586919038076152219e+03 1.372641618160989374e+01
1.592451002004007933e+03 1.373592423490500281e+01
1.597982965931863646e+03 1.374537529058035901e+01
1.603514929859719359e+03 1.375476978258926763e+01
1.609046893787575300e+03 1.376410814110162306e+01
1.614578857715430786e+03 1.377339079253118115e+01
1.620110821643286727e+03 1.378261815956284231e+01
1.625642785571142440e+03 1.379179066117990615e+01
1.631174749498997926e+03 1.380090871269137764e+01
1.636706713426853639e+03 1.380997272575921286e+01
1.642238677354709353e+03 1.381898310842560740e+01
1.647770641282565066e+03 1.382794026514026520e+01
1.653302605210421007e+03 1.383684459678768341e+01
1.658834569138276493e+03 1.384569650071440705e+01
1.664366533066132433e+03 1.385449637075632623e+01
1.669898496993987919e+03 1.386324459726593616e+01
1.675430460921843633e+03 1.387194156713961668e+01
1.680962424849699346e+03 1.388058766384489928e+01
1.686494388777555059e+03 1.388918326744775555e+01
1.692026352705410773e+03 1.389772875463986068e+01
1.697558316633266259e+03 1.390622449876587652e+01
1.703090280561122199e+03 1.391467086985070978e+01
1.708622244488978140e+03 1.392306823462680576e+01
1.714154208416833626e+03 1.393141695656141898e+01
1.719686172344689339e+03 1.393971739588386960e+01
1.725218136272545053e+03 1.394796990961284422e+01
1.730750100200400766e+03 1.395617485158365056e+01
1.736282064128256479e+03 1.396433257247550586e+01
1.741814028056111965e+03 1.397244341983879501e+01
1.747345991983967906e+03 1.398050773812236613e+01
1.752877955911823847e+03 1.398852586870078341e+01
1.758409919839679333e+03 1.399649814990161723e+01
1.763941883767535273e+03 1.400442491703271486e+01
1.769473847695390759e+03 1.401230650240947107e+01
1.775005811623246473e+03 1.402014323538210228e+01
1.780537775551102186e+03 1.402793544236293144e+01
1.786069739478957899e+03 1.403568344685364266e+01
1.791601703406813613e+03 1.404338756947258204e+01
1.797133667334669099e+03 1.405104812798200697e+01
1.802665631262525039e+03 1.405866543731537810e+01
1.808197595190380980e+03 1.406623980960462283e+01
1.813729559118236466e+03 1.407377155420742021e+01
1.819261523046092179e+03 1.408126097773445906e+01
1.824793486973947893e+03 1.408870838407673709e+01
1.830325450901803606e+03 1.409611407443281372e+01
1.835857414829659319e+03 1.410347834733608430e+01
1.841389378757514805e+03 1.411080149868207734e+01
1.846921342685370746e+03 1.411808382175570742e+01
1.852453306613226687e+03 1.412532560725855468e+01
1.857985270541082173e+03 1.413252714333614435e+01
1.863517234468937886e+03 1.413968871560521023e+01
1.869049198396793599e+03 1.414681060718098848e+01
1.874581162324649313e+03 1.415389309870447221e+01
1.880113126252505026e+03 1.416093646836970166e+01
1.885645090180360512e+03 1.416794099195101708e+01
1.891177054108216453e+03 1.417490694283036134e+01
1.896709018036071939e+03 1.418183459202453811e+01
1.902240981963927879e+03 1.418872420821248781e+01
1.907772945891783593e+03 1.419557605776255471e+01
1.913304909819639306e+03 1.420239040475978065e+01
1.918836873747495019e+03 1.420916751103316678e+01
1.924368837675350733e+03 1.421590763618294062e+01
1.929900801603206219e+03 1.422261103760785517e+01
1.935432765531062159e+03 1.422927797053243637e+01
1.940964729458917645e+03 1.423590868803427156e+01
1.946496693386773586e+03 1.424250344107128541e+01
1.952028657314629299e+03 1.424906247850900698e+01
1.957560621242485013e+03 1.425558604714784749e+01
1.963092585170340726e+03 1.426207439175038338e+01
1.968624549098196439e+03 1.426852775506860738e+01
1.974156513026051925e+03 1.427494637787123466e+01
1.979688476953907866e+03 1.428133049897094686e+01
1.985220440881763352e+03 1.428768035525169289e+01
1.990752404809619293e+03 1.429399618169594177e+01
1.996284368737474779e+03 1.430027821141197464e+01
2.001816332665330719e+03 1.430652667566114644e+01
2.007348296593186433e+03 1.431274180388516015e+01
2.012880260521042146e+03 1.431892382373335870e+01
2.018412224448897632e+03 1.432507296108997252e+01
2.023944188376753573e+03 1.433118944010142570e+01
2.029476152304609059e+03 1.433727348320357819e+01
2.035008116232464999e+03 1.434332531114902309e+01
2.040540080160320485e+03 1.434934514303434838e+01
2.046072044088176426e+03 1.435533319632742533e+01
2.051604008016031912e+03 1.436128968689466490e+01
2.057135971943887853e+03 1.436721482902830438e+01
2.062667935871743339e+03 1.437310883547368334e+01
2.068199899799598825e+03 1.437897191745650893e+01
2.073731863727454765e+03 1.438480428471013362e+01
2.079263827655310706e+03 1.439060614550283823e+01
2.084795791583166192e+03 1.439637770666509198e+01
2.090327755511022133e+03 1.440211917361684613e+01
2.095859719438877619e+03 1.440783075039477801e+01
2.101391683366733560e+03 1.441351263967960428e+01
2.106923647294589045e+03 1.441916504282332667e+01
2.112455611222444531e+03 1.442478815987650620e+01
2.117987575150300472e+03 1.443038218961556396e+01
2.123519539078156413e+03 1.443594732957003046e+01
2.129051503006011899e+03 1.444148377604982336e+01
2.134583466933867385e+03 1.444699172417253408e+01
2.140115430861723326e+03 1.445247136789068954e+01
2.145647394789579266e+03 1.445792290001903879e+01
2.151179358717435207e+03 1.446334651226182011e+01
2.156711322645290238e+03 1.446874239524002270e+01
2.162243286573146179e+03 1.447411073851868579e+01
2.167775250501002120e+03 1.447945173063416746e+01
2.173307214428857606e+03 1.448476555912140640e+01
2.178839178356713091e+03 1.449005241054119608e+01
2.184371142284569032e+03 1.449531247050748206e+01
2.189903106212424973e+03 1.450054592371461126e+01
2.195435070140280459e+03 1.450575295396462039e+01
2.200967034068135945e+03 1.451093374419450654e+01
2.206498997995991886e+03 1.451608847650349432e+01
2.212030961923847826e+03 1.452121733218033128e+01
2.217562925851703312e+03 1.452632049173053375e+01
2.223094889779558798e+03 1.453139813490368937e+01
2.228626853707414739e+03 1.453645044072070824e+01
2.234158817635270680e+03 1.454147758750111841e+01
2.239690781563126166e+03 1.454647975289031692e+01
2.245222745490981652e+03 1.455145711388686891e+01
2.250754709418837592e+03 1.455640984686975870e+01
2.256286673346693533e+03 1.456133812762568880e+01
2.261818637274549019e+03 1.456624213137633106e+01
2.267350601202404505e+03 1.457112203280561502e+01
2.272882565130260446e+03 1.457597800608700567e+01
2.278414529058116386e+03 1.458081022491075451e+01
2.283946492985971872e+03 1.458561886251120754e+01
2.289478456913827358e+03 1.459040409169405272e+01
2.295010420841683299e+03 1.459516608486361378e+01
2.300542384769539240e+03 1.459990501405010299e+01
2.306074348697394726e+03 1.460462105093692387e+01
2.311606312625250212e+03 1.460931436688791152e+01
2.317138276553106152e+03 1.461398513297464419e+01
2.322670240480962093e+03 1.461863352000368721e+01
2.328202204408817579e+03 1.462325969854388674e+01
2.333734168336673065e+03 1.462786383895362974e+01
2.339266132264529006e+03 1.463244611140813056e+01
2.344798096192384946e+03 1.463700668592669984e+01
2.350330060120240432e+03 1.464154573240002577e+01
2.355862024048095918e+03 1.464606342061742872e+01
2.361393987975951859e+03 1.465055992029415677e+01
2.366925951903807345e+03 1.465503540109865988e+01
2.372457915831663286e+03 1.465949003267984807e+01
2.377989879759518772e+03 1.466392398469438163e+01
2.383521843687374712e+03 1.466833742683393638e+01
2.389053807615230653e+03 1.467273052885247786e+01
2.394585771543085684e+03 1.467710346059354620e+01
2.400117735470941625e+03 1.468145639201752140e+01
2.405649699398797566e+03 1.468578949322889393e+01
2.411181663326653052e+03 1.469010293450355675e+01
2.416713627254508992e+03 1.469439688631605634e+01
2.422245591182364478e+03 1.469867151936688998e+01
2.427777555110220419e+03 1.470292700460976221e+01
2.433309519038076360e+03 1.470716351327886429e+01
2.438841482965931391e+03 1.471138121691615908e+01
2.444373446893787332e+03 1.471558028739864632e+01
2.449905410821643272e+03 1.471976089696563506e+01
2.455437374749498758e+03 1.472392321824600891e+01
2.460969338677354699e+03 1.472806742428554649e+01
2.466501302605210185e+03 1.473219368857412803e+01
2.472033266533066126e+03 1.473630218507306289e+01
2.477565230460922066e+03 1.474039308824233530e+01
2.483097194388777098e+03 1.474446657306789987e+01
2.488629158316633038e+03 1.474852281508894336e+01
2.494161122244488979e+03 1.475256199042513749e+01
2.499693086172344920e+03 1.475658427580398424e+01
2.505225050100200406e+03 1.476058984858799228e+01
2.510757014028055892e+03 1.476457888680203823e+01
2.516288977955911832e+03 1.476855156916058398e+01
2.521820941883767773e+03 1.477250807509498642e+01
2.527352905811623259e+03 1.477644858478074852e+01
2.532884869739478745e+03 1.478037327916480237e+01
2.538416833667334686e+03 1.478428233999279584e+01
2.543948797595190626e+03 1.478817594983634365e+01
2.549480761523046112e+03 1.479205429212032641e+01
2.555012725450901598e+03 1.479591755115012930e+01
2.560544689378757539e+03 1.479976591213896597e+01
2.566076653306613025e+03 1.480359956123511722e+01
2.571608617234468966e+03 1.480741868554920693e+01
2.577140581162324452e+03 1.481122347318149579e+01
2.582672545090180392e+03 1.481501411324914841e+01
2.588204509018036333e+03 1.481879079591347903e+01
2.593736472945891364e+03 1.482255371240728081e+01
2.599268436873747305e+03 1.482630305506206092e+01
2.604800400801603246e+03 1.483003901733532004e+01
2.610332364729458732e+03 1.483376179383783011e+01
2.615864328657314672e+03 1.483747158036091562e+01
2.621396292585170158e+03 1.484116857390372601e+01
2.626928256513026099e+03 1.484485297270049919e+01
2.632460220440882040e+03 1.484852497624785350e+01
2.637992184368737071e+03 1.485218478533203168e+01
2.643524148296593012e+03 1.485583260205623368e+01
2.649056112224448952e+03 1.485946862986780914e+01
2.654588076152304438e+03 1.486309307358560794e+01
2.660120040080160379e+03 1.486670613942721886e+01
2.665652004008015865e+03 1.487030803503622600e+01
2.671183967935871806e+03 1.487389896950953982e+01
2.676715931863727292e+03 1.487747915342461269e+01
2.682247895791582778e+03 1.488104879886674325e+01
2.687779859719438718e+03 1.488460811945635953e+01
2.693311823647294659e+03 1.488815733037625577e+01
2.698843787575150145e+03 1.489169664839890750e+01
2.704375751503005631e+03 1.489522629191373326e+01
2.709907715430861572e+03 1.489874648095434750e+01
2.715439679358717513e+03 1.490225743722587026e+01
2.720971643286572998e+03 1.490575938413216406e+01
2.726503607214428484e+03 1.490925254680316492e+01
2.732035571142284425e+03 1.491273715212207662e+01
2.737567535070140366e+03 1.491621342875271949e+01
2.743099498997995852e+03 1.491968160716675129e+01
2.748631462925851338e+03 1.492314191967100001e+01
2.754163426853707278e+03 1.492659460043466169e+01
2.759695390781563219e+03 1.493003988551663674e+01
2.765227354709418705e+03 1.493347801289279886e+01
2.770759318637274191e+03 1.493690922248322650e+01
2.776291282565130132e+03 1.494033375617952686e+01
2.781823246492986073e+03 1.494375185787207094e+01
2.787355210420841559e+03 1.494716377347730152e+01
2.792887174348697044e+03 1.495056975096498952e+01
2.798419138276552985e+03 1.495397004038551181e+01
2.803951102204408471e+03 1.495736489389711288e+01
2.809483066132264412e+03 1.496075456579320218e+01
2.815015030060119898e+03 1.496413931252962293e+01
2.820546993987975839e+03 1.496751939275191745e+01
2.826078957915831779e+03 1.497089506732260489e+01
2.831610921843687265e+03 1.497426659934845716e+01
2.837142885771542751e+03 1.497763425420776784e+01
2.842674849699398692e+03 1.498099829957763340e+01
2.848206813627254633e+03 1.498435900546124699e+01
2.853738777555110119e+03 1.498771664421511574e+01
2.859270741482965605e+03 1.499107149057640953e+01
2.864802705410821545e+03 1.499442382169016597e+01
2.870334669338677486e+03 1.499777391713661956e+01
2.875866633266532517e+03 1.500112205895843331e+01
2.881398597194388458e+03 1.500446853168801020e+01
2.886930561122244399e+03 1.500781362237474781e+01
2.892462525050100339e+03 1.501115762061230541e+01
2.897994488977955825e+03 1.501450081856590302e+01
2.903526452905811311e+03 1.501784351099956538e+01
2.909058416833667252e+03 1.502118599530341569e+01
2.914590380761523193e+03 1.502452857152097110e+01
2.920122344689378224e+03 1.502787154237636358e+01
2.925654308617234165e+03 1.503121521330166033e+01
2.931186272545090105e+03 1.503455989246410418e+01
2.936718236472946046e+03 1.503790589079343221e+01
2.942250200400801532e+03 1.504125352200910015e+01
2.947782164328657018e+03 1.504460310264759926e+01
2.953314128256512959e+03 1.504795495208969669e+01
2.958846092184368899e+03 1.505130939258772749e+01
2.964378056112223931e+03 1.505466674929288473e+01
2.969910020040079871e+03 1.505802735028245465e+01
2.975441983967935812e+03 1.506139152658711566e+01
2.980973947895791753e+03 1.506475961221823567e+01
2.986505911823647239e+03 1.506813194419506985e+01
2.992037875751502725e+03 1.507150886257214495e+01
2.997569839679358665e+03 1.507489071046643581e+01
3.003101803607214151e+03 1.507827783408468925e+01
3.008633767535070092e+03 1.508167058275070183e+01
3.014165731462925578e+03 1.508506930893254783e+01
3.019697695390781519e+03 1.508847436826992094e+01
3.025229659318637459e+03 1.509188611960135518e+01
3.030761623246492945e+03 1.509530492499153453e+01
3.036293587174348431e+03 1.509873114975853348e+01
3.041825551102204372e+03 1.510216516250112306e+01
3.047357515030059858e+03 1.510560733512601317e+01
3.052889478957915799e+03 1.510905804287519061e+01
3.058421442885771285e+03 1.511251766435309385e+01
3.063953406813627225e+03 1.511598658155396890e+01
3.069485370741483166e+03 1.511946517988912042e+01
3.075017334669338197e+03 1.512295384821418232e+01
3.080549298597194138e+03 1.512645297885637952e+01
3.086081262525050079e+03 1.512996296764183768e+01
3.091613226452905565e+03 1.513348421392281473e+01
3.097145190380761505e+03 1.513701712060501237e+01
3.102677154308616991e+03 1.514056209417482890e+01
3.108209118236472932e+03 1.514411954472662458e+01
3.113741082164328873e+03 1.514768988599005617e+01
3.119273046092183904e+03 1.515127353535725696e+01
3.124805010020039845e+03 1.515487091391018026e+01
3.130336973947895785e+03 1.515848244644787179e+01
3.135868937875751271e+03 1.516210856151369235e+01
3.141400901803607212e+03 1.516574969142265061e+01
3.146932865731462698e+03 1.516940627228865068e+01
3.152464829659318639e+03 1.517307874405176094e+01
3.157996793587174579e+03 1.517676755050550952e+01
3.163528757515029611e+03 1.518047313932414966e+01
3.169060721442885551e+03 1.518419596208990541e+01
3.174592685370741492e+03 1.518793647432029736e+01
3.180124649298596978e+03 1.519169513549538841e+01
3.185656613226452919e+03 1.519547240908503483e+01
3.191188577154308405e+03 1.519926876257622794e+01
3.196720541082164345e+03 1.520308466750030618e+01
3.202252505010019831e+03 1.520692059946025410e+01
3.207784468937875317e+03 1.521077703815797477e+01
3.213316432865731258e+03 1.521465446742156047e+01
3.218848396793587199e+03 1.521855337523256324e+01
3.224380360721442685e+03 1.522247425375331531e+01
3.229912324649298625e+03 1.522641759935411088e+01
3.235444288577154111e+03 1.523038391264057267e+01
3.240976252505010052e+03 1.523437369848087108e+01
3.246508216432865538e+03 1.523838746603302496e+01
3.252040180360721024e+03 1.524242572877216162e+01
3.257572144288576965e+03 1.527984422824020783e+01
3.307126053111247529e+03 1.531645621605445484e+01
3.356679961933918094e+03 1.535306820386870186e+01
3.406233870756588203e+03 1.538968019168294887e+01
3.455787779579258768e+03 1.542629217949719767e+01
3.505341688401929332e+03 1.546290416731144468e+01
3.554895597224599896e+03 1.549951615512569170e+01
3.604449506047270006e+03 1.553612814293994049e+01
3.654003414869940570e+03 1.557274013075418750e+01
3.703557323692611135e+03 1.560935211856843452e+01
3.753111232515281699e+03 1.564596410638268154e+01
3.802665141337952264e+03 1.568257609419693033e+01
3.852219050160622828e+03 1.571918808201117734e+01
3.901772958983292938e+03 1.575580006982542436e+01
3.951326867805963502e+03 1.579241205763967315e+01
4.000880776628634067e+03 1.582902404545392017e+01
4.050434685451304176e+03 1.586563603326816718e+01
4.099988594273974741e+03 1.590224802108241420e+01
4.149542503096645305e+03 1.593886000889666121e+01
4.199096411919315869e+03 1.597547199671091001e+01
4.248650320741986434e+03 1.601208398452515880e+01
4.298204229564656998e+03 1.604869597233940581e+01
4.347758138387327563e+03 1.608530796015365283e+01
4.397312047209998127e+03 1.612191994796789984e+01
4.446865956032668691e+03 1.615853193578214686e+01
4.496419864855338346e+03 1.619514392359639388e+01
4.545973773678008911e+03 1.623175591141064089e+01
4.595527682500679475e+03 1.626836789922489146e+01
4.645081591323350040e+03 1.630497988703913848e+01
4.694635500146020604e+03 1.634159187485338549e+01
4.744189408968691168e+03 1.637820386266763251e+01
4.793743317791360823e+03 1.641481585048187952e+01
4.843297226614031388e+03 1.645142783829612654e+01
4.892851135436701952e+03 1.648803982611037355e+01
4.942405044259372517e+03 1.652465181392462057e+01
4.991958953082043081e+03 1.656126380173887114e+01
5.041512861904713645e+03 1.659787578955311815e+01
5.091066770727384210e+03 1.663448777736736517e+01
5.140620679550054774e+03 1.667109976518161218e+01
5.190174588372725339e+03 1.670771175299585920e+01
5.239728497195395903e+03 1.674432374081010977e+01
5.289282406018066467e+03 1.678093572862435678e+01
5.338836314840737032e+03 1.681754771643860380e+01
5.388390223663407596e+03 1.685415970425285082e+01
5.437944132486077251e+03 1.689077169206709783e+01
5.487498041308747815e+03 1.692738367988134485e+01
5.537051950131418380e+03 1.696399566769559186e+01
5.586605858954088944e+03 1.700060765550983888e+01
5.636159767776759509e+03 1.703721964332408589e+01
5.685713676599429164e+03 1.707383163113833291e+01
5.735267585422099728e+03 1.711044361895258348e+01
5.784821494244770292e+03 1.714705560676683049e+01
5.834375403067440857e+03 1.718366759458107751e+01
5.883929311890111421e+03 1.722027958239532452e+01
5.933483220712781986e+03 1.725689157020957509e+01
5.983037129535452550e+03 1.729350355802382211e+01
6.032591038358123114e+03 1.733011554583806912e+01
6.082144947180793679e+03 1.736672753365231614e+01
6.131698856003464243e+03 1.740333952146656316e+01
6.181252764826134808e+03 1.743995150928081017e+01
6.230806673648805372e+03 1.747656349709505719e+01
6.280360582471475936e+03 1.751317548490930420e+01
6.329914491294145591e+03 1.754978747272355122e+01
6.379468400116816156e+03 1.758639946053780179e+01
6.429022308939486720e+03 1.762301144835204880e+01
6.478576217762157285e+03 1.765962343616629582e+01
6.528130126584827849e+03 1.769623542398054283e+01
6.577684035407497504e+03 1.773284741179478985e+01
6.627237944230168068e+03 1.776945939960903686e+01
6.676791853052838633e+03 1.780607138742328743e+01
6.726345761875509197e+03 1.784268337523753445e+01
6.775899670698179762e+03 1.787929536305178146e+01
6.825453579520850326e+03 1.791590735086602848e+01
6.875007488343520890e+03 1.795251933868027550e+01
6.924561397166191455e+03 1.798913132649452251e+01
6.974115305988862019e+03 1.802574331430876953e+01
7.023669214811532584e+03 1.806235530212301654e+01
7.073223123634203148e+03 1.809896728993726711e+01
7.122777032456873712e+03 1.813557927775151413e+01
7.172330941279544277e+03 1.817219126556576114e+01
7.221884850102213932e+03 1.820880325338000816e+01
7.271438758924884496e+03 1.824541524119425517e+01
7.320992667747555060e+03 1.828202722900850219e+01
7.370546576570225625e+03 1.831863921682275276e+01
7.420100485392896189e+03 1.835525120463699977e+01
7.469654394215566754e+03 1.839186319245124679e+01
7.519208303038237318e+03 1.842847518026549380e+01
7.568762211860906973e+03 1.846508716807974082e+01
7.618316120683577537e+03 1.850169915589398784e+01
7.667870029506248102e+03 1.853831114370823485e+01
7.717423938328918666e+03 1.857492313152248187e+01
7.766977847151589231e+03 1.861153511933673244e+01
7.816531755974259795e+03 1.864814710715097945e+01
7.866085664796930359e+03 1.868475909496522647e+01
7.915639573619600924e+03 1.872137108277947348e+01
7.965193482442271488e+03 1.875798307059372050e+01
8.014747391264942053e+03 1.879459505840797107e+01
8.064301300087611708e+03 1.883120704622221808e+01
8.113855208910282272e+03 1.886781903403646510e+01
8.163409117732952836e+03 1.890443102185071211e+01
8.212963026555622491e+03 1.894104300966495913e+01
8.262516935378294875e+03 1.897765499747920614e+01
8.312070844200963620e+03 1.901426698529345316e+01
8.361624753023636003e+03 1.905087897310770018e+01
8.411178661846304749e+03 1.908749096092194719e+01
8.460732570668977132e+03 1.912410294873619776e+01
8.510286479491645878e+03 1.916071493655044478e+01
8.559840388314316442e+03 1.919732692436469179e+01
8.609394297136987007e+03 1.923393891217893881e+01
8.658948205959657571e+03 1.927055089999318582e+01
8.708502114782328135e+03 1.930716288780743284e+01
8.758056023604998700e+03 1.934377487562168341e+01
8.807609932427669264e+03 1.938038686343593042e+01
8.857163841250339829e+03 1.941699885125017744e+01
8.906717750073010393e+03 1.945361083906442445e+01
8.956271658895679138e+03 1.949022282687867147e+01
9.005825567718351522e+03 1.952683481469291848e+01
9.055379476541020267e+03 1.956344680250716550e+01
9.104933385363692651e+03 1.960005879032141607e+01
9.154487294186361396e+03 1.963667077813565953e+01
9.204041203009033779e+03 1.967328276594991010e+01
9.253595111831702525e+03 1.970989475376415712e+01
9.303149020654374908e+03 1.974650674157840413e+01
9.352702929477043654e+03 1.978311872939265115e+01
9.402256838299714218e+03 1.981973071720689816e+01
9.451810747122384782e+03 1.985634270502114873e+01
9.501364655945055347e+03 1.989295469283539575e+01
9.550918564767725911e+03 1.992956668064964276e+01
9.600472473590396476e+03 1.996617866846388978e+01
9.650026382413067040e+03 2.000279065627813679e+01
9.699580291235737604e+03 2.003940264409238381e+01
9.749134200058408169e+03 2.007601463190663083e+01
9.798688108881078733e+03 2.011262661972087784e+01
9.848242017703749298e+03 2.014923860753512841e+01
9.897795926526418043e+03 2.018585059534937187e+01
9.947349835349090426e+03 2.022246258316362244e+01
9.996903744171759172e+03 2.025907457097786946e+01
1.004645765299443156e+04 2.029568655879211647e+01
1.009601156181710030e+04 2.033229854660636349e+01
1.014556547063977268e+04 2.036891053442061406e+01
1.019511937946244143e+04 2.040552252223486107e+01
1.024467328828511381e+04 2.044213451004910809e+01
1.029422719710778256e+04 2.047874649786335510e+01
1.034378110593045312e+04 2.051535848567760212e+01
1.039333501475312369e+04 2.055197047349184913e+01
1.044288892357579425e+04 2.058858246130609615e+01
1.049244283239846482e+04 2.062519444912034317e+01
1.054199674122113538e+04 2.066180643693459018e+01
1.059155065004380594e+04 2.069841842474884075e+01
1.064110455886647651e+04 2.073503041256308776e+01
1.069065846768914707e+04 2.077164240037733478e+01
1.074021237651181582e+04 2.080825438819158180e+01
1.078976628533448820e+04 2.084486637600583236e+01
1.083932019415715695e+04 2.088147836382007583e+01
1.088887410297982933e+04 2.091809035163432640e+01
1.093842801180249808e+04 2.095470233944857341e+01
1.098798192062517046e+04 2.099131432726282043e+01
1.103753582944783921e+04 2.102792631507706744e+01
1.108708973827051159e+04 2.106453830289131446e+01
1.113664364709318033e+04 2.110115029070556147e+01
1.118619755591585090e+04 2.113776227851980849e+01
1.123575146473852146e+04 2.117437426633405551e+01
1.128530537356119203e+04 2.121098625414830252e+01
1.133485928238386259e+04 2.124759824196255309e+01
1.138441319120653316e+04 2.128421022977680011e+01
1.143396710002920372e+04 2.132082221759104712e+01
1.148352100885187429e+04 2.135743420540529769e+01
1.153307491767454485e+04 2.139404619321954470e+01
1.158262882649721541e+04 2.143065818103379172e+01
1.163218273531988598e+04 2.146727016884803874e+01
1.168173664414255654e+04 2.150388215666228575e+01
1.173129055296522711e+04 2.154049414447653277e+01
1.178084446178789767e+04 2.157710613229077978e+01
1.183039837061056824e+04 2.161371812010502680e+01
1.187995227943323698e+04 2.165033010791927381e+01
1.192950618825590755e+04 2.168694209573352083e+01
1.197906009707857811e+04 2.172355408354776785e+01
1.202861400590124867e+04 2.176016607136201486e+01
1.207816791472391924e+04 2.179677805917626543e+01
1.212772182354658980e+04 2.183339004699051245e+01
1.217727573236926037e+04 2.187000203480475946e+01
1.222682964119193093e+04 2.190661402261901003e+01
1.227638355001460150e+04 2.194322601043325704e+01
1.232593745883727206e+04 2.197983799824750406e+01
1.237549136765994263e+04 2.201644998606175108e+01
1.242504527648261319e+04 2.205306197387599809e+01
1.247459918530528375e+04 2.208967396169024511e+01
1.252415309412795432e+04 2.212628594950449212e+01
1.257370700295062488e+04 2.216289793731873914e+01
1.262326091177329545e+04 2.219950992513298615e+01
1.267281482059596601e+04 2.223612191294723672e+01
1.272236872941863658e+04 2.227273390076148374e+01
1.277192263824130714e+04 2.230934588857573075e+01
1.282147654706397589e+04 2.234595787638997777e+01
1.287103045588664645e+04 2.238256986420422479e+01
1.292058436470931701e+04 2.241918185201847180e+01
1.297013827353198758e+04 2.245579383983272237e+01
1.301969218235465814e+04 2.249240582764696939e+01
1.306924609117732871e+04 2.252901781546121640e+01
1.311879999999999927e+04 2.256562980327546342e+01
