1.992136662709576058e+03
1.968670219316230487e+03
2.075509900272966206e+03
1.679525187263731823e+03
1.713126503899161889e+03
1.610617039780891673e+03
1.671282318752070069e+03
1.715172700887532756e+03
1.802762016210289175e+03
1.527758056795364837e+03
1.732817248854585841e+03
1.534432049203031966e+03
1.609551188588250625e+03
1.778779791171701390e+03
1.581192830006901204e+03
1.657314158017355112e+03
1.545992097547328058e+03
1.836976482172359283e+03
1.867023391877921540e+03
1.682413018895418872e+03
1.897386374238244571e+03
1.832941323117949651e+03
1.841375595758373947e+03
1.993115683925051144e+03
1.801162415011308212e+03
1.590893977955168111e+03
1.599440160845565970e+03
1.843137501823706089e+03
1.732243474061717734e+03
1.461846090894790677e+03
1.774107327744488430e+03
1.527304149505727537e+03
1.533771484391582362e+03
1.728559393678334345e+03
1.933639206757384272e+03
1.708376959321957202e+03
2.016218747088399368e+03
1.511567796220435184e+03
1.471107020033850404e+03
1.611776128245391646e+03
1.695522515810469031e+03
1.524016816974500216e+03
1.696789269355663237e+03
1.665555584296289453e+03
1.476405533065343207e+03
1.457938379244134694e+03
1.854036326950433022e+03
1.870891527192299236e+03
1.949609079656637050e+03
2.112335612475228572e+03
1.685138563559506565e+03
1.696412206775200957e+03
1.896319211075290696e+03
1.926524846401225204e+03
2.079625285076055206e+03
1.826654639696932463e+03
1.479883351859346931e+03
1.531349334064258528e+03
1.958663510506773036e+03
2.064858535157585266e+03
1.960665984537024769e+03
1.961590214727824787e+03
2.104421212765405016e+03
1.798062690949740045e+03
1.897787834959578049e+03
1.824378200539109230e+03
1.588968688792577950e+03
1.516692228772603812e+03
2.006258371958601629e+03
1.601503584457444731e+03
1.705407129732856674e+03
1.979984931450319436e+03
1.792066622458923803e+03
1.859786639839099053e+03
1.857606166187240433e+03
1.902796118652926680e+03
1.650300612435302810e+03
1.988674955462741082e+03
1.721465162772522717e+03
2.070591327507856931e+03
2.060822619650594788e+03
2.028896200328873647e+03
1.881567612302904763e+03
1.769052271209023274e+03
2.040234999510949592e+03
2.050633576375686062e+03
1.635999216748502477e+03
1.739746496242406693e+03
1.466025912971334947e+03
1.521834729112490095e+03
1.642914607330984836e+03
1.993142435436026290e+03
1.985089016716679907e+03
1.490644686658097498e+03
1.546617131136938497e+03
1.676376964147237231e+03
1.708900814193083079e+03
1.613621166163485441e+03
1.679804596100956360e+03
1.955162925563662156e+03
1.587441535941793518e+03
2.017255492184899367e+03
1.704940290314736785e+03
1.877613472661106243e+03
2.067143930771702344e+03
1.557806281056120042e+03
1.798733694657360729e+03
1.762937004748353502e+03
1.540605856954234923e+03
1.649131644646028917e+03
1.456029304317482683e+03
1.888315592889422533e+03
1.976608761017970664e+03
1.978144259310401139e+03
1.701542421377386063e+03
1.776824000590392416e+03
1.605595264732223995e+03
1.796303048299995680e+03
1.659497849016798682e+03
1.797282315695264970e+03
2.061412583547163194e+03
1.758603137878005100e+03
1.909076548972801220e+03
1.751038728134717076e+03
1.807631964123166654e+03
1.965867036746173653e+03
1.504864535890517573e+03
1.626210911966593812e+03
2.027950736093344176e+03
1.512410997763726300e+03
2.083614536363635580e+03
1.545378101205207713e+03
1.908332035499285439e+03
1.637646569702053739e+03
1.983018153969270770e+03
1.787071724732382336e+03
1.920792561755893985e+03
1.604106524090183939e+03
1.447687707433700098e+03
1.768726775938896935e+03
1.820189119816059247e+03
1.455423383506137952e+03
1.600096496919868059e+03
1.461545050675882749e+03
1.642533963608407475e+03
2.023169397676420203e+03
1.668331468299724975e+03
1.520858634370121763e+03
1.444860547979020339e+03
1.976769414659940821e+03
1.589558962149770878e+03
1.927168898363174776e+03
1.470607758183825126e+03
1.603021891048142834e+03
1.867975882601797821e+03
1.914484174707802595e+03
1.562587835495087347e+03
1.454552278805379956e+03
1.656730248404496933e+03
1.478686287054720424e+03
2.026014413588050957e+03
1.892704949995092875e+03
2.025015001482312073e+03
1.668821340721248816e+03
1.560697909299092544e+03
1.813129979049288977e+03
1.956684957317881072e+03
1.896986077892626327e+03
1.628215476821817902e+03
1.983758900927714421e+03
1.472555922037570554e+03
1.710767340921026289e+03
1.876507566269811832e+03
1.933264892214565634e+03
2.010120764345896305e+03
2.103059965587557599e+03
1.555879235707872567e+03
1.635931987767919964e+03
1.764261515246567342e+03
1.533658366608852702e+03
1.543589376120492943e+03
1.681364839584928859e+03
1.584440748752666423e+03
1.558578361121498347e+03
1.812325388695136780e+03
1.803598697130188839e+03
1.490246924898798852e+03
2.081323117770770295e+03
1.636688794710765023e+03
2.034554705953826669e+03
2.044051535403291382e+03
1.499631577339073374e+03
1.733125709664464239e+03
1.701723938541520738e+03
1.525461305915058347e+03
1.811040688899908673e+03
1.807459529671238897e+03
1.460388471319459768e+03
1.877744632001921445e+03
1.627066810181241863e+03
1.798270167289161009e+03
1.489636844307579395e+03
1.758583868761358872e+03
1.683127374902669544e+03
1.945527431866751613e+03
1.733152420070333847e+03
2.039201319197805105e+03
2.029711656535744851e+03
1.503895916838334415e+03
1.945728652565452194e+03
1.474494789419154586e+03
1.579486900081162048e+03
1.991357322974025919e+03
1.590130684064165507e+03
1.825011476218186317e+03
1.775804456344812252e+03
1.895381787914471943e+03
1.710228039228283251e+03
1.500083116446281792e+03
1.680476540264700361e+03
1.644806330800969590e+03
1.538081569227123737e+03
1.516450155815271501e+03
1.707573641207027322e+03
1.745780619167008354e+03
1.452896224372003871e+03
1.656428091703988912e+03
1.497327649945498024e+03
2.027023480855247499e+03
1.766444431238790003e+03
1.659520538402885450e+03
1.856861111554571380e+03
1.642171008339864102e+03
1.941853209489311439e+03
1.647103706268165070e+03
2.055742444479528331e+03
2.075762545572690215e+03
2.078221645170423471e+03
2.095775014467696565e+03
1.560116071629237013e+03
1.529314065976578604e+03
1.945624752777968069e+03
1.556357274956426409e+03
2.086356561227892598e+03
1.452199125783999307e+03
1.624603172725900549e+03
2.083094705898471148e+03
1.854130885517237175e+03
1.938743194241424362e+03
1.770051351856622659e+03
1.741785727382472487e+03
1.682346465203926982e+03
1.964011643371449281e+03
1.918720178986081464e+03
1.452841091843388995e+03
1.639531318914695703e+03
1.771240342043835426e+03
2.076086312683637971e+03
1.458119654182226896e+03
2.075714495714717486e+03
1.451151707841669122e+03
1.820440559142212351e+03
1.525285773416394477e+03
1.657433527470055424e+03
1.513649371620296051e+03
1.529976531543195279e+03
1.643263449267889200e+03
1.463126594655425379e+03
1.727017025295018129e+03
1.700454700988092782e+03
1.590047580968293914e+03
2.039888439366819966e+03
1.687301664232393023e+03
2.031149099155427848e+03
1.591094769752188768e+03
1.443531249255535158e+03
1.756563652733032313e+03
1.518125505365725303e+03
1.676327190569145159e+03
1.991073704062290062e+03
1.756585596565372725e+03
1.755764796928941678e+03
1.948892197828450890e+03
2.014258098909378305e+03
2.020195196882735900e+03
1.578070447901804982e+03
1.563325519106510910e+03
2.103018586506908377e+03
1.495452043940963677e+03
2.083545966105632033e+03
1.979065387187779834e+03
1.721551979329217147e+03
2.078027359694428014e+03
1.537969060799022373e+03
1.777038918991875107e+03
1.603204483200133154e+03
1.678585637393815887e+03
1.550428410339232414e+03
1.855826402603739552e+03
1.633811229092921394e+03
1.995128835318439542e+03
1.650615966161329652e+03
1.705790444039808335e+03
2.001559721314167291e+03
1.966283614036494555e+03
1.760867452270950935e+03
1.827400041936297612e+03
1.639906701907293154e+03
1.825345568082688260e+03
1.987521876934162719e+03
1.646632751379351021e+03
2.094014728447755715e+03
1.904405980716181375e+03
1.714190822276311337e+03
1.994256170898247547e+03
2.065851349643735830e+03
1.542989768175464178e+03
1.655539443968439627e+03
1.543688452904308633e+03
1.672783183456611823e+03
1.880003184848063938e+03
1.741425237153074704e+03
2.067736154004726359e+03
1.808965140842588653e+03
1.959831634976288797e+03
1.997415522753020923e+03
1.610837684586007754e+03
2.061504098416129636e+03
1.525103652533126251e+03
1.844287053633060395e+03
1.564221139354024899e+03
1.897819561118184538e+03
1.659615354701690194e+03
1.854310446056206729e+03
1.667922775887910802e+03
1.801720683839470439e+03
1.905793341753360892e+03
1.612451754187691677e+03
1.727676061122335341e+03
1.703412805978737197e+03
1.955018259564121536e+03
2.083920467466629816e+03
1.747073701356175661e+03
1.918900993412124535e+03
1.590909656811817285e+03
2.092985122374219372e+03
2.049816086687026200e+03
2.000157348212939269e+03
1.889279516620540562e+03
1.834952044038124768e+03
2.039367176389357155e+03
1.685653605925952888e+03
1.903311562043502363e+03
1.707572814950860447e+03
1.834617737030331455e+03
1.724742611278385766e+03
1.913501255325320926e+03
1.504802426376324547e+03
1.934111208624039136e+03
1.885071734372920446e+03
1.477990120508310383e+03
1.828735739771623457e+03
1.987503268512039540e+03
1.601059719865693978e+03
1.553756792739099410e+03
1.677546348289467915e+03
1.521134670161410213e+03
1.677506220088459486e+03
1.458074922188339769e+03
1.896511015022869969e+03
1.732422923876105870e+03
1.933592693303706483e+03
2.023852064146840121e+03
1.797962291113374249e+03
1.544921985571000732e+03
1.587948651097213315e+03
1.709089258069547896e+03
1.735560020500882956e+03
1.969534493876997431e+03
1.816868005022896341e+03
1.455471555427557405e+03
1.575119667750541566e+03
1.583024740465735931e+03
1.575051886630589252e+03
1.835039382761645811e+03
2.061036082149700633e+03
1.795844780097331068e+03
1.802274846529506931e+03
1.775531029513166004e+03
1.620770397337556460e+03
1.620536449856520903e+03
2.044782693743975415e+03
1.554256678582905124e+03
2.054693167935491147e+03
1.462596108743401828e+03
1.632639277372813012e+03
1.837109399671488973e+03
1.808341224558321301e+03
1.857668588812206281e+03
1.580672717845833859e+03
1.525369977596768877e+03
1.927013137749344423e+03
1.511992504166966455e+03
2.033799782025461354e+03
1.932901598941099337e+03
1.799646005535733821e+03
1.452537115771662684e+03
1.610819561840359711e+03
2.050276514882676111e+03
1.998548451244128046e+03
1.798938721786998485e+03
1.826952787589802483e+03
1.998143055280173030e+03
1.972452014020616161e+03
1.787826980462158872e+03
2.041763132250232729e+03
1.445703539931839714e+03
1.659879500757700043e+03
1.765670673942600615e+03
1.874308823314291658e+03
1.954649847425399230e+03
1.608827901724303047e+03
1.699434816234107529e+03
1.814412253123525943e+03
1.521087388026222470e+03
2.074226929089711120e+03
1.700662701239848275e+03
2.026377299890215227e+03
1.492593898414049818e+03
1.630625555245537271e+03
1.948944982814045943e+03
1.868821941809436112e+03
2.083898129669531954e+03
1.735094078287048660e+03
2.097956442083592719e+03
1.889042199489320637e+03
1.522015588697405519e+03
1.624465347903463226e+03
2.114187592388074336e+03
2.107036749032499301e+03
1.561566199349754925e+03
1.775213155340295998e+03
1.489888185009855988e+03
1.711054015210723037e+03
1.856871631983023690e+03
2.021306913852963589e+03
2.038372656364888826e+03
1.616720544408760361e+03
1.708472907565031164e+03
1.678709606877921942e+03
2.079292859929787028e+03
1.816691364546392151e+03
2.003500425829497090e+03
2.107022046467874588e+03
1.670792683434574201e+03
1.811943997385442572e+03
2.009255406388743722e+03
1.904925693669993507e+03
1.972395599113219532e+03
1.591422770429202501e+03
1.493644575641907750e+03
1.450708489998638925e+03
1.879968499268624328e+03
1.534407871414078272e+03
1.779653702228175234e+03
2.020695142338169944e+03
1.672998502655687162e+03
1.672430476316091699e+03
2.030359140838569601e+03
1.980526174521638040e+03
1.644827206371810234e+03
1.470119579998657173e+03
1.962548619809903585e+03
1.942045899592561000e+03
1.639853513359899807e+03
1.737243021100044189e+03
1.863088245333526402e+03
1.896111768832314965e+03
1.605744039805356124e+03
1.939744561289021476e+03
1.461736332035577107e+03
1.712377178844046284e+03
1.905772308784215966e+03
2.005941496553632760e+03
1.640203973734139254e+03
1.953382948314663963e+03
1.947922726598821782e+03
1.887420419615534456e+03
1.809634790806146611e+03
1.896994246604095224e+03
2.005703598718436297e+03
1.909833904337920558e+03
1.774492276421728548e+03
1.944797511445585997e+03
1.762582371652338452e+03
1.882572716130549225e+03
1.939980443955847704e+03
1.587069821933141839e+03
1.823787894819659869e+03
1.691316663019954831e+03
1.665910285793476532e+03
1.915152337116150875e+03
1.609407943139459803e+03
1.468229324041702057e+03
1.587649287752320561e+03
1.861200200005941269e+03
1.711854064123331909e+03
1.513661909773162506e+03
1.670281681894577787e+03
2.077340926483321255e+03
1.658800555171703081e+03
2.035422205898226821e+03
1.671319879607785651e+03
1.750021945565652231e+03
1.769996039177945022e+03
1.485515303033132341e+03
1.943071797421931706e+03
1.922362084001657649e+03
1.490751031984923657e+03
1.690179323753709014e+03
2.034476813357242463e+03
1.669168187520678202e+03
2.088260216590949767e+03
1.514803301429873500e+03
1.954315673599840693e+03
1.547500900319621223e+03
1.838649706402798301e+03
1.720830730286176731e+03
1.666317928503518260e+03
1.767345829863501422e+03
1.819111493576061775e+03
2.016293384268816908e+03
1.504823257726447082e+03
1.989791580408254958e+03
2.064880601289276456e+03
1.593819987674760341e+03
1.942321713866014761e+03
1.972394367400695955e+03
1.689896646714330245e+03
2.035491329974450082e+03
1.473874106561216195e+03
2.113427418784072870e+03
1.648776904095504278e+03
1.773858668285560725e+03
2.041604139174012062e+03
1.697731571884709865e+03
1.952571467355121968e+03
2.112574231368909750e+03
1.520129274177784282e+03
1.634895245585453267e+03
1.741524268792696830e+03
1.574318711334044337e+03
1.985540064290735017e+03
1.779664507928149305e+03
1.709809403470258303e+03
1.560434017938401894e+03
1.599375732468523893e+03
2.066074363784922753e+03
1.750699704104718421e+03
1.906038624197811032e+03
1.851756692529169641e+03
2.076173500663111554e+03
1.487929225960755048e+03
1.852415590902159920e+03
1.960948964462628510e+03
1.526500670306682878e+03
1.460452464668960829e+03
1.847978436478707408e+03
1.735381743234993337e+03
1.829691956621128156e+03
1.441580745721301355e+03
1.488550247446757567e+03
1.774205475225515329e+03
1.929932847532490996e+03
1.578191068916745735e+03
1.983453329752956051e+03
1.834492421147990399e+03
1.702367263429619015e+03
1.588998542596861625e+03
1.818356563349432690e+03
1.997931280700802745e+03
1.678589596337501462e+03
1.494618992027217701e+03
1.656925836994418887e+03
1.864107457145008084e+03
2.039820228844604571e+03
1.516563726060002409e+03
1.838333323943933237e+03
2.097077095404256397e+03
1.814921991994257269e+03
1.710298254713630968e+03
1.576960558844031766e+03
1.642859376006719231e+03
1.587764914080600192e+03
1.622412674539972613e+03
1.538867787263789751e+03
1.493499519383543202e+03
1.660595296389506075e+03
1.981812742992381800e+03
1.860470520091561639e+03
2.093684941130662082e+03
1.775836252774147624e+03
1.478561777433195857e+03
1.969330549054794119e+03
1.674735462303486429e+03
1.545971096428200781e+03
1.750233811165545148e+03
1.947127427536571304e+03
2.035669278542996153e+03
1.496932655594981497e+03
1.450550763620676207e+03
1.673171307669039606e+03
1.697740468574172155e+03
1.774457124977365083e+03
1.707428866498129992e+03
1.800935430571228608e+03
1.619530157001496718e+03
1.739261648249268319e+03
1.633594941015605173e+03
2.070836829092399057e+03
2.065229271928406433e+03
1.873537478951645880e+03
2.015074354592990403e+03
2.045782001773354295e+03
1.976959558372099536e+03
1.805552201607398956e+03
1.774826753093367870e+03
1.445889978111186338e+03
1.442202621394428661e+03
1.580456568435572080e+03
2.105266355698786356e+03
1.568044855397431775e+03
1.564473011029552254e+03
1.622154483991547067e+03
1.988115138022598103e+03
2.041442086659620145e+03
1.757527445033189906e+03
1.477424589302463346e+03
2.024900100555944391e+03
1.466485530305628572e+03
2.098846976666129194e+03
2.042359266900985858e+03
1.741868761450658440e+03
2.012680685393907652e+03
1.688943228002624437e+03
1.774951120888649712e+03
2.033310160147778106e+03
1.976262223131223891e+03
2.089092731831432502e+03
1.845138151252907846e+03
1.541402629548148980e+03
1.713622157498864226e+03
1.689756532129933021e+03
1.740994002877382172e+03
1.831565659979224165e+03
1.776791808216438540e+03
2.030494870766355461e+03
1.649978688880217305e+03
2.059746868914711285e+03
1.710946209687789633e+03
2.047713173376625036e+03
1.709069327908307059e+03
1.569584324706273947e+03
1.482204443273977631e+03
1.865177027959234238e+03
1.967232625733058512e+03
2.081262318914877142e+03
1.854229644601226937e+03
1.649875541520414345e+03
2.038227344704770985e+03
1.646550116367184728e+03
1.902377046027644383e+03
1.673579109208211776e+03
1.627030987567317652e+03
1.793696436137792034e+03
1.484778540277551201e+03
2.077577099051340610e+03
1.572091008937032939e+03
2.009238236042374183e+03
1.881119721420783890e+03
1.824037979042107736e+03
1.930907967403029943e+03
1.608019544352978301e+03
1.844086095718807655e+03
1.846931440323719698e+03
1.625814290273581491e+03
1.575180299946820924e+03
2.085336967307192026e+03
1.942330186485924969e+03
1.556064884423355124e+03
1.462582651366008577e+03
2.031163398504155339e+03
1.540728952962474978e+03
1.794824134857217359e+03
2.107511034872656637e+03
1.489846815201720574e+03
1.726778486930508734e+03
1.698775726480531603e+03
1.706473177288773968e+03
1.988187717295026687e+03
2.003451724435434699e+03
1.616058284174383743e+03
2.033029421967710505e+03
2.106159470305814466e+03
1.982710700263416356e+03
1.596931233649488377e+03
1.963094927477035071e+03
1.481292310179376955e+03
1.536170623591325693e+03
1.924194657375169299e+03
1.584254071269152519e+03
1.482915376669327088e+03
1.761267492357736955e+03
1.582198605503287126e+03
1.629123453149242778e+03
1.666044734451555541e+03
1.638591323982306903e+03
1.976778063672321423e+03
1.667353169457664308e+03
1.476653896366248773e+03
1.703060219547253837e+03
1.863527395063102631e+03
1.900876909926745611e+03
1.783585648065035457e+03
1.760693476944169561e+03
2.019437003844162064e+03
2.053518167455963521e+03
1.856868200437300857e+03
1.990743748411087836e+03
1.996820154075685423e+03
1.648456002220924574e+03
1.621024804416205143e+03
2.072987624452060572e+03
1.929336472855191687e+03
1.663533551570092868e+03
1.706129170013916564e+03
1.538326665266394457e+03
2.097184999334638178e+03
1.858960084518390204e+03
1.456549805263946155e+03
1.559563074245475264e+03
1.961754299118618519e+03
1.840443875228921797e+03
1.799149666012840726e+03
1.455525730857347298e+03
1.512979181297418563e+03
1.624323857808839875e+03
2.076589113834774707e+03
1.988401276601200379e+03
1.575438220795201232e+03
1.907355176288416715e+03
2.037622315405143581e+03
1.525608432086773291e+03
1.797962607002317100e+03
1.502887748131558283e+03
1.534399728672775609e+03
1.658480589485675864e+03
1.534753133186227387e+03
1.878068281691511402e+03
1.680059417580260742e+03
2.107307141559564116e+03
2.056088881902176581e+03
2.004723074052355059e+03
1.936380698296014316e+03
2.009985152925767352e+03
1.881428724736917047e+03
1.962331363934711817e+03
2.044807636258303091e+03
1.481837172292443029e+03
1.608305006466393706e+03
1.975236136222550840e+03
1.945569620185317035e+03
1.956840452184540027e+03
2.062194844109284986e+03
1.697700351769582085e+03
1.824822635974062905e+03
1.825429014420724570e+03
1.998386673077733121e+03
1.845857905753105570e+03
1.797315719641443138e+03
1.908163650812346759e+03
1.876668321752707698e+03
1.594101960617050281e+03
1.898271324423821625e+03
1.911965874369459016e+03
1.561944212812422165e+03
1.678455204826602994e+03
1.860516977567608592e+03
2.092281898734502647e+03
1.824697974304291847e+03
2.008884314601652477e+03
1.962585211118710731e+03
1.641218137958080206e+03
1.643173581204468064e+03
1.750167098618727550e+03
1.492726827519644985e+03
1.999851951485426525e+03
1.493660828777398820e+03
2.060610566615168409e+03
2.113780160618917762e+03
1.594911151225175672e+03
2.074463620023309431e+03
1.974015728523968846e+03
2.040172167275303536e+03
1.616776134377035078e+03
1.768127266622262823e+03
1.715211375653774439e+03
1.763382795029950103e+03
2.040292850530428723e+03
1.860819606950774869e+03
1.549217723434363279e+03
1.903205326107643032e+03
1.567459043727212247e+03
1.655407684348022258e+03
1.793939859468425311e+03
1.617025748904065722e+03
1.771058593575636451e+03
1.866100206346437517e+03
1.825753865546867019e+03
1.788605993807396544e+03
1.445928551778691144e+03
1.789473110416519376e+03
2.030412871651711157e+03
2.079109387505742234e+03
1.520477664529360482e+03
1.473452307569820732e+03
1.721350847653345681e+03
1.866938664835403188e+03
1.715864536671020915e+03
2.097835606771646781e+03
1.970709292528361857e+03
1.976222174842973345e+03
1.463802938622581223e+03
1.620205574585413387e+03
1.733849489225798379e+03
1.565808717711107192e+03
1.639423112382214185e+03
1.565530617743560242e+03
1.721126240604247869e+03
1.911293395946421697e+03
1.556642390407940411e+03
2.063784404153690048e+03
1.852342002367093983e+03
2.047222496047819277e+03
2.089718154241969387e+03
1.908531192268308814e+03
2.046133690427044485e+03
1.544224614802054703e+03
2.077904060857697459e+03
2.040593550520589361e+03
1.988883224897364698e+03
1.690810902078946128e+03
2.013508762563388018e+03
2.080017141299150353e+03
2.033123725568962072e+03
1.813391667888342454e+03
1.897467730055570428e+03
1.721726619243870346e+03
1.761938989598950684e+03
1.810546918721943484e+03
1.541974092606723161e+03
1.795202019946910923e+03
1.459502956851189538e+03
2.055198479315105942e+03
1.693506741222339087e+03
1.467800014876899695e+03
1.464411193402369236e+03
1.586464127743812014e+03
1.744200434049382466e+03
1.468913144536353684e+03
1.749388892643038389e+03
1.759554363751715982e+03
1.767262237967497413e+03
1.628527788265449544e+03
1.803105008521207765e+03
1.500477339265899445e+03
1.817084950638275359e+03
1.666084452301740157e+03
2.001496382480213242e+03
1.618985026152623277e+03
1.483465537238994330e+03
1.684550551166737023e+03
1.693815702703462193e+03
1.781399904152647196e+03
2.094110099325680949e+03
1.600616377478721006e+03
2.007854006456921525e+03
1.620088299127504342e+03
1.746159947598697045e+03
1.577136249094900450e+03
1.489357654801342051e+03
1.964067485578331116e+03
1.950677701387178786e+03
1.645079424232045312e+03
1.516719395813547635e+03
1.686107883812771433e+03
1.799226539115636797e+03
2.081455010007632609e+03
1.715743578802630282e+03
1.786460624982821628e+03
1.922910137284848133e+03
1.655787158178356094e+03
1.972076988046124598e+03
2.007700892155437032e+03
1.924506048140951862e+03
1.628543281523091537e+03
1.465218248826235140e+03
2.090237752227061719e+03
1.735810114730453961e+03
1.451067436285224176e+03
1.855762719931306492e+03
1.767218279846884798e+03
2.114353477777671287e+03
2.110179645401163270e+03
1.708970278622222850e+03
1.650476636682650451e+03
1.752849964776481102e+03
1.755572230603412208e+03
1.506879929945577487e+03
1.685115658555953360e+03
1.975314018513194014e+03
2.093809662780712188e+03
1.993110204908378364e+03
1.718222740426269411e+03
1.732717336514260296e+03
1.753384251473080212e+03
1.795007655006479126e+03
1.812234384562089645e+03
1.601553200824536361e+03
2.036673422274647919e+03
2.004562763673527797e+03
1.746528224178863638e+03
1.760612682039459060e+03
1.513285648155601621e+03
1.643351860191381547e+03
1.556473234553048314e+03
1.890246035504296742e+03
1.562472382351450960e+03
1.766407493720220373e+03
1.911118956542776459e+03
2.093565955929017491e+03
1.845732850528061817e+03
1.685841051075749874e+03
1.707044466160812135e+03
1.792693550922015447e+03
1.934608701234916225e+03
1.627263911999137235e+03
1.923152856087071996e+03
1.968739111164619089e+03
1.619151886125117926e+03
1.646425585426689622e+03
1.984748013712589000e+03
1.442138940770102863e+03
1.738860032827066789e+03
1.520327519642529751e+03
1.525950994888144351e+03
2.062870257168404351e+03
1.729103393740389720e+03
1.978703386841437350e+03
1.982879110213667900e+03
1.631364632883286504e+03
1.747019599806367751e+03
1.827711655799080063e+03
1.804805053271830729e+03
1.780844095513422189e+03
1.737540568636573880e+03
2.017177898615260347e+03
2.071053599436746481e+03
1.761581568034214797e+03
1.832354389486608397e+03
2.065058005150659937e+03
1.609972546606129299e+03
2.030190731751293470e+03
1.710159229610238981e+03
1.505281444309814788e+03
1.980260144792117899e+03
1.489014516945891955e+03
1.461002570882582631e+03
1.708263889619869587e+03
1.921743140832043309e+03
1.759241248639370042e+03
1.492734307634715606e+03
2.052863610424838043e+03
2.038702315366156654e+03
1.950924092129082965e+03
1.830796462630744827e+03
2.054858340725250400e+03
1.757098376033730347e+03
1.622695341817443250e+03
1.992607469064239240e+03
1.451669228484212908e+03
1.679429367051493728e+03
1.897613296717064941e+03
1.499368790688057970e+03
1.803512987093963602e+03
1.845544634563650334e+03
2.014643217768252498e+03
1.951548464877222841e+03
1.632084887395468286e+03
1.495468623664757388e+03
