1.883862563908885932e+03
1.543099171099052683e+03
2.081229306767638263e+03
1.891912934813264428e+03
1.628395222116722834e+03
1.666625752769188239e+03
1.638751068522219157e+03
2.070363817488651875e+03
1.827516172841262915e+03
2.032078366050246132e+03
1.878947609011374880e+03
1.693130949855010158e+03
1.879053843862817757e+03
1.528270679241023572e+03
1.896292940817153976e+03
1.488256783887647543e+03
1.479939098644408887e+03
1.736754121997219045e+03
1.551454818204488220e+03
1.593866266837736248e+03
2.051141710478491405e+03
1.720136389772990469e+03
1.718556288124887033e+03
1.948225478451028721e+03
1.994776344497715172e+03
1.451388786859916991e+03
2.043956347194977297e+03
1.543658649033181973e+03
1.505282276315982926e+03
1.460097388931765636e+03
1.805134038423163020e+03
1.497543416462544883e+03
1.524322116433780820e+03
1.703551791048143059e+03
1.791423845414433572e+03
1.603275920959429186e+03
1.453997862170340568e+03
2.073168785548515189e+03
1.934192691009780674e+03
1.745218374595099021e+03
1.661744796941053210e+03
1.537936468238354564e+03
1.885881870305239318e+03
2.036894983646323226e+03
1.833360862979518743e+03
1.613715352495401476e+03
1.449957476054391918e+03
1.849799760958334218e+03
1.618017343874942526e+03
1.933951251215240063e+03
1.648762954070100477e+03
1.586296168518996183e+03
2.107125310863704726e+03
1.519510431282874379e+03
2.069354693953134301e+03
1.639461548840350133e+03
1.740643007783020948e+03
2.023293696590345462e+03
1.631316153256761936e+03
1.645901880801023253e+03
1.726273788670999920e+03
1.952365110726071862e+03
1.627299898389869213e+03
2.098657111816644829e+03
1.779722538579965885e+03
1.856178021360589810e+03
1.549506151935870321e+03
1.926345588207718265e+03
1.718967619014783850e+03
1.619839751810816551e+03
1.543778782812042436e+03
1.670486050565516507e+03
1.894723140479094127e+03
1.637623752906514937e+03
1.691109084011321556e+03
1.720810462017662076e+03
1.528472349241342499e+03
1.590178405013374459e+03
1.464617372466768757e+03
1.463953068685047128e+03
1.557474490928023897e+03
1.853850600718886426e+03
1.938244582326099362e+03
1.636268980690307899e+03
2.040838337785760814e+03
1.798217198186380301e+03
2.036224670811542182e+03
2.112050119868123602e+03
2.114011823778101189e+03
1.940867555497487501e+03
1.779517683755616190e+03
1.930617973272642530e+03
1.573831592875284514e+03
1.983650651196730450e+03
1.763598615562762689e+03
1.776344912593000799e+03
2.042104138171550858e+03
1.444527243724195614e+03
1.883499685363388835e+03
1.608077065359052312e+03
