1.824038005438513210e+03
1.908697483651733819e+03
1.922540649141318454e+03
1.469852987310020580e+03
1.629139820610909283e+03
1.814870649974254093e+03
1.607534859047837699e+03
1.645883628288777118e+03
1.919285953808691147e+03
1.932309242631159123e+03
1.433791457898308408e+03
1.452007711216177086e+03
1.862566329367771687e+03
1.979095669385466181e+03
1.978587110531526832e+03
1.966996922563839007e+03
1.592581393331766776e+03
1.767732073794721828e+03
1.831272488047019124e+03
1.851032729393766203e+03
1.640145387951773728e+03
2.062839603376765353e+03
1.526988114806358681e+03
1.561250453301918924e+03
1.734372809128078188e+03
1.886764021855294686e+03
1.731847278158635618e+03
2.062316532621209262e+03
2.040739224866595350e+03
2.050244167999555884e+03
1.483759797829478202e+03
1.578783446088727032e+03
2.012652742890341642e+03
1.683554362617623156e+03
1.699685514067670283e+03
1.753092007863318258e+03
1.768093240091204279e+03
1.957448211166680267e+03
1.527703450060912701e+03
1.788719795409512017e+03
1.939811891272746152e+03
1.599122634116206655e+03
1.675268853491704476e+03
1.919777998451836311e+03
1.874067986727736979e+03
1.729196576546434244e+03
1.608984836160278519e+03
1.650456958012795212e+03
1.508754070382122791e+03
1.429900464691253319e+03
1.925090347822665763e+03
1.510192264368257611e+03
1.774460723224723324e+03
1.483812405193569475e+03
1.981439222316053929e+03
1.610221141548058768e+03
1.999103258544629171e+03
1.954038819925774987e+03
1.479725746791267738e+03
1.535282918352233992e+03
1.738048617600591115e+03
1.521632504899301239e+03
1.780472594116449272e+03
1.761437709579234934e+03
1.735888139997334974e+03
1.558068302658387438e+03
1.814030203005320573e+03
1.800013640944517419e+03
1.633583443432607510e+03
1.595978433677497151e+03
1.467176834658037706e+03
1.507367495300009296e+03
1.661005136851526004e+03
1.863956068340563206e+03
1.972123802854124961e+03
1.473381515031487652e+03
1.622724635232895480e+03
1.993407194412479157e+03
1.897586775509415929e+03
2.067135164584596623e+03
1.807015941397410870e+03
1.586571965766617723e+03
1.707647194297548140e+03
1.740872564983579423e+03
1.668877298561596945e+03
1.826886540960312686e+03
1.855398405025983266e+03
1.634139019827885477e+03
1.508017211397356732e+03
1.563221492509581140e+03
1.639936760805883068e+03
1.942757406876378809e+03
2.056362885415880100e+03
1.800421805557659809e+03
1.998649489973793379e+03
1.706657279934149983e+03
1.845790849994973541e+03
1.508010750141574363e+03
2.035989179233158666e+03
1.956297263749539297e+03
