1.839532424759956939e+03
1.048571321639875350e+03
1.861883799453068150e+03
1.103291367183529701e+03
1.277414928629996439e+03
1.835023897927113921e+03
1.528600429516033273e+03
8.815433869920053667e+02
1.052140320299530003e+03
1.461240484074270171e+03
1.545326740591545104e+03
1.362249589010153613e+03
1.658970773863878776e+03
1.070365564862388737e+03
1.000329242617284763e+03
1.841889138706413178e+03
1.442761200962865132e+03
9.721722120045436668e+02
1.349329926211930797e+03
9.182856154470931642e+02
1.332092102977314426e+03
1.462349516236603222e+03
1.039327723306254711e+03
1.511076313446244058e+03
1.914296013299779133e+03
1.572483833351775957e+03
1.089948188828977891e+03
1.552219546824692770e+03
1.468588113463002855e+03
1.132711474381414746e+03
1.270497326844542840e+03
1.604251115073454002e+03
1.615099271306926994e+03
9.748697799662312491e+02
1.001707481808669058e+03
1.466139780148792852e+03
1.822352174879929407e+03
1.158587780956377173e+03
1.458587130505957248e+03
1.650638736442318987e+03
9.070964554524323376e+02
1.834548037779041806e+03
1.563858706532652832e+03
1.881698494589489883e+03
1.312761525015551570e+03
1.571988505645105761e+03
1.815271277636470131e+03
8.858170068246395203e+02
1.474586499498796002e+03
1.494400410310946427e+03
1.784550048972431341e+03
1.508922511723953448e+03
1.672614228573551600e+03
1.932886963968246391e+03
1.616948747210687316e+03
1.793815443721853399e+03
1.757549085448538790e+03
1.164653771385190566e+03
1.753679270033105240e+03
1.273926827102266088e+03
1.257966529906782398e+03
8.902407343299072409e+02
1.665244834728624028e+03
1.101478561631912271e+03
1.555610070260389421e+03
1.671646463270826871e+03
1.449092379543617426e+03
1.795290967238356188e+03
1.162660064567374093e+03
9.067584165910139973e+02
1.468045160724247580e+03
1.149961882966156736e+03
1.360940745943127922e+03
9.921253394942243631e+02
1.077592927449939452e+03
1.455096933240835824e+03
1.487186587105649323e+03
1.622139011210147601e+03
1.564519705184305167e+03
1.606150701866451982e+03
9.303869990214855079e+02
1.761031036094430874e+03
1.125950664909600164e+03
1.613508064589068454e+03
1.602696372889287204e+03
1.137386974639390928e+03
1.063988963679623566e+03
1.066733344425667610e+03
1.462493304491156096e+03
1.379922628791002808e+03
1.850504558495064657e+03
1.300433507139316134e+03
1.909884900549566055e+03
1.848972521040481752e+03
1.625392895740609674e+03
9.530106182705751507e+02
1.462973162114189790e+03
1.680996380606530465e+03
1.011754166879770992e+03
1.542817538005476763e+03
