2.055383505453198268e+03
2.293198563379663028e+03
2.192470532685125818e+03
1.475793657707249167e+03
1.274625570759360926e+03
1.152774492060383182e+03
2.265006918777742158e+03
2.345216618777832991e+03
1.767885362859567067e+03
2.421491826089549249e+03
1.241458421015248632e+03
1.479490339579889223e+03
1.725941035261758998e+03
2.307802791720888308e+03
1.893324387898313944e+03
1.302683419500539458e+03
1.229247703345277159e+03
1.049436152856749914e+03
1.454472160977629756e+03
2.043043145978700522e+03
2.173522355073342624e+03
2.328307628131663023e+03
1.073466177797650516e+03
2.714551405978675575e+03
1.626309268284876225e+03
1.050916942385271341e+03
2.758437398185297752e+03
1.873786613399895259e+03
1.560223470992580587e+03
2.263045334457829085e+03
1.378369819342283790e+03
2.052696219574526822e+03
2.700108451112183957e+03
1.471848189013770934e+03
1.979739563302421857e+03
1.062628158128097994e+03
1.087054413427225427e+03
1.302308846395791079e+03
1.444225225621598156e+03
1.936146994092081513e+03
2.078591768369291458e+03
1.781033353159694343e+03
2.146744600879198515e+03
1.965129305984795792e+03
1.964512145201008479e+03
1.663341195649237534e+03
2.677014880625543356e+03
1.054665748521829755e+03
1.325561961839869127e+03
2.113407650104732056e+03
2.193148989620042357e+03
2.766182758880825077e+03
1.341551199743288180e+03
2.381648956292736329e+03
2.161449244123075914e+03
1.431681866730127922e+03
2.739928922068405882e+03
2.288158582600010959e+03
1.205141562600048928e+03
1.443487470977718885e+03
