7.624489259508962959e+02
5.667091617624372475e+02
1.020737226304856904e+03
5.856774500479805283e+02
4.141541945368634288e+02
8.238271975167847359e+02
9.154228179632087858e+02
5.704586661250639281e+02
5.822057208078588246e+02
1.099208756079572140e+03
5.890975932262740571e+02
9.485347744444705995e+02
7.359923699463129196e+02
6.803595524062432105e+02
5.152797765102380936e+02
1.112847048540014384e+03
9.773446587482796986e+02
1.076254068822792760e+03
6.403126122869090295e+02
4.206172351133911320e+02
6.697384224702406073e+02
5.951501438965747184e+02
6.483917616667041557e+02
1.063948443311909614e+03
8.344246168455053976e+02
9.274438078487360144e+02
6.286780621345292275e+02
3.908055428230746315e+02
5.306304440360772787e+02
4.574263296710744839e+02
4.721045808435511617e+02
1.028309083459301291e+03
1.042494261626137359e+03
1.006325622217192858e+03
6.188888330187410247e+02
1.016295200825889538e+03
6.584781010473810738e+02
9.004458710454274524e+02
7.185716114058457151e+02
1.270657881553039033e+03
6.062203424716661857e+02
9.460886292526641910e+02
7.431635721217007813e+02
1.261583871961766818e+03
1.089620172267826774e+03
6.792676086765833361e+02
5.365547989488184157e+02
5.176241981154014411e+02
5.482404862089061908e+02
8.129644193173824078e+02
