2.254462938592066712e+04
2.069605191251473298e+04
1.998761189082801866e+04
1.981012961008701677e+04
1.977668649723244744e+04
1.956963320099135308e+04
1.921613940628534328e+04
1.901304279957045219e+04
1.894641174364394828e+04
1.889159135423074622e+04
1.881913208751298225e+04
1.881856263881849736e+04
1.857912955333638092e+04
1.842540981254752478e+04
1.834219834001783602e+04
1.818108029263979188e+04
1.816894860383311607e+04
1.813570027995260170e+04
1.787221770595051203e+04
1.783971018813115370e+04
1.782001391256006900e+04
1.773303922022557890e+04
1.771692272303866048e+04
1.768719528438845737e+04
1.768619822219488560e+04
1.768490407191567283e+04
1.763143271405090491e+04
1.756948212631565184e+04
1.753150340767084708e+04
1.750231127391813789e+04
1.735500364323145914e+04
1.724392755808294169e+04
1.723824800410987518e+04
1.722350143303380901e+04
1.715398865619676508e+04
1.705031931556506606e+04
1.705015825090324506e+04
1.698980153021838487e+04
1.697522212344284344e+04
1.695340687124905162e+04
1.694484614179796336e+04
1.692403536780214199e+04
1.692258954032689144e+04
1.682579219907160950e+04
1.681662139704979927e+04
1.680989225667730716e+04
1.679232779264876808e+04
1.676093592293636175e+04
1.675529250637510995e+04
1.675267303985436592e+04
1.670850706033105234e+04
1.668897629815084656e+04
1.667264827147671531e+04
1.667035757736030428e+04
1.665561833439218753e+04
1.661175750755166519e+04
1.660261959368616226e+04
1.658224051763059833e+04
1.653944502453007954e+04
1.650215861073989436e+04
1.648216011193613303e+04
1.643558211919591486e+04
1.642033133725251537e+04
1.641944262188184439e+04
1.640932287006836850e+04
1.635743088373803221e+04
1.633592220289726538e+04
1.631512289796470577e+04
1.630715061523076292e+04
1.630658429959338537e+04
1.630133269678864417e+04
1.628584147549745285e+04
1.627417993740467500e+04
1.626146889369454766e+04
1.624079187447047843e+04
1.623736360014934871e+04
1.623459279526479986e+04
1.621770094593366048e+04
1.621071722976225465e+04
1.620815448020260192e+04
1.620147746349357476e+04
1.616769904724802836e+04
1.616243387160886050e+04
1.614550808014898575e+04
1.614359303682536847e+04
1.613231505483956607e+04
1.611491746700723161e+04
1.611402062717817353e+04
1.608947437550685936e+04
1.608473988177268802e+04
1.608111440701746324e+04
1.607822594788759488e+04
1.606969388387495746e+04
1.605890006882306625e+04
1.605819966307549475e+04
1.604550324275483581e+04
1.604187267962456826e+04
1.601808346427207107e+04
1.600751462501460992e+04
1.600645043085633188e+04
1.600582194970381170e+04
1.599616580458617864e+04
1.597140445468393955e+04
1.594680781507755637e+04
1.593551629157800198e+04
1.589141073875996881e+04
1.588815531500460202e+04
1.587848095866294352e+04
1.585933423058373592e+04
1.585911963495302371e+04
1.580686915598836276e+04
1.579132168208109942e+04
1.578396970513477027e+04
1.576540636986876780e+04
1.575658826697882068e+04
1.574566869470686652e+04
1.574376151356825903e+04
1.572871023824147051e+04
1.571359627832142723e+04
1.570503715353758162e+04
1.568353833098269206e+04
1.566860711361550784e+04
1.566842040446956162e+04
1.566775911303747307e+04
1.565596896931108313e+04
1.564535135776297284e+04
1.563374057262293536e+04
1.562860568328542831e+04
1.562687144739392170e+04
1.561538114923481953e+04
1.558972309114816198e+04
1.558194386482945811e+04
1.557794742549309740e+04
1.557164675774330499e+04
1.554939775542023017e+04
1.554821637960874978e+04
1.549874311995839889e+04
1.549334084225519837e+04
1.548556257026786807e+04
1.548146362488219165e+04
1.546874184956085082e+04
1.545582121360183191e+04
1.545449430010872675e+04
1.543459203435943527e+04
1.542617412499017519e+04
1.541933699007182076e+04
1.541041442001417272e+04
1.540856578889845150e+04
1.539903311928770745e+04
1.539168422703164288e+04
1.538156169767173378e+04
1.535095676284881665e+04
1.534690606563270376e+04
1.533891606800695263e+04
1.529805252805926830e+04
1.529792271677133976e+04
1.528653900734750459e+04
1.528217756016972817e+04
1.526604586766368448e+04
1.525451095767171319e+04
1.525445499865826787e+04
1.525257729449876570e+04
1.524198204965701188e+04
1.523844475994350614e+04
1.521971284605599249e+04
1.520189639450308641e+04
1.519388580823821940e+04
1.519237606486217010e+04
1.519137603547107392e+04
1.518685775132114031e+04
1.518189860312286510e+04
1.517552811661600208e+04
1.516735234696044063e+04
1.516126859866648010e+04
1.514937018714535589e+04
1.514357996956798706e+04
1.513587328148709639e+04
1.512912407369464745e+04
1.512346785043310774e+04
1.510449607043296965e+04
1.509894058193554883e+04
1.509784732334604996e+04
1.509524727963242731e+04
1.509055714575653474e+04
1.508936966385897904e+04
1.508504432778135379e+04
1.508225036772305066e+04
1.507889753562680198e+04
1.507845132393403583e+04
1.507493020274357514e+04
1.507234298683920315e+04
1.506726725085187718e+04
1.506504097204676145e+04
1.505856132153031103e+04
1.505568308574735602e+04
1.505081834041045113e+04
1.504593606437783455e+04
1.503854833239857544e+04
1.503514213687262236e+04
1.501871462342739505e+04
1.501405275444547988e+04
1.499499632640477103e+04
1.497773919636994106e+04
1.497326405869212067e+04
1.497282897352673353e+04
1.497217015246027222e+04
1.496668438589397192e+04
1.495898723355763286e+04
1.495682096761593311e+04
1.494718448076467757e+04
1.493911698648020138e+04
1.492351626373913496e+04
1.492033144149846885e+04
1.491984160112474819e+04
1.491554675363920796e+04
1.491018614093979340e+04
1.489878526613245231e+04
1.489460340690280100e+04
1.488028869185878466e+04
1.487942782696743416e+04
1.487919623010276518e+04
1.487824832025997603e+04
1.487503266725998219e+04
1.487180353549986467e+04
1.486808445815677987e+04
1.486752153974949397e+04
1.485822952695028835e+04
1.484846387385214257e+04
1.484761543343597259e+04
1.483129722472335925e+04
1.482970369397261675e+04
1.482005248069332447e+04
1.480232520976906744e+04
1.480123586173183685e+04
1.479658664412368671e+04
1.479624692735437566e+04
1.479605472454300252e+04
1.479218739263425596e+04
1.479048958716551715e+04
1.478523938198449832e+04
1.478179627865662769e+04
1.478119483650331495e+04
1.477299349499694836e+04
1.477040868116092679e+04
1.476186064551023446e+04
1.474846210833338409e+04
1.474795628656590270e+04
1.474343670184458460e+04
1.474104364486249870e+04
1.473732896346877351e+04
1.473019175310460923e+04
1.472370626862477729e+04
1.472316280976763301e+04
1.471408260573615007e+04
1.471355094675687178e+04
1.470266965311285458e+04
1.469011765661039681e+04
1.467862954842903127e+04
1.467153145442344612e+04
1.467099133239727053e+04
1.466799901280269114e+04
1.466397672209086886e+04
1.466267720103033025e+04
1.465056899790967509e+04
1.464749172788558280e+04
1.464566996419046154e+04
1.464454020340143688e+04
1.464363089034786753e+04
1.464054495590043189e+04
1.463425382134655956e+04
1.463241354614785450e+04
1.462873750701178142e+04
1.461767684348996772e+04
1.461359668242744738e+04
1.460559167759910633e+04
1.460026435996168584e+04
1.458769020581176301e+04
1.458367490975903820e+04
1.458255312774074991e+04
1.457562408564353973e+04
1.457396699045511923e+04
1.457314048608379017e+04
1.457155799218994252e+04
1.456517565880788425e+04
1.456471851678986604e+04
1.456193191441096133e+04
1.456131363222507753e+04
1.456056756256371227e+04
1.455959535288557890e+04
1.455958891058967129e+04
1.455955037532182723e+04
1.455603079668619830e+04
1.454965378655068525e+04
1.454491861196211539e+04
1.454310110365650326e+04
1.453894562334412694e+04
1.453086038696499054e+04
1.452697184101340463e+04
1.452330580056540566e+04
1.451536388830846045e+04
1.450543116174449824e+04
1.450071902374221827e+04
1.449157475123908443e+04
1.449100882968724181e+04
1.448933468410474597e+04
1.448807539931028441e+04
1.448617875472828200e+04
1.448435210563208057e+04
1.448424672563490094e+04
1.447812333116008449e+04
1.447784629374583164e+04
1.447280576725053834e+04
1.447098181566599123e+04
1.446941992851796385e+04
1.446793512889965132e+04
1.446620647464934882e+04
1.446562215550411747e+04
1.446205259959590694e+04
1.446173962098748598e+04
1.445835736542253653e+04
1.444665638471897000e+04
1.444121776427828627e+04
1.443981211291558429e+04
1.443458606307694936e+04
1.442663027679220977e+04
1.441716923858041628e+04
1.441338242763891685e+04
1.441087898778047020e+04
1.441002878477008562e+04
1.439816520994174789e+04
1.439565394116027528e+04
1.439032056664983975e+04
1.438745054473808341e+04
1.438202988651429223e+04
1.437972301590453571e+04
1.437673732587053928e+04
1.437632022886061895e+04
1.436786851351815494e+04
1.436704062708055790e+04
1.436384436754472335e+04
1.436034335157355963e+04
1.435946484632013016e+04
1.435850912945313030e+04
1.435386858243367169e+04
1.434785793391312473e+04
1.434737106822610440e+04
1.434410829933842797e+04
1.433429800584555778e+04
1.433359328896630723e+04
1.433300757974263615e+04
1.433073304726385686e+04
1.433046374000575815e+04
1.432701659001675216e+04
1.432681199406688393e+04
1.432127050469349342e+04
1.431977837593331788e+04
1.431890070038938939e+04
1.431154977272908945e+04
1.431095298195500436e+04
1.430401229077554854e+04
1.429869706189778481e+04
1.429576392791063699e+04
1.429136839491614592e+04
1.428901349730179936e+04
1.428843005790755706e+04
1.428829637299045135e+04
1.428594089422259640e+04
1.428352856389496810e+04
1.428325939307034059e+04
1.428177978550927219e+04
1.427778207031247803e+04
1.427530400652693061e+04
1.427357717207320820e+04
1.427017178652374423e+04
1.426901556643916047e+04
1.426682978598058253e+04
1.426152825521890918e+04
1.425800933316942610e+04
1.425613090862315948e+04
1.425607720400246581e+04
1.424843168648642313e+04
1.424690558183021858e+04
1.424655905150099534e+04
1.424444634825186949e+04
1.424310271682477469e+04
1.424031103764475483e+04
1.423586085116097820e+04
1.423382818330438931e+04
1.423220367005387379e+04
1.422884014935432242e+04
1.422846601445288252e+04
1.422277149463382739e+04
1.422269354273163117e+04
1.422210070766649187e+04
1.422007859088847363e+04
1.421970983716578849e+04
1.421924254486464633e+04
1.421810120421658758e+04
1.421650631534163040e+04
1.420930738783902962e+04
1.420923081525073576e+04
1.420635446276589573e+04
1.419933981249492899e+04
1.419845693993883833e+04
1.418736948105158444e+04
1.418593521665692242e+04
1.418266303611868716e+04
1.418200556492013129e+04
1.418143378615681650e+04
1.417608584056078507e+04
1.417280623379416647e+04
1.416574966633076656e+04
1.416253260796955874e+04
1.415960401093628207e+04
1.415780667739270575e+04
1.415005441099435120e+04
1.414861330481243203e+04
1.414462659812892889e+04
1.414417786066271947e+04
1.413773528200815053e+04
1.413624337935102812e+04
1.413381288187935570e+04
1.413348859453206387e+04
1.413174762675635611e+04
1.412112531689390380e+04
1.411904798694773126e+04
1.411840425807050633e+04
1.411639548785680381e+04
1.411551778363364247e+04
1.411447102385421022e+04
1.411137109010722816e+04
1.410969138464413845e+04
1.410791576612860808e+04
1.410721615710623155e+04
1.410359071109962133e+04
1.409939036501157898e+04
1.409899810237659040e+04
1.409754012041394526e+04
1.409618094762392866e+04
1.409544058988357938e+04
1.409211638902270897e+04
1.409071506552919709e+04
1.408852488682058356e+04
1.408589681106216449e+04
1.408509049677513030e+04
1.408339866241844175e+04
1.407841441500834117e+04
1.407531533582598604e+04
1.406821325393856023e+04
1.406809416099092778e+04
1.406761947162832439e+04
1.405928624836406743e+04
1.405879248239821391e+04
1.405160766149693700e+04
1.404922944034905777e+04
1.404261784861246997e+04
1.404196347358713319e+04
1.403661695265345406e+04
1.403459561182738253e+04
1.401947536392387337e+04
1.401515981928646215e+04
1.401310046405603134e+04
1.401228816787574033e+04
1.400682683628538507e+04
1.400516221660768679e+04
1.399403517674887917e+04
1.397854600868586567e+04
1.397826609517306861e+04
1.397706362216972047e+04
1.397481227974337889e+04
1.397424279261114862e+04
1.396989103217574302e+04
1.396071801226022944e+04
1.395662545311208669e+04
1.395400944351751968e+04
1.395057575507974252e+04
1.394974222803313933e+04
1.394857695968040207e+04
1.394744726607722623e+04
1.394718045851669012e+04
1.394717433351059481e+04
1.394017698407469652e+04
1.393874913080038823e+04
1.393761716035960126e+04
1.393045000378685836e+04
1.392841971799541352e+04
1.392838702244029992e+04
1.392621201279250454e+04
1.392603817730013543e+04
1.392594750358268720e+04
1.392168693134422028e+04
1.391561095046180344e+04
1.391517406425786430e+04
1.390923995501812169e+04
1.390601757308659944e+04
1.390531926945997839e+04
1.390207093554582752e+04
1.390085559402153012e+04
1.390018075400316593e+04
1.388909649108335361e+04
1.388524137012775645e+04
1.386607714113857583e+04
1.386442955747667838e+04
1.386015329802177803e+04
1.385783888467959696e+04
1.385493243815563983e+04
1.385477804400445348e+04
1.385458045867321925e+04
1.385320660418932130e+04
1.384281461295832196e+04
1.383873096508966228e+04
1.383545603056092659e+04
1.383517377940386359e+04
1.383470062278951809e+04
1.383440169388226786e+04
1.383386640974046168e+04
1.383327168192418867e+04
1.383153930592833785e+04
1.382840066257948274e+04
1.382027570567385919e+04
1.381890841672601709e+04
1.381830976503422426e+04
1.381776981271474142e+04
1.381491067071707221e+04
1.381045379079253871e+04
1.380592997318851303e+04
1.380075005028802843e+04
1.379991877810931146e+04
1.379840224208662039e+04
1.379660939767545460e+04
1.379471778068567437e+04
1.379356614204214929e+04
1.379036922039874844e+04
1.378795147524191270e+04
1.378787230866290338e+04
1.378704123116554911e+04
1.378525480514748779e+04
1.378455397555452873e+04
1.378411478010516839e+04
1.378352995811408255e+04
1.377877188495857990e+04
1.377841798386165829e+04
1.377517175587890233e+04
1.377303456560214181e+04
1.377258511859209284e+04
1.377041304226366265e+04
1.376784405758157300e+04
1.376725328796020403e+04
1.376641796284762495e+04
1.376626020154612706e+04
1.376619888717803042e+04
1.376190526134693209e+04
1.376129188904433977e+04
1.375847637592008505e+04
1.375690804364900760e+04
1.375557477366220337e+04
1.375457577313116417e+04
1.375080364543653741e+04
1.375079530778322442e+04
1.375076521563157075e+04
1.374996614594088533e+04
1.374916290728611057e+04
1.374652835294198667e+04
1.374511122553911991e+04
1.374480279348391377e+04
1.374372558324598504e+04
1.374313513876709294e+04
1.374058579357533927e+04
1.373650081397043868e+04
1.373554648329512565e+04
1.373479201994044161e+04
1.373152659078286160e+04
1.373023138641119112e+04
1.372654128010640488e+04
1.372109459084274931e+04
1.371835902811728010e+04
1.371778858727185434e+04
1.371541573764947498e+04
1.371116223115770845e+04
1.370678067995204765e+04
1.370515729913306131e+04
1.369423737733563394e+04
1.368778124546184335e+04
1.368751626170053714e+04
1.368416499877124443e+04
1.368409977227959462e+04
1.368026046542385666e+04
1.367973932633174627e+04
1.367749119686446647e+04
1.367584175046469500e+04
1.367421672178032532e+04
1.367299314534717814e+04
1.367242335030776849e+04
1.366852241305375355e+04
1.366674972415887351e+04
1.366616072156309019e+04
1.366107553812546394e+04
1.365851031664123730e+04
1.365601937087005354e+04
1.365423520993724560e+04
1.365389516307203303e+04
1.364927957491867164e+04
1.364382206550005867e+04
1.364170685706876611e+04
1.363787611492885844e+04
1.363718457208074324e+04
1.363471216220838687e+04
1.363458545840401348e+04
1.362837282223367220e+04
1.362551781634551298e+04
1.361463297216656065e+04
1.361263104679081152e+04
1.360297760160701546e+04
1.359946516342436917e+04
1.359768051637987082e+04
1.359730828357412611e+04
1.358882890598589256e+04
1.358787113032133493e+04
1.358606840368601115e+04
1.358449248139417978e+04
1.358423598377731469e+04
1.358185601333598970e+04
1.358103638280740597e+04
1.358000564734287946e+04
1.357784156397529296e+04
1.357743992832556978e+04
1.357680622785552623e+04
1.357588661710904489e+04
1.357539133910465534e+04
1.357534734653049600e+04
1.357437172562431806e+04
1.357407011902760860e+04
1.357381441977901341e+04
1.357196032482377632e+04
1.357012747851316999e+04
1.356647483828475015e+04
1.356600362273190331e+04
1.356530289428912329e+04
1.356216274024579980e+04
1.355974260346191295e+04
1.355935924426160454e+04
1.355874229533137259e+04
1.355856042852341852e+04
1.355854651800108331e+04
1.355712526225719921e+04
1.355566558728739619e+04
1.355535648938676059e+04
1.354873320207633515e+04
1.354418567680629349e+04
1.354398804934760483e+04
1.353989521402555692e+04
1.353840903125557088e+04
1.353707438094081044e+04
1.353448770460818923e+04
1.352523368705076064e+04
1.352399121561532957e+04
1.352365460856286882e+04
1.351966076904075635e+04
1.351650996211813253e+04
1.351458213638043890e+04
1.351391509867426066e+04
1.351248549439195267e+04
1.351054583055437070e+04
1.351037016834036513e+04
1.350969777899026121e+04
1.350961608181728297e+04
1.350862961502379767e+04
1.350788428410233973e+04
1.350380399698942711e+04
1.350055979991887398e+04
1.350019287884529513e+04
1.349984732454778896e+04
1.349949278888189292e+04
1.349917802655400192e+04
1.349613597370253592e+04
1.349555700092109328e+04
1.349529280278371880e+04
1.349484434348560535e+04
1.349282954027752930e+04
1.348888782855170211e+04
1.348765837566722075e+04
1.348583753016706942e+04
1.348440762367658317e+04
1.348267709212759655e+04
1.348188900456603733e+04
1.347930641501865466e+04
1.347495758528569604e+04
1.346964791276046162e+04
1.346833352871796706e+04
1.346635852446964236e+04
1.346617976909908430e+04
1.346615435460198205e+04
1.346475405291467905e+04
1.346052046866331693e+04
1.345988372757944308e+04
1.345626018392621336e+04
1.345090272929485582e+04
1.344974726180865946e+04
1.344705453831189516e+04
1.344402797117933369e+04
1.344340773218528557e+04
1.344339962342491708e+04
1.344219712346400411e+04
1.344060384178072491e+04
1.343936514346136937e+04
1.343915385877313383e+04
1.343792004646550049e+04
1.343752766207478999e+04
1.343720839382109625e+04
1.343652188720831327e+04
1.342977445099291072e+04
1.342893467634616718e+04
1.342436585014315642e+04
1.342376815074194928e+04
1.342325464884809844e+04
1.342225622207676133e+04
1.342187443005719251e+04
1.342074603901369119e+04
1.341997918748934171e+04
1.341902038825356794e+04
1.341805347668919057e+04
1.341757120573488646e+04
1.341090925699504442e+04
1.340748712987616454e+04
1.340486404599682282e+04
1.340444963172557073e+04
1.340073140966211940e+04
1.339329901914126458e+04
1.339135854068875778e+04
1.338966594629652536e+04
1.338748508676027632e+04
1.338741935400324292e+04
1.338734446650495374e+04
1.338515218989861023e+04
1.338454917081360327e+04
1.338423360735395545e+04
1.338328207191406545e+04
1.338285097799200594e+04
1.338048544276611938e+04
1.337372773351229989e+04
1.337216563127470181e+04
1.337154809916017985e+04
1.336876700990348036e+04
1.336286842602726028e+04
1.336282466854932863e+04
1.336281718487647595e+04
1.336218959104235728e+04
1.336083447968094151e+04
1.335884178446787701e+04
1.335808033358292232e+04
1.335699911660189900e+04
1.335646773750654029e+04
1.335630887539056494e+04
1.335502196573151741e+04
1.335401227792917234e+04
1.335357322634677985e+04
1.335291220732283909e+04
1.335248071909869213e+04
1.335211652135549411e+04
1.334984530393122259e+04
1.334832557142010046e+04
1.334751158408059746e+04
1.334605588835628078e+04
1.334490601267612510e+04
1.334311304203125837e+04
1.334118162196666890e+04
1.334026495505425555e+04
1.333961708956257644e+04
1.333764240056149720e+04
1.333615639745786757e+04
1.333401360110903624e+04
1.333034631271260878e+04
1.332989835845007292e+04
1.332811971333730253e+04
1.332704401560660335e+04
1.332070352097298201e+04
1.331684978384096030e+04
1.331540342215953206e+04
1.331397508554255182e+04
1.331176824599770771e+04
1.331172208102564400e+04
1.331134118694502467e+04
1.331069103407631337e+04
1.330924502810175909e+04
1.330582007872578470e+04
1.330513144722853394e+04
1.330392211801631493e+04
1.330159062641017226e+04
1.330152915770777508e+04
1.330105405459580652e+04
1.329914769439998781e+04
1.329735373444938341e+04
1.329608340954225969e+04
1.329466930677296114e+04
1.329313292558236935e+04
1.329179812161491282e+04
1.329042924070459958e+04
1.328976601111335185e+04
1.328696463624294483e+04
1.328456615675868488e+04
1.328204453855733846e+04
1.328195606335617776e+04
1.328160845194168724e+04
1.327997861458723128e+04
1.327751383465107210e+04
1.327573529689837596e+04
1.327481708028527646e+04
1.327350865079383038e+04
1.327263268051877640e+04
1.327122622635023254e+04
1.327064912231796006e+04
1.326744829447914526e+04
1.326700954614565489e+04
1.326518698446690541e+04
1.326512531567232509e+04
1.326414823575203263e+04
1.326260858554745937e+04
1.325999053576776532e+04
1.325927126163021967e+04
1.325817722718210644e+04
1.325801212906956425e+04
1.325769525864838579e+04
1.325726931682869690e+04
1.325587776675263740e+04
1.325416376430880700e+04
1.325026158051316997e+04
1.324844595710388603e+04
1.324584450298713455e+04
1.324441153957366441e+04
1.324314757292025024e+04
1.324312631427758606e+04
1.324294630888391112e+04
1.323980273160258730e+04
1.323955755411128121e+04
1.323805712419429437e+04
1.323725322864587361e+04
1.323687819594906432e+04
1.323648315721006657e+04
1.323593396761590520e+04
1.323570622299501338e+04
1.323354151832183743e+04
1.323224487680065249e+04
1.323183389591588639e+04
1.323010097264299111e+04
1.322882160373084844e+04
1.322757329461309928e+04
1.322565447389299152e+04
1.322520995244602454e+04
1.322382643477971578e+04
1.322319026362938894e+04
1.322226142026937669e+04
1.322139701792110282e+04
1.322132323686783093e+04
1.321694879466829298e+04
1.321527411340036997e+04
1.321468762621228234e+04
1.321442101701868523e+04
1.320829549516330735e+04
1.320769879478597068e+04
1.320707089016812461e+04
1.320618568976598544e+04
1.320499785287512532e+04
1.320428543243226159e+04
1.320327265104307298e+04
1.319969744100475145e+04
1.319964433506366004e+04
1.319924914562294543e+04
1.319891778166002405e+04
1.319850304441055778e+04
1.319580314744834322e+04
1.319523868619059067e+04
1.319499129450074179e+04
1.318810009428734702e+04
1.318536859853961869e+04
1.318525833383601821e+04
1.318404298968727380e+04
1.318187237869695309e+04
1.317822785307075537e+04
1.317770193759490940e+04
1.317507223687994701e+04
1.317485985164926751e+04
1.317465084151673545e+04
1.317373101111854703e+04
1.317347757007645851e+04
1.317209751887835228e+04
1.316924552029866027e+04
1.316909113131311824e+04
1.316876848637443436e+04
1.316760301307417103e+04
1.316751749249291242e+04
1.316743477982655531e+04
1.316376396407570792e+04
1.316035798514870112e+04
1.315956776899226497e+04
1.315866821749541305e+04
1.315839932403154307e+04
1.315744795530899137e+04
1.315571784514999672e+04
1.315561972338228588e+04
1.315065178715524235e+04
1.314815236688178629e+04
1.314505130608862783e+04
1.314238667779878961e+04
1.313822122353611849e+04
1.313736706065689759e+04
1.313332967865230603e+04
1.312927556959537469e+04
1.312914828770498571e+04
1.312706799779752691e+04
1.312489765944596365e+04
1.312094418752905040e+04
1.312092649442803304e+04
1.311934054771359115e+04
1.311806612672406845e+04
1.311631262154374781e+04
1.311510004448265499e+04
1.311504469084629091e+04
1.311465468673058058e+04
1.311236686470452150e+04
1.311184763163305615e+04
1.311064980486770401e+04
1.311061010366538903e+04
1.310971205716165787e+04
1.310406678747626756e+04
1.310247469888200794e+04
1.309986283611587169e+04
1.309965064666711987e+04
1.309797507012659480e+04
1.309780061157598175e+04
1.309640877253268991e+04
1.309629790532695915e+04
1.309214335664171085e+04
1.309145074875146383e+04
1.309084397355592046e+04
1.308993576728140033e+04
1.308934580728456785e+04
1.308755558437040963e+04
1.308576338853621564e+04
1.308554714615610646e+04
1.308366251117715365e+04
1.308327446351669641e+04
1.308317994855748839e+04
1.308121016296221933e+04
1.308113866385608708e+04
1.307874047060415251e+04
1.307687608045441448e+04
1.307046753091279061e+04
1.306649503227590321e+04
1.306493803690431378e+04
1.306402440002658113e+04
1.306101800765255757e+04
1.305945072713266381e+04
1.305748500806825905e+04
1.305640551987353683e+04
1.305392130328088388e+04
1.304889038037461796e+04
1.304864710652117355e+04
1.304556430991739035e+04
1.304348710929069784e+04
1.304346174476278793e+04
1.303425825295904724e+04
1.303234723178741842e+04
1.302905372735467972e+04
1.302870000779792645e+04
1.302737726289595957e+04
1.302614951587715950e+04
1.302545485899075720e+04
1.302499194845099737e+04
1.302440964290747797e+04
1.302396038608705567e+04
1.302149159832209625e+04
1.301803945162407763e+04
1.301726182616228834e+04
1.301552510082102526e+04
1.301506484605811784e+04
1.301108325342550597e+04
1.300977407987236438e+04
1.300504952146376854e+04
1.300339933674684289e+04
1.300150018188421745e+04
1.300057571805312182e+04
1.299256337423216610e+04
1.299186505371792737e+04
1.298962047369771790e+04
1.298658690559248862e+04
1.298472266492397466e+04
1.298405871192067571e+04
1.298253665613444900e+04
1.298093814514651240e+04
1.297839349126247544e+04
1.297563583641779769e+04
1.297507660939504422e+04
1.297472192217850898e+04
1.296858590566495332e+04
1.296781242697363814e+04
1.296777842211921234e+04
1.296711349124133267e+04
1.296394705539464121e+04
1.296392023995116324e+04
1.296380730313006097e+04
