1.829086288768234954e+04
1.731194498359033605e+04
1.714921709515533439e+04
1.687115979536901432e+04
1.682684189862153653e+04
1.666295314443099051e+04
1.623478306590839020e+04
1.622961310984751253e+04
1.587536669162464204e+04
1.580731252275414590e+04
1.577428847020530702e+04
1.571803464398837059e+04
1.554910731787724399e+04
1.545676576997513439e+04
1.530008706755492312e+04
1.522808119588887348e+04
1.519473836380251669e+04
1.517487568982222729e+04
1.499872048756213735e+04
1.495054571681543166e+04
1.491546644556391220e+04
1.490665996881613319e+04
1.482455592471942509e+04
1.481611100530780823e+04
1.478329279117499391e+04
1.469335660538420780e+04
1.462649784151147469e+04
1.459116762148593625e+04
1.459091819444044086e+04
1.451018441846901987e+04
1.442069228481529535e+04
1.438532494029980080e+04
1.434669416938376889e+04
1.434115355472639203e+04
1.431665076849680372e+04
1.431260010849646642e+04
1.430977492089941006e+04
1.417225525680885039e+04
1.416192397651098872e+04
1.415565318959669094e+04
1.411101256969108363e+04
1.409707787961440772e+04
1.407296037307200095e+04
1.402656685182930050e+04
1.394430189072852590e+04
1.391633085177369321e+04
1.391245045184172341e+04
1.386685057805605902e+04
1.383516570852281802e+04
1.382996100307569577e+04
1.382708636063696031e+04
1.380010490112432308e+04
1.378176393602887038e+04
1.376287888412399479e+04
1.373725782577143946e+04
1.373514948808110239e+04
1.372385490313766422e+04
1.368703138632605987e+04
1.368580310885558356e+04
1.361297315203158541e+04
1.360614145615976486e+04
1.359086519858223983e+04
1.357032440774652787e+04
1.356430568828158175e+04
1.355094321329993181e+04
1.354609906256487375e+04
1.351360348771873032e+04
1.347315157738507878e+04
1.346792542141817830e+04
1.345065769900744635e+04
1.334198278670106447e+04
1.331915910104914292e+04
1.329921860452706096e+04
1.324672937619959703e+04
1.323409870778049662e+04
1.323120826898599262e+04
1.322229527014455380e+04
1.321918951124401792e+04
1.319923259721945578e+04
1.318683142793736988e+04
1.318117436822720992e+04
1.317866793545600376e+04
1.315972264932711187e+04
1.314558010118668608e+04
1.314028159688265441e+04
1.313932342442560730e+04
1.313327681998956177e+04
1.311772652420756276e+04
1.308552868365767790e+04
1.307194587078866607e+04
1.307080776526258705e+04
1.306229247896443121e+04
1.303101385926463263e+04
1.302625779989264629e+04
1.301866163478636736e+04
1.301695411381705708e+04
1.298841970981022132e+04
1.298012862113382653e+04
1.296759892872681667e+04
1.296481087262293295e+04
