1.902160140781104565e+04
1.889185085410381726e+04
1.792684327723082970e+04
1.756962613586852240e+04
1.741807012808464060e+04
1.694955978693900033e+04
1.680546823428074276e+04
1.664085132757089741e+04
1.658802847369449228e+04
1.639893151579950791e+04
1.587761906378029744e+04
1.585776553807406162e+04
1.523271903665649916e+04
1.520636416594039292e+04
1.500764056432572761e+04
1.497213160913956744e+04
1.494990561068332499e+04
1.489087820466964149e+04
1.488702032346410306e+04
1.487242752914325683e+04
1.485751034513346167e+04
1.481599841135914903e+04
1.479209096529345879e+04
1.469821820705375831e+04
1.468755577045386235e+04
1.459563464094768278e+04
1.459139952130796519e+04
1.457033431550365458e+04
1.455248718468402512e+04
1.453230849743295767e+04
1.452489613280175763e+04
1.449526029406487214e+04
1.448044656665500770e+04
1.447491847255290668e+04
1.439726917540397335e+04
1.436129010269839273e+04
1.432717029545206969e+04
1.429137857711673860e+04
1.425455872005857236e+04
1.411933868522644843e+04
1.409209544110944080e+04
1.405535242919335360e+04
1.399893797812908451e+04
1.399700959599750968e+04
1.398473189110121166e+04
1.396079262894820567e+04
1.391944294257355796e+04
1.388542743332740793e+04
1.385315675636895321e+04
1.385149762577714500e+04
1.381047744115702881e+04
1.379888645201761210e+04
1.379332508544347729e+04
1.375963062843412627e+04
1.368099242986201716e+04
1.367967309089234732e+04
1.365745830552544976e+04
1.365021168526716428e+04
1.364905450381071205e+04
1.354667488374731693e+04
1.354208587493131199e+04
1.353884670693251974e+04
1.350491941331565249e+04
1.347745143006289072e+04
1.346588944560001255e+04
1.346178297264036337e+04
1.344939084845527941e+04
1.344821028050339009e+04
1.341023033210831636e+04
1.340607083162908384e+04
1.337323160220682075e+04
1.336722125163149940e+04
1.334548468379026781e+04
1.333862219078992348e+04
1.332402415002485941e+04
1.328410487795997324e+04
1.327308172795350220e+04
1.325960057743791913e+04
1.325285985134481234e+04
1.324862635253542612e+04
1.324590555124131424e+04
1.324243512556994938e+04
1.322204811169811546e+04
1.318818290187949606e+04
1.318458825311129476e+04
1.315329181838727709e+04
1.314446460914269483e+04
1.314345911987542786e+04
1.313731467464848902e+04
1.313472774843860316e+04
1.310367835904454114e+04
1.307068329965541307e+04
1.305776425265577200e+04
1.303333094881084253e+04
1.301100577898319170e+04
1.298703750602187574e+04
1.298116209105080634e+04
1.297271108322392138e+04
1.297195765396405659e+04
1.296757721401350136e+04
