1.296424949614022262e+04
1.296613723036953343e+04
1.296623616665325426e+04
1.296640276227652248e+04
1.296987124961340123e+04
1.297500658636286789e+04
1.297504233737602408e+04
1.297547867158251938e+04
1.297594470337888015e+04
1.297685596126736345e+04
1.297993801874368910e+04
1.298445074646851754e+04
1.298879065116636411e+04
1.298885917074011923e+04
1.299019901643950288e+04
1.299041930065507222e+04
1.299066747906905039e+04
1.299629608398399250e+04
1.299952439116142887e+04
1.300541728061468712e+04
1.301373971017240547e+04
1.301754296985946712e+04
1.302264628578858901e+04
1.302576500097742974e+04
1.302623814812428645e+04
1.303226792070829833e+04
1.303566301673956696e+04
1.303976167111105678e+04
1.304099588772878633e+04
1.304262456891574766e+04
1.304653094333581248e+04
1.304766158633281157e+04
1.304941230620627539e+04
1.305137428994821857e+04
1.305194392899732338e+04
1.305288656035551139e+04
1.305339704263717613e+04
1.305443474190958113e+04
1.305683096609086897e+04
1.306129245203952632e+04
1.306184048823003832e+04
1.306274943783615345e+04
1.306780223548256254e+04
1.306831071585951031e+04
1.307144095826350895e+04
1.307754723455666317e+04
1.307933537413237354e+04
1.309333562236857870e+04
1.309462978023220967e+04
1.309715899104379969e+04
1.309852350922135156e+04
1.310424884898675191e+04
1.310531213940933776e+04
1.310699481023946282e+04
1.311401058895742426e+04
1.311586175770058617e+04
1.311627597507332393e+04
1.311757561303033435e+04
1.312225723590165580e+04
1.312961786663387466e+04
1.312994356047736619e+04
1.313120188166934167e+04
1.313712449674196068e+04
1.313713601087111965e+04
1.313831440486727479e+04
1.313947585098732088e+04
1.313948219184284972e+04
1.313948612009960743e+04
1.314040693700423981e+04
1.314609815434251504e+04
1.315039650372132564e+04
1.315382651219707077e+04
1.315432877895169804e+04
1.315565258982335945e+04
1.315719309362320928e+04
1.315826133903971458e+04
1.315834550176082848e+04
1.316079203695198703e+04
1.316336175996963721e+04
1.316344974418522179e+04
1.316362452158812084e+04
1.316867298961776578e+04
1.317775427815210242e+04
1.317817951117631128e+04
1.318118579068863801e+04
1.318207051065780252e+04
1.318292316762930932e+04
1.318435012842155811e+04
1.318656137277335620e+04
1.318715463439993073e+04
1.318872768526497384e+04
1.318894727727715508e+04
1.319004703421749946e+04
1.319276359552564645e+04
1.319352428489614613e+04
1.319477321492166629e+04
1.319728968525614619e+04
1.320246130562973849e+04
1.320299128563156955e+04
1.320459459003286975e+04
1.320961426364444378e+04
1.321072246319155602e+04
1.321141158884981451e+04
1.321361795833611905e+04
1.321574268010254127e+04
1.321632395036717571e+04
1.321655591244004063e+04
1.322373222948547846e+04
1.322775217699967106e+04
1.322786696299178402e+04
1.322852693104022910e+04
1.323063626762133390e+04
1.323174403332735710e+04
1.323325074257813867e+04
1.323673039849017550e+04
1.323865540813569351e+04
1.323881549155041648e+04
1.323934234590234701e+04
1.323988020671069899e+04
1.324062357361736213e+04
1.324646009116831556e+04
1.325185416807222100e+04
1.325240571740469022e+04
1.325466732834504910e+04
1.325593899399318070e+04
1.325620734952430394e+04
1.325785849718131249e+04
1.325957941907561872e+04
1.326114602170895705e+04
1.326187955875109401e+04
1.326201387893113497e+04
1.326311577944675628e+04
1.326327408112026387e+04
1.326550010279780508e+04
1.326612310416100991e+04
1.326646623871713564e+04
1.326958933959375645e+04
1.327262413201783602e+04
1.327278638649206550e+04
1.327301051136905335e+04
1.327808445835759267e+04
1.327897876602875294e+04
1.328011135499440570e+04
1.328073361984134317e+04
1.328248652445751941e+04
1.328290763805010647e+04
1.329230076101040868e+04
1.329656627888112962e+04
1.329659270896789531e+04
1.329691216244096177e+04
1.329830248926131389e+04
1.330230279478187367e+04
1.330417483338000238e+04
1.331070903219518368e+04
1.331129612325693779e+04
1.331173916932456996e+04
1.331192046282771298e+04
1.331613195306788475e+04
1.332610024212954522e+04
1.332732299342207443e+04
1.333041533925460499e+04
1.333069497527488602e+04
1.333303762716735400e+04
1.334906503874590453e+04
1.334943295682946518e+04
1.335085662473024422e+04
1.335326615689852224e+04
1.335541472281163624e+04
1.335592284575853046e+04
1.336642703099737264e+04
1.337046252525463206e+04
1.337189853677665633e+04
1.337338651262144049e+04
1.337448472851969018e+04
1.337562096778173327e+04
1.337865484329080209e+04
1.337893626724069691e+04
1.338120786858159045e+04
1.338363990305321204e+04
1.338786528394934794e+04
1.338813603401838009e+04
1.338990084950592063e+04
1.339052966097777789e+04
1.339146414555993033e+04
1.339431129803370459e+04
1.339705957301389572e+04
1.339763956189265627e+04
1.339871914402257789e+04
1.340073067188895948e+04
1.340189712873506869e+04
1.340258663744247315e+04
1.340268766215489632e+04
1.340325321485550558e+04
1.340423750237560671e+04
1.340544277446699562e+04
1.341291174831491116e+04
1.341425007370628737e+04
1.342278043549928043e+04
1.342416450195433754e+04
1.342743251697781307e+04
1.342778381669694681e+04
1.342807878091139355e+04
1.343137744403201759e+04
1.343152384240126048e+04
1.343213105340710354e+04
1.343332282127399594e+04
1.343859210272551536e+04
1.343906761065715000e+04
1.344116061602026093e+04
1.344197780636564676e+04
1.344269405693408953e+04
1.344718831273388787e+04
1.344783206523240551e+04
1.344842368929294753e+04
1.344982347419774123e+04
1.345270300181142193e+04
1.345365449168579835e+04
1.345490993205957238e+04
1.345581584223501159e+04
1.345894790132533490e+04
1.345967092281914302e+04
1.346302452688225276e+04
1.346313289383054325e+04
1.346368634748797922e+04
1.346382892462623931e+04
1.346406548478510558e+04
1.347257612736102965e+04
1.347523151805630368e+04
1.348203437140218193e+04
1.348479695957823969e+04
1.349130909328740745e+04
1.349715861997176944e+04
1.349792710331898161e+04
1.349795717126076852e+04
1.350261293514593672e+04
1.350322458868706781e+04
1.350400605636562796e+04
1.350727134938903873e+04
1.350826359101915114e+04
1.351146745305248623e+04
1.351218728781857862e+04
1.351403981233817467e+04
1.351582049865832778e+04
1.351856607857209565e+04
1.352025151439959154e+04
1.352344141468482121e+04
1.352579639241246696e+04
1.352815807402261817e+04
1.352948329640228258e+04
1.353118403866897279e+04
1.353259554440911779e+04
1.353325145937726120e+04
1.353412417670496325e+04
1.354123101569209575e+04
1.354230324864741851e+04
1.354482847123089959e+04
1.354589837180391987e+04
1.355149864860514572e+04
1.355280722181427336e+04
1.355477169979255086e+04
1.355830168686501383e+04
1.355912343167007748e+04
1.356199111542225546e+04
1.356631198117091117e+04
1.357075288063499829e+04
1.357158141841081306e+04
1.357251052419939879e+04
1.357441314168919234e+04
1.357833262811164786e+04
1.358166940957496263e+04
1.358169264833819580e+04
1.358363553246231459e+04
1.359802332376730737e+04
1.360051404308900601e+04
1.360276828877539810e+04
1.360525713901108429e+04
1.360935237329765187e+04
1.360937002614356788e+04
1.361015726709733462e+04
1.361058068354191710e+04
1.361228821619566043e+04
1.361452175049875405e+04
1.361607143329653445e+04
1.361932628231120543e+04
1.362038971898205455e+04
1.362390725301014027e+04
1.362525373566994313e+04
1.362545392877388076e+04
1.362729897997401713e+04
1.362745552881884578e+04
1.363032194121463544e+04
1.363263400848863785e+04
1.363373001205370201e+04
1.363561533431837415e+04
1.363581599826678939e+04
1.363910963378113229e+04
1.363919387354460378e+04
1.364250595430021895e+04
1.364344658412501667e+04
1.364930486471712902e+04
1.365218489171571127e+04
1.365353722468642627e+04
1.365468979696641509e+04
1.365953544198009149e+04
1.366025103964941991e+04
1.366093668955826251e+04
1.366453381126513887e+04
1.366950499214090632e+04
1.367021386471849837e+04
1.367068942279020484e+04
1.367834926391054978e+04
1.368103028516226914e+04
1.368518858638519305e+04
1.369137205663170425e+04
1.369451818123161320e+04
1.369505103710104413e+04
1.369711869548568211e+04
1.369793543566334665e+04
1.369827447017195846e+04
1.369992517624249194e+04
1.370066276071119864e+04
1.370415853330751270e+04
1.370453693094374466e+04
1.370677643670666657e+04
1.370709387360332039e+04
1.371039956989998063e+04
1.371471962515519590e+04
1.371517997251246379e+04
1.371581035242737562e+04
1.372058121037918681e+04
1.372077065940701323e+04
1.372735241797264462e+04
1.372803658859939060e+04
1.372897730851625420e+04
1.373096373386064442e+04
1.373489293132308012e+04
1.374106442442710613e+04
1.374128232145912807e+04
1.374141061809279199e+04
1.374145675510469846e+04
1.374416171154197764e+04
1.374581911015512924e+04
1.375177825111693710e+04
1.375306959444986205e+04
1.375347803810586447e+04
1.375559168567229062e+04
1.375692522132523118e+04
1.376304740830766968e+04
1.376491603936047977e+04
1.376553930896695601e+04
1.376699144617025377e+04
1.376739673831050823e+04
1.377114859044514014e+04
1.377160812785718008e+04
1.377246450256701428e+04
1.377326654546510144e+04
1.377365146687259585e+04
1.378011683986892240e+04
1.378123842661590061e+04
1.378308477319638769e+04
1.378381469774835568e+04
1.378456484761013053e+04
1.378772786874838494e+04
1.378838161396735995e+04
1.379091572150032880e+04
1.379285024430299200e+04
1.379474751129693868e+04
1.380719015400545140e+04
1.380928547276562676e+04
1.381351920611190144e+04
1.381509772383821473e+04
1.382125238523411099e+04
1.383681427758378595e+04
1.384000646367353511e+04
1.384140625121133962e+04
1.385058309930577889e+04
1.386150037711289588e+04
1.386219289640480565e+04
1.386887530202643939e+04
1.387220822890933960e+04
1.387318908668166296e+04
1.387446901120927760e+04
1.387570866508998733e+04
1.387846500058380116e+04
1.388004105965142662e+04
1.388659606280555454e+04
1.388687215164957888e+04
1.388801591469806590e+04
1.388845557952041418e+04
1.388864632634736154e+04
1.389330462018895196e+04
1.389611200861566795e+04
1.389735873725828424e+04
1.389964236911398439e+04
1.390226659191473300e+04
1.390243098104908859e+04
1.390300015232716942e+04
1.390621426745807184e+04
1.390759924297421639e+04
1.391374292494503425e+04
1.391442092441720524e+04
1.391462732715123093e+04
1.391672948928113510e+04
1.392034176619917162e+04
1.392237588069981030e+04
1.392381834015435379e+04
1.392430721403330426e+04
1.392662216222634743e+04
1.392752680432947091e+04
1.393196874392393147e+04
1.393303622498400182e+04
1.393544542822081894e+04
1.394005984184974659e+04
1.394192186783481156e+04
1.394756400236379523e+04
1.394820825675154992e+04
1.394981605459638376e+04
1.395086549699434909e+04
1.395251207723675179e+04
1.395300127376880846e+04
1.395566467644995100e+04
1.395704871609685506e+04
1.395717993464633219e+04
1.395778330216104223e+04
1.395820364587981749e+04
1.395880425724248198e+04
1.396580621548838462e+04
1.396806306729627977e+04
1.397057315469333116e+04
1.397129065888361765e+04
1.397664154243957819e+04
1.397951393783888670e+04
1.398082147746570263e+04
1.398088770251948335e+04
1.398973765094371811e+04
1.399435368083806679e+04
1.399479527600864640e+04
1.399490545427791585e+04
1.399714801167403675e+04
1.399759899862416205e+04
1.400051761335255833e+04
1.400893981544774942e+04
1.400967457264453878e+04
1.401395798568362443e+04
1.401399161763746997e+04
1.401400864801847456e+04
1.401681602336426658e+04
1.401733098659224015e+04
1.401853585912716699e+04
1.402317229397898700e+04
1.402410782593934528e+04
1.402788606203266318e+04
1.402943449850768411e+04
1.403035758127207009e+04
1.403108675366524767e+04
1.404789522594835580e+04
1.405037631548359604e+04
1.405297973114125853e+04
1.405309862314952625e+04
1.405355738123860465e+04
1.405500856571599616e+04
1.406020255775807163e+04
1.406089453205974860e+04
1.406096987574106788e+04
1.406246516195311960e+04
1.406408240700242459e+04
1.406570044216218230e+04
1.407706909148935483e+04
1.407821771672623254e+04
1.407903269666673259e+04
1.407942608448104875e+04
1.408456593642124972e+04
1.408647886201329311e+04
1.409097091283694317e+04
1.409106330515449736e+04
1.409118434954340955e+04
1.409259470211261760e+04
1.409333637550553976e+04
1.409568133404081527e+04
1.410049452516135170e+04
1.410100225112578664e+04
1.410105897284193452e+04
1.410436380085001656e+04
1.410608783256380229e+04
1.410889608738951210e+04
1.411736281537039758e+04
1.412193757983869364e+04
1.412590335557677463e+04
1.412742484376262473e+04
1.412825239016077830e+04
1.412848532925526706e+04
1.412968305632526062e+04
1.412994382596483229e+04
1.413165361257008590e+04
1.413249892157518116e+04
1.413368052685894145e+04
1.413511074666175409e+04
1.413539091206884768e+04
1.413825215457002560e+04
1.413981370397532919e+04
1.414681528039673140e+04
1.414887495963426773e+04
1.414944315175712291e+04
1.414951482448621755e+04
1.415093951568703778e+04
1.415096909467043588e+04
1.415710184961031155e+04
1.415947390057022858e+04
1.416273934300875953e+04
1.416489836505451967e+04
1.416586749348284138e+04
1.417037540210750922e+04
1.417051793168701079e+04
1.417589055718299824e+04
1.417983580336456907e+04
1.418616260824025812e+04
1.418677300083815680e+04
1.418797544450471287e+04
1.418837580079252984e+04
1.419017544177502714e+04
1.419146824494300927e+04
1.419384747223437626e+04
1.419668046936337669e+04
1.419925062296449869e+04
1.420037905853038683e+04
1.420137123478927970e+04
1.420255937520150655e+04
1.420547446239826968e+04
1.420672731450965694e+04
1.420684910700202454e+04
1.420703328948473609e+04
1.420834261543299726e+04
1.420952464445195255e+04
1.421447416549708032e+04
1.421536192866286001e+04
1.421600368061168774e+04
1.421738396604416448e+04
1.421943542551486462e+04
1.422291040013237398e+04
1.422752296217570256e+04
1.423192995720868385e+04
1.423215990161268746e+04
1.423237058485195848e+04
1.423661321542406040e+04
1.423665839021194915e+04
1.423927456385916594e+04
1.424071808089214210e+04
1.424253258379790350e+04
1.424582295007267385e+04
1.424610331115029840e+04
1.424854149180017339e+04
1.425035833722534881e+04
1.425088505379021808e+04
1.425717451121846534e+04
1.425753358960365949e+04
1.425790561751067798e+04
1.425993469555166848e+04
1.426240443212934770e+04
1.426261995226908948e+04
1.426305849668481096e+04
1.426500261423922166e+04
1.427489033211587048e+04
1.427592017631770614e+04
1.427682340733966521e+04
1.427956722292074301e+04
1.428156357461627886e+04
1.428506437009178990e+04
1.428967921059846412e+04
1.429105533375080995e+04
1.429628447346815301e+04
1.429688044629731485e+04
1.430216998282437999e+04
1.430334192579801129e+04
1.430513851299771704e+04
1.430782842157192317e+04
1.431471290821938965e+04
1.432053731071403854e+04
1.432066104521929628e+04
1.432123125548867029e+04
1.432420445704829035e+04
1.432737281739012906e+04
1.432765496721879754e+04
1.433077088100089713e+04
1.433426607608524318e+04
1.433435460354262614e+04
1.433470714890584350e+04
1.434360895032968801e+04
1.434471016743397922e+04
1.434551806761929038e+04
1.434759569275037393e+04
1.434834533945258227e+04
1.435277153834943965e+04
1.435714721786410882e+04
1.435831807884473892e+04
1.435905614637107828e+04
1.435985210194432875e+04
1.436214892029258772e+04
1.436588808919406620e+04
1.436698291900738332e+04
1.436734241317874330e+04
1.436857020475592435e+04
1.436941879283410526e+04
1.437078548068308191e+04
1.437178162206565321e+04
1.437552869901902886e+04
1.437590837498898873e+04
1.437633963424356079e+04
1.437959751297367256e+04
1.438057162089088524e+04
1.438642965015666414e+04
1.438710175611918385e+04
1.439127912083075353e+04
1.439371088941303969e+04
1.439389481177601920e+04
1.439402691971124113e+04
1.439711379054151075e+04
1.439793973863805513e+04
1.440105338524662511e+04
1.440433041802791740e+04
1.440605876282114696e+04
1.440789282134992936e+04
1.440896281742159772e+04
1.440905887820711359e+04
1.441121647418335306e+04
1.441270484012406087e+04
1.441310491223452300e+04
1.441591658558419840e+04
1.441708604501828449e+04
1.441943919877819280e+04
1.442070551701552176e+04
1.442119800480862614e+04
1.442279777718358673e+04
1.442587934933873839e+04
1.442762437712790597e+04
1.444566056268563989e+04
1.444658051193151550e+04
1.444673955749931338e+04
1.444782475936934861e+04
1.444857089923584863e+04
1.444880918935733462e+04
1.445022153479798180e+04
1.445089454360920718e+04
1.445454355396212122e+04
1.445792355677010528e+04
1.446198012477460907e+04
1.446389172334672185e+04
1.446798979512536789e+04
1.447285220425410625e+04
1.448027289503712018e+04
1.448373186099871418e+04
1.448471179988034964e+04
1.449040052649006429e+04
1.449463705044165181e+04
1.449638146687882545e+04
1.449692196679888002e+04
1.450314101398743878e+04
1.450589956947554674e+04
1.451239749126651623e+04
1.451251031642818634e+04
1.451282702545103893e+04
1.451314811188193744e+04
1.451447067731336938e+04
1.451804285715599326e+04
1.451988772441974834e+04
1.452002825708131422e+04
1.452214630917416071e+04
1.452596396819061374e+04
1.452828461986232287e+04
1.452920185921402845e+04
1.453058061889239252e+04
1.453192765578279432e+04
1.453858932317222025e+04
1.453868581474388702e+04
1.453909443590986120e+04
1.453951218796433204e+04
1.454317201552195729e+04
1.454357265128400286e+04
1.454435618130367948e+04
1.454533626253309922e+04
1.454724407313889060e+04
1.454963727908719375e+04
1.455318395326133759e+04
1.455546269483717879e+04
1.455817689514810445e+04
1.455931541573282084e+04
1.456338717346543126e+04
1.456485285447502065e+04
1.456926714922219981e+04
1.457344518307220278e+04
1.457568312082962075e+04
1.457630278621233629e+04
1.458050720659855688e+04
1.458918380778923529e+04
1.459012782936229814e+04
1.459118085118713861e+04
1.459152748480284390e+04
1.459155160156856437e+04
1.459721808724273433e+04
1.459723974240529606e+04
1.459767010538537215e+04
1.459840228568906241e+04
1.459979124867357677e+04
1.460959052208200592e+04
1.461414273215749199e+04
1.463168324275166742e+04
1.463301956081888238e+04
1.463390535713760073e+04
1.463518625409364722e+04
1.463924081631938679e+04
1.463988128097720619e+04
1.464429965585896207e+04
1.464863898894726481e+04
1.464869491655531965e+04
1.464916458523646907e+04
1.465200910778625621e+04
1.465285198542131366e+04
1.465322372581548916e+04
1.465425507912519970e+04
1.465442490198181804e+04
1.466085439553731158e+04
1.466279308574082097e+04
1.466896504448735323e+04
1.467471201717109943e+04
1.468107360311484081e+04
1.468176492083970697e+04
1.468507692759777638e+04
1.468592938616599167e+04
1.468889741765326107e+04
1.469221580947834627e+04
1.469472020690674435e+04
1.469707731847942523e+04
1.470212153289324306e+04
1.470454752523129537e+04
1.470831569318037691e+04
1.470904400001857903e+04
1.471046709174537500e+04
1.471587906439509425e+04
1.471946776152044549e+04
1.471966650048900374e+04
1.472807893789409900e+04
1.472981147904696809e+04
1.473180376746544425e+04
1.473524878915580484e+04
1.473586393688408680e+04
1.473891081393426794e+04
1.473954176237477623e+04
1.474081131555183856e+04
1.474311884354316862e+04
1.474624316594173251e+04
1.474668663966506756e+04
1.475274551091893227e+04
1.475383191828684903e+04
1.475412444505660278e+04
1.476135265122379860e+04
1.476435574089236798e+04
1.476464650322007401e+04
1.476822531624214935e+04
1.477550111562119127e+04
1.477563387562766366e+04
1.477610492328263535e+04
1.477809887453540250e+04
1.477838714000493565e+04
1.477860934410656955e+04
1.478411471335013630e+04
1.478544931949235797e+04
1.478638083003191423e+04
1.478675301352640054e+04
1.478956929629374463e+04
1.479116971267404915e+04
1.479345006587034186e+04
1.479359410385504452e+04
1.479867366137015961e+04
1.480192242588915906e+04
1.480378103010379346e+04
1.480649354355649120e+04
1.480713191469710728e+04
1.481166719825096698e+04
1.481217612188643761e+04
1.481304674227561736e+04
1.481391345950781033e+04
1.481392732003611854e+04
1.481468024259273625e+04
1.481908979910614835e+04
1.481939920790975884e+04
1.482175516092037287e+04
1.482449024706193813e+04
1.482704171380043408e+04
1.482855086108111573e+04
1.483397410186299931e+04
1.483666841784953795e+04
1.483875020003743339e+04
1.484233116327132484e+04
1.484564616211526481e+04
1.484598222512659777e+04
1.485508152026897733e+04
1.486073259194540879e+04
1.486263580825607823e+04
1.486400544539684051e+04
1.486693663579275199e+04
1.486986309888263168e+04
1.487090523990093243e+04
1.487104357951645397e+04
1.487178113324924379e+04
1.487648019279380969e+04
1.487719873764127806e+04
1.487850304670336482e+04
1.487997776343502665e+04
1.488062071064124575e+04
1.488089078928669187e+04
1.488124505227699956e+04
1.488326918959259820e+04
1.488838046898626089e+04
1.489110454276064593e+04
1.489142250752074870e+04
1.489724662084669035e+04
1.489862575200498031e+04
1.490193000458357892e+04
1.490364495688726856e+04
1.490385446893840344e+04
1.490435906627899567e+04
1.490534848595444782e+04
1.490697985940614853e+04
1.490819065089401738e+04
1.490900994957365765e+04
1.490985947926162589e+04
1.491513333541189422e+04
1.491554011031077243e+04
1.491859543041417965e+04
1.491927291207371491e+04
1.492399754104006934e+04
1.492454579967348764e+04
1.492457237141373480e+04
1.492529504155623727e+04
1.492610022093244515e+04
1.493403611125151656e+04
1.494103863087189347e+04
1.494658070160916577e+04
1.494945789335525478e+04
1.495438347687791429e+04
1.495548100335264462e+04
1.495713327597606622e+04
1.495739001841188292e+04
1.495908270686799733e+04
1.495983121562386259e+04
1.496342431955927896e+04
1.496481526629200744e+04
1.496582148844188669e+04
1.496783130938078830e+04
1.496845903642714075e+04
1.498175969267880828e+04
1.498600988219514329e+04
1.499554591595438433e+04
1.499720649843026149e+04
1.500103531597390247e+04
1.501311153422004099e+04
1.501320786581473112e+04
1.501333218238309928e+04
1.502699462921863960e+04
1.502836337672424816e+04
1.502922009153825638e+04
1.502988265915446027e+04
1.503004666506600734e+04
1.503260594188066170e+04
1.503575598709890983e+04
1.503673570512001970e+04
1.503895155378142772e+04
1.504133396214057211e+04
1.504323040910292184e+04
1.504351465952157741e+04
1.504805305637800302e+04
1.504825304381200294e+04
1.504963520842412436e+04
1.504995800517160569e+04
1.505221278819328290e+04
1.505457482548622102e+04
1.505957143127753079e+04
1.506419086320696624e+04
1.506572873751082079e+04
1.506588587580536296e+04
1.506700209131313750e+04
1.506762113452243648e+04
1.506779597130662660e+04
1.507094433056650450e+04
1.507207383240860872e+04
1.507477415323407513e+04
1.507752150032889949e+04
1.507796530478020213e+04
1.507939187548362497e+04
1.508027326693344003e+04
1.508453789570855952e+04
1.508627337566140159e+04
1.508634143234776820e+04
1.509220513959095297e+04
1.509410447165870937e+04
1.509561077876572017e+04
1.509948252889711875e+04
1.509953527114894314e+04
1.510233411661711762e+04
1.510343336790380999e+04
1.511152832793050948e+04
1.511540331015119955e+04
1.511580586358434448e+04
1.512033939448481397e+04
1.512170643750049021e+04
1.512397405220715154e+04
1.512747095351300959e+04
1.513316770480202831e+04
1.513432912735836362e+04
1.513484176717482114e+04
1.514535781850519743e+04
1.515075934963733380e+04
1.515503569375301413e+04
1.515803602783002498e+04
1.516072417457531992e+04
1.516276924443599819e+04
1.516331006722170969e+04
1.516636845616116989e+04
1.516646939349492823e+04
1.516816631391492228e+04
1.517389564393446199e+04
1.517609461980383458e+04
1.518407448125127848e+04
1.518474599709620998e+04
1.518820295519066349e+04
1.518845467044657198e+04
1.518969729249740885e+04
1.519046863871261485e+04
1.519052311726129301e+04
1.519215584411361488e+04
1.519366681671262995e+04
1.519466713014906054e+04
1.519715628720114546e+04
1.519799893063345189e+04
1.519898489344001064e+04
1.520350727722854936e+04
1.520351028906684769e+04
1.520538302121183187e+04
1.520769882437273191e+04
1.520792579110322549e+04
1.520848516703417408e+04
1.520926656739285318e+04
1.521389600080669334e+04
1.521570484573920658e+04
1.521657485117906435e+04
1.521660984542373444e+04
1.521696446331898915e+04
1.521747937240285501e+04
1.522231031148447073e+04
1.522250380935708381e+04
1.522623357063186995e+04
1.522999921974776589e+04
1.523211505760511500e+04
1.523305493087906143e+04
1.523774932172895205e+04
1.523930995441360392e+04
1.524740502512066814e+04
1.525925918229690797e+04
1.526786555057261467e+04
1.527460085206971962e+04
1.527791680453062691e+04
1.527847880775689373e+04
1.527940111129001343e+04
1.527996874021692747e+04
1.528062566461809183e+04
1.528158199460175456e+04
1.528280496798629247e+04
1.528286339646057422e+04
1.528499064683621145e+04
1.528608230015740082e+04
1.529051647763219080e+04
1.529070454451445221e+04
1.529306835269035037e+04
1.529405833072993300e+04
1.529654682932774813e+04
1.529668884223029818e+04
1.529982319395119339e+04
1.530005150309156306e+04
1.530026636213799429e+04
1.530123221264739914e+04
1.530211504840042835e+04
1.530395023838818088e+04
1.531021840821259138e+04
1.531327184734223556e+04
1.531507860040038213e+04
1.531626120938219901e+04
1.531754726076827683e+04
1.531831855678088323e+04
1.532105386863432796e+04
1.532159346553740943e+04
1.532364142200488277e+04
1.532464749906437464e+04
1.532530484266039275e+04
1.532644920327831096e+04
1.532727129625969428e+04
1.533014707699616156e+04
1.533049373435817688e+04
1.533414069960667621e+04
1.533759794372604665e+04
1.533825369010928443e+04
1.534117310099486895e+04
1.534695600657274554e+04
1.534697323677166969e+04
1.535060470311631434e+04
1.535564325154345715e+04
1.535612392679020377e+04
1.535794258036769133e+04
1.536160063507808445e+04
1.536270133699926009e+04
1.536356507911242625e+04
1.536525655401787299e+04
1.536783102605294880e+04
1.536812220856020576e+04
1.536946419876080472e+04
1.537085325535552329e+04
1.537287463973149534e+04
1.537936831876299948e+04
1.537980702020409080e+04
1.538347738673314416e+04
1.539513680044891953e+04
1.539734566055154573e+04
1.539839295998885609e+04
1.539907484092144659e+04
1.540192869204475392e+04
1.540208490319488556e+04
1.540233251618570830e+04
1.540396847673377124e+04
1.540428862017676693e+04
1.541155212318461054e+04
1.541555927587557562e+04
1.541558979363995786e+04
1.541560246947446649e+04
1.541563228739931765e+04
1.541978730035438093e+04
1.542479502976749427e+04
1.542929347823569333e+04
1.543240790837298118e+04
1.543279644055777317e+04
1.543520104568237184e+04
1.543550879787442318e+04
1.543560464864310779e+04
1.543560712862203945e+04
1.543729222795952228e+04
1.543748887255579939e+04
1.544074529289534075e+04
1.544145069278671326e+04
1.544442836393131074e+04
1.544616367552345037e+04
1.544955248121782461e+04
1.545103815022245544e+04
1.546142915736925715e+04
1.546389300979553627e+04
1.546395740610329085e+04
1.546421412280417280e+04
1.546758895127067626e+04
1.547002255925192367e+04
1.547274460271375938e+04
1.547302254255123989e+04
1.547334856548551761e+04
1.547938983758910763e+04
1.548394481801935763e+04
1.548395553796323838e+04
1.548958883824810437e+04
1.549003757644941834e+04
1.549120414688431265e+04
1.549440792259859882e+04
1.549683412028489693e+04
1.549683596323914026e+04
1.550777635099966392e+04
1.551137224615746163e+04
1.551257175539960008e+04
1.551514386892894981e+04
1.551679055198236347e+04
1.551827449617738603e+04
1.552153099143071631e+04
1.552886305633073607e+04
1.553004880611094450e+04
1.553128324191453794e+04
1.553220638514340499e+04
1.553492970013550439e+04
1.553543276997778230e+04
1.553919734413489277e+04
1.553933698067459409e+04
1.554316012865725133e+04
1.554525888097518146e+04
1.554547812980058370e+04
1.554599422545571724e+04
1.554679414241568702e+04
1.554840139151950643e+04
1.554991727327712579e+04
1.555092261806733950e+04
1.555929974557378773e+04
1.555993775048974749e+04
1.556040459544234909e+04
1.556441350243129818e+04
1.557381622182753927e+04
1.557404115997944791e+04
1.557644542582584836e+04
1.557866237673368050e+04
1.557878231088945176e+04
1.557994673737864650e+04
1.558346616625506067e+04
1.558390376611313150e+04
1.558627120695578196e+04
1.558631843504129210e+04
1.558798255729908487e+04
1.558974717562371916e+04
1.559184443107093102e+04
1.559367225627307926e+04
1.559447691714518078e+04
1.559482318846019371e+04
1.560481626323904493e+04
1.560795995106470582e+04
1.560916656129084549e+04
1.561423505199287138e+04
1.561514287748484276e+04
1.561601060151977799e+04
1.561737487774950205e+04
1.561934372812389483e+04
1.562012164786763242e+04
1.562051571097069609e+04
1.562095639315649532e+04
1.562122950963743642e+04
1.562269361097141882e+04
1.563233424813293823e+04
1.563371842083736738e+04
1.563529125704485523e+04
1.563796588807089574e+04
1.563907380904028469e+04
1.564105083501461195e+04
1.564206914952816078e+04
1.564249490168808552e+04
1.564362604743319207e+04
1.564451101217452378e+04
1.565595421575218825e+04
1.565762581210114877e+04
1.566409413124658386e+04
1.566575881772383218e+04
1.566718797653791262e+04
1.566947017945943480e+04
1.567138170743868432e+04
1.567409914915754052e+04
1.567691544757178781e+04
1.568032631830870196e+04
1.568170929496641475e+04
1.568508053712242145e+04
1.568804612210252526e+04
1.569323893259906254e+04
1.570091244287170775e+04
1.570459558557255878e+04
1.571133283471218965e+04
1.571367008493760295e+04
1.571652367723148382e+04
1.571705103922029957e+04
1.571883569717700811e+04
1.572113000080736310e+04
1.572140597932081619e+04
1.572281421678747938e+04
1.572797525758784832e+04
1.573042002539672831e+04
1.573199384714284133e+04
1.573312961067153810e+04
1.573508297984007368e+04
1.573710279371805336e+04
1.574553452483651927e+04
1.574849523422242964e+04
1.575009606332396834e+04
1.575072525748703447e+04
1.575137964748294871e+04
1.575207454727480945e+04
1.575243573429609205e+04
1.575431269923628315e+04
1.576208674647103362e+04
1.576448453098768732e+04
1.576696905543840876e+04
1.576944453437155789e+04
1.577100714407784290e+04
1.577747263649821252e+04
1.578404050642289258e+04
1.578580517444198631e+04
1.578610164115421321e+04
1.578800070126544415e+04
1.578885960761560273e+04
1.579153217270306050e+04
1.579216920210137687e+04
1.579225251152774945e+04
1.579320268704348200e+04
1.579321702782894863e+04
1.579353688395087374e+04
1.579440925376889209e+04
1.579476727449553982e+04
1.579699266004395031e+04
1.579700783728410534e+04
1.579849781580583294e+04
1.579907790589902470e+04
1.579978061488127605e+04
1.580228544143292675e+04
1.580245168802021726e+04
1.580281848666190854e+04
1.580670305987519168e+04
1.580743448405407617e+04
1.580866432344416353e+04
1.580917017581103573e+04
1.581122268211655137e+04
1.581408008617209089e+04
1.581523842776286438e+04
1.581562976942832938e+04
1.582024350884588966e+04
1.582465333172753526e+04
1.582889862168672516e+04
1.582919797969074534e+04
1.583091884819642655e+04
1.583145499616919369e+04
1.583207816885500688e+04
1.583213135030974991e+04
1.583404252154162168e+04
1.583950351637998756e+04
1.584157223512821838e+04
1.584409293870178590e+04
1.585059082188421417e+04
1.585845736141810266e+04
1.585887044973555930e+04
1.586741885286651814e+04
1.586778965666954537e+04
1.587113343151247682e+04
1.587365438345690200e+04
1.587737562280901875e+04
1.587806632483150679e+04
1.587937589883953478e+04
1.587945671685245725e+04
1.588059891258203425e+04
1.588117516814686496e+04
1.588216488815324010e+04
1.588356316561483436e+04
1.588446044431616974e+04
1.588658877153942012e+04
1.589054293655288711e+04
1.589296371004741741e+04
1.589946220919332700e+04
1.590004236851524183e+04
1.590013954780498898e+04
1.590139647134953520e+04
1.590269641933668390e+04
1.590576323971828242e+04
1.591014370051283186e+04
1.591700812582275466e+04
1.592055645302313678e+04
1.592340327915991293e+04
1.592564292012667283e+04
1.592834548234653812e+04
1.592846366982751169e+04
1.592939638794183156e+04
1.593039665446171784e+04
1.593256950609778869e+04
1.593372123986395127e+04
1.593544610398636542e+04
1.593550941455451175e+04
1.593574885463258397e+04
1.593912449142526202e+04
1.593970281421505933e+04
1.594055725446958422e+04
1.594130101840160933e+04
1.594515581125253993e+04
1.594751134639090560e+04
1.594785842206186317e+04
1.595742764913281644e+04
1.595793306646055498e+04
1.595968186365634756e+04
1.595995166939120463e+04
1.596159491683600208e+04
1.596188547640448814e+04
1.596431920777603773e+04
1.596846560456671250e+04
1.597155623910482973e+04
1.597363999864797734e+04
1.597387452941361153e+04
1.597714521862717265e+04
1.597802720848311219e+04
1.598296809207487058e+04
1.598339350446346725e+04
1.598791897882466037e+04
1.599094150852567327e+04
1.599807507381512733e+04
1.599878770770028495e+04
1.599987263722251373e+04
1.600043639653163154e+04
1.601004519249267651e+04
1.601223678626893525e+04
1.601320023694964402e+04
1.601667312200247397e+04
1.602207930778305672e+04
1.602695589999078038e+04
1.602862532061163984e+04
1.603129359439200198e+04
1.603369115141572547e+04
1.603667282219750996e+04
1.603827796409549410e+04
1.604930175267810773e+04
1.605000041444444651e+04
1.605166154559651477e+04
1.605280505853728027e+04
1.605326849709244198e+04
1.605469874118674488e+04
1.605882918440837602e+04
1.605931696408140124e+04
1.606231579947556384e+04
1.606265429392534497e+04
1.606547140363707877e+04
1.606650735879335116e+04
1.606787820060804916e+04
1.607251744564709406e+04
1.607283537390504534e+04
1.608123639169573107e+04
1.608125300983521811e+04
1.608307831024601728e+04
1.608435984283829021e+04
1.608696104740057672e+04
1.609335472214571382e+04
1.609482740652992652e+04
1.609975042690741429e+04
1.610252704458983317e+04
1.610477838219359182e+04
1.611185941716399793e+04
1.611403754009823570e+04
1.611810245000872055e+04
1.612037522078587790e+04
1.612087634705090022e+04
1.612308363773727251e+04
1.612448778691658845e+04
1.612546575303485770e+04
1.612589591440153345e+04
1.612866012831392436e+04
1.613079757582463935e+04
1.613350966978817996e+04
1.613400207542950375e+04
1.613639405963338868e+04
1.614163587896389799e+04
1.614584524522838001e+04
1.614612512842094475e+04
1.614999576313693433e+04
1.615050608452952474e+04
1.615140433583034610e+04
1.615313953959118044e+04
1.615454226516389826e+04
1.615581492072664150e+04
1.615611941264591951e+04
1.615878047057785625e+04
1.616639582227395658e+04
1.616840915064964429e+04
1.617704779768540902e+04
1.617853601132435506e+04
1.619012345706999804e+04
1.619069603315254608e+04
1.619175827109455349e+04
1.619560886541765285e+04
1.619671374765995824e+04
1.619805204098370450e+04
1.620194254181683027e+04
1.620368002718010030e+04
1.620409930692673697e+04
1.620588887243525278e+04
1.620708931200360166e+04
1.620913807526599703e+04
1.621394480807393120e+04
1.621401770885303085e+04
1.621678454861232603e+04
1.622060543204110036e+04
1.622066028536219164e+04
1.622290876719566222e+04
1.622400173509743036e+04
1.622564893742113418e+04
1.622719287841933874e+04
1.622883671905178562e+04
1.622930819107903517e+04
1.623089883467077379e+04
1.623354538159066033e+04
1.623364462123467274e+04
1.623985948702751557e+04
1.624147208767889970e+04
1.624316519177281407e+04
1.624325606033456097e+04
1.624628932569026256e+04
1.624664088307266320e+04
1.625002288361413957e+04
1.625443920479075314e+04
1.625592226597493755e+04
1.625812514614775137e+04
1.625901115340687284e+04
1.625915186386950700e+04
1.625998644556281215e+04
1.626015471796498605e+04
1.626631266995726219e+04
1.627029454048430489e+04
1.627390220421176855e+04
1.627519498133700108e+04
1.627539010930501536e+04
1.627540902170942718e+04
1.627612657040309568e+04
1.627652056027677463e+04
1.627729310973806787e+04
1.627981732367386940e+04
1.628249701884121896e+04
1.628671547968872255e+04
1.628908873645668064e+04
1.628995715362027840e+04
1.629037665362954976e+04
1.629298260744871186e+04
1.629553933522420630e+04
1.629752220262729315e+04
1.629765120577550442e+04
1.629794417339414576e+04
1.630027189262111096e+04
1.630715703971338553e+04
1.630920784337336772e+04
1.631834769419278746e+04
1.632045922764962415e+04
1.632065859272687885e+04
1.632930253197264756e+04
1.633097718596520463e+04
1.633225289370800783e+04
1.633292871251038559e+04
1.633441223914531292e+04
1.633681555342694264e+04
1.633740924917499615e+04
1.633954673660182016e+04
1.634696056420324021e+04
1.634777245509700515e+04
1.634921685220510153e+04
1.634972263080360426e+04
1.635807335902392697e+04
1.635955711364551098e+04
1.636569792478376257e+04
1.636615211540284145e+04
1.636652308129433732e+04
1.637152307779927651e+04
1.637196386710145271e+04
1.637257652724983564e+04
1.637458321872705528e+04
1.637716381900917986e+04
1.637990160288319385e+04
1.638116558889983025e+04
1.638229084502811020e+04
1.638544752772068023e+04
1.638650037373413215e+04
1.638814085934933246e+04
1.638883123505366530e+04
1.638987224425917520e+04
1.639003573617055736e+04
1.639091395603333149e+04
1.639100104013283999e+04
1.639373756823800431e+04
1.639529373971582027e+04
1.639983642993955436e+04
1.640233744350820052e+04
1.640258867034927607e+04
1.640562860049702067e+04
1.640623540451491863e+04
1.640902184589676835e+04
1.641292330190979555e+04
1.641347536953429153e+04
1.641524001802336716e+04
1.641998442752833944e+04
1.642177588155349076e+04
1.642443919160490987e+04
1.642657759117035312e+04
1.642769006772682042e+04
1.642800316197838038e+04
1.643234337469262755e+04
1.643704614266368662e+04
1.644354992037705597e+04
1.644637833425548524e+04
1.644974772782530636e+04
1.645372314772714162e+04
1.645391327195881604e+04
1.645538202609635482e+04
1.645606769209982303e+04
1.645651425527695756e+04
1.645652032011398114e+04
1.645781314169724283e+04
1.645806802079918634e+04
1.646056065376623155e+04
1.646727140507704098e+04
1.646885515195146218e+04
1.647398570837638545e+04
1.647537996576957084e+04
1.648002086560528915e+04
1.648126060482606408e+04
1.648612071348003519e+04
1.648865039501274805e+04
1.649113197528594901e+04
1.649429517109088920e+04
1.649747753034470588e+04
1.650083366620784363e+04
1.650087725277827849e+04
1.650363360588878277e+04
1.650660648980426049e+04
1.651014593753819281e+04
1.651217073625812918e+04
1.651233599924629743e+04
1.651428016202459912e+04
1.651663468589143304e+04
1.651712127279126435e+04
1.652044142922517494e+04
1.652351733422130201e+04
1.652479616436212382e+04
1.652569452937173628e+04
1.652792032286747053e+04
1.653368720913595826e+04
1.653588637847880455e+04
1.653652607556038492e+04
1.653683020548299828e+04
1.654295659663203696e+04
1.654437068754478969e+04
1.654466128379063230e+04
1.654650365766660252e+04
1.655734123364200059e+04
1.656220253376488108e+04
1.656227430641021783e+04
1.656440154628247183e+04
1.656757026346742350e+04
1.657030863233793207e+04
1.657313430327064998e+04
1.657841002273913182e+04
1.658101086116318402e+04
1.658585845067460468e+04
1.658878802855376489e+04
1.659000642547647658e+04
1.659029590152628953e+04
1.659067294303678500e+04
1.659179951105798682e+04
1.660158190185304557e+04
1.660819928687177890e+04
1.660912695673599228e+04
1.661028274087935279e+04
1.661143813751713969e+04
1.661145072796473687e+04
1.661215391952939535e+04
1.661253339986443825e+04
1.661398002985174753e+04
1.661985593302726193e+04
1.662131354977111187e+04
1.662196272940921335e+04
1.662482185796339400e+04
1.662620760312752100e+04
1.662769886627948654e+04
1.663206419614043625e+04
1.663273547112828237e+04
1.663508732997834522e+04
1.663717190412571290e+04
1.663820068765303586e+04
1.663909060977692207e+04
1.665401862500264906e+04
1.665459378426009789e+04
1.665505955118306156e+04
1.665940738078091090e+04
1.666471495546356891e+04
1.667562860761546835e+04
1.667740314453123210e+04
1.668254138059001707e+04
1.668264982605249679e+04
1.668276433011517656e+04
1.668440169211240573e+04
1.668453772650046085e+04
1.668742712322891020e+04
1.668915560618519157e+04
1.669191211147354261e+04
1.669423399258607606e+04
1.669452566163119263e+04
1.669675592307302213e+04
1.670019401875361291e+04
1.670229507554686279e+04
1.670301707856259964e+04
1.670801728614903914e+04
1.670846041068909835e+04
1.670961934856970765e+04
1.671542864448019463e+04
1.671780428456870141e+04
1.672250375061474915e+04
1.672635122054313615e+04
1.672648717888510146e+04
1.672656235560701316e+04
1.672694523099046637e+04
1.672738853803915845e+04
1.672809747746657376e+04
1.672953809841983457e+04
1.673399352396630275e+04
1.673501570836940300e+04
1.673504038348543327e+04
1.673600475332928909e+04
1.673748080205643055e+04
1.674149662353100575e+04
1.674909133983685388e+04
1.674913798060259433e+04
1.675071971391994884e+04
1.675188243398661871e+04
1.675498495830919637e+04
1.675624126441514818e+04
1.675888863342916011e+04
1.676245320290966265e+04
1.676566506672895048e+04
1.676933725891313952e+04
1.676980227062401536e+04
1.677394382865019361e+04
1.677692870497086915e+04
1.677812741414002448e+04
1.677929518800393271e+04
1.678049077666437370e+04
1.678095569264072401e+04
1.678128171635302351e+04
1.678162966125724051e+04
1.678675165706318148e+04
1.678757837226114862e+04
1.679146071685754578e+04
1.679390244248411182e+04
1.679420618860567629e+04
1.679972047596198172e+04
1.680053852093629393e+04
1.680903071190601622e+04
1.681117035560360091e+04
1.681131193154598805e+04
1.681316889334350344e+04
1.681344495823643229e+04
1.681589046698794846e+04
1.681589858873183766e+04
1.681821422776080362e+04
1.681997192747245208e+04
1.682100403890763846e+04
1.682528618189861299e+04
1.683281643881835043e+04
1.683763158952882804e+04
1.683764954962426418e+04
1.683818325058661503e+04
1.684117971241416308e+04
1.684522434045507907e+04
1.684746448100467751e+04
1.684965316014196287e+04
1.685024886806620998e+04
1.685178642046551249e+04
1.685701581028036162e+04
1.685775176075868512e+04
1.685916120387596311e+04
1.686632787333911983e+04
1.686638683483400746e+04
1.687241613571622293e+04
1.687372049072413938e+04
1.687467346468284813e+04
1.687652930820679831e+04
1.687754329224190951e+04
1.687960376953080413e+04
1.688027631770691005e+04
1.688482198850673012e+04
1.688527990052771202e+04
1.688591411575257371e+04
1.689295329508367649e+04
1.689607978506273867e+04
1.690620944335095191e+04
1.690816299418550261e+04
1.690821946590595326e+04
1.691311443133195644e+04
1.691467783745477936e+04
1.691919430585172813e+04
1.692039152452379130e+04
1.692071741846410805e+04
1.692376485984453029e+04
1.692688753960451140e+04
1.692826274408045720e+04
1.692960339088294131e+04
1.693341950050251762e+04
1.693717356148469480e+04
1.693869148509619845e+04
1.694118865615122922e+04
1.694621601655850100e+04
1.694622347049175733e+04
1.695440808096309047e+04
1.695827145053357890e+04
1.696273544234068686e+04
1.696670943896131939e+04
1.696821189008479632e+04
1.696822761798412103e+04
1.697022803854894664e+04
1.697115051247631345e+04
1.697173337090294808e+04
1.697439139841910219e+04
1.697638531078643791e+04
1.697762218132865382e+04
1.698197421743920495e+04
1.698773325299776479e+04
1.699109145210700080e+04
1.699214808914272362e+04
1.699410017617161793e+04
1.699480740222210807e+04
1.699573734038155453e+04
1.699745544668971706e+04
1.699785677007841514e+04
1.699895513384898732e+04
1.699902767033456257e+04
1.699959418349895714e+04
1.700135148761556775e+04
1.700193416180595523e+04
1.700763349836188354e+04
1.700991298135843681e+04
1.701136833052172733e+04
1.701144209446170134e+04
1.701195800813089227e+04
1.701615775605872477e+04
1.701870444032966770e+04
1.702073515216687156e+04
1.702240985591978824e+04
1.702459268032606269e+04
1.702587367221577369e+04
1.702885416586139036e+04
1.703121739790503852e+04
1.703164333875679222e+04
1.703617619940470468e+04
1.703681301962686848e+04
1.703930882927698622e+04
1.704050155309860929e+04
1.704597155676113107e+04
1.704651354144320794e+04
1.704714498409802036e+04
1.705045571129576274e+04
1.705117258351668715e+04
1.705184636478462198e+04
1.705209930496391826e+04
1.705211581846155605e+04
1.705246387264528676e+04
1.705423147086379322e+04
1.705436701580184672e+04
1.705560971154336949e+04
1.706001040092585754e+04
1.706045226988123613e+04
1.706191703917957784e+04
1.706200078005857358e+04
1.706229101322562201e+04
1.706330769609785057e+04
1.707196740088277511e+04
1.707201669226253580e+04
1.707231798667721887e+04
1.707274781314764914e+04
1.707593276793737095e+04
1.707660768020253818e+04
1.707800436840381008e+04
1.707835294984831853e+04
1.707998908191205555e+04
1.708212122065110452e+04
1.708735276607411652e+04
1.709136238356270042e+04
1.709992442522174315e+04
1.710330109754040313e+04
1.710618415094746524e+04
1.710779288068691312e+04
1.711358454127781442e+04
1.711954566673483350e+04
1.712119783069875120e+04
1.712252656523233236e+04
1.712326351302486000e+04
1.712336788944130240e+04
1.712661930532899351e+04
1.712711239633051446e+04
1.713262134450541998e+04
1.713665002674704374e+04
1.713804398358779872e+04
1.713867500835050305e+04
1.714128509480036882e+04
1.714361082115453610e+04
1.714881571687026371e+04
1.715548741945136135e+04
1.715645291778600949e+04
1.716097831397580376e+04
1.716138649436231208e+04
1.716245346878170676e+04
1.716330752364031650e+04
1.716686026871484501e+04
1.716757296427897381e+04
1.716801439216536528e+04
1.717018104231499456e+04
1.717351555341799758e+04
1.718273622573319153e+04
1.718453769526236283e+04
1.718993660119709602e+04
1.719103220424155370e+04
1.720042215940652386e+04
1.720168718742784040e+04
1.720194717357634363e+04
1.720217119074693983e+04
1.720385431191412135e+04
1.720458671192498514e+04
1.720515009393593937e+04
1.720647845252060506e+04
1.720755806018939620e+04
1.720850713009666651e+04
1.721199163196399240e+04
1.721416860521037233e+04
1.721817297340566802e+04
1.722168402374284415e+04
1.722179843141378660e+04
1.722197960954943119e+04
1.722298833195054249e+04
1.722589299526821196e+04
1.722896690444164778e+04
1.722965078687752975e+04
1.723731362647577407e+04
1.724126153437238827e+04
1.724695124940907044e+04
1.725030019879245447e+04
1.725809350099368748e+04
1.725881785745389789e+04
1.726082483260305162e+04
1.726158234527158857e+04
1.726201784758565555e+04
1.726443995775761141e+04
1.727257013661004021e+04
1.727331370342974697e+04
1.727401448971298305e+04
1.727485330100703504e+04
1.727728948425556155e+04
1.728014161989758577e+04
1.728167834329765901e+04
1.728357273101530882e+04
1.728795377785978053e+04
1.729083071375175132e+04
1.729316109045354824e+04
1.730210129751005297e+04
1.730317705858208137e+04
1.730365210875989942e+04
1.730608453780203126e+04
1.730639871181991111e+04
1.730830709665076574e+04
1.731044813597786560e+04
1.731072572197987392e+04
1.731132301585314417e+04
1.731374652288285142e+04
1.731642260808472929e+04
1.732064441040662132e+04
1.732129812685885190e+04
1.732472890975721748e+04
1.732602938549566170e+04
1.733085733879141480e+04
1.733236480532494170e+04
1.733374444416760161e+04
1.733519218701827049e+04
1.733631426493065374e+04
1.733946402273167041e+04
1.734061499597021248e+04
1.734108544293787054e+04
1.734135384868854089e+04
1.734363523087605427e+04
1.734395416956078770e+04
1.734581012251658831e+04
1.734730128389738820e+04
1.734809392840868531e+04
1.736731521854650418e+04
1.736846569655619533e+04
1.736879142118958407e+04
1.737036385429578877e+04
1.737036665533405176e+04
1.737120583765897754e+04
1.737184633011066035e+04
1.737451020498385333e+04
1.737455384284360116e+04
1.737541887361116096e+04
1.737621149080895339e+04
1.737764323014125330e+04
1.737934726946470619e+04
1.738142388805566588e+04
1.738168487562405790e+04
1.738351048176102995e+04
1.738812889354685103e+04
1.739134866038143446e+04
1.739404505870999128e+04
1.739532993583095231e+04
1.739744107178683043e+04
1.739914366506984152e+04
1.739943213183257467e+04
1.740045655837948289e+04
1.740226049608706307e+04
1.740583671579924703e+04
1.741205152004767297e+04
1.741504722826753277e+04
1.742707637298700865e+04
1.743128885589863057e+04
1.743474620780225450e+04
1.743540756079347921e+04
1.743703359503540560e+04
1.743739598444468720e+04
1.743839828713513270e+04
1.744286422041359765e+04
1.744413009861520550e+04
1.744549743056531224e+04
1.745082194153667297e+04
1.745158418859251105e+04
1.745180441655408140e+04
1.745214886297527119e+04
1.745331762852877728e+04
1.745416761557051723e+04
1.745461273102447740e+04
1.745619195175927598e+04
1.745826338294433299e+04
1.745986259526624417e+04
1.746298276805166824e+04
1.746479393172121127e+04
1.748064684850585036e+04
1.748371592436717765e+04
1.748503131470950029e+04
1.748569608529545803e+04
1.748992067200341262e+04
1.749388676443027362e+04
1.749516083065311977e+04
1.749800809084669891e+04
1.749823151300759855e+04
1.750082080049775323e+04
1.750110786700580502e+04
1.750628154635774990e+04
1.750628861419268651e+04
1.750687739254390908e+04
1.751016695869588511e+04
1.751102817818347830e+04
1.751149035430474760e+04
1.751434233384575782e+04
1.751518645010621549e+04
1.751811269883048953e+04
1.751863899018164739e+04
1.751940002960355923e+04
1.752082381064179935e+04
1.752484957815008238e+04
1.752675507034736074e+04
1.753665785501205028e+04
1.753970777841327435e+04
1.754009756322392059e+04
1.754999714722082717e+04
1.755219056632396678e+04
1.755458415969764246e+04
1.755656369146922952e+04
1.755694843047192626e+04
1.755832881905631803e+04
1.756027791624526435e+04
1.756661093545020776e+04
1.756951573642489166e+04
1.757419070481274684e+04
1.757458907507354888e+04
1.757596981870707532e+04
1.757703275067809227e+04
1.757788956895032607e+04
1.757906985917125712e+04
1.758095895673924679e+04
1.758180716482342541e+04
1.758180892361581209e+04
1.758350349998344609e+04
1.758410969749052674e+04
1.758736898898917570e+04
1.759112450351479492e+04
1.759939312339970638e+04
1.760153447138200863e+04
1.760197591114030729e+04
1.760243662483539083e+04
1.760258181478355255e+04
1.760438149094399705e+04
1.760576067383842019e+04
1.760577000846724695e+04
1.760880843063555949e+04
1.761198009734360312e+04
1.761235257902729427e+04
1.761481394224439282e+04
1.761668578799272655e+04
1.762472873362676910e+04
1.763136062126228353e+04
1.763389764630935315e+04
1.764133786006665832e+04
1.764258833683525154e+04
1.764653111815254670e+04
1.765148540199377385e+04
1.765318657836988496e+04
1.765573827753864316e+04
1.765867848286062872e+04
1.765923599861771072e+04
1.766170520792550815e+04
1.766513397312159213e+04
1.767076244676720671e+04
1.767279667663534201e+04
1.767385831082532604e+04
1.767469118571922445e+04
1.767763008961747619e+04
1.768392780605407825e+04
1.768507430187259160e+04
1.768897006658712780e+04
1.768979706967906532e+04
1.769095261982097145e+04
1.769275798902397219e+04
1.769395537058905757e+04
1.769459456696432608e+04
1.769461076574186154e+04
1.769785642939727768e+04
1.769955558688172459e+04
1.769966180306867682e+04
1.769981369980594172e+04
1.770615375096768184e+04
1.770626475816612219e+04
1.771122279611857084e+04
1.771224668200900851e+04
1.771321019012891338e+04
1.771523674739474518e+04
1.772160772259641089e+04
1.772788524551373848e+04
1.772970877829236269e+04
1.773719423663186899e+04
1.773917749927943805e+04
1.774070092975055741e+04
1.774392594896567607e+04
1.775083662992248719e+04
1.775321174416639406e+04
1.775741105329565471e+04
1.775994822759272938e+04
1.776079741370402917e+04
1.776280807035696853e+04
1.776771004367338901e+04
1.777035293143634408e+04
1.777310843770368228e+04
1.777961908704558300e+04
1.778151750633037227e+04
1.778160466809684294e+04
1.779052603046303921e+04
1.779209623598147664e+04
1.779337541682070878e+04
1.779782533658210741e+04
1.780067441390702152e+04
1.780455058461008593e+04
1.781216304390726145e+04
1.781433476719604369e+04
1.781504505985274227e+04
1.781539367145923825e+04
1.781608565562629519e+04
1.781648242968333943e+04
1.782310574399220059e+04
1.782431278687339363e+04
1.782478512824841891e+04
1.782797755934157249e+04
1.782864700043478297e+04
1.783002406842818164e+04
1.783022089948876237e+04
1.783232136914309012e+04
1.783363933236920275e+04
1.783719142936662683e+04
1.783727838849242107e+04
1.783803130052684719e+04
1.783865257542643667e+04
1.783880141567728060e+04
1.784026588459742197e+04
1.784110484901567179e+04
1.784344501294380461e+04
1.784459523492839435e+04
1.784745111382139294e+04
1.784792828773147994e+04
1.785090885993501797e+04
1.785378447619554936e+04
1.785509374747886613e+04
1.785901341766227415e+04
1.786101170553274278e+04
1.786963804075701773e+04
1.787039178519414418e+04
1.787101153795747086e+04
1.787979283193500305e+04
1.788178019660827704e+04
1.788971189291870905e+04
1.789226073731280121e+04
1.789292411526393698e+04
1.789971858719609736e+04
1.790016741829079547e+04
1.790025944516476011e+04
1.790154139415815007e+04
1.790439448263550730e+04
1.790485896749763197e+04
1.791185010614127896e+04
1.791379101501363402e+04
1.791780120528035332e+04
1.791875656324020019e+04
1.791887212809794073e+04
1.792360251411857826e+04
1.792426718118047575e+04
1.792637479781592629e+04
1.792724148322831024e+04
1.793149598049274209e+04
1.793193349076950835e+04
1.793285756470141496e+04
1.793421601309011021e+04
1.793771193683184538e+04
1.793987919079497078e+04
1.794770410686304604e+04
1.794849914511781026e+04
1.795018620756505697e+04
1.795554915828269441e+04
1.795738759626969113e+04
1.795965237936077028e+04
1.796127601282606702e+04
1.796704967387651413e+04
1.796759180465461759e+04
1.797006005160879067e+04
1.797137366458062024e+04
1.797620625735182693e+04
1.797670727997233189e+04
1.797822066906194232e+04
1.798102326215379799e+04
1.798184084499095843e+04
1.798339551908124849e+04
1.798786398821087278e+04
1.799488905767372125e+04
1.799788853139481944e+04
1.800095463626409037e+04
1.800480534109835207e+04
1.801037406699064377e+04
1.801211907230831275e+04
1.801460106709842148e+04
1.801697143608851547e+04
1.801779511096500573e+04
1.801789711667334632e+04
1.801904192770928057e+04
1.801932940426719142e+04
1.802200354845703259e+04
1.802468473065342550e+04
1.802658877484577170e+04
1.802701999436687038e+04
1.802879130097819507e+04
1.803211928744195029e+04
1.803304239560101996e+04
1.803307933359379967e+04
1.803312547132631153e+04
1.803729900547697252e+04
1.803937546926609866e+04
1.804130401904694008e+04
1.804206155550362746e+04
1.804709206453675142e+04
1.804872640379133372e+04
1.804970224488843451e+04
1.805081774186914117e+04
1.805373021832505765e+04
1.805379195137304851e+04
1.805411252436239738e+04
1.805591439000078026e+04
1.805985985351173804e+04
1.806104830185833634e+04
1.806177832369175667e+04
1.806455028562914231e+04
1.806476354603121581e+04
1.806632445525992807e+04
1.806764792247777950e+04
1.806999828310047087e+04
1.807132499270232074e+04
1.807198915196798771e+04
1.807460445792619794e+04
1.808044607563461250e+04
1.808108518896760506e+04
1.808581734139430409e+04
1.808788818933861330e+04
1.809163099654905454e+04
1.809412422635278926e+04
1.809729047494604674e+04
1.809888851206356776e+04
1.810507138310729715e+04
1.810635040210301668e+04
1.810991888050009584e+04
1.811011034905570341e+04
1.811138338717108854e+04
1.811284208721253162e+04
1.811420332067534400e+04
1.811720695027947295e+04
1.811808319167193258e+04
1.812301977606285072e+04
1.812651215659279842e+04
1.812699410462482774e+04
1.813314073956777793e+04
1.814351795319339726e+04
1.814896981818335917e+04
1.815138608062634376e+04
1.815415237019096821e+04
1.815458882598971832e+04
1.815459014441536419e+04
1.816055742742961229e+04
1.816059372954002538e+04
1.816791420870251022e+04
1.817295081283399486e+04
1.817463486232059950e+04
1.818289474134308693e+04
1.818570804466683330e+04
1.818776884939129377e+04
1.818957807020336986e+04
1.819168443223875147e+04
1.819183986723675116e+04
1.819260533278517687e+04
1.820014029768271212e+04
1.820189340427454226e+04
1.820519723501958651e+04
1.820901266721093998e+04
1.820929047211654324e+04
1.821934736284592509e+04
1.822195670280951890e+04
1.822202259398786919e+04
1.822305674250239099e+04
1.822988318178862755e+04
1.823231007967512051e+04
1.823988852907744877e+04
1.824093281682198722e+04
1.824776062098762486e+04
1.824789710190819460e+04
1.824987980667367810e+04
1.825201734118110471e+04
1.825281993978144601e+04
1.825371661289629265e+04
1.825489242683206976e+04
1.825535008726255910e+04
1.825556406394588339e+04
1.825580810729592486e+04
1.826392180225939228e+04
1.826490497991521988e+04
1.826856739086855669e+04
1.826954673878644462e+04
1.826984372344136136e+04
1.827029182780147312e+04
1.827295127528458761e+04
1.827630908945711417e+04
1.828030189078129479e+04
1.828080512368335621e+04
1.828846286262565991e+04
1.828993155541597662e+04
1.829161019777161346e+04
1.829533766332896630e+04
1.830020039270806592e+04
1.830060384167600205e+04
1.830430524040298769e+04
1.830705183683835639e+04
1.831316907574394281e+04
1.831526255545582535e+04
1.831547578386537134e+04
1.831848195509823563e+04
1.832407392074431482e+04
1.832452013722746415e+04
1.832772606516516680e+04
1.833163990622193523e+04
1.833709395335204681e+04
1.833787149429736746e+04
1.833993250979630830e+04
1.834313791469868738e+04
1.834693468176076567e+04
1.834804968749569525e+04
1.835333848101287731e+04
1.835865966720743018e+04
1.836036111327654362e+04
1.836118688752995149e+04
1.836381060236067788e+04
1.836531730726534806e+04
1.836698039058001450e+04
1.836798317660876637e+04
1.837004111784386623e+04
1.838933711491976646e+04
1.839622024358146882e+04
1.840270915301107379e+04
1.840674968682817416e+04
1.841457180209765647e+04
1.841458311562171002e+04
1.841685636267657537e+04
1.841724649157886233e+04
1.841740812463453040e+04
1.841777079727789896e+04
1.841863426038141552e+04
1.842185031425022316e+04
1.842712896569007353e+04
1.843090965738676823e+04
1.843400824433259913e+04
1.843601682927490037e+04
1.844060311585085583e+04
1.844399343587595649e+04
1.844484268558917393e+04
1.844724049012875912e+04
1.845215839819776738e+04
1.845330677838076008e+04
1.845331456853338750e+04
1.845514201367187707e+04
1.845827595675981865e+04
1.846522161519460860e+04
1.846863813980883788e+04
1.846888401381595759e+04
1.846987815850032348e+04
1.847023328517393747e+04
1.847133475814164922e+04
1.847323729997556802e+04
1.847492940413624092e+04
1.848119915583922921e+04
1.848157268188100716e+04
1.848164003952849453e+04
1.848348428673399030e+04
1.848873556037286471e+04
1.849006389331196988e+04
1.849078746572036107e+04
1.849210792358808976e+04
1.849319165385566885e+04
1.849465455526868755e+04
1.849524752263430128e+04
1.849657074485117482e+04
1.849716172184603056e+04
1.850229240529136950e+04
1.850284250983998936e+04
1.850670973898968805e+04
1.850897343109257054e+04
1.851068909322125910e+04
1.851320392806309974e+04
1.851414107288889136e+04
1.851743856919679092e+04
1.852022267952722177e+04
1.852100674185575917e+04
1.852324764553522255e+04
1.852389247291791617e+04
1.852448799742621486e+04
1.852479906665218004e+04
1.852802124634548454e+04
1.852882798488643311e+04
1.853276196985909337e+04
1.853372054211829163e+04
1.853462738445356808e+04
1.854428199234555723e+04
1.854481813501922443e+04
1.855086530741835668e+04
1.855139592668431942e+04
1.855339691788799610e+04
1.855355832321357593e+04
1.855944537520619633e+04
1.856764627619036764e+04
1.857006008572874271e+04
1.857013810707514494e+04
1.857187324503780110e+04
1.857805718962376704e+04
1.858185293205508424e+04
1.858195181779947598e+04
1.858494138814316830e+04
1.858829293925078673e+04
1.858864503612151020e+04
1.859295873888451024e+04
1.859324287717007246e+04
1.859484882540315448e+04
1.860298536139574935e+04
1.860641216945531050e+04
1.860785355391148914e+04
1.860899678404265069e+04
1.860991064015872325e+04
1.861223959743023443e+04
1.862290897097803463e+04
1.862757191978746414e+04
1.862933439388766419e+04
1.863120577896181203e+04
1.863213986084892531e+04
1.863276894665768486e+04
1.863516875556077139e+04
1.863829960092619149e+04
1.863935298529007559e+04
1.864199215609146268e+04
1.864288243005236654e+04
1.864643809262177092e+04
1.864775133322721376e+04
1.864831529708742892e+04
1.864872726867931488e+04
1.865408478713998193e+04
1.865705129868381118e+04
1.866211758397597077e+04
1.866258238923650060e+04
1.866879337823779497e+04
1.867983013225535979e+04
1.868744905390298663e+04
1.868756592515591183e+04
1.868847708285934277e+04
1.869362812163514172e+04
1.869487104804090632e+04
1.870296349473781447e+04
1.870337868909879035e+04
1.870612017790873506e+04
1.870872486985199794e+04
1.870953537873445748e+04
1.871070667147612039e+04
1.872397627188522893e+04
1.872460589467519458e+04
1.872706768687230942e+04
1.873227872980288885e+04
1.873291666535533295e+04
1.873643859930840335e+04
1.873932477132023632e+04
1.874165339668814340e+04
1.874218068446578764e+04
1.874240895307568280e+04
1.874606726381880435e+04
1.874607083115315618e+04
1.874609722858619352e+04
1.875137470790885709e+04
1.875181897043177742e+04
1.875688702475521131e+04
1.875867263742926298e+04
1.876026986083865631e+04
1.876107622582327167e+04
1.876285353618482623e+04
1.876955086925474097e+04
1.877129253435853752e+04
1.878355715287569910e+04
1.878474535055010347e+04
1.878493193872611300e+04
1.878529519006368355e+04
1.879385864676502752e+04
1.879524886014013100e+04
1.879538681125317817e+04
1.880339525062111716e+04
1.880386960577432546e+04
1.880604515600982995e+04
1.880609530254063429e+04
1.880635508259454218e+04
1.881423795889607572e+04
1.881426729223150323e+04
1.881761653423977259e+04
1.881809468365597058e+04
1.882064205437636338e+04
1.882444381021296067e+04
1.882653422814500664e+04
1.883444986868168053e+04
1.883447430834128318e+04
1.883483411651349888e+04
1.883489783127448027e+04
1.883546547441494840e+04
1.883602166853482777e+04
1.883788523430692294e+04
1.884227856696061644e+04
1.884295150688867943e+04
1.884562530009994589e+04
1.885242348232064251e+04
1.885501870895429238e+04
1.885521624800977588e+04
1.885804378031594024e+04
1.885964704655121022e+04
1.886046782258501844e+04
1.886274359590207678e+04
1.886293969742940681e+04
1.886463159538183390e+04
1.886523513175627886e+04
1.886689030824957081e+04
1.887329358788429818e+04
1.887756700379637914e+04
1.887775179379827750e+04
1.887832051629609123e+04
1.887930728292981803e+04
1.888074047819716361e+04
1.888211342946225341e+04
1.888510113424574229e+04
1.889439207789222201e+04
1.890057998299859173e+04
1.890442038868862437e+04
1.890504919041501125e+04
1.890506615438661538e+04
1.890668676458776463e+04
1.890922236142282418e+04
1.891332380601205659e+04
1.891763783566495840e+04
1.891856416175343475e+04
1.892569263282215979e+04
1.892617936699430356e+04
1.892655429087330049e+04
1.892810887445642220e+04
1.892822517344850348e+04
1.893031724585387565e+04
1.893088509826344307e+04
1.893256317978660809e+04
1.893256849114198121e+04
1.893313369029766909e+04
1.894039724427198598e+04
1.894418500304104964e+04
1.895003343833081817e+04
1.895120112983059516e+04
1.895164316203453200e+04
1.895245042263979121e+04
1.895422822830403311e+04
1.895517704798091290e+04
1.895707726294427630e+04
1.896907708055268085e+04
1.897264056332496693e+04
1.897600223043937876e+04
1.897767058381143579e+04
1.897995674103314013e+04
1.898167634167811411e+04
1.898190640963357146e+04
1.898298937962585478e+04
1.898602313970901014e+04
1.898916980624308417e+04
1.898998775122646839e+04
1.899139135713946598e+04
1.899205148056192411e+04
1.899261667537345420e+04
1.899330042310224962e+04
1.899363436999048281e+04
1.899496773001550901e+04
1.899805770315691552e+04
1.899810585336106305e+04
1.899879193426667553e+04
1.900614125098760269e+04
1.900632601265774792e+04
1.900645220192035777e+04
1.900680118419000428e+04
1.901324376637482783e+04
1.901911453241969139e+04
1.902526277952643795e+04
1.902531100673371111e+04
