1.296446977744448850e+04
1.296490420017577708e+04
1.296537595960477483e+04
1.296569653785433184e+04
1.296614074256839740e+04
1.296644312832390642e+04
1.296685191387330087e+04
1.296733347460712321e+04
1.296737141441694985e+04
1.296746526677813563e+04
1.296794573640619274e+04
1.296829928465633566e+04
1.296891480651454549e+04
1.296961828199181582e+04
1.296981464143099583e+04
1.297040258144187101e+04
1.297157603765139538e+04
1.297230231416803872e+04
1.297279623608862676e+04
1.297352936270498321e+04
1.297427544027375552e+04
1.297502127288330666e+04
1.297580742099305644e+04
1.297583510630958881e+04
1.297598119467491779e+04
1.297772721031279798e+04
1.297781127808300880e+04
1.297806163552098587e+04
1.297856034236833511e+04
1.297871176100781668e+04
1.297892249693411759e+04
1.297919869715325331e+04
1.297960194831891567e+04
1.298170814554231220e+04
1.298262720094478937e+04
1.298306832424020286e+04
1.298326947008141724e+04
1.298383521300796747e+04
1.298415539598269424e+04
1.298420652031795908e+04
1.298425408871848049e+04
1.298449054206825167e+04
1.298527171999288475e+04
1.298663781516805466e+04
1.298827885197099386e+04
1.298871037692088430e+04
1.298902925839696582e+04
1.298940654472513779e+04
1.298957577440065870e+04
1.299040815066092182e+04
1.299079111225152883e+04
1.299108145940865688e+04
1.299123860465020152e+04
1.299226150129106099e+04
1.299236009035142160e+04
1.299341017144615944e+04
1.299347223790857606e+04
1.299445721571700778e+04
1.299448055416270472e+04
1.299471582244397723e+04
1.299579990880605692e+04
1.299582661834036116e+04
1.299610242893410759e+04
1.299623755761593202e+04
1.299639658195946140e+04
1.299902466935033772e+04
1.299958890611727111e+04
1.300013446883017605e+04
1.300034722432073431e+04
1.300133468765909129e+04
1.300180349897805718e+04
1.300208905113864603e+04
1.300236806823278494e+04
1.300242055369333320e+04
1.300359116888467361e+04
1.300383050823991653e+04
1.300401699032280521e+04
1.300447645652687606e+04
1.300451045102530043e+04
1.300455993275178844e+04
1.300492813086479327e+04
1.300544741828115730e+04
1.300610326568235905e+04
1.300684727980315074e+04
1.300747130068648767e+04
1.300781433386300705e+04
1.300806410398182561e+04
1.300809106714274458e+04
1.300884897596021801e+04
1.300925524234957993e+04
1.301006205467207110e+04
1.301014259477461019e+04
1.301019396420389967e+04
1.301114448090870974e+04
1.301166767833382983e+04
1.301209546982660868e+04
1.301327387451356481e+04
1.301410636152777261e+04
1.301426202666580684e+04
1.301449879941165818e+04
1.301517381404735715e+04
1.301638904337214262e+04
1.301644752045855785e+04
1.301706947542972921e+04
1.301771051317738238e+04
1.301873475872496783e+04
1.301935339368637506e+04
1.301939866146638087e+04
1.302033928448900951e+04
1.302062388963099875e+04
1.302072956512384917e+04
1.302158493285758595e+04
1.302215407356212017e+04
1.302285497974673854e+04
1.302296325499429076e+04
1.302396067284289165e+04
1.302445456210108932e+04
1.302473779718276091e+04
1.302647300814230402e+04
1.302652829162762282e+04
1.302715517908079710e+04
1.302803443725099714e+04
1.302862105041351606e+04
1.302864985890389289e+04
1.302903603516229123e+04
1.302931345010140649e+04
1.302937263081787387e+04
1.302953712410664957e+04
1.303138507969230886e+04
1.303225846106332392e+04
1.303228271776087786e+04
1.303361928472261570e+04
1.303426073728460869e+04
1.303428660926907833e+04
1.303470910859794094e+04
1.303488985476568632e+04
1.303494419986656067e+04
1.303538039270617446e+04
1.303601531590187187e+04
1.303615275762872807e+04
1.303677353531889457e+04
1.303846089691199813e+04
1.303899526174568018e+04
1.303902137708620467e+04
1.303916305941359133e+04
1.303943536092860086e+04
1.303977131220699630e+04
1.304008857862402510e+04
1.304058225358384152e+04
1.304524999660880712e+04
1.304536908059153939e+04
1.304547681542864848e+04
1.304555271295517741e+04
1.304628231182492709e+04
1.304673567717436163e+04
1.304737608055563214e+04
1.304763771290976365e+04
1.304814364511803251e+04
1.304832072559370135e+04
1.304913168204069552e+04
1.304914091168562300e+04
1.304917469543534753e+04
1.304920878022362376e+04
1.304952493965498252e+04
1.305061311977539663e+04
1.305307959101856250e+04
1.305363720246913726e+04
1.305494988988287878e+04
1.305899479043476822e+04
1.305977263270194271e+04
1.306017774885202016e+04
1.306045232399644374e+04
1.306166341551286678e+04
1.306253690920443478e+04
1.306354359483497319e+04
1.306440285209870490e+04
1.306468828399833546e+04
1.306504649928509207e+04
1.306663915458347401e+04
1.306720743457755998e+04
1.306763884174458508e+04
1.306823460611928749e+04
1.306836230349911420e+04
1.307012085202337403e+04
1.307087916394181593e+04
1.307119380583287420e+04
1.307138258153239440e+04
1.307194051038238104e+04
1.307211948405414296e+04
1.307414874645214877e+04
1.307459481268065429e+04
1.307518825298326192e+04
1.307565465924468663e+04
1.307605380601821525e+04
1.307739515455755463e+04
1.307750093242512958e+04
1.307804853682245812e+04
1.307819822273380851e+04
1.307849265019393715e+04
1.307989129597618012e+04
1.308041536045577777e+04
1.308046060835802200e+04
1.308085601683453206e+04
1.308092115265225220e+04
1.308096753121001530e+04
1.308110607453357443e+04
1.308141611162796107e+04
1.308159946408500036e+04
1.308197098689449558e+04
1.308216677929205798e+04
1.308251929680377361e+04
1.308290332456681790e+04
1.308306404610867321e+04
1.308308514622430630e+04
1.308458936246229860e+04
1.308631574797113353e+04
1.308700155820294458e+04
1.308717454757397354e+04
1.308744352538839848e+04
1.308758519569492273e+04
1.308839919778853073e+04
1.308864518763498199e+04
1.308867314551682284e+04
1.308927525449061068e+04
1.308943715003392208e+04
1.308993934591517973e+04
1.309110074139196513e+04
1.309161210372515598e+04
1.309165541701418260e+04
1.309181874853395493e+04
1.309193260331582496e+04
1.309206269728970801e+04
1.309217516139090731e+04
1.309230747476156830e+04
1.309238331412729167e+04
1.309392202948996055e+04
1.309435012296404966e+04
1.309555144313745768e+04
1.309644992136427754e+04
1.309674640030843511e+04
1.309708948422462709e+04
1.309752659792311533e+04
1.309827945021252526e+04
1.309862631290532227e+04
1.309926722254146625e+04
1.310001411702675614e+04
1.310127745237630552e+04
1.310151172913075425e+04
1.310181287017097566e+04
1.310367639407747993e+04
1.310393525718341698e+04
1.310416785385318508e+04
1.310428014050743695e+04
1.310467832281289157e+04
1.310476837574959427e+04
1.310493911343608124e+04
1.310555225152293497e+04
1.310557136848212031e+04
1.310558349822417040e+04
1.310625305109398687e+04
1.310813138325158798e+04
1.310826385857771311e+04
1.310915656721054620e+04
1.311022059812477528e+04
1.311071934480314121e+04
1.311094488727813223e+04
1.311133592403542934e+04
1.311319230686774245e+04
1.311357666687100209e+04
1.311540108796644381e+04
1.311543648266966557e+04
1.311607622159918537e+04
1.311635020897116556e+04
1.311676184839905000e+04
1.311794000272198173e+04
1.312143937976428060e+04
1.312162145073784450e+04
1.312230182708880966e+04
1.312255983147379993e+04
1.312312652778748634e+04
1.312396133997150173e+04
1.312415599076331637e+04
1.312514687504436006e+04
1.312564228974211801e+04
1.312582751807415480e+04
1.312606236183554938e+04
1.312770812829668648e+04
1.312780372024100689e+04
1.312816405398939605e+04
1.312825846749304037e+04
1.312869610968808774e+04
1.312976268769582748e+04
1.312978315287351506e+04
1.313002799645705818e+04
1.313088630858587931e+04
1.313179882908189757e+04
1.313180038999992939e+04
1.313229127713960042e+04
1.313334699738508425e+04
1.313393399313407281e+04
1.313394927524260129e+04
1.313477308067518061e+04
1.313487118564854063e+04
1.313565789567631509e+04
1.313572642016330974e+04
1.313654110280192617e+04
1.313672913058704034e+04
1.313691845185837883e+04
1.313712745459714642e+04
1.313804024239823048e+04
1.313818879681231556e+04
1.313915641617707479e+04
1.313955682905198773e+04
1.314103777790978711e+04
1.314127818716587353e+04
1.314236125872699267e+04
1.314310248457622583e+04
1.314452752095687174e+04
1.314453316371050641e+04
1.314481907906069864e+04
1.314520381979669764e+04
1.314569106567241761e+04
1.314595182548710181e+04
1.314632927788863890e+04
1.314645902174826369e+04
1.314693261929120126e+04
1.314701330936913109e+04
1.314834628232625255e+04
1.314933601669513700e+04
1.314936956721033130e+04
1.315008646124011466e+04
1.315043142782326322e+04
1.315089642848894437e+04
1.315146393589198669e+04
1.315244407201587273e+04
1.315307172041595550e+04
1.315318147246640365e+04
1.315363466937700650e+04
1.315532643218333033e+04
1.315548336251953515e+04
1.315624442437463586e+04
1.315708034581106040e+04
1.315714960072268514e+04
1.315751038478484406e+04
1.315820003485691632e+04
1.315838626810525238e+04
1.315847813226081416e+04
1.315863169101567291e+04
1.315906125336797777e+04
1.316010176830457567e+04
1.316050553352415773e+04
1.316079559645454356e+04
1.316102025714450974e+04
1.316163126774980992e+04
1.316163544519156858e+04
1.316213704524093919e+04
1.316237697374556592e+04
1.316356933259231664e+04
1.316416656779381083e+04
1.316466915290515681e+04
1.316508048956942002e+04
1.316579871605075459e+04
1.316592476817546412e+04
1.316633358517300621e+04
1.316674988086994199e+04
1.316733765753419721e+04
1.316911384431840270e+04
1.317093839785377713e+04
1.317107988125014163e+04
1.317139481309946132e+04
1.317142704399989270e+04
1.317166767278504631e+04
1.317207785942399460e+04
1.317218834580354451e+04
1.317230938286807577e+04
1.317234646770459949e+04
1.317290558822174717e+04
1.317341482154795813e+04
1.317416234968782010e+04
1.317449551160003102e+04
1.317741454142961811e+04
1.317837298545210069e+04
1.318137714513853643e+04
1.318139945809986602e+04
1.318140941656313225e+04
1.318217503243711690e+04
1.318265448323083547e+04
1.318299732051836691e+04
1.318312533537435229e+04
1.318351197819537265e+04
1.318358183856958931e+04
1.318458380080894858e+04
1.318471722022959511e+04
1.318517995474498821e+04
1.318599402862612260e+04
1.318606561911495373e+04
1.318726867116714129e+04
1.318810086260636672e+04
1.318823471222006629e+04
1.318857447728764600e+04
1.318937119783209891e+04
1.318959689498084845e+04
1.319001139370178498e+04
1.319002143337417147e+04
1.319064095465412356e+04
1.319272783389972028e+04
1.319274186283040763e+04
1.319313973648190404e+04
1.319433307952870564e+04
1.319475365881047037e+04
1.319529895908652907e+04
1.319566144031094518e+04
1.319626247724202403e+04
1.319646815896062799e+04
1.319778389008331942e+04
1.319935440577004192e+04
1.319980445237556341e+04
1.320007227405067169e+04
1.320183441303795371e+04
1.320197599898233602e+04
1.320237311273322302e+04
1.320245658043845469e+04
1.320249368967192822e+04
1.320293466266083487e+04
1.320433148243495998e+04
1.320571832654481477e+04
1.320599132717406064e+04
1.320632914555185198e+04
1.320851774301527439e+04
1.320893694615856839e+04
1.320979955505578619e+04
1.321013811458920100e+04
1.321021263175191780e+04
1.321082706547278940e+04
1.321135745928113465e+04
1.321138290616467566e+04
1.321372351585030992e+04
1.321384853730181203e+04
1.321532967082400683e+04
1.321584460589382797e+04
1.321636281108307776e+04
1.321769773479968717e+04
1.321790830615399682e+04
1.321839128713314130e+04
1.322055130783877030e+04
1.322129321238823832e+04
1.322196598587908738e+04
1.322206970160529090e+04
1.322285229921961218e+04
1.322345524757013118e+04
1.322411914756892656e+04
1.322464079538533770e+04
1.322496987379336861e+04
1.322559870760074773e+04
1.322654946642159848e+04
1.322656914957951449e+04
1.322689280856505138e+04
1.322785485051078285e+04
1.322870937099685034e+04
1.322912358235883221e+04
1.323041313959287254e+04
1.323131756294155821e+04
1.323164261879360492e+04
1.323190816376217299e+04
1.323399101861432609e+04
1.323514388468268407e+04
1.323522236833428542e+04
1.323599299960289318e+04
1.323615184878373839e+04
1.323649023296894302e+04
1.323875593926590227e+04
1.323908545802521803e+04
1.323909497767085668e+04
1.323920528862911669e+04
1.323975106893333759e+04
1.324207304787107387e+04
1.324212910538805590e+04
1.324441302273557085e+04
1.324467664934614731e+04
1.324481795370532018e+04
1.324550267981095021e+04
1.324551456931450048e+04
1.324620733190485043e+04
1.324675401157624219e+04
1.324793323123572191e+04
1.324809460521595975e+04
1.324810378074234541e+04
1.324995939947309671e+04
1.325006276935125061e+04
1.325028749488571339e+04
1.325064178279402040e+04
1.325079617881296508e+04
1.325361730723286382e+04
1.325428501509131092e+04
1.325622985275506289e+04
1.325722508724874206e+04
1.325743783287624319e+04
1.325799414736131803e+04
1.325818732188478316e+04
1.325905255871522604e+04
1.325968964173665154e+04
1.325984468297430976e+04
1.326024514523155813e+04
1.326038499707826850e+04
1.326237421313239247e+04
1.326324735827386758e+04
1.326379392161508804e+04
1.326432761699055845e+04
1.326632012921202477e+04
1.326979273001229740e+04
1.327085526387467144e+04
1.327158008020890520e+04
1.327187770504271248e+04
1.327213674748354060e+04
1.327234117749247525e+04
1.327343965247148299e+04
1.327468123551583994e+04
1.327599316087443731e+04
1.327768458844070847e+04
1.327774014983255620e+04
1.327896060661985575e+04
1.327994472554835920e+04
1.328083173786993393e+04
1.328115611109598831e+04
1.328178801699608084e+04
1.328396981810189754e+04
1.328434734841521640e+04
1.328438865476103820e+04
1.328482814601715654e+04
1.328521756090128110e+04
1.328538500926637062e+04
1.328558713603974320e+04
1.328627344334920599e+04
1.328642169787389867e+04
1.328820159403510115e+04
1.328884487617498417e+04
1.328912879652867196e+04
1.329054706875923330e+04
1.329099742500819048e+04
1.329287098892876747e+04
1.329297220701392689e+04
1.329301156913548766e+04
1.329322088793406147e+04
1.329325994961835386e+04
1.329373002682286824e+04
1.329566297099700387e+04
1.329606841225341850e+04
1.329700090537382857e+04
1.329823662572288777e+04
1.329998994795628096e+04
1.330068555248994744e+04
1.330120955905975279e+04
1.330129273005680807e+04
1.330163445839624910e+04
1.330174222348300464e+04
1.330314243915964653e+04
1.330374305477197413e+04
1.330660291940358547e+04
1.330688231565928436e+04
1.330766814450553284e+04
1.330994518263952523e+04
1.331049688782251906e+04
1.331088102398540650e+04
1.331203016241334262e+04
1.331389744642522601e+04
1.331454246933273498e+04
1.331487659600070583e+04
1.331495937741194575e+04
1.331497529635577666e+04
1.331501398748814063e+04
1.331620842060828363e+04
1.331636381223244462e+04
1.331649015470774248e+04
1.331654793270761184e+04
1.331689376695467581e+04
1.331775603193302231e+04
1.331833088762688385e+04
1.332113208347061118e+04
1.332137061735472889e+04
1.332252380030249151e+04
1.332382582691364587e+04
1.332425209401228858e+04
1.332432627587936986e+04
1.332494489839480957e+04
1.332545140777840788e+04
1.332547835738671711e+04
1.332694587774629144e+04
1.332706076859303721e+04
1.332865209362727728e+04
1.332869204882001941e+04
1.332980886591137096e+04
1.333042253434618942e+04
1.333270296670266362e+04
1.333300554143032241e+04
1.333538831128987113e+04
1.333722190589381353e+04
1.333743173990847936e+04
1.333761310206161943e+04
1.333969455030760582e+04
1.334194632654927591e+04
1.334224485008793636e+04
1.334239478262703415e+04
1.334287275658502949e+04
1.334357280643552440e+04
1.334500228204797531e+04
1.334539812333034570e+04
1.334651664472172706e+04
1.334902616430252601e+04
1.334968813881760434e+04
1.334979241478309996e+04
1.334989123941896469e+04
1.335033974025384850e+04
1.335157047478169989e+04
1.335187631966297704e+04
1.335200123210482707e+04
1.335217429776031349e+04
1.335272042133892683e+04
1.335278184081137442e+04
1.335353463743014436e+04
1.335413115340000513e+04
1.335480415233133863e+04
1.335480841247035642e+04
1.335536152837067129e+04
1.335589181991119403e+04
1.335692126771732364e+04
1.335741378370355596e+04
1.335752625335879929e+04
1.335778335513553611e+04
1.335834275577453445e+04
1.335908918945495861e+04
1.335934029564020238e+04
1.335971887991196672e+04
1.336000617258367492e+04
1.336019385169895031e+04
1.336024334167900088e+04
1.336046610714905910e+04
1.336104748629129790e+04
1.336122457938278603e+04
1.336146727867537993e+04
1.336155785172744618e+04
1.336203798881898001e+04
1.336262385664951762e+04
1.336351254326636627e+04
1.336522505828302019e+04
1.336579381358994942e+04
1.336772775241897762e+04
1.336774953391732925e+04
1.336858950835152973e+04
1.336980757729021389e+04
1.336990166600878001e+04
1.337008557827558980e+04
1.337120176083034130e+04
1.337187719627239130e+04
1.337194596464583628e+04
1.337233910439399551e+04
1.337249542142503924e+04
1.337413760769606961e+04
1.337810842067833983e+04
1.337954253539126512e+04
1.338052647482652355e+04
1.338110328078963175e+04
1.338126154598048561e+04
1.338365043423459429e+04
1.338485027542193711e+04
1.338566703493704699e+04
1.338886587313054042e+04
1.338951726298699941e+04
1.338952814092562585e+04
1.338957378210377829e+04
1.339091554503735824e+04
1.339151387470544614e+04
1.339223751390951293e+04
1.339354422541700842e+04
1.339359484956127017e+04
1.339411644195665394e+04
1.339913827967914767e+04
1.339944024265549524e+04
1.339960365642531178e+04
1.339969252069144568e+04
1.340010554165490612e+04
1.340052500294980746e+04
1.340230387081621302e+04
1.340332299532178513e+04
1.340388121535557730e+04
1.340391480538664655e+04
1.340428219622295364e+04
1.340436363479145803e+04
1.340466869208056596e+04
1.340498556824760817e+04
1.340597819541276294e+04
1.340627544973716795e+04
1.340674232714787286e+04
1.340782547268142298e+04
1.340802727284343018e+04
1.340876400735104289e+04
1.340955535581990625e+04
1.340972888699617761e+04
1.341008418193638863e+04
1.341087072985328632e+04
1.341184232607207377e+04
1.341241775639646949e+04
1.341404798050729732e+04
1.341462671787617364e+04
1.341518930516231922e+04
1.341522430232743136e+04
1.341547621059319135e+04
1.341572759814951860e+04
1.341603231081002195e+04
1.341654174017964397e+04
1.341669309366240850e+04
1.341725360900234227e+04
1.341763118077608306e+04
1.341796589266028241e+04
1.341870845544404256e+04
1.342007177282335397e+04
1.342065820959475968e+04
1.342152601625159150e+04
1.342269253016798575e+04
1.342303780308541172e+04
1.342414429303848374e+04
1.342476530142490446e+04
1.342660562970276806e+04
1.342753558609007086e+04
1.342766112117262492e+04
1.342833715352042418e+04
1.342952134630067667e+04
1.342982442225913474e+04
1.343069785217008575e+04
1.343193253943107447e+04
1.343411866605392061e+04
1.343476952630101550e+04
1.343516519303458699e+04
1.343680128745574439e+04
1.343727724817311719e+04
1.343822497800834390e+04
1.343851200138220156e+04
1.343916169294228166e+04
1.343952264165569795e+04
1.344004943399938747e+04
1.344014241508916894e+04
1.344035767373610724e+04
1.344037969512493510e+04
1.344131344509627888e+04
1.344302319901279043e+04
1.344382008334555576e+04
1.344408970934313038e+04
1.344493180653082527e+04
1.344500606408941530e+04
1.344563093966184169e+04
1.344590366684810942e+04
1.344609297322199927e+04
1.344642323218895399e+04
1.344813804654642445e+04
1.344885766897617214e+04
1.344984333102058372e+04
1.345002217238072990e+04
1.345082592220334482e+04
1.345111153100695810e+04
1.345122041163645372e+04
1.345167006987652712e+04
1.345548457835395311e+04
1.345730940771536189e+04
1.345910734759763727e+04
1.346225072017032835e+04
1.346467263444764831e+04
1.346501597364665213e+04
1.346616402147060398e+04
1.346707299534111553e+04
1.346832557382899176e+04
1.346899389858477116e+04
1.346931743580008515e+04
1.346991150216879396e+04
1.347063617748738579e+04
1.347113314263861321e+04
1.347216028444152835e+04
1.347412331942749006e+04
1.347548127881454457e+04
1.347561519668629990e+04
1.347583907962304511e+04
1.347729176103260397e+04
1.347919454015151859e+04
1.348010296327920514e+04
1.348030788364422006e+04
1.348071396072260904e+04
1.348089159406987710e+04
1.348163903243371351e+04
1.348170421544908640e+04
1.348280327184093949e+04
1.348305006483194666e+04
1.348479951590324345e+04
1.348684813616118117e+04
1.348735952200295287e+04
1.348838049264130314e+04
1.348883452055932139e+04
1.348908811203665027e+04
1.349275997423251283e+04
1.349338006242688243e+04
1.349596983507809273e+04
1.349813548642733622e+04
1.349819255503055138e+04
1.349835497728967675e+04
1.349900672859268889e+04
1.349954761038423931e+04
1.350069731574754042e+04
1.350078382153166967e+04
1.350096926416062524e+04
1.350178397652364583e+04
1.350395826374892931e+04
1.350681422102136639e+04
1.350691586312438085e+04
1.350898859171949334e+04
1.350931174862547596e+04
1.351041636206092517e+04
1.351096884847599540e+04
1.351272803940697668e+04
1.351477623299678817e+04
1.351505572838542139e+04
1.351875332192919268e+04
1.351915244164864635e+04
1.351917138722676827e+04
1.351948558367963778e+04
1.351951080994115546e+04
1.351985331650964690e+04
1.352156028900200545e+04
1.352176626605137790e+04
1.352224176650118534e+04
1.352352206149139784e+04
1.352389917735753625e+04
1.352588295312559421e+04
1.352646340256753683e+04
1.352785413404364590e+04
1.352841504790311410e+04
1.352842052482982035e+04
1.353095532120559255e+04
1.353150490786094088e+04
1.353351373405393315e+04
1.353376676942199629e+04
1.353408048737206082e+04
1.353690879622425200e+04
1.353767212668521097e+04
1.353892906276777649e+04
1.353974310373559638e+04
1.354049494533920370e+04
1.354068820781499016e+04
1.354146829563170832e+04
1.354162892337796075e+04
1.354244756105856322e+04
1.354430605001834192e+04
1.354581015006689995e+04
1.354600052250835142e+04
1.354633073756815247e+04
1.354798824520924427e+04
1.355111481489252401e+04
1.355131803431337539e+04
1.355160319503065330e+04
1.355162610796617082e+04
1.355165143627836187e+04
1.355187026522525048e+04
1.355257389539281212e+04
1.355393930444378748e+04
1.355395631268007128e+04
1.355460940216135896e+04
1.355717339252655256e+04
1.356021011814945086e+04
1.356028274023774793e+04
1.356095184217723727e+04
1.356130507014128671e+04
1.356267031260925978e+04
1.356424016743740867e+04
1.356503968034413265e+04
1.356737655916137010e+04
1.356938005797264850e+04
1.357055278276305398e+04
1.357159862296040592e+04
1.357172448039461597e+04
1.357183864352556338e+04
1.357242612712298796e+04
1.357257472856025925e+04
1.357305033348831421e+04
1.357315783442608881e+04
1.357453242566831977e+04
1.357547519585465488e+04
1.357588450527084569e+04
1.357607818925979518e+04
1.357624353034397427e+04
1.357730691696793838e+04
1.357737513033968571e+04
1.357776728733280834e+04
1.357865031351338257e+04
1.358218416195848476e+04
1.358330635843482196e+04
1.358440192431267315e+04
1.358451185218706632e+04
1.358454499428143572e+04
1.358524425161265026e+04
1.358541743047236014e+04
1.358550893106152944e+04
1.358656565165273423e+04
1.358772539676560700e+04
1.358867324904298948e+04
1.358923130271818263e+04
1.358939424012477684e+04
1.359032292689043243e+04
1.359099340365429089e+04
1.359128503801037732e+04
1.359135071197306752e+04
1.359178850847125432e+04
1.359368478339264584e+04
1.359441564379347801e+04
1.359536601923129638e+04
1.359542473481039633e+04
1.359660189375285336e+04
1.359696393237421580e+04
1.359725031661161847e+04
1.359766757922247780e+04
1.359844573651391511e+04
1.359954142593707002e+04
1.359998834979581807e+04
1.360047668453664664e+04
1.360057266474238895e+04
1.360158389602724856e+04
1.360236074609150091e+04
1.360376814441723764e+04
1.360485929169211158e+04
1.360501139673987382e+04
1.360571805205890632e+04
1.360649460294619712e+04
1.360949323370483398e+04
1.360950250361275903e+04
1.360987819196654709e+04
1.361057213524841973e+04
1.361060826944470864e+04
1.361190380010386798e+04
1.361226323314716865e+04
1.361373249965422838e+04
1.361382950744980189e+04
1.361484106344810789e+04
1.361621127248516859e+04
1.361686876113813742e+04
1.362159131083855755e+04
1.362318708749587677e+04
1.362343239458574681e+04
1.362426602989629100e+04
1.362620807383967622e+04
1.362832096496005033e+04
1.362838769251398844e+04
1.362847300197004370e+04
1.362896292030853874e+04
1.362923807831007070e+04
1.362978902857654612e+04
1.363007399698479639e+04
1.363118102633423041e+04
1.363133706601153608e+04
1.363317737748286891e+04
1.363334944273741166e+04
1.363362232899909941e+04
1.363514305736159804e+04
1.363525313963929693e+04
1.363791821506921951e+04
1.363868496270485957e+04
1.363937361821396553e+04
1.364021273566351738e+04
1.364140659879662053e+04
1.364163173320127316e+04
1.364184785665234631e+04
1.364265364110404698e+04
1.364309309041675442e+04
1.364349335267284914e+04
1.364365233087823071e+04
1.364377267661148289e+04
1.364409533800857935e+04
1.364444027441214348e+04
1.364642576221023046e+04
1.364765157034670847e+04
1.364833523498736758e+04
1.365473717010213295e+04
1.365540901286540247e+04
1.365585947245813622e+04
1.365611813701209758e+04
1.365782889250026892e+04
1.365814456989612518e+04
1.365851049507170137e+04
1.365894658847555547e+04
1.365921447242551221e+04
1.365962828891739628e+04
1.366003659231229540e+04
1.366176153324780171e+04
1.366193779588312464e+04
1.366467522127781922e+04
1.366598105580812990e+04
1.366655958299098165e+04
1.366867636552990734e+04
1.366987760009120393e+04
1.367040249132558165e+04
1.367204859242661769e+04
1.367390647298726617e+04
1.367440864437552591e+04
1.367502464062078980e+04
1.367615250057137018e+04
1.367731618817113122e+04
1.367904323516484692e+04
1.368008337917986319e+04
1.368046315110276919e+04
1.368176041862697457e+04
1.368181019675539574e+04
1.368321969350217114e+04
1.368352659379769830e+04
1.368489598202657726e+04
1.368610352782878545e+04
1.368737425240812081e+04
1.368752546117852944e+04
1.368792656318097579e+04
1.368805301100107863e+04
1.368860281519900309e+04
1.369069134268545531e+04
1.369134486344325524e+04
1.369221137918518070e+04
1.369334627861694025e+04
1.369552286998915952e+04
1.369571793618618904e+04
1.369579394230095204e+04
1.369609226263764504e+04
1.369630605755448960e+04
1.369660326828433244e+04
1.369763571863259858e+04
1.369933000439856551e+04
1.370168086056063476e+04
1.370308925346279648e+04
1.370426427975571096e+04
1.370468869077679847e+04
1.370519675853491572e+04
1.370744083482562564e+04
1.370826538327916205e+04
1.370847322213897132e+04
1.370855490307291620e+04
1.371257073794581447e+04
1.371285211983289082e+04
1.371409729836379483e+04
1.371438337686429259e+04
1.371451767570425363e+04
1.371714093105037500e+04
1.371896530209567027e+04
1.371949221967617086e+04
1.371974073175388548e+04
1.371989733852169957e+04
1.372002330081227410e+04
1.372101029843318611e+04
1.372156327435698040e+04
1.372179660846642946e+04
1.372323919398225189e+04
1.372395351453324292e+04
1.372513437826973859e+04
1.372607543848596106e+04
1.372800042400359234e+04
1.372901769171223168e+04
1.372948507666740625e+04
1.373271988879978744e+04
1.373293564885689193e+04
1.373332898788451166e+04
1.373428689379177740e+04
1.373546446432100493e+04
1.373683304765762659e+04
1.373753519215308552e+04
1.373770184296721345e+04
1.374027093027572482e+04
1.374055708239401065e+04
1.374249998918409983e+04
1.374266007362171877e+04
1.374318556926834754e+04
1.374398992356696726e+04
1.374404965491310577e+04
1.374405085572195458e+04
1.374575520938363297e+04
1.374583180435655231e+04
1.374768791755682832e+04
1.374808287149364514e+04
1.374906095032231678e+04
1.375005047067150008e+04
1.375217414699899382e+04
1.375221783999542276e+04
1.375285136286032139e+04
1.375376971353872796e+04
1.375493552651532445e+04
1.375517624483385225e+04
1.375580920569675254e+04
1.375619304275248942e+04
1.375653750538729946e+04
1.375684458323150102e+04
1.375729307810464525e+04
1.375926850265216490e+04
1.376112345444829043e+04
1.376119444030763043e+04
1.376379473181544563e+04
1.376498064856213750e+04
1.376524247059254776e+04
1.376592131772188804e+04
1.376648644360205071e+04
1.376826158360713089e+04
1.376897183334284637e+04
1.376952092931219886e+04
1.377215138954258509e+04
1.377231153654871196e+04
1.377456584770520749e+04
1.377679984278922348e+04
1.377845879867047915e+04
1.378010575678240457e+04
1.378108397552548195e+04
1.378133904750092188e+04
1.378200411447445185e+04
1.378627486170542034e+04
1.378655622682059766e+04
1.379020373298986851e+04
1.379030783437915306e+04
1.379106478717978098e+04
1.379155468254289372e+04
1.379159557398567631e+04
1.379267368591878221e+04
1.379329692966500443e+04
1.379406350114142879e+04
1.379433509001574021e+04
1.379470721086607045e+04
1.379474450534565040e+04
1.379492531500768746e+04
1.379780360562909118e+04
1.379814172336524280e+04
1.379898863144469033e+04
1.379947644130609478e+04
1.379954026787372459e+04
1.380029891329475868e+04
1.380135518868378858e+04
1.380237557150013527e+04
1.380312700353086257e+04
1.380432143439886568e+04
1.380537561429171001e+04
1.380554904098208135e+04
1.380583327808112881e+04
1.380638603566494567e+04
1.380763740974807479e+04
1.380875421398663821e+04
1.381023679315389927e+04
1.381023962872075572e+04
1.381098742362377743e+04
1.381199202598386182e+04
1.381255041563766645e+04
1.381596726065024995e+04
1.381616638998115377e+04
1.381688424827190829e+04
1.381721839255416671e+04
1.381742919333882128e+04
1.381809997585800738e+04
1.381846935970115373e+04
1.381864499661244372e+04
1.382006295050491462e+04
1.382033300685587528e+04
1.382080366647539449e+04
1.382298636856188023e+04
1.382491026992335901e+04
1.382526846714676685e+04
1.382643423806730061e+04
1.382728688512879671e+04
1.382805774927769380e+04
1.382980000401708458e+04
1.383184328763515441e+04
1.383258967506703266e+04
1.383278597497752526e+04
1.383376981112732392e+04
1.383451157149646497e+04
1.383492991027996140e+04
1.383526082645524730e+04
1.383708848035329720e+04
1.383810234512266834e+04
1.383835405205874849e+04
1.384053079492921279e+04
1.384209539288945962e+04
1.384459542224404140e+04
1.384490639842378732e+04
1.384642499156455233e+04
1.384737937877590957e+04
1.384879841342134023e+04
1.384905333738171976e+04
1.385011351034789732e+04
1.385052797655622635e+04
1.385127427906690718e+04
1.385334690449209847e+04
1.385338986533090429e+04
1.385619866785723752e+04
1.385627332789631328e+04
1.385642432300622750e+04
1.385818518331251835e+04
1.385841522220676416e+04
1.385924906712473603e+04
1.386014635229569831e+04
1.386083332643776885e+04
1.386144380156974330e+04
1.386157089418093346e+04
1.386180386207292759e+04
1.386193374509931164e+04
1.386238370287982252e+04
1.386425738513879332e+04
1.386460142290963813e+04
1.386548064749542755e+04
1.386926812616706229e+04
1.387016797787364703e+04
1.387212404921998314e+04
1.387715758620792622e+04
1.387781903661420620e+04
1.387786278654227135e+04
1.387807449269548670e+04
1.387854132041970661e+04
1.387926134947531864e+04
1.388218277965950983e+04
1.388234670246980386e+04
1.388544928912396426e+04
1.388619463273165093e+04
1.388679601217820345e+04
1.388752721949048282e+04
1.388818556329932653e+04
1.388900981881598636e+04
1.389011771042144028e+04
1.389067576347211252e+04
1.389142322958208388e+04
1.389195038815582484e+04
1.389196504554680541e+04
1.389231157077513853e+04
1.389267836659289969e+04
1.389328308788394133e+04
1.389358930682426399e+04
1.389388549945502928e+04
1.389399720027552030e+04
1.389655495747262285e+04
1.389866535013365865e+04
1.390023728798884986e+04
1.390193912327876023e+04
1.390361401045696039e+04
1.390365361320244483e+04
1.390389367622776808e+04
1.390761140361233629e+04
1.390769581482723152e+04
1.390896124852942739e+04
1.390898171795456437e+04
1.390938677959802953e+04
1.390983504638056183e+04
1.390984433918653303e+04
1.391118251818369754e+04
1.391255320642524566e+04
1.391311169643393805e+04
1.391535787352508487e+04
1.391716599613708604e+04
1.391874725481020141e+04
1.391913962226906006e+04
1.392040805149663720e+04
1.392048897737420702e+04
1.392100435322558405e+04
1.392572689726756107e+04
1.392608386798335778e+04
1.392662573950983642e+04
1.392827895840388010e+04
1.392900469666942081e+04
1.392907119702574710e+04
1.393111524523490334e+04
1.393203127611328091e+04
1.393285068087739455e+04
1.393568712525693445e+04
1.393594781533377136e+04
1.393637486908173742e+04
1.393745878606483893e+04
1.394364217083635594e+04
1.394466383949462033e+04
1.394552494549737457e+04
1.394558918881186764e+04
1.394563674537285988e+04
1.394675360168982843e+04
1.394686276136848392e+04
1.394816501179964871e+04
1.394841378248451474e+04
1.394966372602620322e+04
1.395058945314183075e+04
1.395180674569675102e+04
1.395480780555845013e+04
1.395754129746865146e+04
1.395848211696476938e+04
1.395972465421931338e+04
1.395976281924001159e+04
1.396309652024476236e+04
1.396318648377668796e+04
1.396379445761348325e+04
1.396740936167991276e+04
1.397018188131309944e+04
1.397060754006364004e+04
1.397195547151597930e+04
1.397326742152721636e+04
1.397627503971532497e+04
1.397972674921836187e+04
1.398091112830427301e+04
1.398221687880609898e+04
1.398239406968607364e+04
1.398361016553432091e+04
1.398458241577126500e+04
1.398605749681879024e+04
1.398615241890815741e+04
1.398720433770183445e+04
1.398843965310810745e+04
1.398889570191996245e+04
1.398904288225981873e+04
1.398955212742156618e+04
1.399155321643109710e+04
1.399309704496591621e+04
1.399321837094344301e+04
1.399345640425540842e+04
1.399430924613044408e+04
1.399483025501804150e+04
1.399499345697898207e+04
1.399568756289668818e+04
1.399977499679072207e+04
1.400005342683326307e+04
1.400034048432629061e+04
1.400115162683086601e+04
1.400778706592985691e+04
1.400822358784556855e+04
1.400872555209209895e+04
1.400890685208195828e+04
1.401098803427340681e+04
1.401104959286786834e+04
1.401127909867841663e+04
1.401143494665893559e+04
1.401301440193495728e+04
1.401335750990935776e+04
1.401503580123145548e+04
1.401638386398029616e+04
1.401651691495828709e+04
1.401681246463711796e+04
1.401855813919330285e+04
1.401919508023279923e+04
1.401965638651622430e+04
1.402056531782686216e+04
1.402230982921973373e+04
1.402244966887071860e+04
1.402289527357651787e+04
1.402451285630525672e+04
1.403049524867631771e+04
1.403122789330498745e+04
1.403278840687912088e+04
1.403557517995183116e+04
1.403564118163164494e+04
1.403728563010281141e+04
1.404035051952902359e+04
1.404052969544575171e+04
1.404083860272355014e+04
1.404224774931023421e+04
1.404237565672245910e+04
1.404350126208539768e+04
1.404398791167524541e+04
1.404484611529667018e+04
1.404687042915759230e+04
1.404916587410498687e+04
1.404971704902047713e+04
1.405023406045589945e+04
1.405343645673172068e+04
1.405615796944406247e+04
1.405759462651299327e+04
1.405818778633500369e+04
1.405823773738251111e+04
1.405878666448825970e+04
1.405945988348320316e+04
1.406151628339115268e+04
1.406182131867582939e+04
1.406292744762817165e+04
1.406411284450648054e+04
1.406585544169113200e+04
1.406624193858664512e+04
1.406648517653342788e+04
1.406834251837339252e+04
1.406861465936508102e+04
1.406915334938950036e+04
1.406929184858653934e+04
1.406959764438040293e+04
1.406970854095559844e+04
1.407057218240688780e+04
1.407068513729896040e+04
1.407111258482092308e+04
1.407203784117152645e+04
1.407215313471987793e+04
1.407381874289271036e+04
1.407462066680861608e+04
1.407560707661248853e+04
1.407868396893481258e+04
1.408105000158139228e+04
1.408400110305676026e+04
1.408434702173274854e+04
1.408507420571883995e+04
1.408533148790075575e+04
1.408640692392876008e+04
1.408764372128493051e+04
1.408812516819874145e+04
1.408842377310900702e+04
1.408953089001293120e+04
1.409035388099229749e+04
1.409104187401791023e+04
1.409153038761415519e+04
1.409233669802400982e+04
1.409279718479077019e+04
1.409296812932800458e+04
1.409429997461394123e+04
1.409620751220698367e+04
1.409768275103463748e+04
1.409972374805877735e+04
1.410013870057429813e+04
1.410041711570703592e+04
1.410165225702993121e+04
1.410323916400225789e+04
1.410539808695141255e+04
1.410911514718899343e+04
1.410971221097447597e+04
1.411140261345028557e+04
1.411148872094189210e+04
1.411244752168174819e+04
1.411325679667629447e+04
1.411348844736798674e+04
1.411406293734004066e+04
1.411545250484258213e+04
1.411570081685515834e+04
1.411581984684456620e+04
1.411812826484890320e+04
1.411858084834192778e+04
1.411961889521059857e+04
1.411967502856459032e+04
1.411996637535700029e+04
1.412121138137492926e+04
1.412274562301532569e+04
1.412335317029601538e+04
1.412363066727516525e+04
1.412590559095815115e+04
1.412733480613414577e+04
1.412829579919981916e+04
1.413117914034301430e+04
1.413162853696096136e+04
1.413183622644347088e+04
1.413591134719598631e+04
1.413730854389138767e+04
1.414307928123716738e+04
1.414612618659825239e+04
1.415132263963043079e+04
1.415173995567345628e+04
1.415435363715247695e+04
1.415655691326937631e+04
1.415756376976708816e+04
1.416161505828307054e+04
1.416298173628283439e+04
1.416455123693385758e+04
1.416488383780319418e+04
1.416553002658368860e+04
1.416668342716986444e+04
1.416688657846428760e+04
1.416731878471962773e+04
1.416908898248646437e+04
1.417066153085200494e+04
1.417260277920808949e+04
1.417597038204979617e+04
1.417597913337669161e+04
1.417617045877914825e+04
1.417648482099299508e+04
1.417690303236357795e+04
1.417692520795437667e+04
1.417794354396983545e+04
1.417848918174278879e+04
1.418250226961634689e+04
1.418301992326600339e+04
1.418349187210863056e+04
1.418408666962771531e+04
1.418698233559738946e+04
1.418813145512536175e+04
1.418957393237685028e+04
1.418993762541618526e+04
1.419048212831198180e+04
1.419257243971287971e+04
1.419376423824937592e+04
1.419385806750007396e+04
1.419511711381632267e+04
1.419594766625739430e+04
1.419729545980548028e+04
1.419848456851406081e+04
1.419920438879692119e+04
1.420199766376364096e+04
1.420205410531575399e+04
1.420242608255906816e+04
1.420363489016221138e+04
1.420723059108007510e+04
1.420918679451483695e+04
1.420991884721014685e+04
1.421137479697956951e+04
1.421218182106134554e+04
1.421354817255587477e+04
1.421407438427301713e+04
1.421830747366347168e+04
1.421854200873611626e+04
1.421936961090602563e+04
1.422666929017570692e+04
1.422750825329342842e+04
1.423350577753494872e+04
1.423470595569532452e+04
1.423521727232189733e+04
1.423540307582935202e+04
1.423545256413875541e+04
1.424052597254463763e+04
1.424297807332394586e+04
1.424339524952671854e+04
1.424369599071821358e+04
1.424391210823911388e+04
1.424411139966108931e+04
1.424502871971285094e+04
1.424678684250473452e+04
1.424689840456886486e+04
1.424913663597601590e+04
1.424977896536451590e+04
1.425013929140963955e+04
1.425069869232948258e+04
1.425377393811054935e+04
1.425438744738044261e+04
1.425438780646171472e+04
1.425608590834388269e+04
1.425748454000272613e+04
1.425924068782816175e+04
1.425997047422226024e+04
1.426064765572777469e+04
1.426105183211569420e+04
1.426124668675952489e+04
1.426126486818469493e+04
1.426271082016900255e+04
1.426731520099281261e+04
1.426816112984374922e+04
1.426952577484805806e+04
1.426975684679274309e+04
1.427048505965897493e+04
1.427173403329341818e+04
1.427376778114411536e+04
1.427558150085830675e+04
1.427688746302848085e+04
1.427709106113543021e+04
1.427719634925190257e+04
1.427892515482535964e+04
1.428015533673928803e+04
1.428048448675445070e+04
1.428116809231500883e+04
1.428385908423659021e+04
1.428550715067861529e+04
1.428635350215488143e+04
1.428733273267725417e+04
1.428800849855574415e+04
1.428817486626938990e+04
1.428884449566200419e+04
1.428919925727027294e+04
1.428948719206979149e+04
1.429014449756444810e+04
1.429156901218876737e+04
1.429234444263324622e+04
1.429410240616708325e+04
1.429757146695597112e+04
1.429805305108573339e+04
1.429892354598187012e+04
1.429931444586736689e+04
1.430236157636995449e+04
1.430236786708445652e+04
1.430412864694918608e+04
1.430450504679224105e+04
1.430580373320687249e+04
1.430663143149609641e+04
1.430745401089399820e+04
1.430761573230806607e+04
1.430883964046026449e+04
1.430986613062864490e+04
1.431354765433872126e+04
1.431528658223842831e+04
1.431537055189401144e+04
1.431603859276272124e+04
1.431610151651268825e+04
1.431637239605296236e+04
1.431673222451704532e+04
1.431716061204952166e+04
1.431766408500077159e+04
1.431831443145077537e+04
1.432005501000415643e+04
1.432058800162638181e+04
1.432186833723171185e+04
1.432196906327402939e+04
1.432241360708617503e+04
1.432508473740501358e+04
1.432564159322072737e+04
1.432760041641542557e+04
1.433172277430640679e+04
1.433192179295854658e+04
1.433435416803021872e+04
1.433437487628470990e+04
1.433542469549848829e+04
1.434045060162627306e+04
1.434102868118389233e+04
1.434121269234898136e+04
1.434497417425198728e+04
1.434729473105074430e+04
1.434761125393065959e+04
1.434974135271250998e+04
1.435569250168352846e+04
1.435576332464481675e+04
1.435618405673332927e+04
1.435910893299563759e+04
1.435968169354625934e+04
1.436152393480764840e+04
1.436282121819202803e+04
1.436289762255965616e+04
1.436321455210752356e+04
1.436329003878656658e+04
1.436494805847903262e+04
1.436577577102616851e+04
1.436811141760775536e+04
1.436852445099013494e+04
1.436857931077846297e+04
1.436898987950585979e+04
1.436969646802388525e+04
1.437157610196453606e+04
1.437320970496144764e+04
1.437459452514527220e+04
1.437614957984890134e+04
1.437625760998789337e+04
1.437647398568928475e+04
1.437778660010522617e+04
1.437897422643213213e+04
1.437916441703562123e+04
1.438522459880845418e+04
1.438592153776369923e+04
1.438713305981757367e+04
1.438718547325023610e+04
1.438734027590022379e+04
1.438856088715679107e+04
1.438995015698729912e+04
1.439022147743152163e+04
1.439237337952886082e+04
1.439301593217590926e+04
1.439318725098345203e+04
1.439370638584447806e+04
1.439408593219067370e+04
1.439749834760656086e+04
1.439869566878075057e+04
1.440281442733307813e+04
1.440536025264615091e+04
1.440834982434855192e+04
1.441183988926203529e+04
1.441290158941642949e+04
1.441334659081224891e+04
1.441401424364233026e+04
1.441532734943184914e+04
1.441652145468604795e+04
1.441862889827072104e+04
1.442419848087138234e+04
1.442585448601119242e+04
1.442692135752915055e+04
1.443347145630108389e+04
1.443448920405818353e+04
1.443463454847468529e+04
1.443645565625148811e+04
1.443676100457022403e+04
1.443727058397754809e+04
1.443978440619764842e+04
1.444081772664832170e+04
1.444126310288712375e+04
1.444420424803992137e+04
1.444589573757624385e+04
1.444793800086831834e+04
1.444941419971907999e+04
1.445129475058569187e+04
1.445135836271514199e+04
1.445492021171708257e+04
1.446016773988834757e+04
1.446131898650557559e+04
1.446215102817775914e+04
1.446307885317842192e+04
1.447007617461000336e+04
1.447200940005234224e+04
1.447357943049713685e+04
1.447661407554491961e+04
1.448053137665218674e+04
1.448477773155039904e+04
1.448489815041834663e+04
1.448850033525290746e+04
1.448884970782950768e+04
1.448926137800609285e+04
1.449073106929934875e+04
1.449140236420777001e+04
1.449355337242956375e+04
1.449372419421772065e+04
1.449617764120002539e+04
1.449697403999340531e+04
1.449723031215916126e+04
1.449756955105298766e+04
1.449884336866917147e+04
1.449907434711951282e+04
1.449949896353615986e+04
1.450092005199372943e+04
1.450095795392742366e+04
1.450143354620109676e+04
1.450212518224925225e+04
1.450318601277105336e+04
1.450545184385350512e+04
1.450738100594346906e+04
1.450954117720272188e+04
1.451514103520134086e+04
1.451680824692242822e+04
1.451706586881509429e+04
1.451746343296414489e+04
1.451852840634146924e+04
1.451874551892029194e+04
1.452033883574279207e+04
1.452080957231038337e+04
1.452273909445517711e+04
1.452506623590562413e+04
1.452859572420480254e+04
1.453600478610684877e+04
1.453714202279248639e+04
1.453724408350489466e+04
1.454059319150355441e+04
1.454183791356324036e+04
1.454269581081619253e+04
1.454390408725615998e+04
1.454450385836320856e+04
1.454631774571085771e+04
1.454813915678770718e+04
1.454816056078206384e+04
1.454969916485372232e+04
1.455042661197149209e+04
1.455146824287031632e+04
1.455435022764746827e+04
1.455811395521693703e+04
1.455819703832881714e+04
1.455930357473070399e+04
1.456096758926917573e+04
1.456387363714932508e+04
1.456722132915280054e+04
1.456808037278404299e+04
1.456919404103836132e+04
1.456967484454517034e+04
1.457580354277556216e+04
1.457927937228215706e+04
1.458190349976767538e+04
1.458474259615740993e+04
1.458812556498202139e+04
1.458902726969467039e+04
1.459334820198719535e+04
1.459691007268532849e+04
1.459934114016526655e+04
1.460162491083711575e+04
1.460488517641536600e+04
1.460762950141634792e+04
1.460834153379532472e+04
1.460843116928788550e+04
1.461413638196212196e+04
1.461422278653413741e+04
1.461500844625614627e+04
1.461570382490516204e+04
1.461627001526204367e+04
1.461794929494600729e+04
1.461972931755272293e+04
1.462388444526234889e+04
1.462598714214201755e+04
1.462604645938053727e+04
1.462704758023532486e+04
1.462776273816815592e+04
1.462786978482026825e+04
1.462889983514194682e+04
1.463050790277498527e+04
1.463088152396355144e+04
1.463375971315905917e+04
1.463624822228064477e+04
1.463680992099269679e+04
1.463702547574612072e+04
1.463709193186141056e+04
1.463744722109712893e+04
1.463936400810583291e+04
1.463959626064106124e+04
1.464095541334801965e+04
1.464664986939186929e+04
1.464809078376065008e+04
1.465042780167535420e+04
1.465441395017589275e+04
1.465699880166859475e+04
1.465779689983249773e+04
1.465864317805931933e+04
1.465873457979340310e+04
1.465873654519297634e+04
1.466042011984379496e+04
1.466062769550652592e+04
1.466201554941952418e+04
1.466309795840696643e+04
1.466343712183923344e+04
1.466345410237916076e+04
1.466355967332440923e+04
1.466414878675625914e+04
1.466464258313675236e+04
1.466629281854923647e+04
1.466652426479174210e+04
1.466941794683676017e+04
1.467154177834609072e+04
1.467326071444726767e+04
1.467632542002742412e+04
1.468435963132958932e+04
1.468463861304157399e+04
1.468654891963128102e+04
1.469078050584262382e+04
1.469253389903214702e+04
1.469256986483609035e+04
1.469520951220478491e+04
1.469591875157320101e+04
1.469703016785170985e+04
1.469819336840082906e+04
1.470102693834018646e+04
1.470416119926871943e+04
1.470540359945263845e+04
1.470571877734870941e+04
1.470633026084259109e+04
1.470739360463567573e+04
1.470793902829402577e+04
1.470875180235353400e+04
1.471246057018977808e+04
1.471421380116505679e+04
1.472220209706792230e+04
1.472411556195411868e+04
1.472606156589396414e+04
1.472700513147251513e+04
1.472938123776874090e+04
1.473101588276565599e+04
1.473243494631891008e+04
1.473253532776241263e+04
1.473271973344476282e+04
1.473369108059941209e+04
1.473369244365060877e+04
1.473383871612493203e+04
1.473732760444740416e+04
1.474114109478791579e+04
1.474187325990071986e+04
1.474271468544998788e+04
1.474418336900748909e+04
1.474481007818334547e+04
1.474559721010732392e+04
1.474598423607030418e+04
1.474787531957152532e+04
1.475018874144086658e+04
1.475704317199745128e+04
1.475905692853643268e+04
1.475989075503270033e+04
1.476273907418993440e+04
1.476428220506409525e+04
1.477556843278017550e+04
1.477638713524528066e+04
1.477735050867389873e+04
1.477840472556578607e+04
1.478255041652867658e+04
1.478366358586735805e+04
1.478383491540040086e+04
1.478599249270762630e+04
1.479402386368961015e+04
1.479450402427366134e+04
1.479565756936768594e+04
1.480197277639376262e+04
1.480211642019542342e+04
1.480513259007157467e+04
1.480576325743386224e+04
1.480659524971899918e+04
1.480842715457718987e+04
1.481188952252600575e+04
1.481191888944507264e+04
1.481433908043349038e+04
1.481490869665620630e+04
1.481548521034082296e+04
1.481688952190402415e+04
1.482325806082747295e+04
1.482406974100212574e+04
1.482477566654063230e+04
1.482746516160003921e+04
1.482780013629129098e+04
1.482941133061844084e+04
1.482955854807139258e+04
1.482979134954509937e+04
1.483027572840456742e+04
1.483146644802919218e+04
1.483295711291609223e+04
1.483382958594060074e+04
1.483422062427182027e+04
1.483640104537946172e+04
1.483712718231795589e+04
1.484413934824255375e+04
1.484587978492171715e+04
1.485058260776777752e+04
1.485102219757500097e+04
1.485176840016732240e+04
1.485187019254388360e+04
1.485486022036658142e+04
1.485502755140359295e+04
1.485666866759309414e+04
1.485667768017212620e+04
1.485890460106098908e+04
1.485914373384941064e+04
1.486148334213547787e+04
1.486224567960698005e+04
1.486327471510693613e+04
1.486368781669000600e+04
1.486426171196229188e+04
1.486437394659820711e+04
1.486546213238679229e+04
1.486923486572012916e+04
1.487416288471903317e+04
1.487945740562586252e+04
1.488219597407095353e+04
1.488932463252741582e+04
1.488940240365442696e+04
1.490077016277264556e+04
1.490334445236296597e+04
1.490839915074700730e+04
1.491000219119666872e+04
1.491181354632874172e+04
1.491565169712099669e+04
1.491827136693847388e+04
1.492087754622628017e+04
1.492578093333357720e+04
1.492931558230225710e+04
1.492940857084411073e+04
1.493086685060782474e+04
1.493530711684810740e+04
1.493585708592672745e+04
1.494337754554675121e+04
1.494436166510722251e+04
1.494463267832559904e+04
1.494617224368896314e+04
1.494950599315745967e+04
1.495112102208406759e+04
1.495223140868616974e+04
1.495277837785257543e+04
1.495500112353283657e+04
1.495582068371240166e+04
1.495795161056243705e+04
1.495925697994520488e+04
1.496007273534979686e+04
1.496424307368831614e+04
1.496523020123690003e+04
1.496629859717290674e+04
1.496822964097753174e+04
1.497066990712127335e+04
1.497451839247398675e+04
1.497605782227861528e+04
1.497612081591444803e+04
1.497946095235149915e+04
1.498091840042369040e+04
1.499145120952695834e+04
1.499668015908175767e+04
1.499741158452849595e+04
1.500032370504107166e+04
1.500351938497654737e+04
1.500461273596547653e+04
1.500771454565627391e+04
1.500994287727686424e+04
1.501175232651086844e+04
1.501254668045207472e+04
1.501835979624713946e+04
1.502438576177801588e+04
1.502448211026064200e+04
1.502552694955481275e+04
1.502907639643927359e+04
1.502941751856790324e+04
1.503320508236870592e+04
1.504480308057080583e+04
1.504553613931222935e+04
1.505411438181439371e+04
1.505522220659045524e+04
1.505704128472253433e+04
1.505837481415105685e+04
1.506054380085618141e+04
1.506105944603232092e+04
1.506148031605698816e+04
1.506491306717706357e+04
1.506642673816203569e+04
1.506787046720919352e+04
1.506872016394119964e+04
1.507270323314824054e+04
1.507285584412973549e+04
1.507403253409788158e+04
1.507514207625778727e+04
1.507772405283830813e+04
1.508878560363432734e+04
1.509159486651008592e+04
1.509282416455438579e+04
1.510371058351880129e+04
1.510597166972972809e+04
1.510639525155690171e+04
1.511018989784707446e+04
1.511065241137264820e+04
1.511498764908489829e+04
1.511600242525867543e+04
1.511654359922492040e+04
1.512450832302524577e+04
1.512536327904073914e+04
1.512744622186336710e+04
1.512753486369062375e+04
1.512944188366153685e+04
1.513315428268763208e+04
1.513763870694347133e+04
1.513915461253102694e+04
1.514617930088972389e+04
1.514724880013124857e+04
1.514945703655229408e+04
1.514957102549134470e+04
1.515033364805190649e+04
1.515500363644199570e+04
1.515613270988762997e+04
1.516270385523242294e+04
1.516684189968662940e+04
1.517214193935974436e+04
1.517398504770168438e+04
1.517622838123107613e+04
1.517691776962736549e+04
1.517858573638578855e+04
1.517859932085997207e+04
1.518165755459305365e+04
1.518332754822645256e+04
1.518676739435134914e+04
1.518699358579452201e+04
1.518791672412961270e+04
1.518872520081914081e+04
1.518895250624638538e+04
1.519060137624734307e+04
1.519175481449018298e+04
1.519296669264265074e+04
1.519452849187290849e+04
1.519716177045808399e+04
1.519798237431800408e+04
1.519878608389624060e+04
1.520057601465341213e+04
1.520102987116429540e+04
1.520968745494444556e+04
1.521067979118768380e+04
1.521112892136655682e+04
1.521264082845481607e+04
1.521398423614614512e+04
1.521451399682425108e+04
1.521559844204486217e+04
1.521842628767104907e+04
1.522632564275537516e+04
1.522653242518023580e+04
1.522710697525539763e+04
1.522751894399244156e+04
1.523142490462703245e+04
1.523218271905357688e+04
1.523261770437817177e+04
1.523385599629435092e+04
1.523585809316463383e+04
1.523900279465856511e+04
1.523971444081703885e+04
1.524181513979846568e+04
1.524274312340879260e+04
1.525231201513485212e+04
1.525237617512725046e+04
1.525496752635116172e+04
1.525586879187138948e+04
1.526083122715515492e+04
1.526433355743006905e+04
1.527234357838778305e+04
1.527405478451999807e+04
1.527903968672992232e+04
1.528559785058799935e+04
1.528618961824265716e+04
1.528890626062028605e+04
1.529579014322872536e+04
1.530000698116873355e+04
1.530081257203022687e+04
1.530647134693947191e+04
1.530680824845977259e+04
1.531219766349581005e+04
1.531313831872165611e+04
1.531806836265215679e+04
1.532105411430917411e+04
1.533152886602187027e+04
1.534419000476953988e+04
1.535117045568614230e+04
1.535160766704847083e+04
1.535200024426483469e+04
1.535576126466764435e+04
1.536433142946682892e+04
1.536456752022338696e+04
1.538009805839084947e+04
1.538488585543521185e+04
1.538586813394096862e+04
1.538764761819384694e+04
1.538987269610382100e+04
1.539240582394928970e+04
1.539464483881489468e+04
1.539719463535939940e+04
1.540760785583025609e+04
1.540856848357958552e+04
1.540952048255549562e+04
1.541266513420204319e+04
1.542073767460323506e+04
1.542238479051621653e+04
1.542308060209731229e+04
1.542336014831097964e+04
1.542596428834467952e+04
1.542654915062035980e+04
1.543110117392739812e+04
1.544390170519327148e+04
1.544695990317237374e+04
1.544823106588743030e+04
1.545214394245357471e+04
1.545948316144257296e+04
1.546289276910707122e+04
1.546561535527330125e+04
1.546845810138968045e+04
1.547185363300381323e+04
1.548397251178794431e+04
1.549130771268429089e+04
1.549132973815190053e+04
1.549209533523769096e+04
1.549400744900502468e+04
1.549462795134797307e+04
1.549853393394092382e+04
1.550325729885870351e+04
1.550978901760458757e+04
1.551191127241056893e+04
1.551229205262650794e+04
1.551822432733316418e+04
1.551827762951724799e+04
1.551866321734069061e+04
1.551954898488563595e+04
1.552080467646452053e+04
1.553375482035660389e+04
1.553553291266998895e+04
1.553631819929324411e+04
1.554069987648882307e+04
1.554616166763760702e+04
1.554697154058620617e+04
1.555265918561490071e+04
1.555631128408524091e+04
1.555863123616443772e+04
1.556140701762778008e+04
1.556556571620773866e+04
1.556712504739039650e+04
1.556828922153764506e+04
1.557205206517101578e+04
1.557303762366391129e+04
1.557387112568752127e+04
1.557564777111972762e+04
1.557670470206694154e+04
1.557689370274553403e+04
1.557977441805326998e+04
1.558202053661627178e+04
1.558365479477863482e+04
1.558730713069291960e+04
1.559310889991523254e+04
1.559452794678079954e+04
1.560801033475665827e+04
1.561045515535803315e+04
1.561293752270503865e+04
1.561892796238782830e+04
1.562402226201558369e+04
1.563296566598384561e+04
1.563409933581979749e+04
1.563575964844332884e+04
1.563637627133274327e+04
1.564292439230554919e+04
1.564459242028012704e+04
1.564538011943691345e+04
1.565139638323179133e+04
1.566150112921029904e+04
1.566287746674690061e+04
1.566441198641983829e+04
1.566710429529338944e+04
1.566737481283638590e+04
1.567324281392772718e+04
1.567403955253668209e+04
1.567692726387150833e+04
1.567780872559340423e+04
1.568154236827774912e+04
1.568788555240167989e+04
1.568843152799504787e+04
1.569152385288408186e+04
1.569532878405823067e+04
1.569748567986458329e+04
1.569843196947264187e+04
1.570032847845497236e+04
1.570092137701048705e+04
1.570337242011881972e+04
1.570596144765579993e+04
1.570672225820721542e+04
1.570922112796104557e+04
1.571897041870622161e+04
1.572089871590478469e+04
1.573195998082195365e+04
1.573917561671162548e+04
1.574050822189759492e+04
1.574177963197842109e+04
1.574408501195243116e+04
1.574443614743584658e+04
1.574802755940403767e+04
1.574859582370244425e+04
1.575256104234652594e+04
1.575324970117012163e+04
1.575592353960926994e+04
1.575800243301637965e+04
1.575957980242720805e+04
1.576524202118752510e+04
1.576561618876190551e+04
1.576628532300566076e+04
1.576901000078584002e+04
1.577343575904206955e+04
1.577435364906520954e+04
1.577853891864879370e+04
1.579642837616601719e+04
1.579915844295373063e+04
1.580371488387279533e+04
1.580757258897162137e+04
1.580877417035289000e+04
1.580888820469654456e+04
1.583179459743251209e+04
1.583737436038258238e+04
1.584627287378343135e+04
1.585011336830857726e+04
1.586816788947440546e+04
1.587152293387032296e+04
1.587217771229944447e+04
1.588705880965206597e+04
1.589078463900132738e+04
1.589159924992636843e+04
1.589729625686882355e+04
1.590836889729398717e+04
1.590952384840932427e+04
1.591535084417995859e+04
1.593341453715043463e+04
1.594970919029240213e+04
1.594988028932452289e+04
1.595093965951639802e+04
1.595209410954823761e+04
1.595741590755411562e+04
1.597052022767326707e+04
1.597112231420657918e+04
1.597504073633863300e+04
1.597547640028928436e+04
1.597843891681604873e+04
1.598387113170337034e+04
1.599003527295926688e+04
1.599433778612011520e+04
1.599587834758216377e+04
1.602217614189494998e+04
1.603406606957461190e+04
1.603864507466647046e+04
1.604077356712782785e+04
1.604865526503403453e+04
1.605229347108741240e+04
1.605725757273249656e+04
1.605976289908223589e+04
1.606751538790687300e+04
1.607047803194756307e+04
1.607643643689035525e+04
1.607941776998619389e+04
1.608176008935587015e+04
1.611398727256259190e+04
1.611601984705920222e+04
1.612474874487761917e+04
1.612942008540482493e+04
1.612982600338332850e+04
1.613282860547115342e+04
1.614385158845345177e+04
1.614559695877657578e+04
1.615830780173114726e+04
1.616546833985815283e+04
1.616617802804159874e+04
1.617911696067577395e+04
1.618090954776822764e+04
1.618408024379781455e+04
1.618439383691474904e+04
1.620801690340314053e+04
1.620837095384246095e+04
1.621943323474234421e+04
1.622463506181792400e+04
1.622580661094175048e+04
1.622678258821577037e+04
1.622681373323409207e+04
1.624372254641308245e+04
1.625283284149375322e+04
1.625388921043288428e+04
1.625389418440330519e+04
1.625428983716127186e+04
1.625549337328960428e+04
1.626163428752703476e+04
1.626389149683059622e+04
1.626401724918601940e+04
1.626423526506609051e+04
1.627072449290491386e+04
1.627986967307793384e+04
1.628210520843530139e+04
1.628374069960860288e+04
1.629472799672530346e+04
1.631054378667913443e+04
1.631571082549370476e+04
1.632231101696119913e+04
1.633358700312984547e+04
1.633467318017995240e+04
1.634462053615552031e+04
1.634803091217613473e+04
1.635034885227731320e+04
1.636026347841474853e+04
1.636522839269358337e+04
1.636845901009270165e+04
1.637456378288000633e+04
1.637921270949981226e+04
1.638609832361374720e+04
1.640349982998939959e+04
1.640543102961646218e+04
1.640887081704044977e+04
1.641323536205023993e+04
1.642086744184625059e+04
1.645597205287825273e+04
1.645612076474705464e+04
1.646325472979073675e+04
1.647091894325905014e+04
1.647281195779981499e+04
1.648379662600340816e+04
1.649832677760653314e+04
1.650174850208052521e+04
1.650415708052096306e+04
1.650464259364618920e+04
1.650761991908698110e+04
1.651054145633627559e+04
1.651546980134332625e+04
1.651601028109082108e+04
1.651911218165323953e+04
1.652730664187787625e+04
1.652892867797696090e+04
1.653444961548513675e+04
1.654754779945626797e+04
1.655379397697071909e+04
1.655800203541937663e+04
1.655920802265642124e+04
1.655953026248865353e+04
1.656443238904408281e+04
1.656748154143842839e+04
1.657280508190498222e+04
1.657431616856703477e+04
1.657776407193215346e+04
1.658300188106020869e+04
1.658670732629411214e+04
1.661667044111514406e+04
1.662107100087621802e+04
1.662710151137413777e+04
1.663475348390244835e+04
1.664236086016807531e+04
1.664395967547197870e+04
1.664498622793298273e+04
1.669573217720049797e+04
1.670853402272213862e+04
1.671861692493237570e+04
1.672534069026558791e+04
1.673845707429810136e+04
1.677207017775653730e+04
1.677424021458543575e+04
1.678924367497126877e+04
1.680838709065307194e+04
1.681113156419424558e+04
1.681670152192254318e+04
1.682688991598358552e+04
1.683983667595636143e+04
1.684093395607246202e+04
1.684155037649627775e+04
1.684649000855015038e+04
1.685886239934985497e+04
1.686159811266953329e+04
1.686739167683380219e+04
1.687348407053236224e+04
1.687450456280430080e+04
1.688516746546425929e+04
1.688636185159184242e+04
1.689025102346174026e+04
1.689368659744492470e+04
1.689792868473438284e+04
1.692676098594609357e+04
1.694141592633952314e+04
1.694405186827920625e+04
1.694472472963068867e+04
1.694962581101261458e+04
1.696104302411831304e+04
1.700602805917755904e+04
1.700927559055764141e+04
1.702962879371121380e+04
1.703051387926962707e+04
1.704701779905022704e+04
1.704778895176615697e+04
1.704968243198914934e+04
1.705727907294646138e+04
1.706069431385058851e+04
1.706744451630015101e+04
1.706773318354490038e+04
1.707949337797638873e+04
1.708899973952185974e+04
1.710155220186048973e+04
1.710203944384081842e+04
1.711014567610861195e+04
1.712433385085883492e+04
1.713214332529637977e+04
1.716580176724593912e+04
1.717001184813013242e+04
1.717717926282371263e+04
1.718599294738094250e+04
1.719592837099447206e+04
1.720038764484321291e+04
1.721546567126910668e+04
1.722003851795543596e+04
1.722014454858574754e+04
1.722849034088979533e+04
1.725180319694559148e+04
1.731004817198752426e+04
1.731291224172178045e+04
1.731378185757259052e+04
1.733006011704255070e+04
1.734419441001685118e+04
1.734428740265389933e+04
1.734866310569812777e+04
1.735214789085652228e+04
1.736101329581690516e+04
1.736534668914954455e+04
1.736612380113104155e+04
1.737266495255899645e+04
1.738308164357091664e+04
1.741189072085899534e+04
1.742486847375888829e+04
1.742680224280186303e+04
1.744812514954091239e+04
1.744901711589723709e+04
1.746331324104405940e+04
1.746332979706762853e+04
1.746480370124209003e+04
1.748515278807940194e+04
1.750034949125608546e+04
1.751809103195110220e+04
1.752710514688301191e+04
1.754305018052204105e+04
1.754553976517293631e+04
1.755311982219878337e+04
1.756470167256296918e+04
1.756599142910534283e+04
1.756668300008981896e+04
1.756967536462873613e+04
1.761081120471723989e+04
1.761144665685182918e+04
1.764357881608765456e+04
1.765073786551591911e+04
1.766673185937775634e+04
1.768436783916253626e+04
1.769469981083144376e+04
1.771801157874001365e+04
1.772365530150579798e+04
1.772466732199975377e+04
1.772475219325634316e+04
1.776477621363683284e+04
1.776571327615783957e+04
1.779512810286995955e+04
1.780470285674618208e+04
1.784632545669534738e+04
1.786280615651021799e+04
1.790926442668077652e+04
1.793501142247760436e+04
1.796713926203726442e+04
1.796739852292978321e+04
1.797213267789467864e+04
1.798853536706433806e+04
1.798853981517424836e+04
1.799831974831619664e+04
1.800134540448640473e+04
1.801438267513485334e+04
1.803797901057138370e+04
1.805358326057106024e+04
1.811465278709452105e+04
1.811613916043050995e+04
1.815404124887700891e+04
1.817597119605124681e+04
1.818820946220244150e+04
1.823424612840034388e+04
1.823431645676250264e+04
1.829447984465626359e+04
1.829586616287015204e+04
1.834068419385996822e+04
1.834482046493228700e+04
1.838036575293620990e+04
1.841165740116607776e+04
1.844167867370029489e+04
1.844306235773379740e+04
1.855078204738946806e+04
1.861011512049371595e+04
1.863438999061596405e+04
1.869281499764235923e+04
1.871227049688734769e+04
1.872604661462547301e+04
1.876153044265420976e+04
1.878105779693793374e+04
1.884638941218002219e+04
1.896420556713325641e+04
1.896606576395231968e+04
1.898364106716145398e+04
1.902042618252136890e+04
