3.577949999999999818e+03 9.926118315324451657e+00
3.610647494989979805e+03 9.971314953840309414e+00
3.643344989979959792e+03 1.001631674761791047e+01
3.676042484969939778e+03 1.006112277582083614e+01
3.708739979959919765e+03 1.010573214014878829e+01
3.741437474949900206e+03 1.015014396472269098e+01
3.774134969939879738e+03 1.019435739596975843e+01
3.806832464929859725e+03 1.023837160250859846e+01
3.839529959919839712e+03 1.028218577503427866e+01
3.872227454909819244e+03 1.032579912620342277e+01
3.904924949899799685e+03 1.036921089051929457e+01
3.937622444889779672e+03 1.041242032421687647e+01
3.970319939879759659e+03 1.045542670514796058e+01
4.003017434869739191e+03 1.049822933266622726e+01
4.035714929859719632e+03 1.054082752751233798e+01
4.068412424849699164e+03 1.058322063169901206e+01
4.101109919839678696e+03 1.062540800839611776e+01
4.133807414829660047e+03 1.066738904181574910e+01
4.166504909819639579e+03 1.070916313709732393e+01
4.199202404809619111e+03 1.075072972019265549e+01
4.231899899799598643e+03 1.079208823775103632e+01
4.264597394789579084e+03 1.083323815700433634e+01
4.297294889779559526e+03 1.087417896565208153e+01
4.329992384769539058e+03 1.091491017174652356e+01
4.362689879759518590e+03 1.095543130357775752e+01
4.395387374749499031e+03 1.099574190955877562e+01
4.428084869739479473e+03 1.103584155811055822e+01
4.460782364729459005e+03 1.107572983754717555e+01
4.493479859719438537e+03 1.111540635596085025e+01
4.526177354709418069e+03 1.115487074110706267e+01
4.558874849699399419e+03 1.119412264028961701e+01
4.591572344689378951e+03 1.123316172024573589e+01
4.624269839679358483e+03 1.127198766703114785e+01
4.656967334669338015e+03 1.131060018590516236e+01
4.689664829659318457e+03 1.134899900121576444e+01
4.722362324649298898e+03 1.138718385628468965e+01
4.755059819639278430e+03 1.142515451329251874e+01
4.787757314629258872e+03 1.146291075316375618e+01
4.820454809619238404e+03 1.150045237545191767e+01
4.853152304609218845e+03 1.153777919822460696e+01
4.885849799599198377e+03 1.157489105794861928e+01
4.918547294589177909e+03 1.161178780937500221e+01
4.951244789579157441e+03 1.164846932542415736e+01
4.983942284569138792e+03 1.168493549707092427e+01
5.016639779559118324e+03 1.172118623322965014e+01
5.049337274549097856e+03 1.175722146063929330e+01
5.082034769539078297e+03 1.179304112374849822e+01
5.114732264529057829e+03 1.182864518460068126e+01
5.147429759519038271e+03 1.186403362271911810e+01
5.180127254509017803e+03 1.189920643499201880e+01
5.212824749498998244e+03 1.193416363555762949e+01
5.245522244488977776e+03 1.196890525568930208e+01
5.278219739478958218e+03 1.200343134368058529e+01
5.310917234468937750e+03 1.203774196473031211e+01
5.343614729458917282e+03 1.207183720082767486e+01
5.376312224448897723e+03 1.210571715063732512e+01
5.409009719438878165e+03 1.213938192938443805e+01
5.441707214428857696e+03 1.217283166873981415e+01
5.474404709418837228e+03 1.220606651670496490e+01
5.507102204408817670e+03 1.223908663749718073e+01
5.539799699398798111e+03 1.227189221143462738e+01
5.572497194388777643e+03 1.230448343482143514e+01
5.605194689378757175e+03 1.233686051983277210e+01
5.637892184368737617e+03 1.236902369439993876e+01
5.670589679358717149e+03 1.240097320209544307e+01
5.703287174348697590e+03 1.243270930201809499e+01
5.735984669338677122e+03 1.246423226867808509e+01
5.768682164328656654e+03 1.249554239188206850e+01
5.801379659318637096e+03 1.252663997661826123e+01
5.834077154308617537e+03 1.255752534294150102e+01
5.866774649298597069e+03 1.258819882585835792e+01
5.899472144288576601e+03 1.261866077521220220e+01
5.932169639278556133e+03 1.264891155556830071e+01
5.964867134268537484e+03 1.267895154609889197e+01
5.997564629258517016e+03 1.270878114046826646e+01
6.030262124248496548e+03 1.273840074671787548e+01
6.062959619238476989e+03 1.276781078715139017e+01
6.095657114228456521e+03 1.279701169821979434e+01
6.128354609218436963e+03 1.282600393040647546e+01
6.161052104208416495e+03 1.285478794811229974e+01
6.193749599198396027e+03 1.288336422954071026e+01
6.226447094188376468e+03 1.291173326658279308e+01
6.259144589178356910e+03 1.293989556470237900e+01
6.291842084168336442e+03 1.296785164282111680e+01
6.324539579158315973e+03 1.299560203320356422e+01
6.357237074148297324e+03 1.302314728134227373e+01
6.389934569138276856e+03 1.305048794584286931e+01
6.422632064128256388e+03 1.307762459830914281e+01
6.455329559118236830e+03 1.310455782322812723e+01
6.488027054108216362e+03 1.313128821785518596e+01
6.520724549098196803e+03 1.315781639209909848e+01
6.553422044088176335e+03 1.318414296840714783e+01
6.586119539078155867e+03 1.321026858165020457e+01
6.618817034068135399e+03 1.323619387900779998e+01
6.651514529058115841e+03 1.326191951985321893e+01
6.684212024048095373e+03 1.328744617563860153e+01
6.716909519038076724e+03 1.331277452977999509e+01
6.749607014028055346e+03 1.333790527754246114e+01
6.782304509018036697e+03 1.336283912592515932e+01
6.815002004008016229e+03 1.338757679354641894e+01
6.847699498997995761e+03 1.341211901052883704e+01
6.880396993987976202e+03 1.343646651838435879e+01
6.913094488977955734e+03 1.346062006989936322e+01
6.945791983967936176e+03 1.348458042901973641e+01
6.978489478957915708e+03 1.350834837073597683e+01
7.011186973947895240e+03 1.353192468096826673e+01
7.043884468937875681e+03 1.355531015645155790e+01
7.076581963927855213e+03 1.357850560462065914e+01
7.109279458917835655e+03 1.360151184349531661e+01
7.141976953907816096e+03 1.362432970156530843e+01
7.174674448897794719e+03 1.364696001767551792e+01
7.207371943887776069e+03 1.366940364091102111e+01
7.240069438877755601e+03 1.369166143048218132e+01
7.272766933867735133e+03 1.371373425560971704e+01
7.305464428857715575e+03 1.373562299540980192e+01
7.338161923847695107e+03 1.375732853877914330e+01
7.370859418837675548e+03 1.377885178428006441e+01
7.403556913827655080e+03 1.380019364002558646e+01
7.436254408817634612e+03 1.382135502356453216e+01
7.468951903807615054e+03 1.384233686176658473e+01
7.501649398797595495e+03 1.386314009070738962e+01
7.534346893787575027e+03 1.388376565555363484e+01
7.567044388777555469e+03 1.390421451044813139e+01
7.599741883767534091e+03 1.392448761839490246e+01
7.632439378757515442e+03 1.394458595114427801e+01
7.665136873747494974e+03 1.396451048907795212e+01
7.697834368737474506e+03 1.398426222109409167e+01
7.730531863727454947e+03 1.400384214449242037e+01
7.763229358717434479e+03 1.402325126485928664e+01
7.795926853707414921e+03 1.404249059595276705e+01
7.828624348697394453e+03 1.406156115958773611e+01
7.861321843687373985e+03 1.408046398552096079e+01
7.894019338677354426e+03 1.409920011133618445e+01
7.926716833667334868e+03 1.411777058232920368e+01
7.959414328657314400e+03 1.413617645139296286e+01
7.992111823647294841e+03 1.415441877890263100e+01
8.024809318637273464e+03 1.417249863260069276e+01
8.057506813627254814e+03 1.419041708748203234e+01
8.090204308617234346e+03 1.420817522567901037e+01
8.122901803607214788e+03 1.422577413634655485e+01
8.155599298597194320e+03 1.424321491554725228e+01
8.188296793587173852e+03 1.426049866613642436e+01
8.220994288577154293e+03 1.427762649764720848e+01
8.253691783567133825e+03 1.429459952617564866e+01
8.286389278557113357e+03 1.431141887426578307e+01
8.319086773547092889e+03 1.432808567079472795e+01
8.351784268537074240e+03 1.434460105085775083e+01
8.384481763527053772e+03 1.436096615565336876e+01
8.417179258517033304e+03 1.437718213236843035e+01
8.449876753507012836e+03 1.439325013406319442e+01
8.482574248496994187e+03 1.440917131955642994e+01
8.515271743486973719e+03 1.442494685331046966e+01
8.547969238476955070e+03 1.444057790531633145e+01
8.580666733466932783e+03 1.445606565097877549e+01
8.613364228456914134e+03 1.447141127100141134e+01
8.646061723446893666e+03 1.448661595127176227e+01
8.678759218436873198e+03 1.450168088274636347e+01
8.711456713426854549e+03 1.451660726133583879e+01
8.744154208416832262e+03 1.453139628778998471e+01
8.776851703406813613e+03 1.454604916758287558e+01
8.809549198396793145e+03 1.456056711079791555e+01
8.842246693386772677e+03 1.457495133201294735e+01
8.874944188376754028e+03 1.458920305018532382e+01
8.907641683366733560e+03 1.460332348853700424e+01
8.940339178356713091e+03 1.461731387443963470e+01
8.973036673346694442e+03 1.463117543929961784e+01
9.005734168336672155e+03 1.464490941844323046e+01
9.038431663326653506e+03 1.465851705100167379e+01
9.071129158316633038e+03 1.467199957979617864e+01
9.103826653306612570e+03 1.468535825122307870e+01
9.136524148296593921e+03 1.469859431513891579e+01
9.169221643286571634e+03 1.471170902474549180e+01
9.201919138276552985e+03 1.472470363647498104e+01
9.234616633266532517e+03 1.473757940987501058e+01
9.267314128256512049e+03 1.475033760749373180e+01
9.300011623246493400e+03 1.476297949476490956e+01
9.332709118236472932e+03 1.477550633989302220e+01
9.365406613226452464e+03 1.478791941373832586e+01
9.398104108216433815e+03 1.480021998970194907e+01
9.430801603206411528e+03 1.481240934361098027e+01
9.463499098196392879e+03 1.482448875360354990e+01
9.496196593186372411e+03 1.483645950001390545e+01
9.528894088176351943e+03 1.484832286525750789e+01
9.561591583166333294e+03 1.486008013371611725e+01
9.594289078156311007e+03 1.487173259162286598e+01
9.626986573146292358e+03 1.488328152694736417e+01
9.659684068136271890e+03 1.489472822928075857e+01
9.692381563126251422e+03 1.490607398972083075e+01
9.725079058116232773e+03 1.491732010075708459e+01
9.757776553106212305e+03 1.492846785615582661e+01
9.790474048096191837e+03 1.493951855084524638e+01
9.823171543086173187e+03 1.495047348080051819e+01
9.855869038076150900e+03 1.496133394292886365e+01
9.888566533066132251e+03 1.497210123495464451e+01
9.921264028056111783e+03 1.498277665530445546e+01
9.953961523046091315e+03 1.499336150299220449e+01
9.986659018036072666e+03 1.500385707750418618e+01
1.001935651302605038e+04 1.501426467868418513e+01
1.005205400801603173e+04 1.502458560661855813e+01
1.008475150300601126e+04 1.503482116152128789e+01
1.011744899799599079e+04 1.504497264361911490e+01
1.015014649298597215e+04 1.505504135303659297e+01
1.018284398797595168e+04 1.506502858968118019e+01
1.021554148296593121e+04 1.507493565312832118e+01
1.024823897795591256e+04 1.508476384250653624e+01
1.028093647294589027e+04 1.509451445638250888e+01
1.031363396793587162e+04 1.510418879264616443e+01
1.034633146292585116e+04 1.511378814839574680e+01
1.037902895791583069e+04 1.512331381982292910e+01
1.041172645290581204e+04 1.513276710209786913e+01
1.044442394789578975e+04 1.514214928925431636e+01
1.047712144288577110e+04 1.515146167407467814e+01
1.050981893787575063e+04 1.516070554797511782e+01
1.054251643286573017e+04 1.516988220089063688e+01
1.057521392785571152e+04 1.517899292116016596e+01
1.060791142284569105e+04 1.518803899541162217e+01
1.064060891783567058e+04 1.519702170844702849e+01
1.067330641282565193e+04 1.520594234312757820e+01
1.070600390781562965e+04 1.521480218025872588e+01
1.073870140280561100e+04 1.522360249847527491e+01
1.077139889779559053e+04 1.523234457412644716e+01
1.080409639278557006e+04 1.524102968116099177e+01
1.083679388777555141e+04 1.524965909101225137e+01
1.086949138276552912e+04 1.525823407248324770e+01
1.090218887775551048e+04 1.526675589163177982e+01
1.093488637274549001e+04 1.527522581165549553e+01
1.096758386773546954e+04 1.528364509277698424e+01
1.100028136272545089e+04 1.529201499212884841e+01
1.103297885771543042e+04 1.530033676363880701e+01
1.106567635270540995e+04 1.530861165791477063e+01
1.109837384769539131e+04 1.531684092212992709e+01
1.113107134268536902e+04 1.532502579990781477e+01
1.116376883767535037e+04 1.533316753120743670e+01
1.119646633266532990e+04 1.534126735220831250e+01
1.122916382765530943e+04 1.534932649519558723e+01
1.126186132264529078e+04 1.535734618844509924e+01
1.129455881763526850e+04 1.536532765610847129e+01
1.132725631262524985e+04 1.537327211809820326e+01
1.135995380761522938e+04 1.538118078997274729e+01
1.139265130260520891e+04 1.538905488282159162e+01
1.142534879759519026e+04 1.539689560315035344e+01
1.145804629258516979e+04 1.540470415276585214e+01
1.149074378757514933e+04 1.541248172866120747e+01
1.152344128256513068e+04 1.542022952290091098e+01
1.155613877755510839e+04 1.542794872250592775e+01
1.158883627254508974e+04 1.543564050933876430e+01
1.162153376753506927e+04 1.544330605998855077e+01
1.165423126252504881e+04 1.545094654565614789e+01
1.168692875751503016e+04 1.545856313203921317e+01
1.171962625250500787e+04 1.546615697921729371e+01
1.175232374749498922e+04 1.547372924153690121e+01
1.178502124248496875e+04 1.548128106749660660e+01
1.181771873747494828e+04 1.548881359963213100e+01
1.185041623246492964e+04 1.549632797440140486e+01
1.188311372745490917e+04 1.550382532206967667e+01
1.191581122244488870e+04 1.551130676659459340e+01
1.194850871743487005e+04 1.551877342551128081e+01
1.198120621242484776e+04 1.552622640981742030e+01
1.201390370741482911e+04 1.553366682385835240e+01
1.204660120240480865e+04 1.554109576521214642e+01
1.207929869739478818e+04 1.554851432457469684e+01
1.211199619238476953e+04 1.555592358564478417e+01
1.214469368737474724e+04 1.556332462500920677e+01
1.217739118236472859e+04 1.557071851202780444e+01
1.221008867735470812e+04 1.557810630871859559e+01
1.224278617234468948e+04 1.558548906964283098e+01
1.227548366733466901e+04 1.559286784179009189e+01
1.230818116232464854e+04 1.560024366446336685e+01
1.234087865731462807e+04 1.560761756916414811e+01
1.237357615230460942e+04 1.561499057947751012e+01
1.240627364729458714e+04 1.562236371095717757e+01
1.243897114228456849e+04 1.562973797101064477e+01
1.247166863727454802e+04 1.563711435878422762e+01
1.250436613226452755e+04 1.564449386504817419e+01
1.253706362725450890e+04 1.565187747208172553e+01
1.256976112224448661e+04 1.565926615355821738e+01
1.260245861723446797e+04 1.566666087443016231e+01
1.263515611222444750e+04 1.567406259081432651e+01
1.266785360721442885e+04 1.568147224987682797e+01
1.270055110220440838e+04 1.568889078971819728e+01
1.273324859719438791e+04 1.569631913925850242e+01
1.276594609218436744e+04 1.570375821812237760e+01
1.279864358717434880e+04 1.571120893652417472e+01
1.283134108216432833e+04 1.571867219515297975e+01
1.286403857715430786e+04 1.572614888505776065e+01
1.289673607214428921e+04 1.573363988753239973e+01
1.292943356713426692e+04 1.574114607400080601e+01
1.296213106212424827e+04 1.574866830590200628e+01
1.299482855711422599e+04 1.575620743457520589e+01
1.302752605210420734e+04 1.576376430114488159e+01
1.306022354709418869e+04 1.577133973640588849e+01
1.309292104208416822e+04 1.577893456070851030e+01
1.312561853707414775e+04 1.578654958384356632e+01
1.315831603206412728e+04 1.579418560492750068e+01
1.319101352705410682e+04 1.580184341228743250e+01
1.322371102204408817e+04 1.580952378334628605e+01
1.325640851703406770e+04 1.581722748450784977e+01
1.328910601202404723e+04 1.582495527104185484e+01
1.332180350701402676e+04 1.583270788696908760e+01
1.335450100200400630e+04 1.584048606494644318e+01
1.338719849699398765e+04 1.584829052615203082e+01
1.341989599198396900e+04 1.585612198017025065e+01
1.345259348697394671e+04 1.586398112487688294e+01
1.348529098196392806e+04 1.587186864632416672e+01
1.351798847695390759e+04 1.587978521862587655e+01
1.355068597194388713e+04 1.588773150384244204e+01
1.358338346693386848e+04 1.589570815186598729e+01
1.361608096192384619e+04 1.590371580030544862e+01
1.364877845691382754e+04 1.591175507437165138e+01
1.368147595190380707e+04 1.591982658676237605e+01
1.371417344689378660e+04 1.592793093754746003e+01
1.374687094188376614e+04 1.593606871405390280e+01
1.377956843687374567e+04 1.594424049075089300e+01
1.381226593186372702e+04 1.595244682913496703e+01
1.384496342685370837e+04 1.596068827761502007e+01
1.387766092184368608e+04 1.596896537139744687e+01
1.391035841683366743e+04 1.597727863237119550e+01
1.394305591182364697e+04 1.598562856899286189e+01
1.397575340681362650e+04 1.599401567617179509e+01
1.400845090180360785e+04 1.600244043515512260e+01
1.404114839679358556e+04 1.601090331341290707e+01
1.407384589178356691e+04 1.601940476452318762e+01
1.410654338677354644e+04 1.602794522805707089e+01
1.413924088176352598e+04 1.603652512946382203e+01
1.417193837675350733e+04 1.604514487995595573e+01
1.420463587174348504e+04 1.605380487639428466e+01
1.423733336673346639e+04 1.606250550117307796e+01
1.427003086172344774e+04 1.607124712210505635e+01
1.430272835671342546e+04 1.608003009230654001e+01
1.433542585170340681e+04 1.608885475008251120e+01
1.436812334669338634e+04 1.609772141881171237e+01
1.440082084168336587e+04 1.610663040683169100e+01
1.443351833667334722e+04 1.611558200732394752e+01
1.446621583166332493e+04 1.612457649819895877e+01
1.449891332665330629e+04 1.613361414198131172e+01
1.453161082164328582e+04 1.614269518569474116e+01
1.456430831663326535e+04 1.615181986074726694e+01
1.459700581162324670e+04 1.616098838281623173e+01
1.462970330661322441e+04 1.617020095173341332e+01
1.466240080160320576e+04 1.617945775137010145e+01
1.469509829659318711e+04 1.618875894952216754e+01
1.472779579158316483e+04 1.619810469779519480e+01
1.476049328657314618e+04 1.620749513148950172e+01
1.479319078156312571e+04 1.621693036948528288e+01
1.482588827655310524e+04 1.622641051412765023e+01
1.485858577154308659e+04 1.623593565111173831e+01
1.489128326653306431e+04 1.624550584936779174e+01
1.492398076152304566e+04 1.625512116094623849e+01
1.495667825651302519e+04 1.626478162090279511e+01
1.498937575150300472e+04 1.627448724718352935e+01
1.502207324649298607e+04 1.628423804050993340e+01
1.505477074148296379e+04 1.629403398426405403e+01
1.508746823647294514e+04 1.630387504437355162e+01
1.512016573146292649e+04 1.631376116919676278e+01
1.515286322645290420e+04 1.632369228940782335e+01
1.518556072144288555e+04 1.633366831788173812e+01
1.521825821643286508e+04 1.634368914957944696e+01
1.525095571142284462e+04 1.635375466143294432e+01
1.528365320641282597e+04 1.636386471223034178e+01
1.531635070140280368e+04 1.637401914250095558e+01
1.534904819639278503e+04 1.638421777440037630e+01
1.538174569138276456e+04 1.639446041159560963e+01
1.541444318637274409e+04 1.640474683915009635e+01
1.544714068136272545e+04 1.641507682340880336e+01
1.547983817635270316e+04 1.642545011188337156e+01
1.551253567134268451e+04 1.643586643313712514e+01
1.554523316633266586e+04 1.644632549667018750e+01
1.557793066132264357e+04 1.645682699280458650e+01
1.561062815631262492e+04 1.646737059256930991e+01
1.564332565130260446e+04 1.647795594758539295e+01
1.567602314629258399e+04 1.648858268995099507e+01
1.570872064128256534e+04 1.649925043212654074e+01
1.574141813627254305e+04 1.650995876681972163e+01
1.577411563126252440e+04 1.652070726687064806e+01
1.580681312625250393e+04 1.653149548513687961e+01
1.583951062124248347e+04 1.654232295437856948e+01
1.587220811623246482e+04 1.655318918714350929e+01
1.590490561122244253e+04 1.656409367565220236e+01
1.593760310621242388e+04 1.657503589168298674e+01
1.597030060120240523e+04 1.658601528645709067e+01
1.600299809619238295e+04 1.659703129052373782e+01
1.603569559118236430e+04 1.660808331364521706e+01
1.606839308617234383e+04 1.661917074468197342e+01
1.610109058116232518e+04 1.663029295147769204e+01
1.613378807615230471e+04 1.664144928074436791e+01
1.616648557114228242e+04 1.665263905794743238e+01
1.619918306613226378e+04 1.666386158719079447e+01
1.623188056112224513e+04 1.667511615110193901e+01
1.626457805611222284e+04 1.668640201071701767e+01
1.629727555110220237e+04 1.669771840536593643e+01
1.632997304609218190e+04 1.670906455255743239e+01
1.636267054108216325e+04 1.672043964786415060e+01
1.639536803607214460e+04 1.673184286480773153e+01
1.642806553106212232e+04 1.674327335474394118e+01
1.646076302605210367e+04 1.675473024674767686e+01
1.649346052104208502e+04 1.676621264749810081e+01
1.652615801603206637e+04 1.677771964116372772e+01
1.655885551102204408e+04 1.678925028928749086e+01
1.659155300601202180e+04 1.680080363067184734e+01
1.662425050100200315e+04 1.681237868126382295e+01
1.665694799599198450e+04 1.682397443404014226e+01
1.668964549098196221e+04 1.683558985889229120e+01
1.672234298597193992e+04 1.684722390251160107e+01
1.675504048096192128e+04 1.685887548827434301e+01
1.678773797595190263e+04 1.687054351612680847e+01
1.682043547094188398e+04 1.688222686247038951e+01
1.685313296593186533e+04 1.689392438004665564e+01
1.688583046092184304e+04 1.690563489782246265e+01
1.691852795591182075e+04 1.691735722087501870e+01
1.695122545090180211e+04 1.692909013027698961e+01
1.698392294589178346e+04 1.694083238298154725e+01
1.701662044088176481e+04 1.695258271170746411e+01
1.704931793587174252e+04 1.696433982482425762e+01
1.708201543086172387e+04 1.697610240623717814e+01
1.711471292585170158e+04 1.698786911527237464e+01
1.714741042084168294e+04 1.699963858656192883e+01
1.718010791583166429e+04 1.701140942992895333e+01
1.721280541082164564e+04 1.702318023027270755e+01
1.724550290581162335e+04 1.703494954745362833e+01
1.727820040080160106e+04 1.704671591617845650e+01
1.731089789579158241e+04 1.705847784588529592e+01
1.734359539078156376e+04 1.707023382062871875e+01
1.737629288577154512e+04 1.708198229896484577e+01
1.740899038076152283e+04 1.709372171383641614e+01
1.744168787575150054e+04 1.710545047245789974e+01
1.747438537074148189e+04 1.711716695620052064e+01
1.750708286573146324e+04 1.712886952047744771e+01
1.753978036072144459e+04 1.714055649462876829e+01
1.757247785571141867e+04 1.715222618180663972e+01
1.760517535070140002e+04 1.716387685886036252e+01
1.763787284569138137e+04 1.717550677622144661e+01
1.767057034068136272e+04 1.718711415778872009e+01
1.770326783567134407e+04 1.719869720081338471e+01
1.773596533066132179e+04 1.721025407578414246e+01
1.776866282565130314e+04 1.722178292631222973e+01
1.780136032064128085e+04 1.723328186901655457e+01
1.783405781563126220e+04 1.724474899340874146e+01
1.786675531062124355e+04 1.725618236177820819e+01
1.789945280561122127e+04 1.726758000907732082e+01
1.793215030060120262e+04 1.727893994280638168e+01
1.796484779559118033e+04 1.729026014289879498e+01
1.799754529058116168e+04 1.730153856160610459e+01
1.803024278557114303e+04 1.731277312338309216e+01
1.806294028056112438e+04 1.732396172477287166e+01
1.809563777555110210e+04 1.733510223429194497e+01
1.812833527054107981e+04 1.734619249231532123e+01
1.816103276553106116e+04 1.735723031096159730e+01
1.819373026052104251e+04 1.736821347397800963e+01
1.822642775551102386e+04 1.737913973662554667e+01
1.825912525050100157e+04 1.739000682556405053e+01
1.829182274549097929e+04 1.740081243873725469e+01
1.832452024048096064e+04 1.741155424525790352e+01
1.835721773547094199e+04 1.742222988529280059e+01
1.838991523046092334e+04 1.743283696994797083e+01
1.842261272545090105e+04 1.744337308115365559e+01
1.845531022044087877e+04 1.745383577154944277e+01
1.848800771543086012e+04 1.746422256436936493e+01
1.852070521042084147e+04 1.747453095332694062e+01
1.855340270541082282e+04 1.748475840250028313e+01
1.858610020040080053e+04 1.749490234621720575e+01
1.861879769539078188e+04 1.750496018894024886e+01
1.865149519038076323e+04 1.751492930515183133e+01
1.868419268537074095e+04 1.752480703923932026e+01
1.871689018036072230e+04 1.753459070538003317e+01
1.874958767535070365e+04 1.754427758742646404e+01
1.878228517034068136e+04 1.755386493879124643e+01
1.881498266533065907e+04 1.756334998233232625e+01
1.884768016032064043e+04 1.757272991023795328e+01
1.888037765531062178e+04 1.758200188391184682e+01
1.891307515030060313e+04 1.759116303385828317e+01
1.894577264529058448e+04 1.760021045956708008e+01
1.897847014028055855e+04 1.760914122939881565e+01
1.901116763527053990e+04 1.761795238046980216e+01
1.904386513026052125e+04 1.762664091853724813e+01
1.907656262525050261e+04 1.763520381788430313e+01
1.910926012024048032e+04 1.764363802120512403e+01
1.914195761523045803e+04 1.765194043949003344e+01
1.917465511022043938e+04 1.766010795191052196e+01
1.920735260521042073e+04 1.766813740570438540e+01
1.924005010020040208e+04 1.767602561606077671e+01
1.927274759519038344e+04 1.768376936600532545e+01
1.930544509018035751e+04 1.769136540628519327e+01
1.933814258517033886e+04 1.769881045525417562e+01
1.937084008016032021e+04 1.770610119875778565e+01
1.940353757515030156e+04 1.771323429001828487e+01
1.943623507014027928e+04 1.772020634951990559e+01
1.946893256513026063e+04 1.772701396489375725e+01
1.950163006012024198e+04 1.773365369080307019e+01
1.953432755511021969e+04 1.774012204882815524e+01
1.956702505010020104e+04 1.774641552735157290e+01
1.959972254509018239e+04 1.775253058144317464e+01
1.963242004008016011e+04 1.775846363274523299e+01
1.966511753507013782e+04 1.776421106935745087e+01
1.969781503006011917e+04 1.776976924572212013e+01
1.973051252505010052e+04 1.777513448250918060e+01
1.976321002004008187e+04 1.779812604589649894e+01
2.006377680385897474e+04 1.788973430949791421e+01
2.036434358767787126e+04 1.798134257309932593e+01
2.066491037149676413e+04 1.807295083670074121e+01
2.096547715531565700e+04 1.816455910030215293e+01
2.126604393913455351e+04 1.825616736390356465e+01
2.156661072295344638e+04 1.834777562750497992e+01
2.186717750677233926e+04 1.843938389110639164e+01
2.216774429059123577e+04 1.853099215470780692e+01
2.246831107441012864e+04 1.862260041830921864e+01
2.276887785822902151e+04 1.871420868191063391e+01
2.306944464204791802e+04 1.880581694551204563e+01
2.337001142586681090e+04 1.889742520911345736e+01
2.367057820968570377e+04 1.898903347271487263e+01
2.397114499350459664e+04 1.908064173631628435e+01
2.427171177732349315e+04 1.917224999991769963e+01
2.457227856114238602e+04 1.926385826351911135e+01
2.487284534496127890e+04 1.935546652712052662e+01
2.517341212878017541e+04 1.944707479072193834e+01
2.547397891259906828e+04 1.953868305432335006e+01
2.577454569641796115e+04 1.963029131792476534e+01
2.607511248023685766e+04 1.972189958152618061e+01
2.637567926405575054e+04 1.981350784512759233e+01
2.667624604787464341e+04 1.990511610872900405e+01
2.697681283169353992e+04 1.999672437233041933e+01
2.727737961551243279e+04 2.008833263593183105e+01
2.757794639933132567e+04 2.017994089953324277e+01
2.787851318315022218e+04 2.027154916313465804e+01
2.817907996696911505e+04 2.036315742673607332e+01
2.847964675078800792e+04 2.045476569033748504e+01
2.878021353460690443e+04 2.054637395393889676e+01
2.908078031842579730e+04 2.063798221754031204e+01
2.938134710224469018e+04 2.072959048114172376e+01
2.968191388606358669e+04 2.082119874474313548e+01
2.998248066988247956e+04 2.091280700834455075e+01
3.028304745370137243e+04 2.100441527194596603e+01
3.058361423752026894e+04 2.109602353554737775e+01
3.088418102133916182e+04 2.118763179914878947e+01
3.118474780515805469e+04 2.127924006275020474e+01
3.148531458897695120e+04 2.137084832635162002e+01
3.178588137279584407e+04 2.146245658995302819e+01
3.208644815661473694e+04 2.155406485355444346e+01
3.238701494043363346e+04 2.164567311715585873e+01
3.268758172425252633e+04 2.173728138075727045e+01
3.298814850807141920e+04 2.182888964435868218e+01
3.328871529189031571e+04 2.192049790796009745e+01
3.358928207570921222e+04 2.201210617156151272e+01
3.388984885952810146e+04 2.210371443516292089e+01
3.419041564334699797e+04 2.219532269876433617e+01
3.449098242716588720e+04 2.228693096236575144e+01
3.479154921098478371e+04 2.237853922596716316e+01
3.509211599480368022e+04 2.247014748956857488e+01
3.539268277862257673e+04 2.256175575316999016e+01
3.569324956244146597e+04 2.265336401677140543e+01
3.599381634626036248e+04 2.274497228037281715e+01
3.629438313007925171e+04 2.283658054397422887e+01
3.659494991389814822e+04 2.292818880757564415e+01
3.689551669771704474e+04 2.301979707117705587e+01
3.719608348153594125e+04 2.311140533477847114e+01
3.749665026535483048e+04 2.320301359837988286e+01
3.779721704917372699e+04 2.329462186198129814e+01
3.809778383299261623e+04 2.338623012558270631e+01
3.839835061681151274e+04 2.347783838918412158e+01
3.869891740063040925e+04 2.356944665278553686e+01
3.899948418444930576e+04 2.366105491638695213e+01
3.930005096826819499e+04 2.375266317998836030e+01
3.960061775208709150e+04 2.384427144358977557e+01
3.990118453590598074e+04 2.393587970719118729e+01
4.020175131972487725e+04 2.402748797079260257e+01
4.050231810354377376e+04 2.411909623439401429e+01
4.080288488736267027e+04 2.421070449799542956e+01
4.110345167118155950e+04 2.430231276159684128e+01
4.140401845500045602e+04 2.439392102519825656e+01
4.170458523881934525e+04 2.448552928879966828e+01
4.200515202263824176e+04 2.457713755240108355e+01
4.230571880645713827e+04 2.466874581600249527e+01
4.260628559027603478e+04 2.476035407960391055e+01
4.290685237409492402e+04 2.485196234320532227e+01
4.320741915791382053e+04 2.494357060680673754e+01
4.350798594173270976e+04 2.503517887040814571e+01
4.380855272555160627e+04 2.512678713400956099e+01
4.410911950937050278e+04 2.521839539761097626e+01
4.440968629318939929e+04 2.531000366121239153e+01
4.471025307700828853e+04 2.540161192481379970e+01
4.501081986082718504e+04 2.549322018841521498e+01
4.531138664464607427e+04 2.558482845201662670e+01
4.561195342846497078e+04 2.567643671561803842e+01
4.591252021228386729e+04 2.576804497921945369e+01
4.621308699610276381e+04 2.585965324282086897e+01
4.651365377992165304e+04 2.595126150642228069e+01
4.681422056374054955e+04 2.604286977002369241e+01
4.711478734755943879e+04 2.613447803362510768e+01
4.741535413137833530e+04 2.622608629722652296e+01
4.771592091519723181e+04 2.631769456082793468e+01
4.801648769901612832e+04 2.640930282442934640e+01
4.831705448283501755e+04 2.650091108803076168e+01
4.861762126665391406e+04 2.659251935163217695e+01
4.891818805047280330e+04 2.668412761523358512e+01
4.921875483429169981e+04 2.677573587883500039e+01
4.951932161811059632e+04 2.686734414243641567e+01
4.981988840192949283e+04 2.695895240603783094e+01
5.012045518574838206e+04 2.705056066963923911e+01
5.042102196956727130e+04 2.714216893324065438e+01
5.072158875338616781e+04 2.723377719684206610e+01
5.102215553720506432e+04 2.732538546044347783e+01
5.132272232102396083e+04 2.741699372404489310e+01
5.162328910484285734e+04 2.750860198764630837e+01
5.192385588866174658e+04 2.760021025124772009e+01
5.222442267248063581e+04 2.769181851484913182e+01
5.252498945629953232e+04 2.778342677845054709e+01
5.282555624011842883e+04 2.787503504205196236e+01
5.312612302393732534e+04 2.796664330565337053e+01
5.342668980775621458e+04 2.805825156925478581e+01
5.372725659157511109e+04 2.814985983285620108e+01
5.402782337539400760e+04 2.824146809645761635e+01
5.432839015921289683e+04 2.833307636005902452e+01
5.462895694303179334e+04 2.842468462366043980e+01
5.492952372685068985e+04 2.851629288726185507e+01
5.523009051066957909e+04 2.860790115086326324e+01
5.553065729448847560e+04 2.869950941446467851e+01
5.583122407830737211e+04 2.879111767806609379e+01
5.613179086212626135e+04 2.888272594166750196e+01
5.643235764594515786e+04 2.897433420526891723e+01
5.673292442976405437e+04 2.906594246887033250e+01
5.703349121358294360e+04 2.915755073247174778e+01
5.733405799740184011e+04 2.924915899607315595e+01
5.763462478122073662e+04 2.934076725967457122e+01
5.793519156503962586e+04 2.943237552327598650e+01
5.823575834885852237e+04 2.952398378687740177e+01
5.853632513267741888e+04 2.961559205047880994e+01
5.883689191649630811e+04 2.970720031408022521e+01
5.913745870031520462e+04 2.979880857768164049e+01
5.943802548413410113e+04 2.989041684128305576e+01
5.973859226795299037e+04 2.998202510488446393e+01
6.003915905177188688e+04 3.007363336848587920e+01
6.033972583559078339e+04 3.016524163208729448e+01
6.064029261940967262e+04 3.025684989568870265e+01
6.094085940322856914e+04 3.034845815929011792e+01
6.124142618704746565e+04 3.044006642289153319e+01
6.154199297086635488e+04 3.053167468649294136e+01
6.184255975468525139e+04 3.062328295009435664e+01
6.214312653850414790e+04 3.071489121369577191e+01
6.244369332232303714e+04 3.080649947729718718e+01
6.274426010614193365e+04 3.089810774089859535e+01
6.304482688996083016e+04 3.098971600450001063e+01
6.334539367377971939e+04 3.108132426810142590e+01
6.364596045759861590e+04 3.117293253170283407e+01
6.394652724141751241e+04 3.126454079530424934e+01
6.424709402523640165e+04 3.135614905890566462e+01
6.454766080905529816e+04 3.144775732250707989e+01
6.484822759287419467e+04 3.153936558610848806e+01
6.514879437669308390e+04 3.163097384970990333e+01
6.544936116051198042e+04 3.172258211331131861e+01
6.574992794433087693e+04 3.181419037691273388e+01
6.605049472814975888e+04 3.190579864051414205e+01
6.635106151196866995e+04 3.199740690411555732e+01
6.665162829578755191e+04 3.208901516771696549e+01
6.695219507960644842e+04 3.218062343131838077e+01
6.725276186342534493e+04 3.227223169491979604e+01
6.755332864724424144e+04 3.236383995852121132e+01
6.785389543106313795e+04 3.245544822212262659e+01
6.815446221488201991e+04 3.254705648572403476e+01
6.845502899870093097e+04 3.263866474932545003e+01
6.875559578251981293e+04 3.273027301292686531e+01
6.905616256633870944e+04 3.282188127652827347e+01
6.935672935015760595e+04 3.291348954012968875e+01
6.965729613397648791e+04 3.300509780373109692e+01
6.995786291779539897e+04 3.309670606733251930e+01
7.025842970161428093e+04 3.318831433093392747e+01
7.055899648543317744e+04 3.327992259453534274e+01
7.085956326925207395e+04 3.337153085813675801e+01
7.116013005307097046e+04 3.346313912173817329e+01
7.146069683688986697e+04 3.355474738533958146e+01
7.176126362070874893e+04 3.364635564894099673e+01
7.206183040452765999e+04 3.373796391254241200e+01
7.236239718834654195e+04 3.382957217614382017e+01
7.266296397216543846e+04 3.392118043974523545e+01
7.296353075598433497e+04 3.401278870334665072e+01
7.326409753980321693e+04 3.410439696694805889e+01
7.356466432362212799e+04 3.419600523054948127e+01
7.386523110744100995e+04 3.428761349415088944e+01
7.416579789125990646e+04 3.437922175775230471e+01
7.446636467507880297e+04 3.447083002135371288e+01
7.476693145889769949e+04 3.456243828495512815e+01
7.506749824271659600e+04 3.465404654855654343e+01
7.536806502653547795e+04 3.474565481215795160e+01
7.566863181035438902e+04 3.483726307575937398e+01
7.596919859417327098e+04 3.492887133936078214e+01
7.626976537799216749e+04 3.502047960296219742e+01
7.657033216181106400e+04 3.511208786656360559e+01
7.687089894562994596e+04 3.520369613016502086e+01
7.717146572944885702e+04 3.529530439376643614e+01
7.747203251326773898e+04 3.538691265736784430e+01
7.777259929708663549e+04 3.547852092096925958e+01
7.807316608090553200e+04 3.557012918457067485e+01
7.837373286472441396e+04 3.566173744817208302e+01
7.867429964854332502e+04 3.575334571177350540e+01
7.897486643236220698e+04 3.584495397537491357e+01
7.927543321618110349e+04 3.593656223897632884e+01
7.957600000000000000e+04 3.602817050257773701e+01
