3.625650000000000091e+03 1.022503128775855075e+01
3.658255911823647693e+03 1.027141560242766083e+01
3.690861823647294386e+03 1.031755669876175574e+01
3.723467735470941989e+03 1.036345467227760153e+01
3.756073647294589136e+03 1.040910963115928212e+01
3.788679559118236284e+03 1.045452169618318372e+01
3.821285470941883887e+03 1.049969100064297223e+01
3.853891382765530579e+03 1.054461769027456342e+01
3.886497294589178182e+03 1.058930192318111629e+01
3.919103206412825784e+03 1.063374386975799091e+01
3.951709118236472932e+03 1.067794371261774522e+01
3.984315030060120080e+03 1.072190164651509825e+01
4.016920941883767682e+03 1.076561787827191807e+01
4.049526853707414375e+03 1.080909262670219029e+01
4.082132765531061978e+03 1.085232612253700601e+01
4.114738677354709580e+03 1.089531860834953036e+01
4.147344589178356728e+03 1.093807033847998511e+01
4.179950501002003875e+03 1.098058157896062426e+01
4.212556412825651933e+03 1.102285260744071493e+01
4.245162324649298171e+03 1.106488371311151120e+01
4.277768236472946228e+03 1.110667519663123493e+01
4.310374148296593376e+03 1.114822737005005315e+01
4.342980060120240523e+03 1.118954055673504833e+01
4.375585971943887671e+03 1.123061509129520985e+01
4.408191883767534819e+03 1.127145131950640256e+01
4.440797795591182876e+03 1.131204959823634582e+01
4.473403707414830023e+03 1.135241029536959267e+01
4.506009619238477171e+03 1.139253378973250008e+01
4.538615531062124319e+03 1.143242047101822578e+01
4.571221442885771467e+03 1.147207073971168256e+01
4.603827354709418614e+03 1.151148500701453159e+01
4.636433266533065762e+03 1.155066369477015797e+01
4.669039178356712910e+03 1.158960723538863924e+01
4.701645090180360057e+03 1.162831607177173332e+01
4.734251002004008114e+03 1.166679065723785413e+01
4.766856913827655262e+03 1.170503145544704893e+01
4.799462825651302410e+03 1.174303894032596851e+01
4.832068737474950467e+03 1.178081359599285882e+01
4.864674649298596705e+03 1.181835591668252761e+01
4.897280561122244762e+03 1.185566640667132354e+01
4.929886472945891910e+03 1.189274558020212424e+01
4.962492384769539058e+03 1.192959396140929940e+01
4.995098296593186205e+03 1.196621208424369698e+01
5.027704208416833353e+03 1.200260049239761528e+01
5.060310120240481410e+03 1.203875973922979270e+01
5.092916032064127648e+03 1.207469038769037084e+01
5.125521943887775706e+03 1.211039301024588077e+01
5.158127855711422853e+03 1.214586818880421681e+01
5.190733767535070001e+03 1.218111651463961920e+01
5.223339679358718058e+03 1.221613858831764965e+01
5.255945591182364296e+03 1.225093501962016163e+01
5.288551503006012354e+03 1.228550642747028832e+01
5.321157414829658592e+03 1.231985343985741999e+01
5.353763326653306649e+03 1.235397669376217422e+01
5.386369238476953797e+03 1.238787683508137505e+01
5.418975150300600944e+03 1.242155451855304094e+01
5.451581062124249001e+03 1.245501040768134970e+01
5.484186973947895240e+03 1.248824517466162476e+01
5.516792885771543297e+03 1.252125950030530532e+01
5.549398797595190445e+03 1.255405407396493089e+01
5.582004709418837592e+03 1.258662959345911503e+01
5.614610621242484740e+03 1.261898676499752980e+01
5.647216533066131888e+03 1.265112630310587072e+01
5.679822444889779945e+03 1.268304893055084648e+01
5.712428356713426183e+03 1.271475537826515456e+01
5.745034268537074240e+03 1.274624638527244969e+01
5.777640180360721388e+03 1.277752269861233003e+01
5.810246092184368536e+03 1.280858507326531814e+01
5.842852004008016593e+03 1.283943427207783117e+01
5.875457915831662831e+03 1.287007106568716353e+01
5.908063827655310888e+03 1.290049623244645538e+01
5.940669739478958036e+03 1.293071055834968419e+01
5.973275651302605183e+03 1.296071483695663495e+01
6.005881563126252331e+03 1.299050986931787577e+01
6.038487474949899479e+03 1.302009646389974051e+01
6.071093386773547536e+03 1.304947543650930442e+01
6.103699298597193774e+03 1.307864761021935962e+01
6.136305210420841831e+03 1.310761381529340142e+01
6.168911122244488979e+03 1.313637488911058782e+01
6.201517034068136127e+03 1.316493167609074355e+01
6.234122945891783274e+03 1.319328502761931077e+01
6.266728857715430422e+03 1.322143580197234769e+01
6.299334769539077570e+03 1.324938486424149353e+01
6.331940681362724717e+03 1.327713308625895827e+01
6.364546593186372775e+03 1.330468134652247869e+01
6.397152505010019922e+03 1.333203053012032413e+01
6.429758416833667070e+03 1.335918152865625430e+01
6.462364328657315127e+03 1.338613524017450374e+01
6.494970240480961365e+03 1.341289256908475558e+01
6.527576152304609423e+03 1.343945442608712781e+01
6.560182064128256570e+03 1.346582172809714351e+01
6.592787975951903718e+03 1.349199539817071170e+01
6.625393887775551775e+03 1.351797636542910119e+01
6.657999799599198013e+03 1.354376556498392503e+01
6.690605711422846070e+03 1.356936393786211426e+01
6.723211623246492309e+03 1.359477243093088816e+01
6.755817535070140366e+03 1.361999199682275474e+01
6.788423446893787514e+03 1.364502359386045782e+01
6.821029358717434661e+03 1.366986818598198283e+01
6.853635270541082718e+03 1.369452674266551284e+01
6.886241182364728957e+03 1.371900023885441655e+01
6.918847094188376104e+03 1.374328965488223275e+01
6.951453006012024161e+03 1.376739597639763346e+01
6.984058917835671309e+03 1.379132019428940836e+01
7.016664829659317547e+03 1.381506330461144572e+01
7.049270741482965605e+03 1.383862630850770614e+01
7.081876653306613662e+03 1.386201021213720352e+01
7.114482565130259900e+03 1.388521602659896814e+01
7.147088476953907048e+03 1.390824476785705244e+01
7.179694388777555105e+03 1.393109745666548704e+01
7.212300300601202252e+03 1.395377511849326346e+01
7.244906212424850310e+03 1.397627878344931140e+01
7.277512124248496548e+03 1.399860948620748147e+01
7.310118036072144605e+03 1.402076826593151537e+01
7.342723947895790843e+03 1.404275616620003220e+01
7.375329859719438900e+03 1.406457423493150038e+01
7.407935771543086048e+03 1.408622352430920976e+01
7.440541683366734105e+03 1.410770509070626844e+01
7.473147595190381253e+03 1.412901999461055524e+01
7.505753507014027491e+03 1.415016930054972022e+01
7.538359418837675548e+03 1.417115407701614949e+01
7.570965330661322696e+03 1.419197539639194083e+01
7.603571242484969844e+03 1.421263433487389527e+01
7.636177154308617901e+03 1.423313197239848193e+01
7.668783066132264139e+03 1.425346939256681722e+01
7.701388977955912196e+03 1.427364768256965277e+01
7.733994889779558434e+03 1.429366793311233330e+01
7.766600801603206492e+03 1.431353123833980234e+01
7.799206713426853639e+03 1.433323869576155118e+01
7.831812625250500787e+03 1.435279140617661753e+01
7.864418537074148844e+03 1.437219047359855217e+01
7.897024448897795082e+03 1.439143700518039992e+01
7.929630360721443139e+03 1.441053211113968047e+01
7.962236272545089378e+03 1.442947690468335864e+01
7.994842184368737435e+03 1.444827250193283064e+01
8.027448096192384583e+03 1.446692002184889425e+01
8.060054008016031730e+03 1.448542058615673156e+01
8.092659919839679787e+03 1.450377531927088803e+01
8.125265831663326026e+03 1.452198534822024101e+01
8.157871743486973173e+03 1.454005180257298946e+01
8.190477655310621230e+03 1.455797581436162069e+01
8.223083567134268378e+03 1.457575851800789835e+01
8.255689478957916435e+03 1.459340105024783618e+01
8.288295390781562674e+03 1.461090455005666655e+01
8.320901302605210731e+03 1.462827015857383373e+01
8.353507214428856969e+03 1.464549901902796769e+01
8.386113126252505026e+03 1.466259227666184195e+01
8.418719038076153083e+03 1.467955107865738640e+01
8.451324949899801140e+03 1.469637657406063624e+01
8.483930861723447379e+03 1.471306991370672534e+01
8.516536773547093617e+03 1.472963225014485289e+01
8.549142685370741674e+03 1.474606473756326785e+01
8.581748597194387912e+03 1.476236853171424812e+01
8.614354509018035969e+03 1.477854478983907782e+01
8.646960420841684027e+03 1.479459467059301581e+01
8.679566332665330265e+03 1.481051933397028364e+01
8.712172244488978322e+03 1.482631994122904473e+01
8.744778156312624560e+03 1.484199765481637101e+01
8.777384068136270798e+03 1.485755363829323272e+01
8.809989979959918855e+03 1.487298905625946333e+01
8.842595891783566913e+03 1.488830507427875105e+01
8.875201803607214970e+03 1.490350285880360559e+01
8.907807715430861208e+03 1.491858357710034610e+01
8.940413627254509265e+03 1.493354839717406790e+01
8.973019539078155503e+03 1.494839848769362334e+01
9.005625450901803561e+03 1.496313501791661338e+01
9.038231362725451618e+03 1.497775915761433652e+01
9.070837274549099675e+03 1.499227207699679809e+01
9.103443186372745913e+03 1.500667494663766099e+01
9.136049098196392151e+03 1.502096893739924965e+01
9.168655010020040208e+03 1.503515522035750429e+01
9.201260921843688266e+03 1.504923496672697070e+01
9.233866833667334504e+03 1.506320934778577580e+01
9.266472745490982561e+03 1.507707953480060148e+01
9.299078657314628799e+03 1.509084669895167607e+01
9.331684569138276856e+03 1.510451201125772869e+01
9.364290480961923095e+03 1.511807664250099492e+01
9.396896392785569333e+03 1.513154176315216226e+01
9.429502304609217390e+03 1.514490854329538294e+01
9.462108216432865447e+03 1.515817815255322287e+01
9.494714128256513504e+03 1.517135176001165320e+01
9.527320040080159743e+03 1.518443053414502941e+01
9.559925951903805981e+03 1.519741564274106338e+01
9.592531863727454038e+03 1.521030825282579713e+01
9.625137775551102095e+03 1.522310953058859084e+01
9.657743687374750152e+03 1.523582064130710023e+01
9.690349599198396390e+03 1.524844274927224497e+01
9.722955511022042629e+03 1.526097701771319137e+01
9.755561422845690686e+03 1.527342460872233332e+01
9.788167334669338743e+03 1.528578668318026246e+01
9.820773246492986800e+03 1.529806440068075446e+01
9.853379158316633038e+03 1.531025891945573925e+01
9.885985070140279277e+03 1.532237139630028722e+01
9.918590981963927334e+03 1.533440298649757949e+01
9.951196893787575391e+03 1.534635484374388525e+01
9.983802805611221629e+03 1.535822812007354266e+01
1.001640871743486969e+04 1.537002396578394325e+01
1.004901462925851592e+04 1.538174352936049161e+01
1.008162054108216398e+04 1.539338795740160748e+01
1.011422645290581204e+04 1.540495839454367299e+01
1.014683236472945828e+04 1.541645598338604728e+01
1.017943827655310452e+04 1.542788186441600828e+01
1.021204418837675257e+04 1.543923717593375322e+01
1.024465010020040063e+04 1.545052305397737058e+01
1.027725601202404869e+04 1.546174063224781747e+01
1.030986192384769492e+04 1.547289104203388987e+01
1.034246783567134116e+04 1.548397541213721951e+01
1.037507374749498922e+04 1.549499486879722454e+01
1.040767965931863728e+04 1.550595053561611536e+01
1.044028557114228533e+04 1.551684353348385415e+01
1.047289148296593339e+04 1.552767498050313577e+01
1.050549739478957781e+04 1.553844599191436870e+01
1.053810330661322587e+04 1.554915768002065413e+01
1.057070921843687393e+04 1.555981115411275439e+01
1.060331513026052016e+04 1.557040752039408282e+01
1.063592104208416822e+04 1.558094788190567748e+01
1.066852695390781446e+04 1.559143333845117141e+01
1.070113286573146252e+04 1.560186498652177889e+01
1.073373877755511057e+04 1.561224391922127275e+01
1.076634468937875681e+04 1.562257122619095639e+01
1.079895060120240305e+04 1.563284799353464294e+01
1.083155651302605111e+04 1.564307530374364674e+01
1.086416242484969916e+04 1.565325423562173413e+01
1.089676833667334722e+04 1.566338586421012913e+01
1.092937424849699346e+04 1.567347126071246421e+01
1.096198016032063970e+04 1.568351149241978959e+01
1.099458607214428775e+04 1.569350762263552213e+01
1.102719198396793581e+04 1.570346071060043514e+01
1.105979789579158205e+04 1.571337181141763750e+01
1.109240380761523011e+04 1.572324197597755280e+01
1.112500971943887635e+04 1.573307225088289130e+01
1.115761563126252440e+04 1.574286367837362377e+01
1.119022154308617246e+04 1.575261729625197482e+01
1.122282745490981870e+04 1.576233413780738601e+01
1.125543336673346676e+04 1.577201523174150211e+01
1.128803927855711299e+04 1.578166160209314128e+01
1.132064519038076105e+04 1.579127426816328494e+01
1.135325110220440911e+04 1.580085424444003195e+01
1.138585701402805535e+04 1.581040254052360794e+01
1.141846292585170158e+04 1.581992016105132492e+01
1.145106883767534964e+04 1.582940810562255507e+01
1.148367474949899770e+04 1.583886736872371515e+01
1.151628066132264576e+04 1.584829893965324743e+01
1.154888657314629199e+04 1.585770380244659350e+01
1.158149248496993823e+04 1.586708293580116802e+01
1.161409839679358629e+04 1.587643731300134675e+01
1.164670430861723435e+04 1.588576790184343324e+01
1.167931022044088058e+04 1.589507566456064147e+01
1.171191613226452864e+04 1.590436155774807503e+01
1.174452204408817488e+04 1.591362653228770796e+01
1.177712795591182294e+04 1.592287153327334792e+01
1.180973386773547099e+04 1.593209749993563307e+01
1.184233977955911723e+04 1.594130536556699163e+01
1.187494569138276347e+04 1.595049605744664056e+01
1.190755160320641153e+04 1.595967049676553451e+01
1.194015751503005959e+04 1.596882959855138395e+01
1.197276342685370764e+04 1.597797427159358463e+01
1.200536933867735388e+04 1.598710541836823573e+01
1.203797525050100012e+04 1.599622393496309769e+01
1.207058116232464818e+04 1.600533071100257132e+01
1.210318707414829623e+04 1.601442662957268226e+01
1.213579298597194429e+04 1.602351256714604943e+01
1.216839889779559053e+04 1.603258939350687484e+01
1.220100480961923677e+04 1.604165797167591023e+01
1.223361072144288482e+04 1.605071915783544512e+01
1.226621663326653288e+04 1.605977380125425924e+01
1.229882254509017912e+04 1.606882274421264967e+01
1.233142845691382718e+04 1.607786682192735483e+01
1.236403436873747341e+04 1.608690686247656743e+01
1.239664028056112147e+04 1.609594368672489040e+01
1.242924619238476953e+04 1.610497810824833564e+01
1.246185210420841759e+04 1.611401093325928002e+01
1.249445801603206201e+04 1.612304296053147468e+01
1.252706392785571006e+04 1.613207498132497264e+01
1.255966983967935812e+04 1.614110777931115948e+01
1.259227575150300618e+04 1.615014213049769509e+01
1.262488166332665241e+04 1.615917880315350885e+01
1.265748757515029865e+04 1.616821855773376981e+01
1.269009348697394671e+04 1.617726214680487118e+01
1.272269939879759477e+04 1.618631031496940409e+01
1.275530531062124282e+04 1.619536379879112076e+01
1.278791122244488906e+04 1.620442332671994734e+01
1.282051713426853530e+04 1.621348961901692931e+01
1.285312304609218336e+04 1.622256338767921946e+01
1.288572895791583142e+04 1.623164533636506235e+01
1.291833486973947947e+04 1.624073616031876810e+01
1.295094078156312571e+04 1.624983654629567909e+01
1.298354669338677195e+04 1.625894717248716148e+01
1.301615260521042001e+04 1.626806870844558617e+01
1.304875851703406806e+04 1.627720181500928831e+01
1.308136442885771612e+04 1.628634714422756247e+01
1.311397034068136054e+04 1.629550533928563283e+01
1.314657625250500860e+04 1.630467703442962346e+01
1.317918216432865665e+04 1.631386285489155696e+01
1.321178807615230471e+04 1.632306341681431405e+01
1.324439398797595095e+04 1.633227932717661091e+01
1.327699989979959901e+04 1.634151118371799072e+01
1.330960581162324524e+04 1.635075957486379039e+01
1.334221172344689330e+04 1.636002507965012143e+01
1.337481763527054136e+04 1.636930826764884728e+01
1.340742354709418760e+04 1.637860969889256424e+01
1.344002945891783384e+04 1.638792992379956814e+01
1.347263537074148189e+04 1.639726948309885302e+01
1.350524128256512995e+04 1.640662890775506355e+01
1.353784719438877619e+04 1.641600871889349733e+01
1.357045310621242425e+04 1.642540942772505019e+01
1.360305901803607048e+04 1.643483153547123976e+01
1.363566492985971854e+04 1.644427553328914371e+01
1.366827084168336660e+04 1.645374190219638777e+01
1.370087675350701466e+04 1.646323111299613373e+01
1.373348266533065907e+04 1.647274362620205324e+01
1.376608857715430713e+04 1.648227989196330157e+01
1.379869448897795519e+04 1.649184034998948434e+01
1.383130040080160325e+04 1.650142542947566682e+01
1.386390631262525130e+04 1.651103554902731574e+01
1.389651222444889754e+04 1.652067111658530507e+01
1.392911813627254378e+04 1.653033252935087916e+01
1.396172404809619184e+04 1.654002017371063005e+01
1.399432995991983989e+04 1.654973442516147486e+01
1.402693587174348613e+04 1.655947564823566154e+01
1.405954178356713237e+04 1.656924419642568580e+01
1.409214769539078043e+04 1.657904041210933599e+01
1.412475360721442848e+04 1.658886462647462423e+01
1.415735951903807472e+04 1.659871715944478865e+01
1.418996543086172278e+04 1.660859831960325295e+01
1.422257134268536902e+04 1.661850840411862507e+01
1.425517725450901708e+04 1.662844769866966033e+01
1.428778316633266513e+04 1.663841647737023521e+01
1.432038907815631137e+04 1.664841500269433894e+01
1.435299498997995761e+04 1.665844352540104722e+01
1.438560090180360567e+04 1.666850228445949256e+01
1.441820681362725372e+04 1.667859150697384862e+01
1.445081272545090178e+04 1.668871140810830411e+01
1.448341863727454984e+04 1.669886219101206137e+01
1.451602454909819608e+04 1.670904404674424626e+01
1.454863046092184231e+04 1.671925715419899561e+01
1.458123637274549037e+04 1.672950168003033156e+01
1.461384228456913843e+04 1.673977777857720284e+01
1.464644819639278467e+04 1.675008559178843015e+01
1.467905410821643272e+04 1.676042524914771192e+01
1.471166002004007896e+04 1.677079686759856259e+01
1.474426593186372702e+04 1.678120055146932543e+01
1.477687184368737508e+04 1.679163639239814998e+01
1.480947775551102131e+04 1.680210446925793377e+01
1.484208366733466755e+04 1.681260484808134237e+01
1.487468957915831561e+04 1.682313758198576181e+01
1.490729549098196367e+04 1.683370271109828309e+01
1.493990140280560991e+04 1.684430026248067946e+01
1.497250731462925614e+04 1.685493025005439094e+01
1.500511322645290420e+04 1.686559267452549804e+01
1.503771913827655226e+04 1.687628752330967785e+01
1.507032505010020031e+04 1.688701477045722754e+01
1.510293096192384837e+04 1.689777437657800263e+01
1.513553687374749279e+04 1.690856628876640144e+01
1.516814278557114085e+04 1.691939044052636376e+01
1.520074869739478891e+04 1.693024675169633397e+01
1.523335460921843696e+04 1.694113512837421709e+01
1.526596052104208320e+04 1.695205546284240583e+01
1.529856643286573126e+04 1.696300763349271534e+01
1.533117234468937750e+04 1.697399150475138896e+01
1.536377825651302555e+04 1.698500692700404002e+01
1.539638416833667361e+04 1.699605373652067897e+01
1.542899008016031985e+04 1.700713175538065514e+01
1.546159599198396609e+04 1.701824079139763768e+01
1.549420190380761414e+04 1.702938063804461422e+01
1.552680781563126220e+04 1.704055107437883620e+01
1.555941372745490844e+04 1.705175186496684248e+01
1.559201963927855650e+04 1.706298275980937973e+01
1.562462555110220273e+04 1.707424349426642252e+01
1.565723146292585079e+04 1.708553378898213992e+01
1.568983737474949885e+04 1.709685334980988003e+01
1.572244328657314691e+04 1.710820186773711526e+01
1.575504919839679133e+04 1.711957901881047661e+01
1.578765511022043938e+04 1.713098446406066699e+01
1.582026102204408744e+04 1.714241784942748481e+01
1.585286693386773550e+04 1.715387880568480838e+01
1.588547284569138174e+04 1.716536694836550581e+01
1.591807875751502797e+04 1.717688187768651176e+01
1.595068466933867603e+04 1.718842317847371248e+01
1.598329058116232227e+04 1.719999042008699064e+01
1.601589649298597215e+04 1.721158315634516356e+01
1.604850240480961838e+04 1.722320092545098902e+01
1.608110831663326462e+04 1.723484324991609640e+01
1.611371422845691450e+04 1.724650963648604218e+01
1.614632014028056074e+04 1.725819957606519850e+01
1.617892605210420879e+04 1.726991254364180861e+01
1.621153196392785503e+04 1.728164799821290032e+01
1.624413787575150127e+04 1.729340538270931660e+01
1.627674378757514933e+04 1.730518412392066097e+01
1.630934969939879738e+04 1.731698363242027483e+01
1.634195561122244362e+04 1.732880330249025747e+01
1.637456152304608986e+04 1.734064251204636875e+01
1.640716743486973792e+04 1.735250062256307757e+01
1.643977334669338597e+04 1.736437697899850718e+01
1.647237925851703403e+04 1.737627090971940191e+01
1.650498517034068209e+04 1.738818172642614712e+01
1.653759108216433015e+04 1.740010872407768616e+01
1.657019699398797457e+04 1.741205118081656167e+01
1.660280290581162262e+04 1.742400835789384672e+01
1.663540881763527068e+04 1.743597949959414706e+01
1.666801472945891874e+04 1.744796383316056776e+01
1.670062064128256316e+04 1.745996056871969415e+01
1.673322655310621121e+04 1.747196889920656560e+01
1.676583246492985927e+04 1.748398800028966349e+01
1.679843837675350369e+04 1.749601703029588862e+01
1.683104428857715538e+04 1.750805513013551717e+01
1.686365020040079980e+04 1.752010142322720299e+01
1.689625611222444786e+04 1.753215501542294419e+01
1.692886202404809592e+04 1.754421499493307124e+01
1.696146793587174398e+04 1.755628043225120294e+01
1.699407384769539203e+04 1.756835038007925220e+01
1.702667975951903645e+04 1.758042387325237854e+01
1.705928567134268451e+04 1.759249992866397605e+01
1.709189158316633257e+04 1.760457754519067208e+01
1.712449749498997699e+04 1.761665570361725131e+01
1.715710340681362868e+04 1.762873336656170054e+01
1.718970931863727310e+04 1.764080947840012215e+01
1.722231523046092116e+04 1.765288296519177180e+01
1.725492114228456921e+04 1.766495273460398607e+01
1.728752705410821363e+04 1.767701767583719175e+01
1.732013296593186533e+04 1.768907665954985831e+01
1.735273887775550975e+04 1.770112853778349660e+01
1.738534478957915780e+04 1.771317214388766814e+01
1.741795070140280586e+04 1.772520629244485235e+01
1.745055661322645028e+04 1.773722977919554467e+01
1.748316252505010198e+04 1.774924138096318416e+01
1.751576843687374640e+04 1.776123985557911666e+01
1.754837434869739445e+04 1.777322394180760767e+01
1.758098026052104251e+04 1.778519235927077702e+01
1.761358617234468693e+04 1.779714380837363308e+01
1.764619208416833862e+04 1.780907697022900038e+01
1.767879799599198304e+04 1.782099050658249695e+01
1.771140390781563110e+04 1.783288305973756849e+01
1.774400981963927916e+04 1.784475325248040178e+01
1.777661573146292358e+04 1.785659968800494823e+01
1.780922164328657527e+04 1.786842094983786566e+01
1.784182755511021969e+04 1.788021560176351699e+01
1.787443346693386775e+04 1.789198218774894045e+01
1.790703937875751581e+04 1.790371923186884473e+01
1.793964529058116022e+04 1.791542523823055433e+01
1.797225120240480828e+04 1.792709869089901531e+01
1.800485711422845634e+04 1.793873805382176911e+01
1.803746302605210440e+04 1.795034177075391568e+01
1.807006893787575245e+04 1.796190826518309436e+01
1.810267484969939687e+04 1.797343594025446833e+01
1.813528076152304857e+04 1.798492317869572688e+01
1.816788667334669299e+04 1.799636834274199515e+01
1.820049258517034104e+04 1.800776977406088619e+01
1.823309849699398910e+04 1.801912579367743561e+01
1.826570440881763352e+04 1.803043470189909314e+01
1.829831032064128158e+04 1.804169477824068579e+01
1.833091623246492964e+04 1.805290428134942360e+01
1.836352214428857405e+04 1.806406144892986276e+01
1.839612805611222211e+04 1.807516449766884747e+01
1.842873396793587017e+04 1.808621162316056896e+01
1.846133987975951823e+04 1.809720099983146469e+01
1.849394579158316628e+04 1.810813078086523831e+01
1.852655170340681070e+04 1.811899909812782283e+01
1.855915761523046240e+04 1.812980406209236861e+01
1.859176352705410682e+04 1.814054376176420291e+01
1.862436943887775487e+04 1.815121626460583570e+01
1.865697535070140293e+04 1.816181961646190501e+01
1.868958126252504735e+04 1.817235184148417204e+01
1.872218717434869541e+04 1.818281094205650561e+01
1.875479308617234346e+04 1.819319489871985240e+01
1.878739899799598788e+04 1.820350167009721076e+01
1.882000490981963958e+04 1.821372919281860447e+01
1.885261082164328400e+04 1.822387538144607078e+01
1.888521673346693569e+04 1.823393812839864836e+01
1.891782264529058011e+04 1.824391530387731564e+01
1.895042855711422817e+04 1.825380475579002848e+01
1.898303446893787623e+04 1.826360430967663717e+01
1.901564038076152065e+04 1.827331176863388507e+01
1.904824629258517234e+04 1.828292491324042857e+01
1.908085220440881676e+04 1.829244150148173631e+01
1.911345811623246118e+04 1.830185926867515178e+01
1.914606402805611287e+04 1.831117592739478184e+01
1.917866993987975729e+04 1.832038916739655576e+01
1.921127585170340535e+04 1.832949665554315999e+01
1.924388176352705341e+04 1.833849603572900477e+01
1.927648767535070147e+04 1.834738492880525840e+01
1.930909358717434952e+04 1.835616093250474634e+01
1.934169949899799394e+04 1.836482162136699259e+01
1.937430541082164564e+04 1.837336454666319696e+01
1.940691132264529006e+04 1.838178723632112721e+01
1.943951723446893811e+04 1.839008719485023136e+01
1.947212314629258617e+04 1.839826190326650135e+01
1.950472905811623059e+04 1.840630881901749660e+01
1.953733496993987865e+04 1.841422537590733555e+01
1.956994088176352670e+04 1.842200898402165876e+01
1.960254679358717112e+04 1.842965702965258146e+01
1.963515270541081918e+04 1.843716687522370634e+01
1.966775861723446724e+04 1.844453585921510097e+01
1.970036452905811529e+04 1.845176129608825732e+01
1.973297044088176335e+04 1.845884047621105850e+01
1.976557635270541141e+04 1.848915018399993571e+01
2.006617144641040795e+04 1.858866849969330204e+01
2.036676654011540813e+04 1.868818681538666837e+01
2.066736163382040468e+04 1.878770513108003115e+01
2.096795672752540486e+04 1.888722344677339748e+01
2.126855182123040140e+04 1.898674176246676382e+01
2.156914691493539794e+04 1.908626007816012660e+01
2.186974200864039813e+04 1.918577839385349293e+01
2.217033710234539467e+04 1.928529670954685926e+01
2.247093219605039485e+04 1.938481502524022204e+01
2.277152728975539139e+04 1.948433334093358837e+01
2.307212238346038794e+04 1.958385165662695471e+01
2.337271747716538812e+04 1.968336997232032104e+01
2.367331257087038466e+04 1.978288828801368382e+01
2.397390766457538120e+04 1.988240660370705015e+01
2.427450275828038139e+04 1.998192491940041293e+01
2.457509785198537793e+04 2.008144323509377926e+01
2.487569294569037811e+04 2.018096155078714560e+01
2.517628803939537465e+04 2.028047986648051193e+01
2.547688313310037483e+04 2.037999818217387826e+01
2.577747822680537138e+04 2.047951649786724104e+01
2.607807332051036792e+04 2.057903481356060382e+01
2.637866841421536810e+04 2.067855312925397016e+01
2.667926350792036465e+04 2.077807144494733649e+01
2.697985860162536119e+04 2.087758976064070282e+01
2.728045369533036137e+04 2.097710807633406915e+01
2.758104878903535791e+04 2.107662639202743193e+01
2.788164388274035446e+04 2.117614470772079471e+01
2.818223897644535464e+04 2.127566302341416105e+01
2.848283407015035482e+04 2.137518133910752738e+01
2.878342916385534772e+04 2.147469965480089371e+01
2.908402425756034791e+04 2.157421797049426004e+01
2.938461935126534809e+04 2.167373628618762282e+01
2.968521444497034463e+04 2.177325460188098916e+01
2.998580953867534117e+04 2.187277291757435194e+01
3.028640463238034135e+04 2.197229123326771827e+01
3.058699972608533790e+04 2.207180954896108460e+01
3.088759481979033444e+04 2.217132786465445093e+01
3.118818991349533462e+04 2.227084618034781371e+01
3.148878500720033117e+04 2.237036449604117649e+01
3.178938010090532771e+04 2.246988281173454283e+01
3.208997519461032789e+04 2.256940112742790916e+01
3.239057028831532807e+04 2.266891944312127549e+01
3.269116538202032461e+04 2.276843775881464182e+01
3.299176047572532116e+04 2.286795607450800460e+01
3.329235556943032134e+04 2.296747439020137094e+01
3.359295066313531424e+04 2.306699270589473372e+01
3.389354575684031443e+04 2.316651102158810005e+01
3.419414085054531461e+04 2.326602933728146638e+01
3.449473594425030751e+04 2.336554765297483272e+01
3.479533103795530769e+04 2.346506596866819550e+01
3.509592613166030787e+04 2.356458428436156183e+01
3.539652122536530806e+04 2.366410260005492816e+01
3.569711631907030096e+04 2.376362091574829094e+01
3.599771141277530114e+04 2.386313923144165727e+01
3.629830650648029405e+04 2.396265754713502005e+01
3.659890160018530150e+04 2.406217586282838994e+01
3.689949669389029441e+04 2.416169417852175272e+01
3.720009178759529459e+04 2.426121249421511905e+01
3.750068688130029477e+04 2.436073080990848538e+01
3.780128197500528768e+04 2.446024912560184816e+01
3.810187706871028786e+04 2.455976744129521450e+01
3.840247216241528804e+04 2.465928575698858083e+01
3.870306725612028094e+04 2.475880407268194361e+01
3.900366234982528113e+04 2.485832238837530994e+01
3.930425744353028131e+04 2.495784070406867272e+01
3.960485253723527421e+04 2.505735901976203905e+01
3.990544763094027439e+04 2.515687733545540539e+01
4.020604272464527457e+04 2.525639565114877172e+01
4.050663781835026748e+04 2.535591396684213450e+01
4.080723291205526766e+04 2.545543228253550083e+01
4.110782800576026784e+04 2.555495059822886361e+01
4.140842309946526075e+04 2.565446891392222994e+01
4.170901819317026820e+04 2.575398722961559628e+01
4.200961328687526111e+04 2.585350554530896261e+01
4.231020838058025402e+04 2.595302386100232539e+01
4.261080347428526147e+04 2.605254217669569528e+01
4.291139856799025438e+04 2.615206049238905450e+01
4.321199366169524728e+04 2.625157880808242084e+01
4.351258875540025474e+04 2.635109712377578717e+01
4.381318384910524765e+04 2.645061543946915350e+01
4.411377894281024783e+04 2.655013375516251983e+01
4.441437403651524801e+04 2.664965207085588617e+01
4.471496913022024091e+04 2.674917038654924539e+01
4.501556422392524109e+04 2.684868870224261173e+01
4.531615931763024128e+04 2.694820701793597806e+01
4.561675441133523418e+04 2.704772533362934439e+01
4.591734950504023436e+04 2.714724364932271072e+01
4.621794459874523454e+04 2.724676196501607706e+01
4.651853969245022745e+04 2.734628028070943628e+01
4.681913478615522763e+04 2.744579859640280262e+01
4.711972987986022781e+04 2.754531691209616895e+01
4.742032497356522072e+04 2.764483522778953528e+01
4.772092006727022090e+04 2.774435354348290161e+01
4.802151516097522108e+04 2.784387185917626795e+01
4.832211025468021398e+04 2.794339017486962717e+01
4.862270534838522144e+04 2.804290849056300061e+01
4.892330044209021435e+04 2.814242680625635984e+01
4.922389553579520725e+04 2.824194512194972617e+01
4.952449062950021471e+04 2.834146343764309250e+01
4.982508572320520761e+04 2.844098175333645884e+01
5.012568081691020052e+04 2.854050006902981806e+01
5.042627591061520798e+04 2.864001838472319150e+01
5.072687100432020088e+04 2.873953670041655073e+01
5.102746609802520106e+04 2.883905501610991706e+01
5.132806119173020124e+04 2.893857333180328339e+01
5.162865628543519415e+04 2.903809164749664973e+01
5.192925137914019433e+04 2.913760996319001606e+01
5.222984647284519451e+04 2.923712827888338239e+01
5.253044156655018742e+04 2.933664659457674162e+01
5.283103666025518032e+04 2.943616491027010795e+01
5.313163175396018778e+04 2.953568322596347429e+01
5.343222684766518068e+04 2.963520154165684062e+01
5.373282194137018814e+04 2.973471985735020695e+01
5.403341703507518105e+04 2.983423817304357328e+01
5.433401212878017395e+04 2.993375648873693251e+01
5.463460722248518141e+04 3.003327480443029884e+01
5.493520231619017432e+04 3.013279312012366518e+01
5.523579740989516722e+04 3.023231143581703151e+01
5.553639250360017468e+04 3.033182975151039784e+01
5.583698759730516758e+04 3.043134806720376417e+01
5.613758269101016049e+04 3.053086638289712340e+01
5.643817778471516795e+04 3.063038469859048973e+01
5.673877287842016085e+04 3.072990301428385607e+01
5.703936797212515376e+04 3.082942132997722240e+01
5.733996306583016121e+04 3.092893964567058873e+01
5.764055815953515412e+04 3.102845796136395506e+01
5.794115325324014702e+04 3.112797627705731429e+01
5.824174834694515448e+04 3.122749459275068062e+01
5.854234344065014739e+04 3.132701290844404696e+01
5.884293853435514029e+04 3.142653122413741329e+01
5.914353362806014775e+04 3.152604953983077962e+01
5.944412872176514065e+04 3.162556785552414595e+01
5.974472381547013356e+04 3.172508617121750518e+01
6.004531890917514102e+04 3.182460448691087151e+01
6.034591400288013392e+04 3.192412280260423785e+01
6.064650909658514138e+04 3.202364111829760418e+01
6.094710419029013428e+04 3.212315943399097051e+01
6.124769928399512719e+04 3.222267774968432974e+01
6.154829437770013465e+04 3.232219606537770318e+01
6.184888947140512755e+04 3.242171438107106241e+01
6.214948456511012046e+04 3.252123269676442874e+01
6.245007965881512791e+04 3.262075101245779507e+01
6.275067475252012082e+04 3.272026932815116140e+01
6.305126984622511372e+04 3.281978764384452063e+01
6.335186493993012118e+04 3.291930595953789407e+01
6.365246003363511409e+04 3.301882427523125330e+01
6.395305512734010699e+04 3.311834259092461963e+01
6.425365022104511445e+04 3.321786090661798596e+01
6.455424531475010735e+04 3.331737922231135229e+01
6.485484040845510026e+04 3.341689753800471152e+01
6.515543550216010772e+04 3.351641585369808496e+01
6.545603059586510062e+04 3.361593416939144419e+01
6.575662568957009353e+04 3.371545248508481052e+01
6.605722078327510098e+04 3.381497080077817685e+01
6.635781587698009389e+04 3.391448911647154318e+01
6.665841097068508680e+04 3.401400743216490241e+01
6.695900606439009425e+04 3.411352574785827585e+01
6.725960115809508716e+04 3.421304406355163508e+01
6.756019625180009461e+04 3.431256237924500851e+01
6.786079134550508752e+04 3.441208069493836774e+01
6.816138643921008043e+04 3.451159901063173407e+01
6.846198153291508788e+04 3.461111732632510041e+01
6.876257662662008079e+04 3.471063564201846674e+01
6.906317172032507369e+04 3.481015395771182597e+01
6.936376681403008115e+04 3.490967227340519941e+01
6.966436190773507406e+04 3.500919058909855863e+01
6.996495700144006696e+04 3.510870890479192497e+01
7.026555209514507442e+04 3.520822722048529130e+01
7.056614718885006732e+04 3.530774553617865763e+01
7.086674228255506023e+04 3.540726385187201686e+01
7.116733737626006769e+04 3.550678216756539030e+01
7.146793246996506059e+04 3.560630048325874952e+01
7.176852756367005350e+04 3.570581879895211586e+01
7.206912265737506095e+04 3.580533711464548219e+01
7.236971775108005386e+04 3.590485543033884852e+01
7.267031284478504676e+04 3.600437374603220775e+01
7.297090793849005422e+04 3.610389206172558119e+01
7.327150303219504713e+04 3.620341037741894041e+01
7.357209812590004003e+04 3.630292869311230675e+01
7.387269321960504749e+04 3.640244700880567308e+01
7.417328831331004039e+04 3.650196532449903941e+01
7.447388340701504785e+04 3.660148364019240574e+01
7.477447850072004076e+04 3.670100195588577208e+01
7.507507359442503366e+04 3.680052027157913130e+01
7.537566868813004112e+04 3.690003858727249764e+01
7.567626378183503402e+04 3.699955690296586397e+01
7.597685887554002693e+04 3.709907521865923030e+01
7.627745396924503439e+04 3.719859353435259663e+01
7.657804906295002729e+04 3.729811185004596297e+01
7.687864415665502020e+04 3.739763016573932219e+01
7.717923925036002765e+04 3.749714848143268853e+01
7.747983434406502056e+04 3.759666679712605486e+01
7.778042943777001346e+04 3.769618511281942119e+01
7.808102453147502092e+04 3.779570342851278753e+01
7.838161962518001383e+04 3.789522174420615386e+01
7.868221471888500673e+04 3.799474005989951308e+01
7.898280981259001419e+04 3.809425837559287942e+01
7.928340490629500709e+04 3.819377669128624575e+01
7.958400000000000000e+04 3.829329500697961208e+01
