2.570800000000000182e+03 6.854413400609514539e+00
2.590704208416833808e+03 6.895940467693877807e+00
2.610608416833667434e+03 6.937079724581264983e+00
2.630512625250501060e+03 6.977834042256145786e+00
2.650416833667334686e+03 7.018206280711796197e+00
2.670321042084168312e+03 7.058199288961581885e+00
2.690225250501001938e+03 7.097815905050122609e+00
2.710129458917836018e+03 7.137058956064519677e+00
2.730033667334669190e+03 7.175931258145553215e+00
2.749937875751502816e+03 7.214435616498909631e+00
2.769842084168336896e+03 7.252574825406412629e+00
2.789746292585170522e+03 7.290351668237182281e+00
2.809650501002003693e+03 7.327768917458908682e+00
2.829554709418837774e+03 7.364829334648998582e+00
2.849458917835671400e+03 7.401535670505861475e+00
2.869363126252505026e+03 7.437890664860052681e+00
2.889267334669338197e+03 7.473897046685542556e+00
2.909171543086172278e+03 7.509557534110872901e+00
2.929075751503005904e+03 7.544874834430434163e+00
2.948979959919839530e+03 7.579851644115615628e+00
2.968884168336673611e+03 7.614490648826055974e+00
2.988788376753506782e+03 7.648794523420841429e+00
3.008692585170340408e+03 7.682765931969733231e+00
3.028596793587174488e+03 7.716407527764340912e+00
3.048501002004008114e+03 7.749721953329391511e+00
3.068405210420841286e+03 7.782711840433897521e+00
3.088309418837675366e+03 7.815379810102379921e+00
3.108213627254508992e+03 7.847728472626084084e+00
3.128117835671342618e+03 7.879760427574211690e+00
3.148022044088175790e+03 7.911478263805088673e+00
3.167926252505009870e+03 7.942884559477412232e+00
3.187830460921843496e+03 7.973981882061461413e+00
3.207734669338677122e+03 8.004772788350287271e+00
3.227638877755511203e+03 8.035259824470946555e+00
3.247543086172344374e+03 8.065445525895706069e+00
3.267447294589178455e+03 8.095332417453251495e+00
3.287351503006012081e+03 8.124923013339920175e+00
3.307255711422845707e+03 8.154219817130854864e+00
3.327159919839679333e+03 8.183225321791319118e+00
3.347064128256512959e+03 8.211942009687792421e+00
3.366968336673346585e+03 8.240372352599280248e+00
3.386872545090180211e+03 8.268518811728462481e+00
3.406776753507013836e+03 8.296383837712919984e+00
3.426680961923847462e+03 8.323969870636384272e+00
3.446585170340681543e+03 8.351279340039894805e+00
3.466489378757514714e+03 8.378314664933052214e+00
3.486393587174348795e+03 8.405078253805205790e+00
3.506297795591182421e+03 8.431572504636667631e+00
3.526202004008016047e+03 8.457799804909960528e+00
3.546106212424849673e+03 8.483762531620978820e+00
3.566010420841683299e+03 8.509463051290223845e+00
3.585914629258516925e+03 8.534903719974032299e+00
3.605818837675350551e+03 8.560086883275758396e+00
3.625723046092184632e+03 8.585014876357007552e+00
3.645627254509017803e+03 8.609690023948843418e+00
3.665531462925851429e+03 8.634114640362991366e+00
3.685435671342685509e+03 8.658291029503063285e+00
3.705339879759519135e+03 8.682221484875771722e+00
3.725244088176352307e+03 8.705908289602103167e+00
3.745148296593186387e+03 8.729353716428612131e+00
3.765052505010020013e+03 8.752560027738546466e+00
3.784956713426853639e+03 8.775529475563097037e+00
3.804860921843687720e+03 8.798264301592634951e+00
3.824765130260520891e+03 8.820766737187877737e+00
3.844669338677354517e+03 8.843039003391124808e+00
3.864573547094188598e+03 8.865083310937475147e+00
3.884477755511022224e+03 8.886901860266030795e+00
3.904381963927855395e+03 8.908496841531093224e+00
3.924286172344689021e+03 8.929870434613414787e+00
3.944190380761523102e+03 8.951024809131396864e+00
3.964094589178356728e+03 8.971962124452247167e+00
3.983998797595190808e+03 8.992684529703286245e+00
4.003903006012023980e+03 9.013194163783095902e+00
4.023807214428857606e+03 9.033493155372751104e+00
4.043711422845691231e+03 9.053583622947021681e+00
4.063615631262525312e+03 9.073467674785593573e+00
4.083519839679358483e+03 9.093147408984282976e+00
4.103424048096192564e+03 9.112624913466266463e+00
4.123328256513026645e+03 9.131902265993225853e+00
4.143232464929859816e+03 9.150981534176652943e+00
4.163136673346692987e+03 9.169864775488985487e+00
4.183040881763527068e+03 9.188554037274865749e+00
4.202945090180361149e+03 9.207051356762319116e+00
4.222849298597194320e+03 9.225358761074016201e+00
4.242753507014028401e+03 9.243478267238423030e+00
4.262657715430861572e+03 9.261411882201054269e+00
4.282561923847695653e+03 9.279161602835680256e+00
4.302466132264528824e+03 9.296729415955518050e+00
4.322370340681362904e+03 9.314117298324489980e+00
4.342274549098196076e+03 9.331327216668359625e+00
4.362178757515030156e+03 9.348361127686033001e+00
4.382082965931864237e+03 9.365220978060706969e+00
4.401987174348697408e+03 9.381908704471090488e+00
4.421891382765530579e+03 9.398426233602679147e+00
4.441795591182364660e+03 9.414775482158846742e+00
4.461699799599198741e+03 9.430958356872174875e+00
4.481604008016031912e+03 9.446976754515620911e+00
4.501508216432865993e+03 9.462832561913680607e+00
4.521412424849699164e+03 9.478527655953719488e+00
4.541316633266533245e+03 9.494063903597048437e+00
4.561220841683366416e+03 9.509443161890224872e+00
4.581125050100200497e+03 9.524667277976252677e+00
4.601029258517033668e+03 9.539738089105767926e+00
4.620933466933867749e+03 9.554657422648272558e+00
4.640837675350701829e+03 9.569427096103334307e+00
4.660741883767535001e+03 9.584048917111815058e+00
4.680646092184368172e+03 9.598524683467054786e+00
4.700550300601202252e+03 9.612856183126123000e+00
4.720454509018036333e+03 9.627045194220979596e+00
4.740358717434869504e+03 9.641093485069767155e+00
4.760262925851703585e+03 9.655002814187934490e+00
4.780167134268536756e+03 9.668774930299480985e+00
4.800071342685370837e+03 9.682411572348218698e+00
4.819975551102204008e+03 9.695914469508887024e+00
4.839879759519038089e+03 9.709285341198466313e+00
4.859783967935871260e+03 9.722525897087331614e+00
4.879688176352705341e+03 9.735637837110456161e+00
4.899592384769539422e+03 9.748622851478689455e+00
4.919496593186372593e+03 9.761482620689852396e+00
4.939400801603205764e+03 9.774218815540107741e+00
4.959305010020039845e+03 9.786833097134994830e+00
4.979209218436873925e+03 9.799327116900837353e+00
4.999113426853707097e+03 9.811702516595758539e+00
5.019017635270541177e+03 9.823960928321051611e+00
5.038921843687374349e+03 9.836103974532274918e+00
5.058826052104208429e+03 9.848133268050567324e+00
5.078730260521041600e+03 9.860050412073771753e+00
5.098634468937874772e+03 9.871857000187697295e+00
5.118538677354708852e+03 9.883554616377335122e+00
5.138442885771542933e+03 9.895144835038029996e+00
5.158347094188377014e+03 9.906629220986733486e+00
5.178251302605210185e+03 9.918009329473211011e+00
5.198155511022043356e+03 9.929286706191213341e+00
5.218059719438877437e+03 9.940462887289740479e+00
5.237963927855711518e+03 9.951539399384230933e+00
5.257868136272545598e+03 9.962517759567763420e+00
5.277772344689378770e+03 9.973399475422320748e+00
5.297676553106211941e+03 9.984186045029915135e+00
5.317580761523046021e+03 9.994878956983857421e+00
5.337484969939879193e+03 1.000547969039999785e+01
5.357389178356713273e+03 1.001598971492784251e+01
5.377293386773546445e+03 1.002641049076189717e+01
5.397197595190380525e+03 1.003674346865272682e+01
5.417101803607214606e+03 1.004699008991831377e+01
5.437006012024047777e+03 1.005715178645516161e+01
5.456910220440881858e+03 1.006722998074957687e+01
5.476814428857715029e+03 1.007722608588883517e+01
5.496718637274549110e+03 1.008714150557241140e+01
5.516622845691383191e+03 1.009697763412320626e+01
5.536527054108216362e+03 1.010673585649874795e+01
5.556431262525049533e+03 1.011641754830239748e+01
5.576335470941883614e+03 1.012602407579453256e+01
5.596239679358717694e+03 1.013555679590386305e+01
5.616143887775550866e+03 1.014501705623851890e+01
5.636048096192384037e+03 1.015440619509730524e+01
5.655952304609218118e+03 1.016372554148098573e+01
5.675856513026052198e+03 1.017297641510337947e+01
5.695760721442885369e+03 1.018216012640266044e+01
5.715664929859719450e+03 1.019127797655252543e+01
5.735569138276552621e+03 1.020033125747341884e+01
5.755473346693386702e+03 1.020932125184376815e+01
5.775377555110220783e+03 1.021824923311111277e+01
5.795281763527053954e+03 1.022711646550345677e+01
5.815185971943888035e+03 1.023592420404034087e+01
5.835090180360721206e+03 1.024467369454415078e+01
5.854994388777555287e+03 1.025336617365125136e+01
5.874898597194388458e+03 1.026200286882331980e+01
5.894802805611221629e+03 1.027058499835839456e+01
5.914707014028055710e+03 1.027911377140221916e+01
5.934611222444889790e+03 1.028759038795939773e+01
5.954515430861723871e+03 1.029601603890461980e+01
5.974419639278557042e+03 1.030439190599384602e+01
5.994323847695390214e+03 1.031271916187560223e+01
6.014228056112224294e+03 1.032099897010209233e+01
6.034132264529058375e+03 1.032923248514044801e+01
6.054036472945891546e+03 1.033742085238394992e+01
6.073940681362725627e+03 1.034556520816325964e+01
6.093844889779558798e+03 1.035366667975759825e+01
6.113749098196392879e+03 1.036172638540593383e+01
6.133653306613226050e+03 1.036974543431829332e+01
6.153557515030060131e+03 1.037772492668685587e+01
6.173461723446893302e+03 1.038566595369724688e+01
6.193365931863727383e+03 1.039356959753967757e+01
6.213270140280561463e+03 1.040143693142028525e+01
6.233174348697394635e+03 1.040926901957218398e+01
6.253078557114227806e+03 1.041706691726680134e+01
6.272982765531061887e+03 1.042483167082501261e+01
6.292886973947895967e+03 1.043256431762845438e+01
6.312791182364730048e+03 1.044026588613055040e+01
6.332695390781563219e+03 1.044793739586796022e+01
6.352599599198396390e+03 1.045557985747157836e+01
6.372503807615230471e+03 1.046319427267792257e+01
6.392408016032063642e+03 1.047078163434018805e+01
6.412312224448897723e+03 1.047834292643959841e+01
6.432216432865731804e+03 1.048587912409653455e+01
6.452120641282564975e+03 1.049339119358173456e+01
6.472024849699399056e+03 1.050088009232760911e+01
6.491929058116232227e+03 1.050834676893931352e+01
6.511833266533065398e+03 1.051579216320608445e+01
6.531737474949899479e+03 1.052321720611234568e+01
6.551641683366733560e+03 1.053062281984904303e+01
6.571545891783567640e+03 1.053800991782470753e+01
6.591450100200400811e+03 1.054537940467680990e+01
6.611354308617233983e+03 1.055273217628290183e+01
6.631258517034068063e+03 1.056006911977179996e+01
6.651162725450902144e+03 1.056739111353483018e+01
6.671066933867735315e+03 1.057469902723713595e+01
6.690971142284569396e+03 1.058199372182868458e+01
6.710875350701402567e+03 1.058927604955566082e+01
6.730779559118236648e+03 1.059654685397160279e+01
6.750683767535069819e+03 1.060380696994859484e+01
6.770587975951902990e+03 1.061105722368856341e+01
6.790492184368737071e+03 1.061829843273434193e+01
6.810396392785571152e+03 1.062553140598110346e+01
6.830300601202405232e+03 1.063275694368733681e+01
6.850204809619238404e+03 1.063997583748624542e+01
6.870109018036071575e+03 1.064718887039679274e+01
6.890013226452905656e+03 1.065439681683510464e+01
6.909917434869739736e+03 1.066160044262553797e+01
6.929821643286572908e+03 1.066880050501187327e+01
6.949725851703406988e+03 1.067599775266868534e+01
6.969630060120240159e+03 1.068319292571239743e+01
6.989534268537074240e+03 1.069038675571262687e+01
7.009438476953907411e+03 1.069757996570323044e+01
7.029342685370740583e+03 1.070477327019367486e+01
7.049246893787574663e+03 1.071196737518016562e+01
7.069151102204408744e+03 1.071916297815689134e+01
7.089055310621242825e+03 1.072636076812721839e+01
7.108959519038075996e+03 1.073356142561492099e+01
7.128863727454909167e+03 1.074076562267536872e+01
7.148767935871743248e+03 1.074797402290674597e+01
7.168672144288577329e+03 1.075518728146129277e+01
7.188576352705410500e+03 1.076240604505648690e+01
7.208480561122244580e+03 1.076963095198623499e+01
7.228384769539077752e+03 1.077686263213218609e+01
7.248288977955911832e+03 1.078410170697478065e+01
7.268193186372745004e+03 1.079134878960463162e+01
7.288097394789578175e+03 1.079860448473360179e+01
7.308001603206412256e+03 1.080586938870611746e+01
7.327905811623246336e+03 1.081314408951030259e+01
7.347810020040080417e+03 1.082042916678925693e+01
7.367714228456913588e+03 1.082772519185221682e+01
7.387618436873746759e+03 1.083503272768579073e+01
7.407522645290580840e+03 1.084235232896517687e+01
7.427426853707414921e+03 1.084968454206533650e+01
7.447331062124249001e+03 1.085702990507230759e+01
7.467235270541082173e+03 1.086438894779423059e+01
7.487139478957915344e+03 1.087176219177280956e+01
7.507043687374749425e+03 1.087915015029428645e+01
7.526947895791583505e+03 1.088655332840080980e+01
7.546852104208415767e+03 1.089397222290158140e+01
7.566756312625249848e+03 1.090140732238410237e+01
7.586660521042083928e+03 1.090885910722532337e+01
7.606564729458918009e+03 1.091632804960293157e+01
7.626468937875751180e+03 1.092381461350651861e+01
7.646373146292584352e+03 1.093131925474880362e+01
7.666277354709418432e+03 1.093884242097687576e+01
7.686181563126252513e+03 1.094638455168333380e+01
7.706085771543086594e+03 1.095394607821758015e+01
7.725989979959919765e+03 1.096152742379697287e+01
7.745894188376752936e+03 1.096912900351805220e+01
7.765798396793587017e+03 1.097675122436779205e+01
7.785702605210421098e+03 1.098439448523473416e+01
7.805606813627253359e+03 1.099205917692030710e+01
7.825511022044087440e+03 1.099974568214991066e+01
7.845415230460921521e+03 1.100745437558429529e+01
7.865319438877755601e+03 1.101518562383056121e+01
7.885223647294589682e+03 1.102293978545353959e+01
7.905127855711421944e+03 1.103071721098697466e+01
7.925032064128256025e+03 1.103851824294467576e+01
7.944936272545090105e+03 1.104634321583179890e+01
7.964840480961924186e+03 1.105419245615593837e+01
7.984744689378757357e+03 1.106206628243853629e+01
8.004648897795590528e+03 1.106996500522593330e+01
8.024553106212424609e+03 1.107788892710068396e+01
8.044457314629258690e+03 1.108583834269256307e+01
8.064361523046091861e+03 1.109381353869011555e+01
8.084265731462925032e+03 1.110181479385160053e+01
8.104169939879759113e+03 1.110984237901629967e+01
8.124074148296593194e+03 1.111789655711571356e+01
8.143978356713427274e+03 1.112597758318479535e+01
8.163882565130260446e+03 1.113408570437309919e+01
8.183786773547093617e+03 1.114222115995610451e+01
8.203690981963927698e+03 1.115038418134636800e+01
8.223595190380761778e+03 1.115857499210463999e+01
8.243499398797595859e+03 1.116679380795123322e+01
8.263403607214428121e+03 1.117504083677721738e+01
8.283307815631262201e+03 1.118331627865547873e+01
8.303212024048096282e+03 1.119162032585211719e+01
8.323116232464930363e+03 1.119995316283758058e+01
8.343020440881762624e+03 1.120831496629780588e+01
8.362924649298596705e+03 1.121670590514553822e+01
8.382828857715430786e+03 1.122512614053154678e+01
8.402733066132264867e+03 1.123357582585574832e+01
8.422637274549098947e+03 1.124205510677849773e+01
8.442541482965931209e+03 1.125056412123173288e+01
8.462445691382765290e+03 1.125910299943026338e+01
8.482349899799599370e+03 1.126767186388293851e+01
8.502254108216433451e+03 1.127627082940384007e+01
8.522158316633267532e+03 1.128490000312352848e+01
8.542062525050099794e+03 1.129355948450029246e+01
8.561966733466933874e+03 1.130224936533123525e+01
8.581870941883767955e+03 1.131096972976362736e+01
8.601775150300602036e+03 1.131972065430606733e+01
8.621679358717436116e+03 1.132850220783959827e+01
8.641583567134268378e+03 1.133731445162911022e+01
8.661487775551102459e+03 1.134615743933436249e+01
8.681391983967936540e+03 1.135503121702136298e+01
8.701296192384768801e+03 1.136393582317346329e+01
8.721200400801602882e+03 1.137287128870258712e+01
8.741104609218436963e+03 1.138183763696050121e+01
8.761008817635269224e+03 1.139083488374996378e+01
8.780913026052105124e+03 1.139986303733595108e+01
8.800817234468937386e+03 1.140892209845694083e+01
8.820721442885769648e+03 1.141801206033600735e+01
8.840625651302605547e+03 1.142713290869210141e+01
8.860529859719439628e+03 1.143628462175130522e+01
8.880434068136273709e+03 1.144546717025789562e+01
8.900338276553105970e+03 1.145468051748571625e+01
8.920242484969940051e+03 1.146392461924932960e+01
8.940146693386774132e+03 1.147319942391521508e+01
8.960050901803606394e+03 1.148250487241297790e+01
8.979955110220440474e+03 1.149184089824664490e+01
8.999859318637274555e+03 1.150120742750568503e+01
9.019763527054106817e+03 1.151060437887644028e+01
9.039667735470942716e+03 1.152003166365319586e+01
9.059571943887774978e+03 1.152948918574948678e+01
9.079476152304607240e+03 1.153897684170920712e+01
9.099380360721443139e+03 1.154849452071792015e+01
9.119284569138277220e+03 1.155804210461399606e+01
9.139188777555111301e+03 1.156761946789993445e+01
9.159092985971943563e+03 1.157722647775336355e+01
9.178997194388777643e+03 1.158686299403846043e+01
9.198901402805611724e+03 1.159652886931714377e+01
9.218805611222443986e+03 1.160622394886013353e+01
9.238709819639278066e+03 1.161594807065832846e+01
9.258614028056112147e+03 1.162570106543391546e+01
9.278518236472944409e+03 1.163548275665164056e+01
9.298422444889780309e+03 1.164529296053002483e+01
9.318326653306612570e+03 1.165513148605247551e+01
9.338230861723446651e+03 1.166499813497866178e+01
9.358135070140280732e+03 1.167489270185552286e+01
9.378039278557114812e+03 1.168481497402873437e+01
9.397943486973948893e+03 1.169476473165371999e+01
9.417847695390781155e+03 1.170474174770691178e+01
9.437751903807615236e+03 1.171474578799704069e+01
9.457656112224449316e+03 1.172477661117612513e+01
9.477560320641281578e+03 1.173483396875103146e+01
9.497464529058115659e+03 1.174491760509442884e+01
9.517368737474949739e+03 1.175502725745604238e+01
9.537272945891782001e+03 1.176516265597390642e+01
9.557177154308617901e+03 1.177532352368559287e+01
9.577081362725450163e+03 1.178550957653936848e+01
9.596985571142284243e+03 1.179572052340547827e+01
9.616889779559118324e+03 1.180595606608721937e+01
9.636793987975952405e+03 1.181621589933234873e+01
9.656698196392786485e+03 1.182649971084416940e+01
9.676602404809618747e+03 1.183680718129270559e+01
9.696506613226452828e+03 1.184713798432607490e+01
9.716410821643286909e+03 1.185749178658153369e+01
9.736315030060119170e+03 1.186786824769673743e+01
9.756219238476953251e+03 1.187826702032102233e+01
9.776123446893787332e+03 1.188868775012660883e+01
9.796027655310621412e+03 1.189913007581968074e+01
9.815931863727455493e+03 1.190959362915179653e+01
9.835836072144287755e+03 1.192007803493088147e+01
9.855740280561121835e+03 1.193058291103258739e+01
9.875644488977955916e+03 1.194110786841152461e+01
9.895548697394789997e+03 1.195165251111241389e+01
9.915452905811624078e+03 1.196221643628124909e+01
9.935357114228456339e+03 1.197279923417660896e+01
9.955261322645290420e+03 1.198340048818083226e+01
9.975165531062124501e+03 1.199401977481125492e+01
9.995069739478956762e+03 1.200465666373129814e+01
1.001497394789579084e+04 1.201531071776189563e+01
1.003487815631262492e+04 1.202598149289242357e+01
1.005478236472945900e+04 1.203666853829220429e+01
1.007468657314629309e+04 1.204737139632162091e+01
1.009459078156312535e+04 1.205808960254314499e+01
1.011449498997995943e+04 1.206882268573292194e+01
1.013439919839679351e+04 1.207957016789146465e+01
1.015430340681362759e+04 1.209033156425546629e+01
1.017420761523046167e+04 1.210110638330850108e+01
1.019411182364729393e+04 1.211189412679256883e+01
1.021401603206412801e+04 1.212269428971912077e+01
1.023392024048096209e+04 1.213350636038036257e+01
1.025382444889779435e+04 1.214432982036041864e+01
1.027372865731462844e+04 1.215516414454657124e+01
1.029363286573146252e+04 1.216600880114057048e+01
1.031353707414829660e+04 1.217686325166953765e+01
1.033344128256513068e+04 1.218772695099748660e+01
1.035334549098196294e+04 1.219859934733649176e+01
1.037324969939879702e+04 1.220947988225777792e+01
1.039315390781563110e+04 1.222036799070300717e+01
1.041305811623246518e+04 1.223126310099553393e+01
1.043296232464929926e+04 1.224216463485137396e+01
1.045286653306613152e+04 1.225307200739089453e+01
1.047277074148296560e+04 1.226398462714945659e+01
1.049267494989979969e+04 1.227490189608908189e+01
1.051257915831663195e+04 1.228582320960951435e+01
1.053248336673346603e+04 1.229674795655925124e+01
1.055238757515030011e+04 1.230767551924708414e+01
1.057229178356713419e+04 1.231860527345300227e+01
1.059219599198396827e+04 1.232953658843962330e+01
1.061210020040080053e+04 1.234046882696332936e+01
1.063200440881763461e+04 1.235140134528543499e+01
1.065190861723446869e+04 1.236233349318342434e+01
1.067181282565130277e+04 1.237326461396230926e+01
1.069171703406813685e+04 1.238419404446557692e+01
1.071162124248496912e+04 1.239512111508655501e+01
1.073152545090180320e+04 1.240604514977964712e+01
1.075142965931863728e+04 1.241696546607145990e+01
1.077133386773546954e+04 1.242788137507218948e+01
1.079123807615230362e+04 1.243879218148647503e+01
1.081114228456913770e+04 1.244969718362503741e+01
1.083104649298597178e+04 1.246059567341563579e+01
1.085095070140280586e+04 1.247148693641436878e+01
1.087085490981963812e+04 1.248237025181669324e+01
1.089075911823647220e+04 1.249324489246896519e+01
1.091066332665330629e+04 1.250411012487950302e+01
1.093056753507014037e+04 1.251496520922970035e+01
1.095047174348697445e+04 1.252580939938532012e+01
1.097037595190380671e+04 1.253664194290767853e+01
1.099028016032064079e+04 1.254746208106504568e+01
1.101018436873747487e+04 1.255826904884354001e+01
1.103008857715430713e+04 1.256906207495856975e+01
1.104999278557114121e+04 1.257984038186598141e+01
1.106989699398797529e+04 1.259060318577318682e+01
1.108980120240480937e+04 1.260134969665055138e+01
1.110970541082164345e+04 1.261207911824246963e+01
1.112960961923847572e+04 1.262279064807867179e+01
1.114951382765530980e+04 1.263348347748519096e+01
1.116941803607214388e+04 1.264415679159597516e+01
1.118932224448897796e+04 1.265480976936382618e+01
1.120922645290581204e+04 1.266544158357166694e+01
1.122913066132264430e+04 1.267605140084381077e+01
1.124903486973947838e+04 1.268663838165694457e+01
1.126893907815631246e+04 1.269720168035174446e+01
1.128884328657314472e+04 1.270774044514376655e+01
1.130874749498997880e+04 1.271825381813480504e+01
1.132865170340681289e+04 1.272874093532399264e+01
1.134855591182364697e+04 1.273920092661905379e+01
1.136846012024048105e+04 1.274963291584774261e+01
1.138836432865731331e+04 1.276003602076855259e+01
1.140826853707414739e+04 1.277040935308250624e+01
1.142817274549098147e+04 1.278075201844399267e+01
1.144807695390781555e+04 1.279106311647179339e+01
1.146798116232464963e+04 1.280134174076116693e+01
1.148788537074148189e+04 1.281158697889408060e+01
1.150778957915831597e+04 1.282179791245076572e+01
1.152769378757515005e+04 1.283197361702121597e+01
1.154759799599198232e+04 1.284211316221600896e+01
1.156750220440881822e+04 1.285221561167771398e+01
1.158740641282565048e+04 1.286228002309209018e+01
1.160731062124248456e+04 1.287230544819925271e+01
1.162721482965931864e+04 1.288229093280492243e+01
1.164711903807615090e+04 1.289223551679151925e+01
1.166702324649298680e+04 1.290213823412967642e+01
1.168692745490981906e+04 1.291199811288904264e+01
1.170683166332665314e+04 1.292181417524986742e+01
1.172673587174348722e+04 1.293158543751396650e+01
1.174664008016031949e+04 1.294131091011598045e+01
1.176654428857715357e+04 1.295098959763468649e+01
1.178644849699398765e+04 1.296062049880421085e+01
1.180635270541081991e+04 1.297020260652514168e+01
1.182625691382765581e+04 1.297973490787563300e+01
1.184616112224448807e+04 1.298921638412281965e+01
1.186606533066132215e+04 1.299864601073421078e+01
1.188596953907815623e+04 1.300802275738835156e+01
1.190587374749498849e+04 1.301734558798655428e+01
1.192577795591182439e+04 1.302661346066377490e+01
1.194568216432865665e+04 1.303582532780001912e+01
1.196558637274549073e+04 1.304498013603159379e+01
1.198549058116232482e+04 1.305407682626193377e+01
1.200539478957915708e+04 1.306311433367329222e+01
1.202529899799599298e+04 1.307209158773779123e+01
1.204520320641282524e+04 1.308100751222851876e+01
1.206510741482965750e+04 1.308986102523087425e+01
1.208501162324649340e+04 1.309865103915368501e+01
1.210491583166332566e+04 1.310737646074036711e+01
1.212482004008016156e+04 1.311603619108043617e+01
1.214472424849699382e+04 1.312462912562037864e+01
1.216462845691382608e+04 1.313315415417508980e+01
1.218453266533066198e+04 1.314161016093889778e+01
1.220443687374749425e+04 1.314999602449702110e+01
1.222434108216432833e+04 1.315831061783643818e+01
1.224424529058116241e+04 1.316655280835748165e+01
1.226414949899799467e+04 1.317472145788477889e+01
1.228405370741483057e+04 1.318281542267845374e+01
1.230395791583166283e+04 1.319083355344563735e+01
1.232386212424849691e+04 1.319877469535129322e+01
1.234376633266533099e+04 1.320663768802994653e+01
1.236367054108216325e+04 1.321442136559606517e+01
1.238357474949899915e+04 1.322212455665621356e+01
1.240347895791583142e+04 1.322974608431949761e+01
1.242338316633266368e+04 1.325186955185371573e+01
1.261227068810988567e+04 1.334654169726123740e+01
1.280115820988710948e+04 1.344121384266875907e+01
1.299004573166433147e+04 1.353588598807628074e+01
1.317893325344155528e+04 1.363055813348380241e+01
1.336782077521877727e+04 1.372523027889132408e+01
1.355670829699600108e+04 1.381990242429884574e+01
1.374559581877322307e+04 1.391457456970636741e+01
1.393448334055044688e+04 1.400924671511388908e+01
1.412337086232766887e+04 1.410391886052141075e+01
1.431225838410489087e+04 1.419859100592893064e+01
1.450114590588211468e+04 1.429326315133645231e+01
1.469003342765933667e+04 1.438793529674397398e+01
1.487892094943656048e+04 1.448260744215149565e+01
1.506780847121378247e+04 1.457727958755901554e+01
1.525669599299100446e+04 1.467195173296653721e+01
1.544558351476822827e+04 1.476662387837405888e+01
1.563447103654545208e+04 1.486129602378158054e+01
1.582335855832267407e+04 1.495596816918910221e+01
1.601224608009989606e+04 1.505064031459662388e+01
1.620113360187711987e+04 1.514531246000414555e+01
1.639002112365434368e+04 1.523998460541166722e+01
1.657890864543156567e+04 1.533465675081918889e+01
1.676779616720878767e+04 1.542932889622670878e+01
1.695668368898600966e+04 1.552400104163423045e+01
1.714557121076323529e+04 1.561867318704175389e+01
1.733445873254045728e+04 1.571334533244927378e+01
1.752334625431767927e+04 1.580801747785679545e+01
1.771223377609490126e+04 1.590268962326431534e+01
1.790112129787212325e+04 1.599736176867183701e+01
1.809000881964934524e+04 1.609203391407935868e+01
1.827889634142657087e+04 1.618670605948688035e+01
1.846778386320379286e+04 1.628137820489440202e+01
1.865667138498101485e+04 1.637605035030192369e+01
1.884555890675824048e+04 1.647072249570944535e+01
1.903444642853546247e+04 1.656539464111696702e+01
1.922333395031268446e+04 1.666006678652448869e+01
1.941222147208990646e+04 1.675473893193201036e+01
1.960110899386712845e+04 1.684941107733953203e+01
1.978999651564435044e+04 1.694408322274705014e+01
1.997888403742157607e+04 1.703875536815457536e+01
2.016777155919879806e+04 1.713342751356209703e+01
2.035665908097602005e+04 1.722809965896961515e+01
2.054554660275324568e+04 1.732277180437714037e+01
2.073443412453046767e+04 1.741744394978466204e+01
2.092332164630768966e+04 1.751211609519218015e+01
2.111220916808491165e+04 1.760678824059970182e+01
2.130109668986213364e+04 1.770146038600721994e+01
2.148998421163935564e+04 1.779613253141474161e+01
2.167887173341657763e+04 1.789080467682226327e+01
2.186775925519380326e+04 1.798547682222978494e+01
2.205664677697102525e+04 1.808014896763730661e+01
2.224553429874825088e+04 1.817482111304483183e+01
2.243442182052547287e+04 1.826949325845234995e+01
2.262330934230269486e+04 1.836416540385987162e+01
2.281219686407991685e+04 1.845883754926739329e+01
2.300108438585713884e+04 1.855350969467491495e+01
2.318997190763436083e+04 1.864818184008243662e+01
2.337885942941158282e+04 1.874285398548995829e+01
2.356774695118880845e+04 1.883752613089747996e+01
2.375663447296603044e+04 1.893219827630500163e+01
2.394552199474325607e+04 1.902687042171252330e+01
2.413440951652047806e+04 1.912154256712004496e+01
2.432329703829770006e+04 1.921621471252756663e+01
2.451218456007492205e+04 1.931088685793508830e+01
2.470107208185214404e+04 1.940555900334260997e+01
2.488995960362936603e+04 1.950023114875012809e+01
2.507884712540658802e+04 1.959490329415764975e+01
2.526773464718381365e+04 1.968957543956517497e+01
2.545662216896103564e+04 1.978424758497269309e+01
2.564550969073826127e+04 1.987891973038021831e+01
2.583439721251548326e+04 1.997359187578773998e+01
2.602328473429270525e+04 2.006826402119525810e+01
2.621217225606992724e+04 2.016293616660277976e+01
2.640105977784714923e+04 2.025760831201029788e+01
2.658994729962437123e+04 2.035228045741781955e+01
2.677883482140159322e+04 2.044695260282534122e+01
2.696772234317881885e+04 2.054162474823286288e+01
2.715660986495604084e+04 2.063629689364038455e+01
2.734549738673326647e+04 2.073096903904790977e+01
2.753438490851048846e+04 2.082564118445542789e+01
2.772327243028771045e+04 2.092031332986294956e+01
2.791215995206493244e+04 2.101498547527047123e+01
2.810104747384215443e+04 2.110965762067799290e+01
2.828993499561937642e+04 2.120432976608551456e+01
2.847882251739659841e+04 2.129900191149303623e+01
2.866771003917382404e+04 2.139367405690055790e+01
2.885659756095104603e+04 2.148834620230807957e+01
2.904548508272826803e+04 2.158301834771560124e+01
2.923437260450549002e+04 2.167769049312312291e+01
2.942326012628271565e+04 2.177236263853064457e+01
2.961214764805993764e+04 2.186703478393816624e+01
2.980103516983715963e+04 2.196170692934568791e+01
2.998992269161438162e+04 2.205637907475320958e+01
3.017881021339160725e+04 2.215105122016073125e+01
3.036769773516882924e+04 2.224572336556825292e+01
3.055658525694605123e+04 2.234039551097577103e+01
3.074547277872327322e+04 2.243506765638329270e+01
3.093436030050049521e+04 2.252973980179081437e+01
3.112324782227772084e+04 2.262441194719833604e+01
3.131213534405494283e+04 2.271908409260585771e+01
3.150102286583216483e+04 2.281375623801337937e+01
3.168991038760938682e+04 2.290842838342089749e+01
3.187879790938661245e+04 2.300310052882842271e+01
3.206768543116383444e+04 2.309777267423594438e+01
3.225657295294105643e+04 2.319244481964346605e+01
3.244546047471827842e+04 2.328711696505098416e+01
3.263434799649550041e+04 2.338178911045850583e+01
3.282323551827272604e+04 2.347646125586603105e+01
3.301212304004994803e+04 2.357113340127354917e+01
3.320101056182717002e+04 2.366580554668107084e+01
3.338989808360439201e+04 2.376047769208859251e+01
3.357878560538161400e+04 2.385514983749611417e+01
3.376767312715883600e+04 2.394982198290363584e+01
3.395656064893606526e+04 2.404449412831115751e+01
3.414544817071327998e+04 2.413916627371867563e+01
3.433433569249050925e+04 2.423383841912620085e+01
3.452322321426773124e+04 2.432851056453372252e+01
3.471211073604495323e+04 2.442318270994124418e+01
3.490099825782217522e+04 2.451785485534876230e+01
3.508988577959939721e+04 2.461252700075628397e+01
3.527877330137661920e+04 2.470719914616380564e+01
3.546766082315384119e+04 2.480187129157132730e+01
3.565654834493107046e+04 2.489654343697885253e+01
3.584543586670828518e+04 2.499121558238637064e+01
3.603432338848551444e+04 2.508588772779389231e+01
3.622321091026273643e+04 2.518055987320141398e+01
3.641209843203995842e+04 2.527523201860893565e+01
3.660098595381718042e+04 2.536990416401645732e+01
3.678987347559440241e+04 2.546457630942397898e+01
3.697876099737162440e+04 2.555924845483149710e+01
3.716764851914884639e+04 2.565392060023901877e+01
3.735653604092607566e+04 2.574859274564654399e+01
3.754542356270329037e+04 2.584326489105406210e+01
3.773431108448051964e+04 2.593793703646158733e+01
3.792319860625774163e+04 2.603260918186910899e+01
3.811208612803496362e+04 2.612728132727662711e+01
3.830097364981218561e+04 2.622195347268414878e+01
3.848986117158940760e+04 2.631662561809167045e+01
3.867874869336662960e+04 2.641129776349919211e+01
3.886763621514385159e+04 2.650596990890671378e+01
3.905652373692108085e+04 2.660064205431423545e+01
3.924541125869829557e+04 2.669531419972175357e+01
3.943429878047552484e+04 2.678998634512927879e+01
3.962318630225274683e+04 2.688465849053680046e+01
3.981207382402996882e+04 2.697933063594432213e+01
4.000096134580719081e+04 2.707400278135184379e+01
4.018984886758441280e+04 2.716867492675936191e+01
4.037873638936163479e+04 2.726334707216688358e+01
4.056762391113885678e+04 2.735801921757440525e+01
4.075651143291608605e+04 2.745269136298193047e+01
4.094539895469330077e+04 2.754736350838944858e+01
4.113428647647053003e+04 2.764203565379697025e+01
4.132317399824774475e+04 2.773670779920448837e+01
4.151206152002497402e+04 2.783137994461201359e+01
4.170094904180219601e+04 2.792605209001953526e+01
4.188983656357941800e+04 2.802072423542705693e+01
4.207872408535663999e+04 2.811539638083457859e+01
4.226761160713386198e+04 2.821006852624209671e+01
4.245649912891109125e+04 2.830474067164962193e+01
4.264538665068830596e+04 2.839941281705714005e+01
4.283427417246553523e+04 2.849408496246466527e+01
4.302316169424274995e+04 2.858875710787218338e+01
4.321204921601997921e+04 2.868342925327970505e+01
4.340093673779720120e+04 2.877810139868722672e+01
4.358982425957442319e+04 2.887277354409474839e+01
4.377871178135164519e+04 2.896744568950227006e+01
4.396759930312886718e+04 2.906211783490979172e+01
4.415648682490609644e+04 2.915678998031731695e+01
4.434537434668331116e+04 2.925146212572483151e+01
4.453426186846054043e+04 2.934613427113235673e+01
4.472314939023775514e+04 2.944080641653987485e+01
4.491203691201498441e+04 2.953547856194740007e+01
4.510092443379220640e+04 2.963015070735492174e+01
4.528981195556942839e+04 2.972482285276243985e+01
4.547869947734665038e+04 2.981949499816996152e+01
4.566758699912387237e+04 2.991416714357748319e+01
4.585647452090109437e+04 3.000883928898500486e+01
4.604536204267831636e+04 3.010351143439252652e+01
4.623424956445554562e+04 3.019818357980004819e+01
4.642313708623276762e+04 3.029285572520756986e+01
4.661202460800998961e+04 3.038752787061509153e+01
4.680091212978721160e+04 3.048220001602261320e+01
4.698979965156443359e+04 3.057687216143013487e+01
4.717868717334165558e+04 3.067154430683765653e+01
4.736757469511887757e+04 3.076621645224517465e+01
4.755646221689609956e+04 3.086088859765269632e+01
4.774534973867332155e+04 3.095556074306021799e+01
4.793423726045055082e+04 3.105023288846774321e+01
4.812312478222777281e+04 3.114490503387526488e+01
4.831201230400499480e+04 3.123957717928278299e+01
4.850089982578221679e+04 3.133424932469030466e+01
4.868978734755943879e+04 3.142892147009782633e+01
4.887867486933666078e+04 3.152359361550534800e+01
4.906756239111388277e+04 3.161826576091286967e+01
4.925644991289110476e+04 3.171293790632039133e+01
4.944533743466832675e+04 3.180761005172790945e+01
4.963422495644555602e+04 3.190228219713543467e+01
4.982311247822277801e+04 3.199695434254295634e+01
5.001200000000000000e+04 3.209162648795047801e+01
