2.493315000000000055e+03 5.042895973292320200e+00
2.513356452905811693e+03 5.083609305819948077e+00
2.533397905811623332e+03 5.123978833777806940e+00
2.553439358717434970e+03 5.164007142579272625e+00
2.573480811623246609e+03 5.203696806838651767e+00
2.593522264529058248e+03 5.243050390386708060e+00
2.613563717434869432e+03 5.282070446286183163e+00
2.633605170340681525e+03 5.320759516847319404e+00
2.653646623246493164e+03 5.359120133643402895e+00
2.673688076152304802e+03 5.397154817526265802e+00
2.693729529058115986e+03 5.434866078641830356e+00
2.713770981963928079e+03 5.472256416445631544e+00
2.733812434869739718e+03 5.509328319718338030e+00
2.753853887775551357e+03 5.546084266581291722e+00
2.773895340681362541e+03 5.582526724512018035e+00
2.793936793587174179e+03 5.618658150359759240e+00
2.813978246492986273e+03 5.654480990361006931e+00
2.834019699398797911e+03 5.689997680155017612e+00
2.854061152304609095e+03 5.725210644799350490e+00
2.874102605210420734e+03 5.760122298785383066e+00
2.894144058116232827e+03 5.794735046053842709e+00
2.914185511022044011e+03 5.829051280010337344e+00
2.934226963927855650e+03 5.863073383540871930e+00
2.954268416833667288e+03 5.896803729027384477e+00
2.974309869739479382e+03 5.930244678363273181e+00
2.994351322645290566e+03 5.963398582968905792e+00
3.014392775551102204e+03 5.996267783807166296e+00
3.034434228456913843e+03 6.028854611398975827e+00
3.054475681362725481e+03 6.061161385838811810e+00
3.074517134268537120e+03 6.093190416810244869e+00
3.094558587174348759e+03 6.124944003601456188e+00
3.114600040080160397e+03 6.156424435120770866e+00
3.134641492985972036e+03 6.187633989912173504e+00
3.154682945891783675e+03 6.218574936170853107e+00
3.174724398797595313e+03 6.249249531758712450e+00
3.194765851703406952e+03 6.279660024219902326e+00
3.214807304609218590e+03 6.309808650796352225e+00
3.234848757515030229e+03 6.339697638443281491e+00
3.254890210420841868e+03 6.369329203844742437e+00
3.274931663326653506e+03 6.398705553429135939e+00
3.294973116232465145e+03 6.427828883384746561e+00
3.315014569138276784e+03 6.456701379675261698e+00
3.335056022044088422e+03 6.485325218055299601e+00
3.355097474949900061e+03 6.513702564085940949e+00
3.375138927855711700e+03 6.541835573150244443e+00
3.395180380761523338e+03 6.569726390468790811e+00
3.415221833667334977e+03 6.597377151115189520e+00
3.435263286573146615e+03 6.624789980031614789e+00
3.455304739478958254e+03 6.651966992044338056e+00
3.475346192384769893e+03 6.678910291879239125e+00
3.495387645290581531e+03 6.705621974177356392e+00
3.515429098196392715e+03 6.732104123510376681e+00
3.535470551102204809e+03 6.758358814396204117e+00
3.555512004008016447e+03 6.784388111314454406e+00
3.575553456913828086e+03 6.810194068721996175e+00
3.595594909819639270e+03 6.835778731068469227e+00
3.615636362725450908e+03 6.861144132811828555e+00
3.635677815631263002e+03 6.886292298433849268e+00
3.655719268537074640e+03 6.911225242455656392e+00
3.675760721442885824e+03 6.935944969453267994e+00
3.695802174348697463e+03 6.960453474073103663e+00
3.715843627254509556e+03 6.984752741047518754e+00
3.735885080160320285e+03 7.008844745210337734e+00
3.755926533066132379e+03 7.032731451512356458e+00
3.775967985971944017e+03 7.056414815036905708e+00
3.796009438877756111e+03 7.079896781015338370e+00
3.816050891783567749e+03 7.103179284842582319e+00
3.836092344689378933e+03 7.126264252092663121e+00
3.856133797595190572e+03 7.149153598534223164e+00
3.876175250501002665e+03 7.171849230146049692e+00
3.896216703406813394e+03 7.194353043132597492e+00
3.916258156312625488e+03 7.216666923939536460e+00
3.936299609218437126e+03 7.238792749269249427e+00
3.956341062124248310e+03 7.260732386096379720e+00
3.976382515030059949e+03 7.282487691683339648e+00
3.996423967935871588e+03 7.304060513595857174e+00
4.016465420841683681e+03 7.325452689718486177e+00
4.036506873747495320e+03 7.346666048270138916e+00
4.056548326653306503e+03 7.367702407819619381e+00
4.076589779559118142e+03 7.388563577301132668e+00
4.096631232464929781e+03 7.409251356029828983e+00
4.116672685370741419e+03 7.429767533717321903e+00
4.136714138276553058e+03 7.450113890487204849e+00
4.156755591182364697e+03 7.470292196890612857e+00
4.176797044088176335e+03 7.490304213921694654e+00
4.196838496993988883e+03 7.510151693033189524e+00
4.216879949899799612e+03 7.529836376151928690e+00
4.236921402805611251e+03 7.549359995694368664e+00
4.256962855711422890e+03 7.568724274582102396e+00
4.277004308617234528e+03 7.587930926257408615e+00
4.297045761523046167e+03 7.606981654698778073e+00
4.317087214428857806e+03 7.625878154436411371e+00
4.337128667334669444e+03 7.644622110567776296e+00
4.357170120240481083e+03 7.663215198773116299e+00
4.377211573146292722e+03 7.681659085330991843e+00
4.397253026052104360e+03 7.699955427133793329e+00
4.417294478957915999e+03 7.718105871703260235e+00
4.437335931863727637e+03 7.736112057206042891e+00
4.457377384769539276e+03 7.753975612469188761e+00
4.477418837675350915e+03 7.771698156995691775e+00
4.497460290581162553e+03 7.789281300980013256e+00
4.517501743486974192e+03 7.806726645323600167e+00
4.537543196392785831e+03 7.824035781650437116e+00
4.557584649298597469e+03 7.841210292322537967e+00
4.577626102204409108e+03 7.858251750455488960e+00
4.597667555110220746e+03 7.875161719933998938e+00
4.617709008016032385e+03 7.891941755427376748e+00
4.637750460921844024e+03 7.908593402405090345e+00
4.657791913827655662e+03 7.925118197152290378e+00
4.677833366733467301e+03 7.941517666785328444e+00
4.697874819639278940e+03 7.957793329267303761e+00
4.717916272545089669e+03 7.973946693423547671e+00
4.737957725450902217e+03 7.989979258957193409e+00
4.757999178356713855e+03 8.005892516464685471e+00
4.778040631262525494e+03 8.021687947451290768e+00
4.798082084168337133e+03 8.037367024346659505e+00
4.818123537074148771e+03 8.052931210520325678e+00
4.838164989979960410e+03 8.068381960297235977e+00
4.858206442885772049e+03 8.083720718973278707e+00
4.878247895791582778e+03 8.098948922830821573e+00
4.898289348697395326e+03 8.114067999154219279e+00
4.918330801603206965e+03 8.129079366245354876e+00
4.938372254509017694e+03 8.143984433439166892e+00
4.958413707414830242e+03 8.158784601119160484e+00
4.978455160320641880e+03 8.173481260732929243e+00
4.998496613226453519e+03 8.188075794807724961e+00
5.018538066132265158e+03 8.202569576965938580e+00
5.038579519038075887e+03 8.216963971940641542e+00
5.058620971943888435e+03 8.231260335591125354e+00
5.078662424849699164e+03 8.245460014918393199e+00
5.098703877755510803e+03 8.259564348080738583e+00
5.118745330661322441e+03 8.273574664409212076e+00
5.138786783567134989e+03 8.287492284423208844e+00
5.158828236472945719e+03 8.301318519845935384e+00
5.178869689378758267e+03 8.315054673619986403e+00
5.198911142284568996e+03 8.328702039922839973e+00
5.218952595190381544e+03 8.342261904182397103e+00
5.238994048096192273e+03 8.355735543092503548e+00
5.259035501002004821e+03 8.369124224628478714e+00
5.279076953907815550e+03 8.382429208062641024e+00
5.299118406813628098e+03 8.395651743979840376e+00
5.319159859719438828e+03 8.408793074292965741e+00
5.339201312625251376e+03 8.421854432258486511e+00
5.359242765531062105e+03 8.434837042491993842e+00
5.379284218436874653e+03 8.447742120983704694e+00
5.399325671342685382e+03 8.460570875113967659e+00
5.419367124248497021e+03 8.473324503668855812e+00
5.439408577154308659e+03 8.486004196855628123e+00
5.459450030060121207e+03 8.498611136318286796e+00
5.479491482965931937e+03 8.511146495153099067e+00
5.499532935871743575e+03 8.523611437924113687e+00
5.519574388777555214e+03 8.536007120678716475e+00
5.539615841683366853e+03 8.548334690963120153e+00
5.559657294589178491e+03 8.560595287837903911e+00
5.579698747494990130e+03 8.572790041893561863e+00
5.599740200400801768e+03 8.584920075265994655e+00
5.619781653306614317e+03 8.596986501652054358e+00
5.639823106212425046e+03 8.608990426325073386e+00
5.659864559118236684e+03 8.620932946150380971e+00
5.679906012024048323e+03 8.632815149600844506e+00
5.699947464929859962e+03 8.644638116772373593e+00
5.719988917835671600e+03 8.656402919399480922e+00
5.740030370741483239e+03 8.668110620870741911e+00
5.760071823647294877e+03 8.679762276244423091e+00
5.780113276553107426e+03 8.691358932263909765e+00
5.800154729458918155e+03 8.702901627373302418e+00
5.820196182364729793e+03 8.714391391732892345e+00
5.840237635270541432e+03 8.725829247234727859e+00
5.860279088176353071e+03 8.737216207518109456e+00
5.880320541082164709e+03 8.748553277985143595e+00
5.900361993987976348e+03 8.759841455816253841e+00
5.920403446893787986e+03 8.771081729985716890e+00
5.940444899799600535e+03 8.782275081277150619e+00
5.960486352705411264e+03 8.793422482299110499e+00
5.980527805611222902e+03 8.804524897500556335e+00
6.000569258517034541e+03 8.815583283186411379e+00
6.020610711422845270e+03 8.826598587533062812e+00
6.040652164328657818e+03 8.837571750603919085e+00
6.060693617234469457e+03 8.848503704364901523e+00
6.080735070140281096e+03 8.859395372700005211e+00
6.100776523046091825e+03 8.870247671426801261e+00
6.120817975951904373e+03 8.881061508311994146e+00
6.140859428857715102e+03 8.891837783086868896e+00
6.160900881763527650e+03 8.902577387462939029e+00
6.180942334669338379e+03 8.913281205147375985e+00
6.200983787575150927e+03 8.923950111858566459e+00
6.221025240480962566e+03 8.934584975341651969e+00
6.241066693386774205e+03 8.945186655384027574e+00
6.261108146292584934e+03 8.955756003830904532e+00
6.281149599198397482e+03 8.966293864600810792e+00
6.301191052104208211e+03 8.976801073701103917e+00
6.321232505010020759e+03 8.987278459243542628e+00
6.341273957915831488e+03 8.997726841459771308e+00
6.361315410821643127e+03 9.008147032716884439e+00
6.381356863727454765e+03 9.018539837532900449e+00
6.401398316633267314e+03 9.028906052592329701e+00
6.421439769539078043e+03 9.039246466761708731e+00
6.441481222444890591e+03 9.049561861105079430e+00
6.461522675350701320e+03 9.059853008899578342e+00
6.481564128256513868e+03 9.070120675650899855e+00
6.501605581162324597e+03 9.080365619108864195e+00
6.521647034068136236e+03 9.090588589282916132e+00
6.541688486973947875e+03 9.100790328457696532e+00
6.561729939879760423e+03 9.110971571208530406e+00
6.581771392785571152e+03 9.121133044416934510e+00
6.601812845691383700e+03 9.131275467286210201e+00
6.621854298597194429e+03 9.141399551356903075e+00
6.641895751503006977e+03 9.151506000522369177e+00
6.661937204408817706e+03 9.161595511044296813e+00
6.681978657314629345e+03 9.171668771568210587e+00
6.702020110220440984e+03 9.181726463139019856e+00
6.722061563126252622e+03 9.191769259216545862e+00
6.742103016032064261e+03 9.201797825691032884e+00
6.762144468937876809e+03 9.211812820898689580e+00
6.782185921843687538e+03 9.221814895637184151e+00
6.802227374749499177e+03 9.231804693181246080e+00
6.822268827655310815e+03 9.241782849298088465e+00
6.842310280561122454e+03 9.251749992263022193e+00
6.862351733466934093e+03 9.261706742874940446e+00
6.882393186372745731e+03 9.271653714471835173e+00
6.902434639278557370e+03 9.281591512946375744e+00
6.922476092184369918e+03 9.291520736761357924e+00
6.942517545090180647e+03 9.301441976965305614e+00
6.962558997995992286e+03 9.311355817207962460e+00
6.982600450901803924e+03 9.321262833755810107e+00
7.002641903807615563e+03 9.331163595507616648e+00
7.022683356713427202e+03 9.341058664009938894e+00
7.042724809619238840e+03 9.350948593472647730e+00
7.062766262525050479e+03 9.360833930784515644e+00
7.082807715430862118e+03 9.370715215528674591e+00
7.102849168336673756e+03 9.380592979998137793e+00
7.122890621242484485e+03 9.390467749211381943e+00
7.142932074148297033e+03 9.400340040927844143e+00
7.162973527054108672e+03 9.410210365663424170e+00
7.183014979959920311e+03 9.420079226706068454e+00
7.203056432865731949e+03 9.429947120131247473e+00
7.223097885771543588e+03 9.439814534817468683e+00
7.243139338677355227e+03 9.449681952461904899e+00
7.263180791583166865e+03 9.459549847595777550e+00
7.283222244488977594e+03 9.469418687599981510e+00
7.303263697394790142e+03 9.479288932720587368e+00
7.323305150300600872e+03 9.489161036084361456e+00
7.343346603206413420e+03 9.499035443714300087e+00
7.363388056112224149e+03 9.508912594545138930e+00
7.383429509018036697e+03 9.518792920438890803e+00
7.403470961923848336e+03 9.528676846200399453e+00
7.423512414829659974e+03 9.538564789592797410e+00
7.443553867735470703e+03 9.548457161353136158e+00
7.463595320641283251e+03 9.558354365207767600e+00
7.483636773547093981e+03 9.568256797888020415e+00
7.503678226452906529e+03 9.578164849145654358e+00
7.523719679358718167e+03 9.588078901768355422e+00
7.543761132264529806e+03 9.597999331595330474e+00
7.563802585170340535e+03 9.607926507532800642e+00
7.583844038076153083e+03 9.617860791569521339e+00
7.603885490981963812e+03 9.627802538792305853e+00
7.623926943887775451e+03 9.637752097401589779e+00
7.643968396793587090e+03 9.647709808726929737e+00
7.664009849699398728e+03 9.657676007242489646e+00
7.684051302605210367e+03 9.667651020582651356e+00
7.704092755511022915e+03 9.677635169557497363e+00
7.724134208416834554e+03 9.687628768168309534e+00
7.744175661322644373e+03 9.697632123623161959e+00
7.764217114228456921e+03 9.707645536352362825e+00
7.784258567134269470e+03 9.717669300024063261e+00
7.804300020040080199e+03 9.727703701559752503e+00
7.824341472945891837e+03 9.737749021149753048e+00
7.844382925851704385e+03 9.747805532268783324e+00
7.864424378757516024e+03 9.757873501691474161e+00
7.884465831663326753e+03 9.767953189507931455e+00
7.904507284569139301e+03 9.778044849139163830e+00
7.924548737474950030e+03 9.788148727352725231e+00
7.944590190380761669e+03 9.798265064278171010e+00
7.964631643286573308e+03 9.808394093422588611e+00
7.984673096192384946e+03 9.818536041686179772e+00
8.004714549098196585e+03 9.828691129377665092e+00
8.024756002004009133e+03 9.838859570229967488e+00
8.044797454909819862e+03 9.849041571415648733e+00
8.064838907815630591e+03 9.859237333562408168e+00
8.084880360721443139e+03 9.869447050768698659e+00
8.104921813627255688e+03 9.879670910619150703e+00
8.124963266533066417e+03 9.889909094200207917e+00
8.145004719438878055e+03 9.900161776115561807e+00
8.165046172344689694e+03 9.910429124501719755e+00
8.185087625250502242e+03 9.920711301043555252e+00
8.205129078156312971e+03 9.931008460989751541e+00
8.225170531062125519e+03 9.941320753168417568e+00
8.245211983967936249e+03 9.951648320002583148e+00
8.265253436873746978e+03 9.961991297525694122e+00
8.285294889779559526e+03 9.972349815397206996e+00
8.305336342685372074e+03 9.982723996918011267e+00
8.325377795591182803e+03 9.993113959046075578e+00
8.345419248496993532e+03 1.000351981241187893e+01
8.365460701402806080e+03 1.001394166133401775e+01
8.385502154308616809e+03 1.002437960383464777e+01
8.405543607214429358e+03 1.003483373165508397e+01
8.425585060120240087e+03 1.004530413027126201e+01
8.445626513026052635e+03 1.005579087890933110e+01
8.465667965931865183e+03 1.006629405056111537e+01
8.485709418837675912e+03 1.007681371199972098e+01
8.505750871743486641e+03 1.008734992379495132e+01
8.525792324649299189e+03 1.009790274032897983e+01
8.545833777555111737e+03 1.010847220981169414e+01
8.565875230460922467e+03 1.011905837429638311e+01
8.585916683366733196e+03 1.012966126969520175e+01
8.605958136272545744e+03 1.014028092579468421e+01
8.625999589178358292e+03 1.015091736627129038e+01
8.646041042084169021e+03 1.016157060870689044e+01
8.666082494989979750e+03 1.017224066460437548e+01
8.686123947895792298e+03 1.018292753940311535e+01
8.706165400801603028e+03 1.019363123249451597e+01
8.726206853707415576e+03 1.020435173723751454e+01
8.746248306613226305e+03 1.021508904097413506e+01
8.766289759519037034e+03 1.022584312504500481e+01
8.786331212424851401e+03 1.023661396480488328e+01
8.806372665330662130e+03 1.024740152963818041e+01
8.826414118236472859e+03 1.025820578297452279e+01
8.846455571142285407e+03 1.026902668230419913e+01
8.866497024048097956e+03 1.027986417919375128e+01
8.886538476953908685e+03 1.029071821930151565e+01
8.906579929859719414e+03 1.030158874239305611e+01
8.926621382765531962e+03 1.031247568235682799e+01
8.946662835671342691e+03 1.032337896721955950e+01
8.966704288577155239e+03 1.033429851916190678e+01
8.986745741482965968e+03 1.034523425453384782e+01
9.006787194388778516e+03 1.035618608387037831e+01
9.026828647294589246e+03 1.036715391190685054e+01
9.046870100200401794e+03 1.037813763759467101e+01
9.066911553106212523e+03 1.038913715411669259e+01
9.086953006012023252e+03 1.040015234890279316e+01
9.106994458917837619e+03 1.041118310364543298e+01
9.127035911823648348e+03 1.042222929431515865e+01
9.147077364729459077e+03 1.043329079117611791e+01
9.167118817635271625e+03 1.044436745880156359e+01
9.187160270541082355e+03 1.045545915608942344e+01
9.207201723446894903e+03 1.046656573627783260e+01
9.227243176352705632e+03 1.047768704696060738e+01
9.247284629258516361e+03 1.048882293010283284e+01
9.267326082164328909e+03 1.049997322205637396e+01
9.287367535070141457e+03 1.051113775357529967e+01
9.307408987975952186e+03 1.052231634983159303e+01
9.327450440881762916e+03 1.053350883043055930e+01
9.347491893787575464e+03 1.054471500942634776e+01
9.367533346693388012e+03 1.055593469533754281e+01
9.387574799599198741e+03 1.056716769116261112e+01
9.407616252505009470e+03 1.057841379439549101e+01
9.427657705410823837e+03 1.058967279704113373e+01
9.447699158316634566e+03 1.060094448563092051e+01
9.467740611222445295e+03 1.061222864123833887e+01
9.487782064128257844e+03 1.062352503949440852e+01
9.507823517034068573e+03 1.063483345060316942e+01
9.527864969939881121e+03 1.064615363935736170e+01
9.547906422845691850e+03 1.065748536515382483e+01
9.567947875751502579e+03 1.066882838200905148e+01
9.587989328657313308e+03 1.068018243857475369e+01
9.608030781563127675e+03 1.069154727815335093e+01
9.628072234468938404e+03 1.070292263871344041e+01
9.648113687374749134e+03 1.071430825290548050e+01
9.668155140280561682e+03 1.072570384807717048e+01
9.688196593186374230e+03 1.073710914628909308e+01
9.708238046092184959e+03 1.074852386433006757e+01
9.728279498997995688e+03 1.075994771373288650e+01
9.748320951903808236e+03 1.077138040078970782e+01
9.768362404809620784e+03 1.078282162656761578e+01
9.788403857715431513e+03 1.079427108692418003e+01
9.808445310621242243e+03 1.080572847252289215e+01
9.828486763527054791e+03 1.081719346884878696e+01
9.848528216432867339e+03 1.082866575622394656e+01
9.868569669338678068e+03 1.084014500982295992e+01
9.888611122244488797e+03 1.085163089968857086e+01
9.908652575150299526e+03 1.086312309074711813e+01
9.928694028056113893e+03 1.087462124282400211e+01
9.948735480961924623e+03 1.088612501065939675e+01
9.968776933867735352e+03 1.089763404392361146e+01
9.988818386773547900e+03 1.090914798723267154e+01
1.000885983967935863e+04 1.092066648016390751e+01
1.002890129258517118e+04 1.093218915727130280e+01
1.004894274549098191e+04 1.094371564810128383e+01
1.006898419839679445e+04 1.095524557720798953e+01
1.008902565130260518e+04 1.096677856416896013e+01
1.010906710420841773e+04 1.097831422360060216e+01
1.012910855711422846e+04 1.098985216517372976e+01
1.014915001002004101e+04 1.100139199362908116e+01
1.016919146292585174e+04 1.101293330879286358e+01
1.018923291583166429e+04 1.102447570559222534e+01
1.020927436873747502e+04 1.103601877407089127e+01
1.022931582164328574e+04 1.104756209940458689e+01
1.024935727454910011e+04 1.105910526191662235e+01
1.026939872745491084e+04 1.107064783709334499e+01
1.028944018036072157e+04 1.108218939559974636e+01
1.030948163326653412e+04 1.109372950329498231e+01
1.032952308617234485e+04 1.110526772124787520e+01
1.034956453907815740e+04 1.111680360575241622e+01
1.036960599198396812e+04 1.112833670834330668e+01
1.038964744488977885e+04 1.113986657581153494e+01
1.040968889779559140e+04 1.115139275021984844e+01
1.042973035070140395e+04 1.116291476891828438e+01
1.044977180360721468e+04 1.117443216455974309e+01
1.046981325651302541e+04 1.118594446511544405e+01
1.048985470941883796e+04 1.119745119389048149e+01
1.050989616232465050e+04 1.120895186953937284e+01
1.052993761523046123e+04 1.122044600608159470e+01
1.054997906813627196e+04 1.123193311291701590e+01
1.057002052104208633e+04 1.124341269484156847e+01
1.059006197394789706e+04 1.125488425206264331e+01
1.061010342685370779e+04 1.126634728021468668e+01
1.063014487975952034e+04 1.127780127037471658e+01
1.065018633266533107e+04 1.128924570907783398e+01
1.067022778557114361e+04 1.130068007833275345e+01
1.069026923847695434e+04 1.131210385563738186e+01
1.071031069138276507e+04 1.132351651399420689e+01
1.073035214428857762e+04 1.133491752192601254e+01
1.075039359719439017e+04 1.134630634349122502e+01
1.077043505010020090e+04 1.135768243829959978e+01
1.079047650300601163e+04 1.136904526152756745e+01
1.081051795591182417e+04 1.138039426393400788e+01
1.083055940881763672e+04 1.139172889187543980e+01
1.085060086172344745e+04 1.140304858732194582e+01
1.087064231462925818e+04 1.141435278787233720e+01
1.089068376753507255e+04 1.142564092676989596e+01
1.091072522044088146e+04 1.143691243291783977e+01
1.093076667334669401e+04 1.144816673089484382e+01
1.095080812625250474e+04 1.145940324097054841e+01
1.097084957915831728e+04 1.147062137912116064e+01
1.099089103206412983e+04 1.148182055704490523e+01
1.101093248496994056e+04 1.149300018217753916e+01
1.103097393787575129e+04 1.150415965770798365e+01
1.105101539078156384e+04 1.151529838259370742e+01
1.107105684368737639e+04 1.152641575157638876e+01
1.109109829659318711e+04 1.153751115519735748e+01
1.111113974949899784e+04 1.154858397981311668e+01
1.113118120240481039e+04 1.155963360761095338e+01
1.115122265531062294e+04 1.157065941662435726e+01
1.117126410821643367e+04 1.158166078074861360e+01
1.119130556112224440e+04 1.159263706975633390e+01
1.121134701402805513e+04 1.160358764931294751e+01
1.123138846693386768e+04 1.161451188099222520e+01
1.125142991983968022e+04 1.162540912229187917e+01
1.127147137274549095e+04 1.163627872664896223e+01
1.129151282565130168e+04 1.164712004345553353e+01
1.131155427855711605e+04 1.165793241807405423e+01
1.133159573146292678e+04 1.166871519185301764e+01
1.135163718436873751e+04 1.167946770214242491e+01
1.137167863727454824e+04 1.169018928230933874e+01
1.139172009018036260e+04 1.170087926175334125e+01
1.141176154308617333e+04 1.171153696592223881e+01
1.143180299599198406e+04 1.172216171632728177e+01
1.145184444889779661e+04 1.173275283055896878e+01
1.147188590180360734e+04 1.174330962230250996e+01
1.149192735470941989e+04 1.175383140135327054e+01
1.151196880761523062e+04 1.176431747363233882e+01
1.153201026052104135e+04 1.177476714120207646e+01
1.155205171342685389e+04 1.178517970228162604e+01
1.157209316633266644e+04 1.179555445126246838e+01
1.159213461923847717e+04 1.180589067872384490e+01
1.161217607214428790e+04 1.181618767144843574e+01
1.163221752505010045e+04 1.182644471243779449e+01
1.165225897795591300e+04 1.183666108092783809e+01
1.167230043086172373e+04 1.184683605240450710e+01
1.169234188376753445e+04 1.185696889861908865e+01
1.171238333667334882e+04 1.186705888760402949e+01
1.173242478957915955e+04 1.187710528368820384e+01
1.175246624248497028e+04 1.188710734751249376e+01
1.177250769539078283e+04 1.189706433604544600e+01
1.179254914829659356e+04 1.190697550259862325e+01
1.181259060120240611e+04 1.191684009684227519e+01
1.183263205410821683e+04 1.192665736482081762e+01
1.185267350701402756e+04 1.193642654896826905e+01
1.187271495991984011e+04 1.194614688812393233e+01
1.189275641282565266e+04 1.195581761754780104e+01
1.191279786573146339e+04 1.196543796893614342e+01
1.193283931863727412e+04 1.197500717043699225e+01
1.195288077154308667e+04 1.198452444666574479e+01
1.197292222444889921e+04 1.199398901872056200e+01
1.199296367735470994e+04 1.200340010419808046e+01
1.201300513026052067e+04 1.201275691720865346e+01
1.203304658316633504e+04 1.202205866839222637e+01
1.205308803607214395e+04 1.203130456493363099e+01
1.207312948897795650e+04 1.204049381057813939e+01
1.209317094188376905e+04 1.204962560564703544e+01
1.211321239478957796e+04 1.205869914705314550e+01
1.213325384769539232e+04 1.206771362831632821e+01
1.215329530060120305e+04 1.207666823957900881e+01
1.217333675350701378e+04 1.208556216762176660e+01
1.219337820641282633e+04 1.209439459587876087e+01
1.221341965931863888e+04 1.210316470445332904e+01
1.223346111222444961e+04 1.211187167013349786e+01
1.225350256513026034e+04 1.212051466640745900e+01
1.227354401803607288e+04 1.212909286347920634e+01
1.229358547094188543e+04 1.213760542828394051e+01
1.231362692384769616e+04 1.214605152450369197e+01
1.233366837675350689e+04 1.215443031258276108e+01
1.235370982965932126e+04 1.216274094974335007e+01
1.237375128256513017e+04 1.217098259000099425e+01
1.239379273547094272e+04 1.217915438418008911e+01
1.241383418837675526e+04 1.223688490460162548e+01
1.260258879044521382e+04 1.234011840615622191e+01
1.279134339251367237e+04 1.244335190771081656e+01
1.298009799458213092e+04 1.254658540926541122e+01
1.316885259665058948e+04 1.264981891082000587e+01
1.335760719871904803e+04 1.275305241237460230e+01
1.354636180078750658e+04 1.285628591392919873e+01
1.373511640285596513e+04 1.295951941548379338e+01
1.392387100492442369e+04 1.306275291703838803e+01
1.411262560699288224e+04 1.316598641859298446e+01
1.430138020906134079e+04 1.326921992014758089e+01
1.449013481112979935e+04 1.337245342170217555e+01
1.467888941319825608e+04 1.347568692325677020e+01
1.486764401526671645e+04 1.357892042481136663e+01
1.505639861733517318e+04 1.368215392636595951e+01
1.524515321940363356e+04 1.378538742792055594e+01
1.543390782147209029e+04 1.388862092947515059e+01
1.562266242354055066e+04 1.399185443102974702e+01
1.581141702560900740e+04 1.409508793258434167e+01
1.600017162767746777e+04 1.419832143413893810e+01
1.618892622974592450e+04 1.430155493569353276e+01
1.637768083181438305e+04 1.440478843724812741e+01
1.656643543388284161e+04 1.450802193880272384e+01
1.675519003595130198e+04 1.461125544035732027e+01
1.694394463801975871e+04 1.471448894191191492e+01
1.713269924008821545e+04 1.481772244346650780e+01
1.732145384215667582e+04 1.492095594502110423e+01
1.751020844422513619e+04 1.502418944657570066e+01
1.769896304629359292e+04 1.512742294813029531e+01
1.788771764836204966e+04 1.523065644968488996e+01
1.807647225043051003e+04 1.533388995123948639e+01
1.826522685249897040e+04 1.543712345279408282e+01
1.845398145456742714e+04 1.554035695434867748e+01
1.864273605663588387e+04 1.564359045590327213e+01
1.883149065870434424e+04 1.574682395745786856e+01
1.902024526077280461e+04 1.585005745901246499e+01
1.920899986284126135e+04 1.595329096056705964e+01
1.939775446490971808e+04 1.605652446212165074e+01
1.958650906697817845e+04 1.615975796367624895e+01
1.977526366904663882e+04 1.626299146523084715e+01
1.996401827111509556e+04 1.636622496678543826e+01
2.015277287318355229e+04 1.646945846834003646e+01
2.034152747525201266e+04 1.657269196989463111e+01
2.053028207732046940e+04 1.667592547144922577e+01
2.071903667938892977e+04 1.677915897300382397e+01
2.090779128145738650e+04 1.688239247455841507e+01
2.109654588352584688e+04 1.698562597611301328e+01
2.128530048559430725e+04 1.708885947766761149e+01
2.147405508766276034e+04 1.719209297922220259e+01
2.166280968973122071e+04 1.729532648077680079e+01
2.185156429179968109e+04 1.739855998233139189e+01
2.204031889386813782e+04 1.750179348388599010e+01
2.222907349593659455e+04 1.760502698544058120e+01
2.241782809800505493e+04 1.770826048699517941e+01
2.260658270007351530e+04 1.781149398854977761e+01
2.279533730214197203e+04 1.791472749010436871e+01
2.298409190421042877e+04 1.801796099165896692e+01
2.317284650627888914e+04 1.812119449321356157e+01
2.336160110834734951e+04 1.822442799476815622e+01
2.355035571041580624e+04 1.832766149632275443e+01
2.373911031248426298e+04 1.843089499787734553e+01
2.392786491455272335e+04 1.853412849943194374e+01
2.411661951662118372e+04 1.863736200098654194e+01
2.430537411868964045e+04 1.874059550254113304e+01
2.449412872075809719e+04 1.884382900409572770e+01
2.468288332282655756e+04 1.894706250565032235e+01
2.487163792489501793e+04 1.905029600720492056e+01
2.506039252696347467e+04 1.915352950875951521e+01
2.524914712903193140e+04 1.925676301031410986e+01
2.543790173110039177e+04 1.935999651186870807e+01
2.562665633316885214e+04 1.946323001342330272e+01
2.581541093523730888e+04 1.956646351497789738e+01
2.600416553730576561e+04 1.966969701653249203e+01
2.619292013937422598e+04 1.977293051808708668e+01
2.638167474144268635e+04 1.987616401964168489e+01
2.657042934351114309e+04 1.997939752119627599e+01
2.675918394557959982e+04 2.008263102275087419e+01
2.694793854764806019e+04 2.018586452430546885e+01
2.713669314971652057e+04 2.028909802586006350e+01
2.732544775178497730e+04 2.039233152741466171e+01
2.751420235385343403e+04 2.049556502896925281e+01
2.770295695592189441e+04 2.059879853052385101e+01
2.789171155799035114e+04 2.070203203207844567e+01
2.808046616005880787e+04 2.080526553363304032e+01
2.826922076212726824e+04 2.090849903518763853e+01
2.845797536419572862e+04 2.101173253674223318e+01
2.864672996626418535e+04 2.111496603829682783e+01
2.883548456833264208e+04 2.121819953985141893e+01
2.902423917040110246e+04 2.132143304140601714e+01
2.921299377246956283e+04 2.142466654296061535e+01
2.940174837453802320e+04 2.152790004451521000e+01
2.959050297660647630e+04 2.163113354606980465e+01
2.977925757867493667e+04 2.173436704762439931e+01
2.996801218074339704e+04 2.183760054917899396e+01
3.015676678281185741e+04 2.194083405073359216e+01
3.034552138488031051e+04 2.204406755228818326e+01
3.053427598694877088e+04 2.214730105384278147e+01
3.072303058901723125e+04 2.225053455539737612e+01
3.091178519108568435e+04 2.235376805695197078e+01
3.110053979315414472e+04 2.245700155850656543e+01
3.128929439522260509e+04 2.256023506006116364e+01
3.147804899729106546e+04 2.266346856161575829e+01
3.166680359935951856e+04 2.276670206317035294e+01
3.185555820142797893e+04 2.286993556472494760e+01
3.204431280349643930e+04 2.297316906627954580e+01
3.223306740556489967e+04 2.307640256783414046e+01
3.242182200763335277e+04 2.317963606938873156e+01
3.261057660970181314e+04 2.328286957094332976e+01
3.279933121177027351e+04 2.338610307249792442e+01
3.298808581383873388e+04 2.348933657405252262e+01
3.317684041590718698e+04 2.359257007560711372e+01
3.336559501797564735e+04 2.369580357716171193e+01
3.355434962004410772e+04 2.379903707871630658e+01
3.374310422211256810e+04 2.390227058027090479e+01
3.393185882418102119e+04 2.400550408182549589e+01
3.412061342624948156e+04 2.410873758338009409e+01
3.430936802831794193e+04 2.421197108493468875e+01
3.449812263038640231e+04 2.431520458648928695e+01
3.468687723245485540e+04 2.441843808804387805e+01
3.487563183452331577e+04 2.452167158959847271e+01
3.506438643659177615e+04 2.462490509115307091e+01
3.525314103866023652e+04 2.472813859270766557e+01
3.544189564072868961e+04 2.483137209426226022e+01
3.563065024279714999e+04 2.493460559581685487e+01
3.581940484486561036e+04 2.503783909737145308e+01
3.600815944693407073e+04 2.514107259892604773e+01
3.619691404900252383e+04 2.524430610048064239e+01
3.638566865107098420e+04 2.534753960203523704e+01
3.657442325313944457e+04 2.545077310358983524e+01
3.676317785520789766e+04 2.555400660514442635e+01
3.695193245727635804e+04 2.565724010669902100e+01
3.714068705934481841e+04 2.576047360825361920e+01
3.732944166141327878e+04 2.586370710980821386e+01
3.751819626348173188e+04 2.596694061136280851e+01
3.770695086555019225e+04 2.607017411291740316e+01
3.789570546761865262e+04 2.617340761447200137e+01
3.808446006968711299e+04 2.627664111602659602e+01
3.827321467175556609e+04 2.637987461758119068e+01
3.846196927382402646e+04 2.648310811913578533e+01
3.865072387589248683e+04 2.658634162069038354e+01
3.883947847796094720e+04 2.668957512224497819e+01
3.902823308002940030e+04 2.679280862379956929e+01
3.921698768209786067e+04 2.689604212535416750e+01
3.940574228416632104e+04 2.699927562690876215e+01
3.959449688623478141e+04 2.710250912846336035e+01
3.978325148830323451e+04 2.720574263001795146e+01
3.997200609037169488e+04 2.730897613157254966e+01
4.016076069244015525e+04 2.741220963312714431e+01
4.034951529450861563e+04 2.751544313468174252e+01
4.053826989657706872e+04 2.761867663623633362e+01
4.072702449864552909e+04 2.772191013779093183e+01
4.091577910071398946e+04 2.782514363934552648e+01
4.110453370278244984e+04 2.792837714090012469e+01
4.129328830485090293e+04 2.803161064245471579e+01
4.148204290691936330e+04 2.813484414400931044e+01
4.167079750898782368e+04 2.823807764556390865e+01
4.185955211105628405e+04 2.834131114711850330e+01
4.204830671312473714e+04 2.844454464867309795e+01
4.223706131519319752e+04 2.854777815022769261e+01
4.242581591726165789e+04 2.865101165178229081e+01
4.261457051933011826e+04 2.875424515333688547e+01
4.280332512139857135e+04 2.885747865489148012e+01
4.299207972346703173e+04 2.896071215644607477e+01
4.318083432553549210e+04 2.906394565800067298e+01
4.336958892760394519e+04 2.916717915955526408e+01
4.355834352967240557e+04 2.927041266110985873e+01
4.374709813174086594e+04 2.937364616266445694e+01
4.393585273380932631e+04 2.947687966421905159e+01
4.412460733587777941e+04 2.958011316577364624e+01
4.431336193794623978e+04 2.968334666732824090e+01
4.450211654001470015e+04 2.978658016888283910e+01
4.469087114208316052e+04 2.988981367043743376e+01
4.487962574415161362e+04 2.999304717199202841e+01
4.506838034622007399e+04 3.009628067354662306e+01
4.525713494828853436e+04 3.019951417510122127e+01
4.544588955035699473e+04 3.030274767665581592e+01
4.563464415242545510e+04 3.040598117821041413e+01
4.582339875449390820e+04 3.050921467976500523e+01
4.601215335656236857e+04 3.061244818131959988e+01
4.620090795863082894e+04 3.071568168287419809e+01
4.638966256069928932e+04 3.081891518442879274e+01
4.657841716276774241e+04 3.092214868598338740e+01
4.676717176483620278e+04 3.102538218753798205e+01
4.695592636690466315e+04 3.112861568909258025e+01
4.714468096897312353e+04 3.123184919064717491e+01
4.733343557104157662e+04 3.133508269220176956e+01
4.752219017311003699e+04 3.143831619375636421e+01
4.771094477517849737e+04 3.154154969531096242e+01
4.789969937724695774e+04 3.164478319686555707e+01
4.808845397931541083e+04 3.174801669842015173e+01
4.827720858138387121e+04 3.185125019997474638e+01
4.846596318345233158e+04 3.195448370152934459e+01
4.865471778552078467e+04 3.205771720308393924e+01
4.884347238758924505e+04 3.216095070463853034e+01
4.903222698965770542e+04 3.226418420619312855e+01
4.922098159172616579e+04 3.236741770774771965e+01
4.940973619379461888e+04 3.247065120930231785e+01
4.959849079586307926e+04 3.257388471085691606e+01
4.978724539793153963e+04 3.267711821241151426e+01
4.997600000000000000e+04 3.278035171396610536e+01
