3.117500000000000000e+02 8.517639955136006025e-01
3.361412825651300409e+02 8.585849774166368631e-01
3.605325651302603092e+02 8.654201698920382935e-01
3.849238476953908048e+02 8.722699557396436099e-01
4.093151302605210731e+02 8.791347120516432856e-01
4.337064128256511140e+02 8.860148102385415614e-01
4.580976953907818370e+02 8.929106160551194549e-01
4.824889779559118779e+02 8.998224896264026551e-01
5.068802605210421461e+02 9.067507854736175377e-01
5.312715430861721870e+02 9.136958525401566167e-01
5.556628256513024553e+02 9.206580342175491039e-01
5.800541082164329509e+02 9.276376683714105953e-01
6.044453907815632192e+02 9.346350873674131865e-01
6.288366733466932601e+02 9.416506180972507023e-01
6.532279559118237557e+02 9.486845820045971545e-01
6.776192384769540240e+02 9.557372951110724157e-01
7.020105210420842923e+02 9.628090680422028980e-01
7.264018036072143332e+02 9.699002060533873371e-01
7.507930861723443741e+02 9.770110090558553617e-01
7.751843687374750971e+02 9.841417716426388296e-01
7.995756513026053653e+02 9.912927831145267321e-01
8.239669338677354062e+02 9.984643275060290923e-01
8.483582164328659019e+02 1.005656683611344970e+00
8.727494989979961701e+02 1.012870125010319589e+00
8.971407815631262110e+02 1.020104920094409229e+00
9.215320641282564793e+02 1.027361332092651791e+00
9.459233466933865202e+02 1.034639619097614593e+00
9.703146292585172432e+02 1.041940034091370926e+00
9.947059118236472841e+02 1.049262824971454400e+00
1.019097194388777552e+03 1.056608234576829508e+00
1.043488476953908048e+03 1.063976500713849527e+00
1.067879759519038089e+03 1.071367856182214862e+00
1.092271042084168357e+03 1.078782528800950935e+00
1.116662324649298625e+03 1.086220741434354098e+00
1.141053607214428666e+03 1.093682712017967518e+00
1.165444889779559162e+03 1.101168653584538193e+00
1.189836172344689430e+03 1.108678774289978630e+00
1.214227454909819699e+03 1.116213277439332074e+00
1.238618737474950194e+03 1.123772361512737961e+00
1.263010020040080235e+03 1.131356220191392259e+00
1.287401302605210503e+03 1.138965042383507376e+00
1.311792585170340544e+03 1.146599012250284710e+00
1.336183867735470812e+03 1.154258309231861235e+00
1.360575150300601308e+03 1.161943108073298037e+00
1.384966432865731349e+03 1.169653578850510023e+00
1.409357715430861617e+03 1.177389886996257573e+00
1.433748997995992340e+03 1.185152193326099779e+00
1.458140280561122381e+03 1.192940654064350570e+00
1.482531563126252422e+03 1.200755420870048829e+00
1.506922845691382690e+03 1.208596640862924509e+00
1.531314128256512959e+03 1.216464456649352321e+00
1.555705410821643454e+03 1.224359006348323176e+00
1.580096693386773495e+03 1.232280423617400089e+00
1.604487975951903763e+03 1.240228837678685858e+00
1.628879258517034486e+03 1.248204373344786733e+00
1.653270541082164527e+03 1.256207151044772097e+00
1.677661823647294568e+03 1.264237286850139697e+00
1.702053106212424609e+03 1.272294892500776431e+00
1.726444388777554877e+03 1.280380075430922693e+00
1.750835671342685600e+03 1.288492938795136933e+00
1.775226953907815641e+03 1.296633581494257337e+00
1.799618236472945682e+03 1.304802098201364613e+00
1.824009519038076405e+03 1.312998579387741893e+00
1.848400801603206673e+03 1.321223111348842183e+00
1.872792084168336714e+03 1.329475776230256034e+00
1.897183366733466755e+03 1.337756652053660122e+00
1.921574649298597024e+03 1.346065812742790246e+00
1.945965931863727519e+03 1.354403328149410557e+00
1.970357214428857787e+03 1.362769264079256581e+00
1.994748496993987828e+03 1.371163682318018440e+00
2.019139779559118551e+03 1.379586640657294527e+00
2.043531062124248592e+03 1.388038192920554526e+00
2.067922344689378860e+03 1.396518388989099968e+00
2.092313627254508901e+03 1.405027274828040573e+00
2.116704909819639397e+03 1.413564892512237714e+00
2.141096192384769893e+03 1.422131280252281638e+00
2.165487474949899934e+03 1.430726472420454032e+00
2.189878757515029974e+03 1.439350499576672160e+00
2.214270040080160470e+03 1.448003388494489840e+00
2.238661322645290966e+03 1.456685162187012716e+00
2.263052605210421007e+03 1.465395839932905897e+00
2.287443887775551048e+03 1.474135437302326546e+00
2.311835170340681088e+03 1.482903966182896882e+00
2.336226452905812039e+03 1.491701434805668081e+00
2.360617735470941625e+03 1.500527847771090162e+00
2.385009018036072121e+03 1.509383206074959904e+00
2.409400300601202616e+03 1.518267507134387850e+00
2.433791583166333112e+03 1.527180744813776192e+00
2.458182865731462698e+03 1.536122909450764462e+00
2.482574148296593194e+03 1.545093987882192987e+00
2.506965430861723235e+03 1.554093963470083661e+00
2.531356713426854185e+03 1.563122816127581194e+00
2.555747995991983771e+03 1.572180522344927223e+00
2.580139278557114267e+03 1.581267055215422657e+00
2.604530561122244762e+03 1.590382384461392240e+00
2.628921843687375258e+03 1.599526476460141122e+00
2.653313126252504844e+03 1.608699294269920310e+00
2.677704408817635340e+03 1.617900797655900114e+00
2.702095691382765381e+03 1.627130943116110062e+00
2.726486973947895876e+03 1.636389683907434556e+00
2.750878256513025917e+03 1.645676970071533685e+00
2.775269539078156413e+03 1.654992748460851537e+00
2.799660821643286909e+03 1.664336962764544792e+00
2.824052104208416949e+03 1.673709553534461714e+00
2.848443386773546990e+03 1.683110458211102056e+00
2.872834669338677486e+03 1.692539611149583845e+00
2.897225951903807527e+03 1.701996943645588622e+00
2.921617234468938022e+03 1.711482383961357323e+00
2.946008517034068063e+03 1.720995857351616642e+00
2.970399799599198559e+03 1.730537286089571802e+00
2.994791082164329055e+03 1.740106589492851796e+00
3.019182364729459096e+03 1.749703683949475286e+00
3.043573647294589136e+03 1.759328482943823602e+00
3.067964929859719632e+03 1.768980897082588433e+00
3.092356212424849218e+03 1.778660834120746159e+00
3.116747494989980169e+03 1.788368198987514646e+00
3.141138777555110210e+03 1.798102893812325132e+00
3.165530060120240705e+03 1.807864817950776803e+00
3.189921342685371201e+03 1.817653868010593143e+00
3.214312625250501242e+03 1.827469937877603590e+00
3.238703907815631283e+03 1.837312918741698553e+00
3.263095190380761778e+03 1.847182699122778660e+00
3.287486472945891364e+03 1.857079164896738632e+00
3.311877755511022315e+03 1.867002199321420752e+00
3.336269038076152356e+03 1.876951683062572318e+00
3.360660320641282851e+03 1.886927494219824197e+00
3.385051603206413347e+03 1.896929508352634519e+00
3.409442885771543388e+03 1.906957598506271445e+00
3.433834168336673429e+03 1.917011635237756639e+00
3.458225450901803470e+03 1.927091486641841378e+00
3.482616733466933510e+03 1.937197018376969337e+00
3.507008016032064461e+03 1.947328093691228945e+00
3.531399298597194502e+03 1.957484573448331933e+00
3.555790581162324543e+03 1.967666316153560135e+00
3.580181863727455038e+03 1.977873177979744046e+00
3.604573146292585534e+03 1.988105012793210280e+00
3.628964428857715575e+03 1.998361672179758575e+00
3.653355711422845616e+03 2.008643005470611698e+00
3.677746993987975657e+03 2.018948859768396442e+00
3.702138276553106607e+03 2.029279079973083988e+00
3.726529559118236648e+03 2.039633508807969342e+00
3.750920841683366689e+03 2.050011986845635015e+00
3.775312124248497184e+03 2.060414352533894267e+00
3.799703406813627680e+03 2.070840442221785871e+00
3.824094689378757721e+03 2.081290090185498265e+00
3.848485971943887762e+03 2.091763128654374526e+00
3.872877254509017803e+03 2.102259387836845406e+00
3.897268537074148298e+03 2.112778695946398777e+00
3.921659819639278794e+03 2.123320879227550861e+00
3.946051102204408835e+03 2.133885761981798357e+00
3.970442384769539331e+03 2.144473166593592328e+00
3.994833667334669371e+03 2.155082913556292556e+00
4.019224949899799867e+03 2.165714821498131659e+00
4.043616232464929908e+03 2.176368707208184539e+00
4.068007515030059949e+03 2.187044385662320956e+00
4.092398797595190445e+03 2.197741670049189189e+00
4.116790080160320940e+03 2.208460371796141519e+00
4.141181362725450526e+03 2.219200300595232545e+00
4.165572645290581931e+03 2.229961264429177525e+00
4.189963927855711518e+03 2.240743069597288972e+00
4.214355210420842013e+03 2.251545520741474071e+00
4.238746492985972509e+03 2.262368420872175712e+00
4.263137775551102095e+03 2.273211571394335717e+00
4.287529058116232591e+03 2.284074772133376285e+00
4.311920340681363086e+03 2.294957821361134354e+00
4.336311623246492672e+03 2.305860515821857692e+00
4.360702905811624078e+03 2.316782650758141493e+00
4.385094188376753664e+03 2.327724019936895150e+00
4.409485470941883250e+03 2.338684415675325035e+00
4.433876753507014655e+03 2.349663628866871079e+00
4.458268036072144241e+03 2.360661449007190882e+00
4.482659318637274737e+03 2.371677664220098514e+00
4.507050601202405232e+03 2.382712061283563276e+00
4.531441883767534819e+03 2.393764425655639183e+00
4.555833166332666224e+03 2.404834541500442846e+00
4.580224448897795810e+03 2.415922191714108713e+00
4.604615731462925396e+03 2.427027157950778946e+00
4.629007014028055892e+03 2.438149220648515580e+00
4.653398296593186387e+03 2.449288159055317493e+00
4.677789579158316883e+03 2.460443751255046330e+00
4.702180861723447379e+03 2.471615774193409276e+00
4.726572144288576965e+03 2.482804003703904083e+00
4.750963426853708370e+03 2.494008214533812939e+00
4.775354709418837956e+03 2.505228180370118185e+00
4.799745991983967542e+03 2.516463673865520612e+00
4.824137274549098038e+03 2.527714466664354731e+00
4.848528557114228533e+03 2.538980329428580429e+00
4.872919839679359029e+03 2.550261031863740868e+00
4.897311122244489525e+03 2.561556342744904846e+00
4.921702404809619111e+03 2.572866029942663335e+00
4.946093687374750516e+03 2.584189860449075837e+00
4.970484969939880102e+03 2.595527600403615409e+00
4.994876252505009688e+03 2.606879015119169196e+00
5.019267535070140184e+03 2.618243869107981237e+00
5.043658817635270680e+03 2.629621926107599705e+00
5.068050100200401175e+03 2.641012949106866792e+00
5.092441382765531671e+03 2.652416700371871272e+00
5.116832665330661257e+03 2.663832941471913962e+00
5.141223947895791753e+03 2.675261433305454517e+00
5.165615230460922248e+03 2.686701936126115076e+00
5.190006513026051834e+03 2.698154209568580875e+00
5.214397795591182330e+03 2.709618012674626097e+00
5.238789078156312826e+03 2.721093103919035361e+00
5.263180360721443321e+03 2.732579241235591816e+00
5.287571643286573817e+03 2.744076182043013290e+00
5.311962925851703403e+03 2.755583683270948825e+00
5.336354208416833899e+03 2.767101501385909046e+00
5.360745490981964394e+03 2.778629392417251598e+00
5.385136773547093981e+03 2.790167111983131054e+00
5.409528056112224476e+03 2.801714415316479467e+00
5.433919338677354972e+03 2.813271057290943400e+00
5.458310621242484558e+03 2.824836792446861811e+00
5.482701903807615963e+03 2.836411375017239944e+00
5.507093186372745549e+03 2.847994558953681477e+00
5.531484468937876045e+03 2.859586097952396599e+00
5.555875751503006541e+03 2.871185745480110629e+00
5.580267034068136127e+03 2.882793254800077420e+00
5.604658316633266622e+03 2.894408378998002185e+00
5.629049599198397118e+03 2.906030871008040695e+00
5.653440881763526704e+03 2.917660483638720326e+00
5.677832164328658109e+03 2.929296969598955691e+00
5.702223446893787695e+03 2.940940081523959471e+00
5.726614729458918191e+03 2.952589572001235840e+00
5.751006012024048687e+03 2.964245193596538819e+00
5.775397294589178273e+03 2.975906698879832391e+00
5.799788577154308769e+03 2.987573840451243523e+00
5.824179859719439264e+03 2.999246370967060038e+00
5.848571142284568850e+03 3.010924043165638775e+00
5.872962424849699346e+03 3.022606609893418117e+00
5.897353707414829842e+03 3.034293824130855910e+00
5.921744989979960337e+03 3.045985439018395802e+00
5.946136272545090833e+03 3.057681207882436247e+00
5.970527555110220419e+03 3.069380884261295961e+00
5.994918837675350915e+03 3.081084221931157607e+00
6.019310120240481410e+03 3.092790974932045245e+00
6.043701402805610996e+03 3.104500897593794662e+00
6.068092685370741492e+03 3.116213744562003285e+00
6.092483967935871988e+03 3.127929270824008956e+00
6.116875250501002483e+03 3.139647231734810973e+00
6.141266533066132979e+03 3.151367383043102599e+00
6.165657815631262565e+03 3.163089480917169460e+00
6.190049098196392151e+03 3.174813281970874090e+00
6.214440380761523556e+03 3.186538543289652026e+00
6.238831663326653143e+03 3.198265022456418194e+00
6.263222945891782729e+03 3.209992477577563008e+00
6.287614228456913224e+03 3.221720667308921371e+00
6.312005511022044629e+03 3.233449350881718587e+00
6.336396793587175125e+03 3.245178288128527377e+00
6.360788076152304711e+03 3.256907239509253316e+00
6.385179358717434297e+03 3.268635966137098947e+00
6.409570641282565703e+03 3.280364229804494602e+00
6.433961923847696198e+03 3.292091793009077172e+00
6.458353206412826694e+03 3.303818418979689309e+00
6.482744488977956280e+03 3.315543871702276491e+00
6.507135771543086776e+03 3.327267915945900878e+00
6.531527054108217271e+03 3.338990317288692111e+00
6.555918336673346857e+03 3.350710842143791446e+00
6.580309619238477353e+03 3.362429257785331416e+00
6.604700901803606939e+03 3.374145332374409278e+00
6.629092184368737435e+03 3.385858834985024046e+00
6.653483466933867021e+03 3.397569535630067250e+00
6.677874749498997517e+03 3.409277205287246204e+00
6.702266032064128922e+03 3.420981615925103192e+00
6.726657314629258508e+03 3.432682540528923187e+00
6.751048597194389004e+03 3.444379753126724175e+00
6.775439879759519499e+03 3.456073028815237258e+00
6.799831162324649085e+03 3.467762143785828144e+00
6.824222444889780490e+03 3.479446875350478141e+00
6.848613727454910077e+03 3.491127001967773591e+00
6.873005010020040572e+03 3.502802303268824691e+00
6.897396292585171068e+03 3.514472560083254926e+00
6.921787575150300654e+03 3.526137554465168300e+00
6.946178857715431150e+03 3.537797069719090359e+00
6.970570140280560736e+03 3.549450890425946969e+00
6.994961422845691231e+03 3.561098802469024882e+00
7.019352705410821727e+03 3.572740593059943404e+00
7.043743987975951313e+03 3.584376050764584321e+00
7.068135270541081809e+03 3.596004965529095987e+00
7.092526553106213214e+03 3.607627128705829911e+00
7.116917835671342800e+03 3.619242333079327967e+00
7.141309118236473296e+03 3.630850372892246103e+00
7.165700400801602882e+03 3.642451043871357985e+00
7.190091683366733378e+03 3.654044143253507571e+00
7.214482965931864783e+03 3.665629469811533259e+00
7.238874248496994369e+03 3.677206823880292408e+00
7.263265531062124865e+03 3.688776007382594813e+00
7.287656813627255360e+03 3.700336823855150392e+00
7.312048096192384946e+03 3.711889078474552406e+00
7.336439378757515442e+03 3.723432578083244238e+00
7.360830661322645028e+03 3.734967131215472413e+00
7.385221943887775524e+03 3.746492548123231625e+00
7.409613226452906019e+03 3.758008640802275480e+00
7.434004509018035606e+03 3.769515223018036210e+00
7.458395791583166101e+03 3.781012110331602116e+00
7.482787074148296597e+03 3.792499120125685685e+00
7.507178356713427092e+03 3.803976071630578382e+00
7.531569639278557588e+03 3.815442785950120985e+00
7.555960921843687174e+03 3.826899086087662383e+00
7.580352204408817670e+03 3.838344796972018358e+00
7.604743486973949075e+03 3.849779745483439264e+00
7.629134769539078661e+03 3.861203760479577252e+00
7.653526052104209157e+03 3.872616672821453498e+00
7.677917334669338743e+03 3.884018315399396570e+00
7.702308617234469239e+03 3.895408523159022529e+00
7.726699899799599734e+03 3.906787133127204825e+00
7.751091182364729320e+03 3.918153984438041526e+00
7.775482464929859816e+03 3.929508918358778580e+00
7.799873747494989402e+03 3.940851778315816567e+00
7.824265030060119898e+03 3.952182409920656170e+00
7.848656312625250393e+03 3.963500660995854741e+00
7.873047595190380889e+03 3.974806381601004190e+00
7.897438877755511385e+03 3.986099424058698215e+00
7.921830160320641880e+03 3.997379642980466219e+00
7.946221442885771467e+03 4.008646895292752532e+00
7.970612725450901962e+03 4.019901040262888969e+00
7.995004008016032458e+03 4.031141939525069162e+00
8.019395290581162953e+03 4.042369457106246955e+00
8.043786573146293449e+03 4.053583459452180016e+00
8.068177855711423035e+03 4.064783815453355764e+00
8.092569138276553531e+03 4.075970396470931512e+00
8.116960420841684027e+03 4.087143076362746541e+00
8.141351703406813613e+03 4.098301731509257806e+00
8.165742985971944108e+03 4.109446240839494280e+00
8.190134268537073694e+03 4.120576485857018412e+00
8.214525551102204190e+03 4.131692350665942648e+00
8.238916833667335595e+03 4.142793721996841150e+00
8.263308116232465181e+03 4.153880489232685491e+00
8.287699398797594768e+03 4.164952544434876280e+00
8.312090681362726173e+03 4.176009782369183299e+00
8.336481963927855759e+03 4.187052100531685639e+00
8.360873246492985345e+03 4.198079399174739379e+00
8.385264529058116750e+03 4.209091581332982557e+00
8.409655811623248155e+03 4.220088552849235342e+00
8.434047094188377741e+03 4.231070222400512115e+00
8.458438376753507328e+03 4.242036501523956282e+00
8.482829659318638733e+03 4.252987304642830146e+00
8.507220941883766500e+03 4.263922549092435510e+00
8.531612224448897905e+03 4.274842155146124867e+00
8.556003507014029310e+03 4.285746046041229995e+00
8.580394789579157077e+03 4.296634148005048282e+00
8.604786072144288482e+03 4.307506390280777531e+00
8.629177354709418069e+03 4.318362705153517389e+00
8.653568637274549474e+03 4.329203027976187279e+00
8.677959919839679060e+03 4.340027297195520717e+00
8.702351202404810465e+03 4.350835454378029432e+00
8.726742484969940051e+03 4.361627444235960382e+00
8.751133767535069637e+03 4.372403214653230563e+00
8.775525050100201042e+03 4.383162716711440865e+00
8.799916332665332448e+03 4.393905904715809996e+00
8.824307615230460215e+03 4.404632736221107514e+00
8.848698897795591620e+03 4.415343172057703214e+00
8.873090180360723025e+03 4.426037176357460190e+00
8.897481462925850792e+03 4.436714716579677642e+00
8.921872745490982197e+03 4.447375763537132265e+00
8.946264028056111783e+03 4.458020291421995296e+00
8.970655310621241370e+03 4.468648277831777094e+00
8.995046593186372775e+03 4.479259703795332115e+00
9.019437875751502361e+03 4.489854553798789283e+00
9.043829158316633766e+03 4.500432815811563181e+00
9.068220440881763352e+03 4.510994481312226689e+00
9.092611723446894757e+03 4.521539545314578135e+00
9.117003006012024343e+03 4.532068006393533466e+00
9.141394288577153930e+03 4.542579866711126790e+00
9.165785571142285335e+03 4.553075132042414097e+00
9.190176853707416740e+03 4.563553811801548399e+00
9.214568136272544507e+03 4.574015919067632829e+00
9.238959418837675912e+03 4.584461470610715850e+00
9.263350701402807317e+03 4.594890486917798000e+00
9.287741983967935084e+03 4.605302992218741842e+00
9.312133266533066490e+03 4.615699014512246734e+00
9.336524549098196076e+03 4.626078585591825387e+00
9.360915831663325662e+03 4.636441741071784861e+00
9.385307114228457067e+03 4.646788520413126733e+00
9.409698396793586653e+03 4.657118966949564509e+00
9.434089679358718058e+03 4.667433127913468205e+00
9.458480961923847644e+03 4.677731054461858662e+00
9.482872244488979049e+03 4.688012801702276633e+00
9.507263527054108636e+03 4.698278428718881017e+00
9.531654809619238222e+03 4.708527998598301068e+00
9.556046092184369627e+03 4.718761578455634265e+00
9.580437374749501032e+03 4.728979239460462836e+00
9.604828657314628799e+03 4.739181056862719288e+00
9.629219939879760204e+03 4.749367110018704707e+00
9.653611222444889790e+03 4.759537482417060872e+00
9.678002505010019377e+03 4.769692261704738812e+00
9.702393787575150782e+03 4.779831539712898092e+00
9.726785070140280368e+03 4.789955412482932218e+00
9.751176352705409954e+03 4.800063980292423871e+00
9.775567635270541359e+03 4.810157347681079720e+00
9.799958917835670945e+03 4.820235623476703424e+00
9.824350200400802350e+03 4.830298920821199715e+00
9.848741482965931937e+03 4.840347357196473688e+00
9.873132765531063342e+03 4.850381054450424223e+00
9.897524048096192928e+03 4.860400138822917881e+00
9.921915330661322514e+03 4.870404740971746804e+00
9.946306613226453919e+03 4.880394995998560859e+00
9.970697895791583505e+03 4.890371043474864621e+00
9.995089178356713091e+03 4.900333027467986824e+00
1.001948046092184450e+04 4.910281096567000958e+00
1.004387174348697408e+04 4.920215403908718699e+00
1.006826302605210367e+04 4.930136107203680673e+00
1.009265430861723507e+04 4.940043368762049525e+00
1.011704559118236466e+04 4.949937355519614002e+00
1.014143687374749425e+04 4.959818239063772616e+00
1.016582815631262565e+04 4.969686195659459571e+00
1.019021943887775524e+04 4.979541406275114213e+00
1.021461072144288664e+04 4.989384056608649587e+00
1.023900200400801623e+04 4.999214337113432549e+00
1.026339328657314763e+04 5.009032443024223902e+00
1.028778456913827540e+04 5.018838574383130968e+00
1.031217585170340681e+04 5.028632936065618786e+00
1.033656713426853821e+04 5.038415737806410277e+00
1.036095841683366780e+04 5.048187194225500996e+00
1.038534969939879738e+04 5.057947524854101928e+00
1.040974098196392879e+04 5.067696954160599176e+00
1.043413226452905838e+04 5.077435711576501198e+00
1.045852354709418796e+04 5.087164031522448226e+00
1.048291482965931937e+04 5.096882153434158624e+00
1.050730611222444895e+04 5.106590321788340603e+00
1.053169739478957854e+04 5.116288786128716737e+00
1.055608867735470994e+04 5.125977801091963215e+00
1.058047995991983953e+04 5.135657626433708600e+00
1.060487124248496912e+04 5.145328527054385148e+00
1.062926252505010052e+04 5.154990773025366124e+00
1.065365380761523193e+04 5.164644639614772714e+00
1.067804509018035969e+04 5.174290407313495876e+00
1.070243637274549110e+04 5.183928361861177336e+00
1.072682765531062250e+04 5.193558794272207457e+00
1.075121893787575209e+04 5.203182000861497514e+00
1.077561022044088168e+04 5.212798283270737798e+00
1.080000150300601308e+04 5.222407948494131702e+00
1.082439278557114267e+04 5.232011308904409574e+00
1.084878406813627225e+04 5.241608682278868336e+00
1.087317535070140366e+04 5.251200391825243230e+00
1.089756663326653324e+04 5.260786766207722565e+00
1.092195791583166283e+04 5.270368139572887856e+00
1.094634919839679424e+04 5.279944851575686826e+00
1.097074048096192382e+04 5.289517247405418843e+00
1.099513176352705341e+04 5.299085677811644857e+00
1.101952304609218481e+04 5.308650499130182610e+00
1.104391432865731622e+04 5.318212073309068089e+00
1.106830561122244399e+04 5.327770767934529417e+00
1.109269689378757539e+04 5.337326956256916333e+00
1.111708817635270680e+04 5.346881017216700727e+00
1.114147945891783638e+04 5.356433335470433654e+00
1.116587074148296597e+04 5.365984301416642843e+00
1.119026202404809737e+04 5.375534311221930039e+00
1.121465330661322696e+04 5.385083766846786801e+00
1.123904458917835655e+04 5.394633076071635003e+00
1.126343587174348795e+04 5.404182652522843355e+00
1.128782715430861754e+04 5.413732915698552972e+00
1.131221843687374712e+04 5.423284290994743628e+00
1.133660971943887853e+04 5.432837209731165906e+00
1.136100100200400811e+04 5.442392109177292880e+00
1.138539228456913770e+04 5.451949432578332200e+00
1.140978356713426911e+04 5.461509629181096059e+00
1.143417484969939869e+04 5.471073154260090554e+00
1.145856613226452828e+04 5.480640469143345683e+00
1.148295741482965968e+04 5.490212041238454077e+00
1.150734869739479109e+04 5.499788344058566203e+00
1.153173997995992067e+04 5.509369857248278990e+00
1.155613126252505026e+04 5.518957066609595508e+00
1.158052254509018167e+04 5.528550464127972575e+00
1.160491382765531125e+04 5.538150547998217377e+00
1.162930511022044084e+04 5.547757822650461357e+00
1.165369639278557224e+04 5.557372798776093248e+00
1.167808767535070183e+04 5.566995993353847538e+00
1.170247895791583142e+04 5.576627929675570527e+00
1.172687024048096282e+04 5.586269137372340765e+00
1.175126152304609059e+04 5.595920152440372775e+00
1.177565280561122199e+04 5.605581517267037128e+00
1.180004408817635340e+04 5.615253780656651372e+00
1.182443537074148298e+04 5.624937497856687507e+00
1.184882665330661257e+04 5.634633230583553143e+00
1.187321793587174398e+04 5.644341547048640884e+00
1.189760921843687538e+04 5.654063021984208071e+00
1.192200050100200497e+04 5.663798236669479458e+00
1.194639178356713455e+04 5.673547778956464782e+00
1.197078306613226596e+04 5.683312243295980615e+00
1.199517434869739554e+04 5.693092230763716621e+00
1.201956563126252513e+04 5.702888349085937669e+00
1.204395691382765654e+04 5.712701212665717954e+00
1.206834819639278430e+04 5.722531442608763896e+00
1.209273947895791571e+04 5.732379666749439551e+00
1.211713076152304711e+04 5.742246519676649896e+00
1.214152204408817488e+04 5.752132642759847592e+00
1.216591332665330629e+04 5.762038684175058378e+00
1.219030460921843769e+04 5.771965298930738619e+00
1.221469589178356728e+04 5.781913148893760734e+00
1.223908717434869686e+04 5.791882902815470580e+00
1.226347845691382827e+04 5.801875236357521004e+00
1.228786973947895785e+04 5.811890832117922123e+00
1.231226102204408926e+04 5.821930379656969023e+00
1.233665230460921885e+04 5.831994575523205881e+00
1.236104358717435025e+04 5.842084123279414953e+00
1.238543486973947984e+04 5.892442946516629476e+00
1.257411107642420575e+04 5.972942552151020656e+00
1.276278728310893166e+04 6.053442157785412725e+00
1.295146348979365939e+04 6.133941763419804794e+00
1.314013969647838530e+04 6.214441369054195974e+00
1.332881590316311122e+04 6.294940974688588042e+00
1.351749210984783713e+04 6.375440580322979223e+00
1.370616831653256304e+04 6.455940185957371291e+00
1.389484452321728895e+04 6.536439791591762472e+00
1.408352072990201486e+04 6.616939397226154540e+00
1.427219693658674259e+04 6.697439002860546609e+00
1.446087314327146851e+04 6.777938608494937789e+00
1.464954934995619442e+04 6.858438214129329857e+00
1.483822555664092033e+04 6.938937819763721038e+00
1.502690176332564806e+04 7.019437425398113106e+00
1.521557797001037397e+04 7.099937031032505175e+00
1.540425417669509989e+04 7.180436636666896355e+00
1.559293038337982580e+04 7.260936242301288424e+00
1.578160659006455171e+04 7.341435847935679604e+00
1.597028279674927762e+04 7.421935453570071672e+00
1.615895900343400353e+04 7.502435059204462853e+00
1.634763521011872945e+04 7.582934664838854033e+00
1.653631141680345900e+04 7.663434270473247878e+00
1.672498762348818127e+04 7.743933876107637282e+00
1.691366383017291082e+04 7.824433481742030239e+00
1.710234003685763673e+04 7.904933087376422307e+00
1.729101624354236264e+04 7.985432693010813487e+00
1.747969245022708856e+04 8.065932298645204668e+00
1.766836865691181447e+04 8.146431904279596736e+00
1.785704486359654038e+04 8.226931509913988805e+00
1.804572107028126629e+04 8.307431115548379097e+00
1.823439727696599221e+04 8.387930721182771165e+00
1.842307348365071812e+04 8.468430326817163234e+00
1.861174969033544403e+04 8.548929932451553526e+00
1.880042589702016994e+04 8.629429538085945595e+00
1.898910210370489949e+04 8.709929143720337663e+00
1.917777831038962177e+04 8.790428749354727955e+00
1.936645451707435132e+04 8.870928354989121800e+00
1.955513072375907723e+04 8.951427960623513869e+00
1.974380693044380314e+04 9.031927566257904161e+00
1.993248313712852905e+04 9.112427171892296229e+00
2.012115934381325496e+04 9.192926777526688298e+00
2.030983555049798088e+04 9.273426383161078590e+00
2.049851175718270679e+04 9.353925988795470658e+00
2.068718796386743634e+04 9.434425594429864503e+00
2.087586417055215861e+04 9.514925200064254796e+00
2.106454037723688816e+04 9.595424805698646864e+00
2.125321658392161044e+04 9.675924411333037156e+00
2.144189279060633999e+04 9.756424016967431001e+00
2.163056899729106226e+04 9.836923622601819517e+00
2.181924520397579181e+04 9.917423228236213362e+00
2.200792141066051772e+04 9.997922833870605430e+00
2.219659761734524363e+04 1.007842243950499572e+01
2.238527382402996955e+04 1.015892204513938779e+01
2.257395003071469546e+04 1.023942165077377986e+01
2.276262623739942137e+04 1.031992125640817193e+01
2.295130244408414728e+04 1.040042086204256222e+01
2.313997865076887683e+04 1.048092046767695606e+01
2.332865485745359911e+04 1.056142007331134636e+01
2.351733106413832866e+04 1.064191967894573843e+01
2.370600727082305093e+04 1.072241928458012872e+01
2.389468347750778048e+04 1.080291889021452256e+01
2.408335968419250639e+04 1.088341849584891285e+01
2.427203589087723230e+04 1.096391810148330492e+01
2.446071209756195822e+04 1.104441770711769699e+01
2.464938830424668413e+04 1.112491731275208906e+01
2.483806451093141004e+04 1.120541691838647935e+01
2.502674071761613595e+04 1.128591652402087142e+01
2.521541692430086550e+04 1.136641612965526527e+01
2.540409313098558778e+04 1.144691573528965378e+01
2.559276933767031733e+04 1.152741534092404763e+01
2.578144554435503960e+04 1.160791494655843792e+01
2.597012175103976915e+04 1.168841455219282999e+01
2.615879795772449506e+04 1.176891415782722206e+01
2.634747416440922098e+04 1.184941376346161412e+01
2.653615037109394689e+04 1.192991336909600619e+01
2.672482657777867280e+04 1.201041297473039648e+01
2.691350278446339871e+04 1.209091258036478855e+01
2.710217899114812462e+04 1.217141218599918062e+01
2.729085519783285417e+04 1.225191179163357269e+01
2.747953140451757645e+04 1.233241139726796298e+01
2.766820761120230600e+04 1.241291100290235683e+01
2.785688381788702827e+04 1.249341060853674712e+01
2.804556002457175782e+04 1.257391021417113919e+01
2.823423623125648010e+04 1.265440981980552948e+01
2.842291243794120965e+04 1.273490942543992333e+01
2.861158864462593556e+04 1.281540903107431362e+01
2.880026485131066147e+04 1.289590863670870569e+01
2.898894105799539102e+04 1.297640824234309953e+01
2.917761726468011329e+04 1.305690784797748805e+01
2.936629347136484284e+04 1.313740745361188189e+01
2.955496967804956512e+04 1.321790705924627218e+01
2.974364588473429467e+04 1.329840666488066425e+01
2.993232209141901694e+04 1.337890627051505454e+01
3.012099829810374649e+04 1.345940587614944839e+01
3.030967450478846877e+04 1.353990548178383868e+01
3.049835071147319832e+04 1.362040508741823075e+01
3.068702691815792059e+04 1.370090469305262104e+01
3.087570312484265014e+04 1.378140429868701489e+01
3.106437933152737969e+04 1.386190390432140696e+01
3.125305553821210196e+04 1.394240350995579725e+01
3.144173174489683151e+04 1.402290311559019109e+01
3.163040795158155379e+04 1.410340272122458138e+01
3.181908415826628334e+04 1.418390232685897345e+01
3.200776036495100561e+04 1.426440193249336374e+01
3.219643657163573516e+04 1.434490153812775759e+01
3.238511277832045744e+04 1.442540114376214611e+01
3.257378898500518699e+04 1.450590074939653995e+01
3.276246519168990926e+04 1.458640035503093024e+01
3.295114139837463881e+04 1.466689996066532231e+01
3.313981760505936109e+04 1.474739956629971260e+01
3.332849381174409064e+04 1.482789917193410645e+01
3.351717001842882019e+04 1.490839877756849852e+01
3.370584622511354246e+04 1.498889838320288881e+01
3.389452243179827201e+04 1.506939798883728265e+01
3.408319863848299428e+04 1.514989759447167295e+01
3.427187484516772383e+04 1.523039720010606501e+01
3.446055105185244611e+04 1.531089680574045531e+01
3.464922725853717566e+04 1.539139641137484915e+01
3.483790346522189793e+04 1.547189601700923944e+01
3.502657967190662748e+04 1.555239562264363151e+01
3.521525587859134976e+04 1.563289522827802180e+01
3.540393208527607931e+04 1.571339483391241565e+01
3.559260829196080886e+04 1.579389443954680772e+01
3.578128449864553113e+04 1.587439404518119801e+01
3.596996070533026068e+04 1.595489365081559185e+01
3.615863691201498295e+04 1.603539325644998215e+01
3.634731311869971250e+04 1.611589286208437599e+01
3.653598932538443478e+04 1.619639246771876628e+01
3.672466553206916433e+04 1.627689207335315658e+01
3.691334173875388660e+04 1.635739167898754687e+01
3.710201794543861615e+04 1.643789128462194071e+01
3.729069415212333843e+04 1.651839089025633101e+01
3.747937035880806798e+04 1.659889049589072485e+01
3.766804656549279753e+04 1.667939010152511514e+01
3.785672277217751980e+04 1.675988970715950543e+01
3.804539897886224935e+04 1.684038931279389928e+01
3.823407518554697162e+04 1.692088891842828957e+01
3.842275139223170117e+04 1.700138852406268342e+01
3.861142759891642345e+04 1.708188812969707371e+01
3.880010380560115300e+04 1.716238773533146755e+01
3.898878001228587527e+04 1.724288734096585429e+01
3.917745621897060482e+04 1.732338694660024814e+01
3.936613242565532710e+04 1.740388655223463843e+01
3.955480863234005665e+04 1.748438615786903227e+01
3.974348483902477892e+04 1.756488576350342257e+01
3.993216104570950847e+04 1.764538536913781641e+01
4.012083725239423802e+04 1.772588497477221026e+01
4.030951345907896030e+04 1.780638458040659700e+01
4.049818966576368985e+04 1.788688418604099084e+01
4.068686587244841212e+04 1.796738379167538113e+01
4.087554207913314167e+04 1.804788339730977498e+01
4.106421828581786394e+04 1.812838300294416527e+01
4.125289449250259349e+04 1.820888260857855911e+01
4.144157069918731577e+04 1.828938221421294941e+01
4.163024690587204532e+04 1.836988181984733970e+01
4.181892311255676759e+04 1.845038142548172999e+01
4.200759931924149714e+04 1.853088103111612384e+01
4.219627552592622669e+04 1.861138063675051768e+01
4.238495173261094897e+04 1.869188024238490797e+01
4.257362793929567852e+04 1.877237984801930182e+01
4.276230414598040079e+04 1.885287945365368856e+01
4.295098035266513034e+04 1.893337905928808240e+01
4.313965655934985261e+04 1.901387866492247269e+01
4.332833276603458216e+04 1.909437827055686654e+01
4.351700897271930444e+04 1.917487787619125683e+01
4.370568517940403399e+04 1.925537748182565068e+01
4.389436138608875626e+04 1.933587708746004097e+01
4.408303759277348581e+04 1.941637669309443126e+01
4.427171379945821536e+04 1.949687629872882511e+01
4.446039000614293764e+04 1.957737590436321540e+01
4.464906621282766719e+04 1.965787550999760924e+01
4.483774241951238946e+04 1.973837511563199953e+01
4.502641862619711901e+04 1.981887472126639338e+01
4.521509483288184128e+04 1.989937432690078367e+01
4.540377103956657083e+04 1.997987393253517396e+01
4.559244724625130038e+04 2.006037353816956781e+01
4.578112345293602266e+04 2.014087314380395810e+01
4.596979965962075221e+04 2.022137274943835195e+01
4.615847586630547448e+04 2.030187235507274224e+01
4.634715207299020403e+04 2.038237196070713608e+01
4.653582827967492631e+04 2.046287156634152282e+01
4.672450448635965586e+04 2.054337117197591667e+01
4.691318069304437813e+04 2.062387077761030696e+01
4.710185689972910768e+04 2.070437038324470080e+01
4.729053310641382996e+04 2.078486998887909110e+01
4.747920931309855951e+04 2.086536959451348494e+01
4.766788551978328906e+04 2.094586920014787879e+01
4.785656172646801133e+04 2.102636880578226553e+01
4.804523793315274088e+04 2.110686841141665937e+01
4.823391413983746315e+04 2.118736801705104966e+01
4.842259034652219270e+04 2.126786762268544351e+01
4.861126655320691498e+04 2.134836722831983380e+01
4.879994275989164453e+04 2.142886683395422764e+01
4.898861896657636680e+04 2.150936643958861794e+01
4.917729517326109635e+04 2.158986604522300823e+01
4.936597137994581863e+04 2.167036565085739852e+01
4.955464758663054818e+04 2.175086525649179237e+01
4.974332379331527773e+04 2.183136486212618621e+01
4.993200000000000000e+04 2.191186446776057650e+01
