5.095000000000000000e+02 7.958873117682367937e-01
5.334949899799598825e+02 8.062968767466422992e-01
5.574899799599197650e+02 8.166757106565867286e-01
5.814849699398798748e+02 8.270246952227023884e-01
6.054799599198397573e+02 8.373447029334801783e-01
6.294749498997996398e+02 8.476365970789350168e-01
6.534699398797595222e+02 8.579012317882488414e-01
6.774649298597191773e+02 8.681394520674247106e-01
7.014599198396795146e+02 8.783520938369246966e-01
7.254549098196393970e+02 8.885399839693272073e-01
7.494498997995992795e+02 8.987039403269678761e-01
7.734448897795591620e+02 9.088447717995998820e-01
7.974398797595188171e+02 9.189632783420327300e-01
8.214348697394786996e+02 9.290602510117803581e-01
8.454298597194390368e+02 9.391364720067184590e-01
8.694248496993989193e+02 9.491927147027197087e-01
8.934198396793585744e+02 9.592297436913173048e-01
9.174148296593184568e+02 9.692483148173405283e-01
9.414098196392783393e+02 9.792491752165715102e-01
9.654048096192386765e+02 9.892330633533870099e-01
9.893997995991985590e+02 9.992007090584190676e-01
1.013394789579158441e+03 1.009152833566185237e+00
1.037389779559118097e+03 1.019090149552753566e+00
1.061384769539077979e+03 1.029013361173381158e+00
1.085379759519038316e+03 1.038923164100168606e+00
1.109374749498997971e+03 1.048820245559705322e+00
1.133369739478957854e+03 1.058705284370715649e+00
1.157364729458917736e+03 1.068578950981714293e+00
1.181359719438877619e+03 1.078441907508649322e+00
1.205354709418837956e+03 1.088294807772555606e+00
1.229349699398797839e+03 1.098138297337194258e+00
1.253344689378757494e+03 1.107973013546708740e+00
1.277339679358717376e+03 1.117799585563271414e+00
1.301334669338677259e+03 1.127618634404736309e+00
1.325329659318637368e+03 1.137430772982278571e+00
1.349324649298597251e+03 1.147236606138051007e+00
1.373319639278557133e+03 1.157036730682823755e+00
1.397314629258517016e+03 1.166831735433648154e+00
1.421309619238476898e+03 1.176622201251484423e+00
1.445304609218437236e+03 1.186408701078869976e+00
1.469299599198396891e+03 1.196191799977554204e+00
1.493294589178356773e+03 1.205972055166155243e+00
1.517289579158316656e+03 1.215750016057804306e+00
1.541284569138276311e+03 1.225526224297792011e+00
1.565279559118236193e+03 1.235301213801223374e+00
1.589274549098196530e+03 1.245075510790663698e+00
1.613269539078156413e+03 1.254849633833783118e+00
1.637264529058116295e+03 1.264624093881010269e+00
1.661259519038076178e+03 1.274399394303177502e+00
1.685254509018036060e+03 1.284176030929169876e+00
1.709249498997996170e+03 1.293954492083582597e+00
1.733244488977956053e+03 1.303735258624347360e+00
1.757239478957915708e+03 1.313518803980407768e+00
1.781234468937875590e+03 1.323305594189344570e+00
1.805229458917835473e+03 1.333096087935044416e+00
1.829224448897795355e+03 1.342890736585331313e+00
1.853219438877755692e+03 1.352689984229623610e+00
1.877214428857715575e+03 1.362494267716582330e+00
1.901209418837675457e+03 1.372304016691759054e+00
1.925204408817635112e+03 1.382119653635244472e+00
1.949199398797594995e+03 1.391941593899310270e+00
1.973194388777555105e+03 1.401770245746076560e+00
1.997189378757514987e+03 1.411606010385127119e+00
2.021184368737474870e+03 1.421449282011200799e+00
2.045179358717434752e+03 1.431300447841805434e+00
2.069174348697394635e+03 1.441159888154875057e+00
2.093169338677354972e+03 1.451027976326431768e+00
2.117164328657314400e+03 1.460905078868214968e+00
2.141159318637274737e+03 1.470791555465348122e+00
2.165154308617234165e+03 1.480687759013967542e+00
2.189149298597194502e+03 1.490594035658892258e+00
2.213144288577154384e+03 1.500510724831253695e+00
2.237139278557114267e+03 1.510438159286157989e+00
2.261134268537074149e+03 1.520376665140321437e+00
2.285129258517034032e+03 1.530326561909738592e+00
2.309124248496993914e+03 1.540288162547308382e+00
2.333119238476953797e+03 1.550261773480493765e+00
2.357114228456914134e+03 1.560247694648973837e+00
2.381109218436873562e+03 1.570246219542282606e+00
2.405104208416833899e+03 1.580257635237467539e+00
2.429099198396793327e+03 1.590282222436728343e+00
2.453094188376753664e+03 1.600320255505073064e+00
2.477089178356713546e+03 1.610372002507967970e+00
2.501084168336673429e+03 1.620437725248968119e+00
2.525079158316633311e+03 1.630517679307397882e+00
2.549074148296593194e+03 1.640612114075967298e+00
2.573069138276553531e+03 1.650721272798441275e+00
2.597064128256512959e+03 1.660845392607277260e+00
2.621059118236473296e+03 1.670984704561282008e+00
2.645054108216432724e+03 1.681139433683253248e+00
2.669049098196392606e+03 1.691309798997628899e+00
2.693044088176352943e+03 1.701496013568143839e+00
2.717039078156312371e+03 1.711698284535463577e+00
2.741034068136272708e+03 1.721916813154851233e+00
2.765029058116232591e+03 1.732151794833791003e+00
2.789024048096192018e+03 1.742403419169673340e+00
2.813019038076152356e+03 1.752671869987394659e+00
2.837014028056111783e+03 1.762957325377062290e+00
2.861009018036072121e+03 1.773259957731591507e+00
2.885004008016032003e+03 1.783579933784382954e+00
2.908998997995991886e+03 1.793917414646962305e+00
2.932993987975951768e+03 1.804272555846643922e+00
2.956988977955911650e+03 1.814645507364150312e+00
2.980983967935871988e+03 1.825036413671278446e+00
3.004978957915831415e+03 1.835445413768554745e+00
3.028973947895791753e+03 1.845872641222870758e+00
3.052968937875751180e+03 1.856318224205134371e+00
3.076963927855711518e+03 1.866782285527921026e+00
3.100958917835671400e+03 1.877264942683121163e+00
3.124953907815631283e+03 1.887766307879592320e+00
3.148948897795591165e+03 1.898286488080797252e+00
3.172943887775551048e+03 1.908825585042471351e+00
3.196938877755510930e+03 1.919383695350243446e+00
3.220933867735470812e+03 1.929960910457313439e+00
3.244928857715431150e+03 1.940557316722072434e+00
3.268923847695390577e+03 1.951172995445786817e+00
3.292918837675350915e+03 1.961808022910207283e+00
3.316913827655310342e+03 1.972462470415244473e+00
3.340908817635270680e+03 1.983136404316613088e+00
3.364903807615230562e+03 1.993829886063462231e+00
3.388898797595190445e+03 2.004542972236053266e+00
3.412893787575150327e+03 2.015275714583388389e+00
3.436888777555110210e+03 2.026028160060858063e+00
3.460883767535070547e+03 2.036800350867904896e+00
3.484878757515029974e+03 2.047592324485652870e+00
3.508873747494990312e+03 2.058404113714575878e+00
3.532868737474949739e+03 2.069235746712123625e+00
3.556863727454909622e+03 2.080087247030397712e+00
3.580858717434869959e+03 2.090958633653766441e+00
3.604853707414829387e+03 2.101849921036552882e+00
3.628848697394789724e+03 2.112761119140643462e+00
3.652843687374749607e+03 2.123692233473164048e+00
3.676838677354709489e+03 2.134643265124128053e+00
3.700833667334669371e+03 2.145614210804049460e+00
3.724828657314628799e+03 2.156605062881645551e+00
3.748823647294589136e+03 2.167615809421456596e+00
3.772818637274549019e+03 2.178646434221469974e+00
3.796813627254508901e+03 2.189696916850825126e+00
3.820808617234469239e+03 2.200767232687415031e+00
3.844803607214428666e+03 2.211857352955563183e+00
3.868798597194389004e+03 2.222967244763638384e+00
3.892793587174348886e+03 2.234096871141749485e+00
3.916788577154308314e+03 2.245246191079359299e+00
3.940783567134268651e+03 2.256415159562940698e+00
3.964778557114228079e+03 2.267603727613626052e+00
3.988773547094188416e+03 2.278811842324870440e+00
4.012768537074148298e+03 2.290039446900075326e+00
4.036763527054108181e+03 2.301286480690243330e+00
4.060758517034068518e+03 2.312552879231650760e+00
4.084753507014027946e+03 2.323838574283460634e+00
4.108748496993988738e+03 2.335143493865399211e+00
4.132743486973948166e+03 2.346467562295391218e+00
4.156738476953907593e+03 2.357810700227202627e+00
4.180733466933867930e+03 2.369172824688106083e+00
4.204728456913827358e+03 2.380553849116513021e+00
4.228723446893787695e+03 2.391953683399639097e+00
4.252718436873747123e+03 2.403372233911136302e+00
4.276713426853707460e+03 2.414809403548750844e+00
4.300708416833667798e+03 2.426265091771962368e+00
4.324703406813627225e+03 2.437739194639655160e+00
4.348698396793586653e+03 2.449231604847732502e+00
4.372693386773546990e+03 2.460742211766783427e+00
4.396688376753507328e+03 2.472270901479758365e+00
4.420683366733466755e+03 2.483817556819559069e+00
4.444678356713426183e+03 2.495382057406728471e+00
4.468673346693387430e+03 2.506964279687095676e+00
4.492668336673346857e+03 2.518564096969414301e+00
4.516663326653306285e+03 2.530181379463011471e+00
4.540658316633266622e+03 2.541815994315437255e+00
4.564653306613226960e+03 2.553467805650125655e+00
4.588648296593186387e+03 2.565136674604028055e+00
4.612643286573145815e+03 2.576822459365261775e+00
4.636638276553106152e+03 2.588525015210771052e+00
4.660633266533066490e+03 2.600244194543957832e+00
4.684628256513025917e+03 2.611979846932352523e+00
4.708623246492986254e+03 2.623731819145239896e+00
4.732618236472945682e+03 2.635499955191322297e+00
4.756613226452906019e+03 2.647284096356366412e+00
4.780608216432865447e+03 2.659084081240844277e+00
4.804603206412824875e+03 2.670899745797583158e+00
4.828598196392786122e+03 2.682730923369435416e+00
4.852593186372745549e+03 2.694577444726888427e+00
4.876588176352704977e+03 2.706439138105743325e+00
4.900583166332665314e+03 2.718315829244743576e+00
4.924578156312625651e+03 2.730207341423260381e+00
4.948573146292585079e+03 2.742113495498888831e+00
4.972568136272544507e+03 2.754034109945123987e+00
4.996563126252505754e+03 2.765969000889020979e+00
5.020558116232465181e+03 2.777917982148829346e+00
5.044553106212424609e+03 2.789880865271617605e+00
5.068548096192384946e+03 2.801857459570983089e+00
5.092543086172344374e+03 2.813847572164640543e+00
5.116538076152304711e+03 2.825851008012094212e+00
5.140533066132264139e+03 2.837867569952300162e+00
5.164528056112224476e+03 2.849897058741283296e+00
5.188523046092184813e+03 2.861939273089816993e+00
5.212518036072144241e+03 2.873994009701048125e+00
5.236513026052103669e+03 2.886061063308159369e+00
5.260508016032064006e+03 2.898140226712025758e+00
5.284503006012024343e+03 2.910231290818824146e+00
5.308497995991983771e+03 2.922334044677736387e+00
5.332492985971943199e+03 2.934448275518538818e+00
5.356487975951904446e+03 2.946573768789322756e+00
5.380482965931863873e+03 2.958710308194063998e+00
5.404477955911823301e+03 2.970857675730341541e+00
5.428472945891783638e+03 2.983015651726914186e+00
5.452467935871743066e+03 2.995184014881457024e+00
5.476462925851703403e+03 3.007362542298121166e+00
5.500457915831662831e+03 3.019551009525249796e+00
5.524452905811623168e+03 3.031749190592987198e+00
5.548447895791583505e+03 3.043956858050937520e+00
5.572442885771542933e+03 3.056173783005823985e+00
5.596437875751503270e+03 3.068399735159126784e+00
5.620432865731463608e+03 3.080634482844733846e+00
5.644427855711423035e+03 3.092877793066590719e+00
5.668422845691382463e+03 3.105129431536339801e+00
5.692417835671341891e+03 3.117389162710975548e+00
5.716412825651303137e+03 3.129656749830514784e+00
5.740407815631262565e+03 3.141931954955605732e+00
5.764402805611221993e+03 3.154214539005190332e+00
5.788397795591182330e+03 3.166504261794185648e+00
5.812392785571142667e+03 3.178800882071072031e+00
5.836387775551102095e+03 3.191104157555589182e+00
5.860382765531061523e+03 3.203413844976382485e+00
5.884377755511022769e+03 3.215729700108612921e+00
5.908372745490982197e+03 3.228051477811648695e+00
5.932367735470941625e+03 3.240378932066682260e+00
5.956362725450901962e+03 3.252711816014414836e+00
5.980357715430861390e+03 3.265049881992658332e+00
6.004352705410821727e+03 3.277392881574021644e+00
6.028347695390781155e+03 3.289740565603544553e+00
6.052342685370741492e+03 3.302092684236350273e+00
6.076337675350701829e+03 3.314448986975292222e+00
6.100332665330661257e+03 3.326809222708588809e+00
6.124327655310620685e+03 3.339173139747505736e+00
6.148322645290581022e+03 3.351540485863948593e+00
6.172317635270541359e+03 3.363911008328188235e+00
6.196312625250500787e+03 3.376284453946448050e+00
6.220307615230460215e+03 3.388660569098549402e+00
6.244302605210421461e+03 3.401039099775634789e+00
6.268297595190380889e+03 3.413419791617715582e+00
6.292292585170340317e+03 3.425802389951392080e+00
6.316287575150301564e+03 3.438186639827466085e+00
6.340282565130260082e+03 3.450572286058636529e+00
6.364277555110220419e+03 3.462959073257047216e+00
6.388272545090180756e+03 3.475346745872077037e+00
6.412267535070140184e+03 3.487735048227859735e+00
6.436262525050099612e+03 3.500123724560997740e+00
6.460257515030059949e+03 3.512512519058220928e+00
6.484252505010020286e+03 3.524901175893989880e+00
6.508247494989980623e+03 3.537289439268183067e+00
6.532242484969940051e+03 3.549677053443701880e+00
6.556237474949899479e+03 3.562063762784180909e+00
6.580232464929858907e+03 3.574449311791587647e+00
6.604227454909820153e+03 3.586833445143886578e+00
6.628222444889779581e+03 3.599215907732692621e+00
6.652217434869739009e+03 3.611596444700889919e+00
6.676212424849698436e+03 3.623974801480340346e+00
6.700207414829659683e+03 3.636350723829463227e+00
6.724202404809619111e+03 3.648723957870942058e+00
6.748197394789580358e+03 3.661094250129334426e+00
6.772192384769538876e+03 3.673461347568741875e+00
6.796187374749499213e+03 3.685824997630438915e+00
6.820182364729458641e+03 3.698184948270541117e+00
6.844177354709419888e+03 3.710540947997646999e+00
6.868172344689379315e+03 3.722892745910475032e+00
6.892167334669338743e+03 3.735240091735536172e+00
6.916162324649298171e+03 3.747582735864750880e+00
6.940157314629257598e+03 3.759920429393130092e+00
6.964152304609218845e+03 3.772252924156400233e+00
6.988147294589178273e+03 3.784579972768671752e+00
7.012142284569137701e+03 3.796901328660054808e+00
7.036137274549097128e+03 3.809216746114350460e+00
7.060132264529058375e+03 3.821525980306669013e+00
7.084127254509017803e+03 3.833828787341066580e+00
7.108122244488979049e+03 3.846124924288261582e+00
7.132117234468938477e+03 3.858414149223193590e+00
7.156112224448897905e+03 3.870696221262715397e+00
7.180107214428857333e+03 3.882970900603282871e+00
7.204102204408818579e+03 3.895237948558508911e+00
7.228097194388778007e+03 3.907497127596902597e+00
7.252092184368737435e+03 3.919748201379444019e+00
7.276087174348696863e+03 3.931990934797289228e+00
7.300082164328658109e+03 3.944225094009402355e+00
7.324077154308617537e+03 3.956450446480196170e+00
7.348072144288576965e+03 3.968666761017157540e+00
7.372067134268536392e+03 3.980873807808559040e+00
7.396062124248495820e+03 3.993071358461041331e+00
7.420057114228457067e+03 4.005259186037305241e+00
7.444052104208416495e+03 4.017437065093746540e+00
7.468047094188377741e+03 4.029604771718081402e+00
7.492042084168337169e+03 4.041762083567062902e+00
7.516037074148296597e+03 4.053908779904032755e+00
7.540032064128256025e+03 4.066044641636636925e+00
7.564027054108217271e+03 4.078169451354495934e+00
7.588022044088176699e+03 4.090282993366744613e+00
7.612017034068136127e+03 4.102385053739821430e+00
7.636012024048095554e+03 4.114475420334988698e+00
7.660007014028056801e+03 4.126553882846083710e+00
7.684002004008016229e+03 4.138620232837086022e+00
7.707996993987975657e+03 4.150674263779836615e+00
7.731991983967936903e+03 4.162715771091628270e+00
7.755986973947894512e+03 4.174744552172890977e+00
7.779981963927855759e+03 4.186760406444815175e+00
7.803976953907815187e+03 4.198763135387014955e+00
7.827971943887774614e+03 4.210752542575205482e+00
7.851966933867735861e+03 4.222728433718760499e+00
7.875961923847695289e+03 4.234690616698477683e+00
7.899956913827654716e+03 4.246638901604145921e+00
7.923951903807615963e+03 4.258573100772208520e+00
7.947946893787575391e+03 4.270493028823433512e+00
7.971941883767534819e+03 4.282398502700544007e+00
7.995936873747494246e+03 4.294289341705893825e+00
8.019931863727455493e+03 4.306165367539066757e+00
8.043926853707414921e+03 4.318026404334552204e+00
8.067921843687374349e+03 4.329872278699425259e+00
8.091916833667333776e+03 4.341702819750922870e+00
8.115911823647295023e+03 4.353517859154173664e+00
8.139906813627254451e+03 4.365317231159799860e+00
8.163901803607215697e+03 4.377100772641533410e+00
8.187896793587173306e+03 4.388868323133937821e+00
8.211891783567132734e+03 4.400619724870031391e+00
8.235886773547093981e+03 4.412354822818903344e+00
8.259881763527053408e+03 4.424073464723393911e+00
8.283876753507014655e+03 4.435775501137738885e+00
8.307871743486974083e+03 4.447460785465201738e+00
8.331866733466933510e+03 4.459129173995755480e+00
8.355861723446892938e+03 4.470780525943689909e+00
8.379856713426854185e+03 4.482414703485278373e+00
8.403851703406813613e+03 4.494031571796470281e+00
8.427846693386773040e+03 4.505630999090428190e+00
8.451841683366732468e+03 4.517212856655296704e+00
8.475836673346693715e+03 4.528777018891795514e+00
8.499831663326653143e+03 4.540323363350845298e+00
8.523826653306614389e+03 4.551851770771270012e+00
8.547821643286573817e+03 4.563362125117389922e+00
8.571816633266533245e+03 4.574854313616755874e+00
8.595811623246492672e+03 4.586328226797669494e+00
8.619806613226453919e+03 4.597783758526942322e+00
8.643801603206413347e+03 4.609220806047505725e+00
8.667796593186372775e+03 4.620639270016051903e+00
8.691791583166332202e+03 4.632039054540681988e+00
8.715786573146291630e+03 4.643420067218555047e+00
8.739781563126252877e+03 4.654782219173571711e+00
8.763776553106212305e+03 4.666125425093978762e+00
8.787771543086171732e+03 4.677449603270035894e+00
8.811766533066131160e+03 4.688754675631640723e+00
8.835761523046092407e+03 4.700040567786012424e+00
8.859756513026051834e+03 4.711307209055349610e+00
8.883751503006013081e+03 4.722554532514416259e+00
8.907746492985972509e+03 4.733782475028253778e+00
8.931741482965931937e+03 4.744990977289786471e+00
8.955736472945891364e+03 4.756179983857512283e+00
8.979731462925852611e+03 4.767349443193095837e+00
9.003726452905812039e+03 4.778499307699072496e+00
9.027721442885771467e+03 4.789629533756471602e+00
9.051716432865730894e+03 4.800740081762455702e+00
9.075711422845690322e+03 4.811830916167979311e+00
9.099706412825651569e+03 4.822902005515431689e+00
9.123701402805610996e+03 4.833953322476326697e+00
9.147696392785570424e+03 4.844984843888869186e+00
9.171691382765529852e+03 4.855996550795663502e+00
9.195686372745491099e+03 4.866988428481368700e+00
9.219681362725450526e+03 4.877960466510321780e+00
9.243676352705411773e+03 4.888912658764180463e+00
9.267671342685371201e+03 4.899845003479553540e+00
9.291666332665330629e+03 4.910757503285758219e+00
9.315661322645290056e+03 4.921650165242298591e+00
9.339656312625251303e+03 4.932523000876678942e+00
9.363651302605210731e+03 4.943376026221912412e+00
9.387646292585170158e+03 4.954209261854275681e+00
9.411641282565129586e+03 4.965022732930929550e+00
9.435636272545090833e+03 4.975816469227503092e+00
9.459631262525050261e+03 4.986590505175833243e+00
9.483626252505011507e+03 4.997344879901563175e+00
9.507621242484969116e+03 5.008079637261802830e+00
9.531616232464928544e+03 5.018794825882759270e+00
9.555611222444889790e+03 5.029490499197443398e+00
9.579606212424849218e+03 5.040166715483223925e+00
9.603601202404810465e+03 5.050823537899571392e+00
9.627596192384768074e+03 5.061461034525617464e+00
9.651591182364729320e+03 5.072079278397890967e+00
9.675586172344688748e+03 5.082678347547934017e+00
9.699581162324649995e+03 5.093258325039892398e+00
9.723576152304609423e+03 5.103819299008248933e+00
9.747571142284570669e+03 5.114361362695447610e+00
9.771566132264528278e+03 5.124884614489479517e+00
9.795561122244489525e+03 5.135389157961629536e+00
9.819556112224448952e+03 5.145875101904065829e+00
9.843551102204408380e+03 5.156342560367497718e+00
9.867546092184369627e+03 5.166791652698835335e+00
9.891541082164329055e+03 5.177222503578796875e+00
9.915536072144288482e+03 5.187635243059633083e+00
9.939531062124249729e+03 5.198030006602728292e+00
9.963526052104207338e+03 5.208406935116206782e+00
9.987521042084168585e+03 5.218766174992698126e+00
1.001151603206412801e+04 5.229107878146847632e+00
1.003551102204408744e+04 5.239432202053070142e+00
1.005950601202404869e+04 5.249739309783164387e+00
1.008350100200400630e+04 5.260029370043946884e+00
1.010749599198396754e+04 5.270302557214901817e+00
1.013149098196392697e+04 5.280559051385838920e+00
1.015548597194388822e+04 5.290799038394608189e+00
1.017948096192384764e+04 5.301022709864565030e+00
1.020347595190380889e+04 5.311230263242431526e+00
1.022747094188376650e+04 5.321421901835819313e+00
1.025146593186372775e+04 5.331597834850896334e+00
1.027546092184368717e+04 5.341758277430066038e+00
1.029945591182364842e+04 5.351903450689571073e+00
1.032345090180360785e+04 5.362033581757223999e+00
1.034744589178356728e+04 5.372148903809932818e+00
1.037144088176352670e+04 5.382249656111443237e+00
1.039543587174348613e+04 5.392336084049979661e+00
1.041943086172344738e+04 5.402408439175864885e+00
1.044342585170340681e+04 5.412466979239142439e+00
1.046742084168336623e+04 5.422511968227310852e+00
1.049141583166332566e+04 5.432543676402911359e+00
1.051541082164328691e+04 5.442562380341174233e+00
1.053940581162324634e+04 5.452568362967674886e+00
1.056340080160320576e+04 5.462561913595971319e+00
1.058739579158316519e+04 5.472543327965333937e+00
1.061139078156312644e+04 5.482512908278279085e+00
1.063538577154308587e+04 5.492470963238279325e+00
1.065938076152304711e+04 5.502417808087386675e+00
1.068337575150300472e+04 5.512353764643924237e+00
1.070737074148296597e+04 5.522279161340089892e+00
1.073136573146292540e+04 5.532194333259591090e+00
1.075536072144288664e+04 5.542099622175360452e+00
1.077935571142284607e+04 5.551995376587186115e+00
1.080335070140280732e+04 5.561881951759266585e+00
1.082734569138276493e+04 5.571759709758024037e+00
1.085134068136272435e+04 5.581629019489549037e+00
1.087533567134268560e+04 5.591490256737484899e+00
1.089933066132264503e+04 5.601343804200459964e+00
1.092332565130260627e+04 5.611190051529886702e+00
1.094732064128256388e+04 5.621029395367513004e+00
1.097131563126252513e+04 5.630862239383130685e+00
1.099531062124248456e+04 5.640688994312196058e+00
1.101930561122244580e+04 5.650510077993486924e+00
1.104330060120240523e+04 5.660325915406774655e+00
1.106729559118236466e+04 5.670136938710406582e+00
1.109129058116232409e+04 5.679943587279026929e+00
1.111528557114228533e+04 5.689746307741179621e+00
1.113928056112224476e+04 5.699545554016979487e+00
1.116327555110220419e+04 5.709341787355723952e+00
1.118727054108216362e+04 5.719135476373640614e+00
1.121126553106212486e+04 5.728927097091389697e+00
1.123526052104208429e+04 5.738717132971821400e+00
1.125925551102204554e+04 5.748506074957598244e+00
1.128325050100200315e+04 5.758294421508836081e+00
1.130724549098196258e+04 5.768082678640735317e+00
1.133124048096192382e+04 5.777871359961256559e+00
1.135523547094188325e+04 5.787660986708754507e+00
1.137923046092184450e+04 5.797452087789659814e+00
1.140322545090180211e+04 5.807245199816060577e+00
1.142722044088176335e+04 5.817040867143401073e+00
1.145121543086172278e+04 5.826839641908151179e+00
1.147521042084168403e+04 5.836642084065386982e+00
1.149920541082164345e+04 5.846448761426480623e+00
1.152320040080160470e+04 5.856260249696756404e+00
1.154719539078156231e+04 5.866077132513106029e+00
1.157119038076152356e+04 5.875900001481676682e+00
1.159518537074148298e+04 5.885729456215510247e+00
1.161918036072144423e+04 5.895566104372170102e+00
1.164317535070140366e+04 5.905410561691337712e+00
1.166717034068136309e+04 5.915263452032638369e+00
1.169116533066132251e+04 5.925125407413101897e+00
1.171516032064128194e+04 5.934997068044914670e+00
1.173915531062124319e+04 5.944879082373017098e+00
1.176315030060120262e+04 5.954772107112779267e+00
1.178714529058116204e+04 5.964676807287683680e+00
1.181114028056112147e+04 5.974593856266848135e+00
1.183513527054108272e+04 5.984523935802830152e+00
1.185913026052104215e+04 5.994467736069220010e+00
1.188312525050100157e+04 6.004425955698209805e+00
1.190712024048096100e+04 6.014399301818341925e+00
1.193111523046092225e+04 6.024388490092114523e+00
1.195511022044088168e+04 6.034394244753652714e+00
1.197910521042084292e+04 6.044417298646327374e+00
1.200310020040080053e+04 6.054458393260421012e+00
1.202709519038076178e+04 6.064518278770777648e+00
1.205109018036072121e+04 6.074597714074442933e+00
1.207508517034068245e+04 6.084697466828336232e+00
1.209908016032064188e+04 6.094818313486829453e+00
1.212307515030060313e+04 6.104961039339519502e+00
1.214707014028056074e+04 6.115126438548720955e+00
1.217106513026052016e+04 6.125315314187274041e+00
1.219506012024048141e+04 6.135528478276095043e+00
1.221905511022044084e+04 6.145766751821780005e+00
1.224305010020040208e+04 6.156030964854402932e+00
1.226704509018035969e+04 6.166321956465077747e+00
1.229104008016032094e+04 6.176640574843537124e+00
1.231503507014028037e+04 6.186987677315905820e+00
1.233903006012024161e+04 6.197364130382331915e+00
1.236302505010019922e+04 6.207770809754497243e+00
1.238702004008016047e+04 6.268077373347789027e+00
1.257568828108478192e+04 6.353338213498644471e+00
1.276435652208940519e+04 6.438599053649499915e+00
1.295302476309402664e+04 6.523859893800355358e+00
1.314169300409864991e+04 6.609120733951211690e+00
1.333036124510327136e+04 6.694381574102066246e+00
1.351902948610789463e+04 6.779642414252922578e+00
1.370769772711251608e+04 6.864903254403778021e+00
1.389636596811713935e+04 6.950164094554634353e+00
1.408503420912176080e+04 7.035424934705488909e+00
1.427370245012638406e+04 7.120685774856345240e+00
1.446237069113100551e+04 7.205946615007200684e+00
1.465103893213562696e+04 7.291207455158055240e+00
1.483970717314025023e+04 7.376468295308911571e+00
1.502837541414487350e+04 7.461729135459767903e+00
1.521704365514949495e+04 7.546989975610623347e+00
1.540571189615411640e+04 7.632250815761477902e+00
1.559438013715873967e+04 7.717511655912334234e+00
1.578304837816336294e+04 7.802772496063190566e+00
1.597171661916798439e+04 7.888033336214045121e+00
1.616038486017260584e+04 7.973294176364900565e+00
1.634905310117722911e+04 8.058555016515757785e+00
1.653772134218185238e+04 8.143815856666613229e+00
1.672638958318647201e+04 8.229076696817466896e+00
1.691505782419109528e+04 8.314337536968324116e+00
1.710372606519571855e+04 8.399598377119179560e+00
1.729239430620033818e+04 8.484859217270033227e+00
1.748106254720496145e+04 8.570120057420890447e+00
1.766973078820958472e+04 8.655380897571745891e+00
1.785839902921420799e+04 8.740641737722603111e+00
1.804706727021883125e+04 8.825902577873458554e+00
1.823573551122345089e+04 8.911163418024312222e+00
1.842440375222807415e+04 8.996424258175169442e+00
1.861307199323269742e+04 9.081685098326024885e+00
1.880174023423731705e+04 9.166945938476880329e+00
1.899040847524194032e+04 9.252206778627735773e+00
1.917907671624656359e+04 9.337467618778591216e+00
1.936774495725118686e+04 9.422728458929448436e+00
1.955641319825581013e+04 9.507989299080303880e+00
1.974508143926042976e+04 9.593250139231157547e+00
1.993374968026505303e+04 9.678510979382014767e+00
2.012241792126967630e+04 9.763771819532870211e+00
2.031108616227429593e+04 9.849032659683723878e+00
2.049975440327891920e+04 9.934293499834581098e+00
2.068842264428354247e+04 1.001955433998543654e+01
2.087709088528816210e+04 1.010481518013629021e+01
2.106575912629278901e+04 1.019007602028714921e+01
2.125442736729740864e+04 1.027533686043800287e+01
2.144309560830202827e+04 1.036059770058885832e+01
2.163176384930665517e+04 1.044585854073971554e+01
2.182043209031127481e+04 1.053111938089056920e+01
2.200910033131589807e+04 1.061638022104142642e+01
2.219776857232052134e+04 1.070164106119228187e+01
2.238643681332514097e+04 1.078690190134313553e+01
2.257510505432976424e+04 1.087216274149399275e+01
2.276377329533438751e+04 1.095742358164484820e+01
2.295244153633900714e+04 1.104268442179570187e+01
2.314110977734363405e+04 1.112794526194656086e+01
2.332977801834825368e+04 1.121320610209741453e+01
2.351844625935287695e+04 1.129846694224826997e+01
2.370711450035750022e+04 1.138372778239912719e+01
2.389578274136211985e+04 1.146898862254998086e+01
2.408445098236674312e+04 1.155424946270083630e+01
2.427311922337136639e+04 1.163951030285169352e+01
2.446178746437598602e+04 1.172477114300254719e+01
2.465045570538060929e+04 1.181003198315340441e+01
2.483912394638523256e+04 1.189529282330425985e+01
2.502779218738985219e+04 1.198055366345511352e+01
2.521646042839447910e+04 1.206581450360597252e+01
2.540512866939909873e+04 1.215107534375682619e+01
2.559379691040372199e+04 1.223633618390768163e+01
2.578246515140834526e+04 1.232159702405853885e+01
2.597113339241296489e+04 1.240685786420939252e+01
2.615980163341758816e+04 1.249211870436024796e+01
2.634846987442221143e+04 1.257737954451110518e+01
2.653713811542683106e+04 1.266264038466195885e+01
2.672580635643145797e+04 1.274790122481281607e+01
2.691447459743607760e+04 1.283316206496367151e+01
2.710314283844070087e+04 1.291842290511452696e+01
2.729181107944532414e+04 1.300368374526538240e+01
2.748047932044994377e+04 1.308894458541623784e+01
2.766914756145456704e+04 1.317420542556709329e+01
2.785781580245919031e+04 1.325946626571795051e+01
2.804648404346380994e+04 1.334472710586880417e+01
2.823515228446843321e+04 1.342998794601965962e+01
2.842382052547305648e+04 1.351524878617051684e+01
2.861248876647767611e+04 1.360050962632137050e+01
2.880115700748230302e+04 1.368577046647222772e+01
2.898982524848692265e+04 1.377103130662308317e+01
2.917849348949154228e+04 1.385629214677393684e+01
2.936716173049616918e+04 1.394155298692479406e+01
2.955582997150078882e+04 1.402681382707564950e+01
2.974449821250541572e+04 1.411207466722650672e+01
2.993316645351003535e+04 1.419733550737736039e+01
3.012183469451465498e+04 1.428259634752821583e+01
3.031050293551928189e+04 1.436785718767907305e+01
3.049917117652390152e+04 1.445311802782992672e+01
3.068783941752852115e+04 1.453837886798078216e+01
3.087650765853314806e+04 1.462363970813163938e+01
3.106517589953776769e+04 1.470890054828249482e+01
3.125384414054238732e+04 1.479416138843334849e+01
3.144251238154701423e+04 1.487942222858420571e+01
3.163118062255163386e+04 1.496468306873506116e+01
3.181984886355626077e+04 1.504994390888591838e+01
3.200851710456088040e+04 1.513520474903677204e+01
3.219718534556550003e+04 1.522046558918762749e+01
3.238585358657012694e+04 1.530572642933848471e+01
3.257452182757474657e+04 1.539098726948933837e+01
3.276319006857936620e+04 1.547624810964019382e+01
3.295185830958399310e+04 1.556150894979105104e+01
3.314052655058861274e+04 1.564676978994190470e+01
3.332919479159323964e+04 1.573203063009276370e+01
3.351786303259785927e+04 1.581729147024361737e+01
3.370653127360247890e+04 1.590255231039447281e+01
3.389519951460710581e+04 1.598781315054533003e+01
3.408386775561172544e+04 1.607307399069618370e+01
3.427253599661634507e+04 1.615833483084703914e+01
3.446120423762097198e+04 1.624359567099789459e+01
3.464987247862559161e+04 1.632885651114875003e+01
3.483854071963021124e+04 1.641411735129960547e+01
3.502720896063483815e+04 1.649937819145046092e+01
3.521587720163945778e+04 1.658463903160131636e+01
3.540454544264408469e+04 1.666989987175217536e+01
3.559321368364870432e+04 1.675516071190302725e+01
3.578188192465332395e+04 1.684042155205388269e+01
3.597055016565795086e+04 1.692568239220473814e+01
3.615921840666257049e+04 1.701094323235559358e+01
3.634788664766719012e+04 1.709620407250644902e+01
3.653655488867181703e+04 1.718146491265730447e+01
3.672522312967643666e+04 1.726672575280815991e+01
3.691389137068105629e+04 1.735198659295901535e+01
3.710255961168568319e+04 1.743724743310987080e+01
3.729122785269030283e+04 1.752250827326072624e+01
3.747989609369492973e+04 1.760776911341158524e+01
3.766856433469954936e+04 1.769302995356243713e+01
3.785723257570416899e+04 1.777829079371329257e+01
3.804590081670879590e+04 1.786355163386415157e+01
3.823456905771341553e+04 1.794881247401500701e+01
3.842323729871803516e+04 1.803407331416585890e+01
3.861190553972266207e+04 1.811933415431671790e+01
3.880057378072728170e+04 1.820459499446757334e+01
3.898924202173190861e+04 1.828985583461842879e+01
3.917791026273652824e+04 1.837511667476928423e+01
3.936657850374114787e+04 1.846037751492013967e+01
3.955524674474577478e+04 1.854563835507099512e+01
3.974391498575039441e+04 1.863089919522185056e+01
3.993258322675501404e+04 1.871616003537270601e+01
4.012125146775964095e+04 1.880142087552356145e+01
4.030991970876426058e+04 1.888668171567441689e+01
4.049858794976888021e+04 1.897194255582527234e+01
4.068725619077350711e+04 1.905720339597612778e+01
4.087592443177812675e+04 1.914246423612698322e+01
4.106459267278275365e+04 1.922772507627784222e+01
4.125326091378737328e+04 1.931298591642869411e+01
4.144192915479199291e+04 1.939824675657954955e+01
4.163059739579661982e+04 1.948350759673040855e+01
4.181926563680123945e+04 1.956876843688126044e+01
4.200793387780585908e+04 1.965402927703211589e+01
4.219660211881048599e+04 1.973929011718297488e+01
4.238527035981510562e+04 1.982455095733382677e+01
4.257393860081973253e+04 1.990981179748468577e+01
4.276260684182435216e+04 1.999507263763554121e+01
4.295127508282897179e+04 2.008033347778639310e+01
4.313994332383359870e+04 2.016559431793725210e+01
4.332861156483821833e+04 2.025085515808810754e+01
4.351727980584283796e+04 2.033611599823896299e+01
4.370594804684746487e+04 2.042137683838981843e+01
4.389461628785208450e+04 2.050663767854067387e+01
4.408328452885670413e+04 2.059189851869152932e+01
4.427195276986133103e+04 2.067715935884238476e+01
4.446062101086595067e+04 2.076242019899324021e+01
4.464928925187057757e+04 2.084768103914409920e+01
4.483795749287519720e+04 2.093294187929495109e+01
4.502662573387981683e+04 2.101820271944580654e+01
4.521529397488444374e+04 2.110346355959666553e+01
4.540396221588906337e+04 2.118872439974751742e+01
4.559263045689369028e+04 2.127398523989837642e+01
4.578129869789830991e+04 2.135924608004923186e+01
4.596996693890292954e+04 2.144450692020008375e+01
4.615863517990755645e+04 2.152976776035094275e+01
4.634730342091217608e+04 2.161502860050179819e+01
4.653597166191679571e+04 2.170028944065265009e+01
4.672463990292142262e+04 2.178555028080350908e+01
4.691330814392604225e+04 2.187081112095436453e+01
4.710197638493066916e+04 2.195607196110521997e+01
4.729064462593528879e+04 2.204133280125607541e+01
4.747931286693990842e+04 2.212659364140693086e+01
4.766798110794453532e+04 2.221185448155778630e+01
4.785664934894915496e+04 2.229711532170864174e+01
4.804531758995377459e+04 2.238237616185949719e+01
4.823398583095840149e+04 2.246763700201035263e+01
4.842265407196302112e+04 2.255289784216120808e+01
4.861132231296764076e+04 2.263815868231206352e+01
4.879999055397226766e+04 2.272341952246291896e+01
4.898865879497688729e+04 2.280868036261377441e+01
4.917732703598151420e+04 2.289394120276463340e+01
4.936599527698613383e+04 2.297920204291548529e+01
4.955466351799075346e+04 2.306446288306634074e+01
4.974333175899538037e+04 2.314972372321719973e+01
4.993200000000000000e+04 2.323498456336805518e+01
