2.509250000000000000e+03 8.580039197456821753e+00
2.529313627254508901e+03 8.620472612516291377e+00
2.549377254509018258e+03 8.660641038008709103e+00
2.569440881763527159e+03 8.700545785383322794e+00
2.589504509018036515e+03 8.740188165641074036e+00
2.609568136272544962e+03 8.779569489312994079e+00
2.629631763527054318e+03 8.818691066438592685e+00
2.649695390781563219e+03 8.857554206544243414e+00
2.669759018036072121e+03 8.896160218621568916e+00
2.689822645290581022e+03 8.934510411105842209e+00
2.709886272545089923e+03 8.972606091854361310e+00
2.729949899799599280e+03 9.010448568124848734e+00
2.750013527054108181e+03 9.048039146553833234e+00
2.770077154308617537e+03 9.085379133135040419e+00
2.790140781563126438e+03 9.122469833197785150e+00
2.810204408817635340e+03 9.159312551385356826e+00
2.830268036072144241e+03 9.195908591633408236e+00
2.850331663326653143e+03 9.232259257148344389e+00
2.870395290581162499e+03 9.268365850385713145e+00
2.890458917835671400e+03 9.304229673028590497e+00
2.910522545090180756e+03 9.339852025965974747e+00
2.930586172344689658e+03 9.375234209271171792e+00
2.950649799599198559e+03 9.410377522180180421e+00
2.970713426853707460e+03 9.445283263070084701e+00
2.990777054108216817e+03 9.479952729437449932e+00
3.010840681362725718e+03 9.514387217876697278e+00
3.030904308617234165e+03 9.548588024058503265e+00
3.050967935871743975e+03 9.582556442708183297e+00
3.071031563126252422e+03 9.616293767584082275e+00
3.091095190380761778e+03 9.649801291455965213e+00
3.111158817635270680e+03 9.683080306083398980e+00
3.131222444889779581e+03 9.716132102194151798e+00
3.151286072144288482e+03 9.748957969462573203e+00
3.171349699398798293e+03 9.781559196487988217e+00
3.191413326653306740e+03 9.813937070773077309e+00
3.211476953907815641e+03 9.846092878702281226e+00
3.231540581162324997e+03 9.878027905520172069e+00
3.251604208416833899e+03 9.909743435309854576e+00
3.271667835671342800e+03 9.941240750971351403e+00
3.291731462925851702e+03 9.972521134199986648e+00
3.311795090180360603e+03 1.000358586546477824e+01
3.331858717434869959e+03 1.003443622398683743e+01
3.351922344689378860e+03 1.006507348771773636e+01
3.371985971943888217e+03 1.009549893331791459e+01
3.392049599198397118e+03 1.012571383613505915e+01
3.412113226452906019e+03 1.015571947018248977e+01
3.432176853707414921e+03 1.018551710811756550e+01
3.452240480961924277e+03 1.021510802122005579e+01
3.472304108216433178e+03 1.024449347937052934e+01
3.492367735470941625e+03 1.027367475102875360e+01
3.512431362725450981e+03 1.030265310321208361e+01
3.532494989979959882e+03 1.033142980147383305e+01
3.552558617234469239e+03 1.036000610988168447e+01
3.572622244488978140e+03 1.038838329099606916e+01
3.592685871743487041e+03 1.041656260584855076e+01
3.612749498997995943e+03 1.044454531392022112e+01
3.632813126252505299e+03 1.047233267312009097e+01
3.652876753507014200e+03 1.049992593976346811e+01
3.672940380761523102e+03 1.052732636855035864e+01
3.693004008016032458e+03 1.055453521254384697e+01
3.713067635270541359e+03 1.058155372314848641e+01
3.733131262525050261e+03 1.060838315008869159e+01
3.753194889779559162e+03 1.063502474138712728e+01
3.773258517034068063e+03 1.066147974334308657e+01
3.793322144288577420e+03 1.068774940051089217e+01
3.813385771543086776e+03 1.071383495567828703e+01
3.833449398797595677e+03 1.073973764984480539e+01
3.853513026052104124e+03 1.076545872220017941e+01
3.873576653306613480e+03 1.079099941010271912e+01
3.893640280561122381e+03 1.081636094905771017e+01
3.913703907815631737e+03 1.084154457269578486e+01
3.933767535070140184e+03 1.086655151275132880e+01
3.953831162324649085e+03 1.089138299904086438e+01
3.973894789579158441e+03 1.091604025944143430e+01
3.993958416833667798e+03 1.094052451986899399e+01
4.014022044088176699e+03 1.096483700425680752e+01
4.034085671342685600e+03 1.098897893453381869e+01
4.054149298597194502e+03 1.101295153060305765e+01
4.074212925851703403e+03 1.103675601032002263e+01
4.094276553106212759e+03 1.106039358947106166e+01
4.114340180360721206e+03 1.108386548175177921e+01
4.134403807615230107e+03 1.110717289874540370e+01
4.154467434869739918e+03 1.113031704990119408e+01
4.174531062124247910e+03 1.115329914251281451e+01
4.194594689378757721e+03 1.117612038169674094e+01
4.214658316633266622e+03 1.119878197037062151e+01
4.234721943887775524e+03 1.122128510923169920e+01
4.254785571142284425e+03 1.124363099673517752e+01
4.274849198396794236e+03 1.126582082907260940e+01
4.294912825651303137e+03 1.128785580015030021e+01
4.314976452905812039e+03 1.130973710156769130e+01
4.335040080160320940e+03 1.133146592259573637e+01
4.355103707414829842e+03 1.135304345015530458e+01
4.375167334669338743e+03 1.137447086879556934e+01
4.395230961923847644e+03 1.139574936067237942e+01
4.415294589178356546e+03 1.141688010552667976e+01
4.435358216432865447e+03 1.143786428066286476e+01
4.455421843687375258e+03 1.145870306092719204e+01
4.475485470941884159e+03 1.147939761868615705e+01
4.495549098196392151e+03 1.149994912380489254e+01
4.515612725450901962e+03 1.152035874362555035e+01
4.535676352705410864e+03 1.154062764294569199e+01
4.555739979959920674e+03 1.156075698399667928e+01
4.575803607214429576e+03 1.158074792642205608e+01
4.595867234468938477e+03 1.160060162725594779e+01
4.615930861723447379e+03 1.162031924090144486e+01
4.635994488977956280e+03 1.163990191910898453e+01
4.656058116232465181e+03 1.165935081095475923e+01
4.676121743486974083e+03 1.167866706281907696e+01
4.696185370741482984e+03 1.169785181836477683e+01
4.716248997995991886e+03 1.171690621851560365e+01
4.736312625250500787e+03 1.173583140143459858e+01
4.756376252505009688e+03 1.175462850250248792e+01
4.776439879759518590e+03 1.177329865429608091e+01
4.796503507014028401e+03 1.179184298656664076e+01
4.816567134268537302e+03 1.181026262621828593e+01
4.836630761523046203e+03 1.182855869728638254e+01
4.856694388777555105e+03 1.184673232091592077e+01
4.876758016032064006e+03 1.186478461533990725e+01
4.896821643286573817e+03 1.188271669585776102e+01
4.916885270541082718e+03 1.190052967481370061e+01
4.936948897795591620e+03 1.191822466157512217e+01
4.957012525050100521e+03 1.193580276251100081e+01
4.977076152304609423e+03 1.195326508097027585e+01
4.997139779559118324e+03 1.197061271726022902e+01
5.017203406813627225e+03 1.198784676862489817e+01
5.037267034068136127e+03 1.200496832922343238e+01
5.057330661322645028e+03 1.202197849010851272e+01
5.077394288577153930e+03 1.203887833920471984e+01
5.097457915831663740e+03 1.205566896128693166e+01
5.117521543086172642e+03 1.207235143795871224e+01
5.137585170340681543e+03 1.208892684763069170e+01
5.157648797595191354e+03 1.210539626549897108e+01
5.177712424849699346e+03 1.212176076352349874e+01
5.197776052104209157e+03 1.213802141040645921e+01
5.217839679358718058e+03 1.215417927157066913e+01
5.237903306613226960e+03 1.217023540913795543e+01
5.257966933867735861e+03 1.218619088190756372e+01
5.278030561122244762e+03 1.220204674533451872e+01
5.298094188376753664e+03 1.221780405150803972e+01
5.318157815631262565e+03 1.223346384912990992e+01
5.338221442885771467e+03 1.224902718349287944e+01
5.358285070140280368e+03 1.226449509645904712e+01
5.378348697394790179e+03 1.227986862643824750e+01
5.398412324649298171e+03 1.229514880836644153e+01
5.418475951903807072e+03 1.231033667368410889e+01
5.438539579158316883e+03 1.232543325031463155e+01
5.458603206412826694e+03 1.234043956264268971e+01
5.478666833667335595e+03 1.235535663149263641e+01
5.498730460921843587e+03 1.237018547410690594e+01
5.518794088176352489e+03 1.238492710412438669e+01
5.538857715430862299e+03 1.239958253155881351e+01
5.558921342685371201e+03 1.241415276277716728e+01
5.578984969939880102e+03 1.242863880047804237e+01
5.599048597194389004e+03 1.244304164367006038e+01
5.619112224448897905e+03 1.245736228765023412e+01
5.639175851703406806e+03 1.247160172398238487e+01
5.659239478957915708e+03 1.248576094047549745e+01
5.679303106212424609e+03 1.249984092116213930e+01
5.699366733466933510e+03 1.251384264627682796e+01
5.719430360721442412e+03 1.252776709223443774e+01
5.739493987975952223e+03 1.254161523160856717e+01
5.759557615230461124e+03 1.255538803310995277e+01
5.779621242484970026e+03 1.256908646156483655e+01
5.799684869739479836e+03 1.258271147789336553e+01
5.819748496993988738e+03 1.259626403908797698e+01
5.839812124248497639e+03 1.260974509819178735e+01
5.859875751503006541e+03 1.262315560427698458e+01
5.879939378757515442e+03 1.263649650242321343e+01
5.900003006012024343e+03 1.264976873369596611e+01
5.920066633266533245e+03 1.266297323512496931e+01
5.940130260521042146e+03 1.267611093968256597e+01
5.960193887775551048e+03 1.268918277626212898e+01
5.980257515030059949e+03 1.270218966965641627e+01
6.000321142284568850e+03 1.271513254053598452e+01
6.020384769539078661e+03 1.272801230542756734e+01
6.040448396793587563e+03 1.274082987669246592e+01
6.060512024048095554e+03 1.275358616250493604e+01
6.080575651302605365e+03 1.276628206683058764e+01
6.100639278557115176e+03 1.277891848940475406e+01
6.120702905811624078e+03 1.279149632571089512e+01
6.140766533066132070e+03 1.280401646695898421e+01
6.160830160320640971e+03 1.281647980006389531e+01
6.180893787575150782e+03 1.282888720762379009e+01
6.200957414829659683e+03 1.284123956789850496e+01
6.221021042084168585e+03 1.285353775478795413e+01
6.241084669338677486e+03 1.286578263781049358e+01
6.261148296593186387e+03 1.287797508208133301e+01
6.281211923847695289e+03 1.289011594829091045e+01
6.301275551102204190e+03 1.290220609268329355e+01
6.321339178356713091e+03 1.291424636703454354e+01
6.341402805611221993e+03 1.292623761863114495e+01
6.361466432865731804e+03 1.293818069024834827e+01
6.381530060120240705e+03 1.295007642012859606e+01
6.401593687374749607e+03 1.296192564195989050e+01
6.421657314629258508e+03 1.297372918485418936e+01
6.441720941883768319e+03 1.298548787332579124e+01
6.461784569138277220e+03 1.299720252726973158e+01
6.481848196392786122e+03 1.300887396194016432e+01
6.501911823647295023e+03 1.302050298792874727e+01
6.521975450901803924e+03 1.303209041114304867e+01
6.542039078156312826e+03 1.304363703278491471e+01
6.562102705410821727e+03 1.305514364932887261e+01
6.582166332665330629e+03 1.306661105250050880e+01
6.602229959919839530e+03 1.307804002925486841e+01
6.622293587174348431e+03 1.308943136175483701e+01
6.642357214428857333e+03 1.310078582734952946e+01
6.662420841683367144e+03 1.311210419855268583e+01
6.682484468937876045e+03 1.312338724302104787e+01
6.702548096192384037e+03 1.313463572353275666e+01
6.722611723446893848e+03 1.314585039796574684e+01
6.742675350701403659e+03 1.315703201927611588e+01
6.762738977955912560e+03 1.316818133547653247e+01
6.782802605210421461e+03 1.317929908961461827e+01
6.802866232464930363e+03 1.319038601975133318e+01
6.822929859719439264e+03 1.320144285893936598e+01
6.842993486973948166e+03 1.321247033520152669e+01
6.863057114228457067e+03 1.322346917150913370e+01
6.883120741482965968e+03 1.323444008576040432e+01
6.903184368737474870e+03 1.324538379075883121e+01
6.923247995991983771e+03 1.325630099419159080e+01
6.943311623246492672e+03 1.326719239860791433e+01
6.963375250501001574e+03 1.327805870139749089e+01
6.983438877755510475e+03 1.328890059476885099e+01
7.003502505010020286e+03 1.329971876572774647e+01
7.023566132264530097e+03 1.331051389605555002e+01
7.043629759519038089e+03 1.332128666228764580e+01
7.063693386773546990e+03 1.333203773569180584e+01
7.083757014028056801e+03 1.334276778224659132e+01
7.103820641282565703e+03 1.335347746261973434e+01
7.123884268537074604e+03 1.336416743214653025e+01
7.143947895791583505e+03 1.337483834080822120e+01
7.164011523046092407e+03 1.338549083321039390e+01
7.184075150300601308e+03 1.339612554856135773e+01
7.204138777555110210e+03 1.340674312065054252e+01
7.224202404809619111e+03 1.341734417782687672e+01
7.244266032064128012e+03 1.342792934297719576e+01
7.264329659318636914e+03 1.343849923350461140e+01
7.284393286573145815e+03 1.344905446130689697e+01
7.304456913827655626e+03 1.345959563275491000e+01
7.324520541082164527e+03 1.347012334867093131e+01
7.344584168336673429e+03 1.348063820430709825e+01
7.364647795591183240e+03 1.349114078932376515e+01
7.384711422845691231e+03 1.350163168776790990e+01
7.404775050100201042e+03 1.351211147805150858e+01
7.424838677354709944e+03 1.352258073292993501e+01
7.444902304609218845e+03 1.353304001948033886e+01
7.464965931863727747e+03 1.354348989908004697e+01
7.485029559118235738e+03 1.355393092738493976e+01
7.505093186372745549e+03 1.356436365430785429e+01
7.525156813627254451e+03 1.357478862399696062e+01
7.545220440881763352e+03 1.358520637481414539e+01
7.565284068136273163e+03 1.359561743931342903e+01
7.585347695390782064e+03 1.360602234421931556e+01
7.605411322645290056e+03 1.361642161040521870e+01
7.625474949899800777e+03 1.362681575287181701e+01
7.645538577154307859e+03 1.363720528072547467e+01
7.665602204408818579e+03 1.364759069715660189e+01
7.685665831663327481e+03 1.365797249941805980e+01
7.705729458917835473e+03 1.366835117880354744e+01
7.725793086172345284e+03 1.367872722062599067e+01
7.745856713426853275e+03 1.368910110419592030e+01
7.765920340681363086e+03 1.369947330279988407e+01
7.785983967935871988e+03 1.370984428367880170e+01
7.806047595190380889e+03 1.372021450800639286e+01
7.826111222444889790e+03 1.373058443086753044e+01
7.846174849699398692e+03 1.374095450123665074e+01
7.866238476953907593e+03 1.375132516195614407e+01
7.886302104208416495e+03 1.376169684971471874e+01
7.906365731462925396e+03 1.377206999502581830e+01
7.926429358717435207e+03 1.378244502220599976e+01
7.946492985971944108e+03 1.379282234935331708e+01
7.966556613226453010e+03 1.380320238832571533e+01
7.986620240480961911e+03 1.381358554471942313e+01
8.006683867735470812e+03 1.382397221784732366e+01
8.026747494989980623e+03 1.383436280071737734e+01
8.046811122244489525e+03 1.384475768001096796e+01
8.066874749498998426e+03 1.385515723606133065e+01
8.086938376753507328e+03 1.386556184283190518e+01
8.107002004008016229e+03 1.387597186789476922e+01
8.127065631262525130e+03 1.388638767240897565e+01
8.147129258517034032e+03 1.389680961109897517e+01
8.167192885771542933e+03 1.390723803223300337e+01
8.187256513026052744e+03 1.391767327760145179e+01
8.207320140280560736e+03 1.392811568249527454e+01
8.227383767535069637e+03 1.393856557568436649e+01
8.247447394789578539e+03 1.394902327939595743e+01
8.267511022044087440e+03 1.395948910929299380e+01
8.287574649298598160e+03 1.396996337445254355e+01
8.307638276553105243e+03 1.398044637734416362e+01
8.327701903807615963e+03 1.399093841380829950e+01
8.347765531062124865e+03 1.400143977303468112e+01
8.367829158316633766e+03 1.401195073754069753e+01
8.387892785571142667e+03 1.402247158314979458e+01
8.407956412825651569e+03 1.403300257896986025e+01
8.428020040080160470e+03 1.404354398737161880e+01
8.448083667334671190e+03 1.405409606396700539e+01
8.468147294589178273e+03 1.406465905758756918e+01
8.488210921843687174e+03 1.407523321026286744e+01
8.508274549098196076e+03 1.408581875719883136e+01
8.528338176352704977e+03 1.409641592675617261e+01
8.548401803607215697e+03 1.410702494042876509e+01
8.568465430861722780e+03 1.411764601282204623e+01
8.588529058116233500e+03 1.412827935163137738e+01
8.608592685370742402e+03 1.413892515762047353e+01
8.628656312625251303e+03 1.414958362459974595e+01
8.648719939879760204e+03 1.416025493940473190e+01
8.668783567134269106e+03 1.417093928187445684e+01
8.688847194388778007e+03 1.418163682482983923e+01
8.708910821643286909e+03 1.419234773405206340e+01
8.728974448897795810e+03 1.420307216826098085e+01
8.749038076152304711e+03 1.421381027909350081e+01
8.769101703406813613e+03 1.422456221108196317e+01
8.789165330661322514e+03 1.423532810163255213e+01
8.809228957915831415e+03 1.424610808100365666e+01
8.829292585170340317e+03 1.425690227228427531e+01
8.849356212424849218e+03 1.426771079137241216e+01
8.869419839679358120e+03 1.427853374695345146e+01
8.889483466933867021e+03 1.428937124047854290e+01
8.909547094188377741e+03 1.430022336614301537e+01
8.929610721442884824e+03 1.431109021086472666e+01
8.949674348697395544e+03 1.432197185426250030e+01
8.969737975951904446e+03 1.433286836863446467e+01
8.989801603206413347e+03 1.434377981893648446e+01
9.009865230460924067e+03 1.435470626276052286e+01
9.029928857715431150e+03 1.436564775031303398e+01
9.049992484969940051e+03 1.437660432439336233e+01
9.070056112224448952e+03 1.438757602037212457e+01
9.090119739478957854e+03 1.439856286616959657e+01
9.110183366733468574e+03 1.440956488223410581e+01
9.130246993987975657e+03 1.442058208152041487e+01
9.150310621242486377e+03 1.443161446946812276e+01
9.170374248496995278e+03 1.444266204398003772e+01
9.190437875751504180e+03 1.445372479540057498e+01
9.210501503006013081e+03 1.446480270649414734e+01
9.230565130260521983e+03 1.447589575242354343e+01
9.250628757515030884e+03 1.448700390072833244e+01
9.270692384769539785e+03 1.449812711130322995e+01
9.290756012024048687e+03 1.450926533637652405e+01
9.310819639278557588e+03 1.452041852048841619e+01
9.330883266533066490e+03 1.453158660046944561e+01
9.350946893787575391e+03 1.454276950541887281e+01
9.371010521042084292e+03 1.455396715668305596e+01
9.391074148296593194e+03 1.456517946783384332e+01
9.411137775551102095e+03 1.457640634464696916e+01
9.431201402805610996e+03 1.458764768508043730e+01
9.451265030060119898e+03 1.459890337925291703e+01
9.471328657314630618e+03 1.461017330942211245e+01
9.491392284569137701e+03 1.462145734996317792e+01
9.511455911823646602e+03 1.463275536734708737e+01
9.531519539078155503e+03 1.464406722011902673e+01
9.551583166332664405e+03 1.465539275887679338e+01
9.571646793587175125e+03 1.466673182624916905e+01
9.591710420841682208e+03 1.467808425687432106e+01
9.611774048096192928e+03 1.468944987737817875e+01
9.631837675350701829e+03 1.470082850635284544e+01
9.651901302605210731e+03 1.471221995433495522e+01
9.671964929859721451e+03 1.472362402378408675e+01
9.692028557114230352e+03 1.473504050906113427e+01
9.712092184368739254e+03 1.474646919640672138e+01
9.732155811623248155e+03 1.475790986391956316e+01
9.752219438877757057e+03 1.476936228153486397e+01
9.772283066132265958e+03 1.478082621100271687e+01
9.792346693386774859e+03 1.479230140586647124e+01
9.812410320641283761e+03 1.480378761144114819e+01
9.832473947895792662e+03 1.481528456479180278e+01
9.852537575150301564e+03 1.482679199471193066e+01
9.872601202404810465e+03 1.483830962170184975e+01
9.892664829659319366e+03 1.484983715794709269e+01
9.912728456913828268e+03 1.486137430729678854e+01
9.932792084168337169e+03 1.487292076524206585e+01
9.952855711422846070e+03 1.488447621889441663e+01
9.972919338677354972e+03 1.489604034696411361e+01
9.992982965931863873e+03 1.490761281973858132e+01
1.001304659318637277e+04 1.491919329906078673e+01
1.003311022044088168e+04 1.493078143830763871e+01
1.005317384769539058e+04 1.494237688236836092e+01
1.007323747494989948e+04 1.495397926762289131e+01
1.009330110220440838e+04 1.496558822192026383e+01
1.011336472945891728e+04 1.497720336455701329e+01
1.013342835671342800e+04 1.498882430625553752e+01
1.015349198396793690e+04 1.500045064914250759e+01
1.017355561122244580e+04 1.501208198672725125e+01
1.019361923847695653e+04 1.502371790388014361e+01
1.021368286573146361e+04 1.503535797681097819e+01
1.023374649298597251e+04 1.504700177304739128e+01
1.025381012024048141e+04 1.505864885141320819e+01
1.027387374749499031e+04 1.507029876200686758e+01
1.029393737474950103e+04 1.508195104617978899e+01
1.031400100200400811e+04 1.509360523651477770e+01
1.033406462925851883e+04 1.510526085680439046e+01
1.035412825651302774e+04 1.511691742202934918e+01
1.037419188376753664e+04 1.512857443833691562e+01
1.039425551102204554e+04 1.514023140301928194e+01
1.041431913827655444e+04 1.515188780449196670e+01
1.043438276553106334e+04 1.516354312227218770e+01
1.045444639278557224e+04 1.517519682695727212e+01
1.047451002004008114e+04 1.518684838020302053e+01
1.049457364729459005e+04 1.519849723470212766e+01
1.051463727454909895e+04 1.521014283416252866e+01
1.053470090180360785e+04 1.522178461328583410e+01
1.055476452905811675e+04 1.523342199774568329e+01
1.057482815631262565e+04 1.524505440416615798e+01
1.059489178356713455e+04 1.525668124010014282e+01
1.061495541082164345e+04 1.526830190400774967e+01
1.063501903807615236e+04 1.527991578523467098e+01
1.065508266533066308e+04 1.529152226399058812e+01
1.067514629258517016e+04 1.530312071132757623e+01
1.069520991983967906e+04 1.531471048911844335e+01
1.071527354709418796e+04 1.532629095003516895e+01
1.073533717434869686e+04 1.533786143752727327e+01
1.075540080160320758e+04 1.534942128580019727e+01
1.077546442885771467e+04 1.536096981979371279e+01
1.079552805611222539e+04 1.537250635516028296e+01
1.081559168336673429e+04 1.538403019824348483e+01
1.083565531062124319e+04 1.539554064605636086e+01
1.085571893787575391e+04 1.540703698625985041e+01
1.087578256513026099e+04 1.541851849714112888e+01
1.089584619238476989e+04 1.542998444759204091e+01
1.091590981963927879e+04 1.544143409708746972e+01
1.093597344689378770e+04 1.545286669566371884e+01
1.095603707414829842e+04 1.546428148389692048e+01
1.097610070140280732e+04 1.547567769288139772e+01
1.099616432865731622e+04 1.548705454420808714e+01
1.101622795591182512e+04 1.549841124994289387e+01
1.103629158316633402e+04 1.550974701260510002e+01
1.105635521042084292e+04 1.552106102514575880e+01
1.107641883767535182e+04 1.553235247092605675e+01
1.109648246492986073e+04 1.554362052369573099e+01
1.111654609218436963e+04 1.555486434757144210e+01
1.113660971943887853e+04 1.556608309701517356e+01
1.115667334669338743e+04 1.557727591681260115e+01
1.117673697394789633e+04 1.558844194205150124e+01
1.119680060120240523e+04 1.559958029810013969e+01
1.121686422845691413e+04 1.561069010058564999e+01
1.123692785571142304e+04 1.562177045537241327e+01
1.125699148296593194e+04 1.563282045854047553e+01
1.127705511022044084e+04 1.564383919636391695e+01
1.129711873747494974e+04 1.565482574528924431e+01
1.131718236472946046e+04 1.566577917191377622e+01
1.133724599198396754e+04 1.567669853296403737e+01
1.135730961923847644e+04 1.568758287527414552e+01
1.137737324649298534e+04 1.569843123576420041e+01
1.139743687374749425e+04 1.570924264141866900e+01
1.141750050100200497e+04 1.572001610926478499e+01
1.143756412825651387e+04 1.573075064635092346e+01
1.145762775551102277e+04 1.574144524972499859e+01
1.147769138276553349e+04 1.575209890641285249e+01
1.149775501002004057e+04 1.576271059339663339e+01
1.151781863727455129e+04 1.577327927759320758e+01
1.153788226452906019e+04 1.578380391583251807e+01
1.155794589178356728e+04 1.579428345483599472e+01
1.157800951903807800e+04 1.580471683119493420e+01
1.159807314629258508e+04 1.581510297134889953e+01
1.161813677354709580e+04 1.582544079156409467e+01
1.163820040080160470e+04 1.583572919791176048e+01
1.165826402805611360e+04 1.584596708624656003e+01
1.167832765531062250e+04 1.585615334218496386e+01
1.169839128256513141e+04 1.586628684108366194e+01
1.171845490981964031e+04 1.587636644801792762e+01
1.173851853707414921e+04 1.588639101776000473e+01
1.175858216432865811e+04 1.589635939475751769e+01
1.177864579158316701e+04 1.590627041311183376e+01
1.179870941883767591e+04 1.591612289655648738e+01
1.181877304609218481e+04 1.592591565843552992e+01
1.183883667334669371e+04 1.593564750168193989e+01
1.185890030060120262e+04 1.594531721879601882e+01
1.187896392785571152e+04 1.595492359182374642e+01
1.189902755511022042e+04 1.596446539233521733e+01
1.191909118236472932e+04 1.597394138140299269e+01
1.193915480961924004e+04 1.598335030958050140e+01
1.195921843687374712e+04 1.599269091688042721e+01
1.197928206412825784e+04 1.600196193275310108e+01
1.199934569138276674e+04 1.601116207606489539e+01
1.201940931863727383e+04 1.602029005507659321e+01
1.203947294589178455e+04 1.602934456742178426e+01
1.205953657314629163e+04 1.603832430008527865e+01
1.207960020040080235e+04 1.604722792938146014e+01
1.209966382765531307e+04 1.605605412093268924e+01
1.211972745490982015e+04 1.606480152964770269e+01
1.213979108216433087e+04 1.607346879969998810e+01
1.215985470941883796e+04 1.608205456450616921e+01
1.217991833667334868e+04 1.609055744670441968e+01
1.219998196392785758e+04 1.609897605813280563e+01
1.222004559118236648e+04 1.610730899980773856e+01
1.224010921843687538e+04 1.611555486190231079e+01
1.226017284569138246e+04 1.612371222372468793e+01
1.228023647294589318e+04 1.613177965369654387e+01
1.230030010020040208e+04 1.613975570933140347e+01
1.232036372745491099e+04 1.614763893721303845e+01
1.234042735470941989e+04 1.615542787297385985e+01
1.236049098196392879e+04 1.616312104127333527e+01
1.238055460921843769e+04 1.617071695577632795e+01
1.240061823647294659e+04 1.617821411913152474e+01
1.242068186372745549e+04 1.618561102294979293e+01
1.244074549098196439e+04 1.625443122647023841e+01
1.262990757394185493e+04 1.635827692349798212e+01
1.281906965690174366e+04 1.646212262052572228e+01
1.300823173986163238e+04 1.656596831755346244e+01
1.319739382282152292e+04 1.666981401458120615e+01
1.338655590578141346e+04 1.677365971160894631e+01
1.357571798874130218e+04 1.687750540863668647e+01
1.376488007170119090e+04 1.698135110566442663e+01
1.395404215466108144e+04 1.708519680269216678e+01
1.414320423762097198e+04 1.718904249971991050e+01
1.433236632058086070e+04 1.729288819674765065e+01
1.452152840354074942e+04 1.739673389377539081e+01
1.471069048650063996e+04 1.750057959080313452e+01
1.489985256946053050e+04 1.760442528783087468e+01
1.508901465242041922e+04 1.770827098485861484e+01
1.527817673538030795e+04 1.781211668188635855e+01
1.546733881834019849e+04 1.791596237891409515e+01
1.565650090130008903e+04 1.801980807594183887e+01
1.584566298425997775e+04 1.812365377296957902e+01
1.603482506721986647e+04 1.822749946999731918e+01
1.622398715017975701e+04 1.833134516702506289e+01
1.641314923313964755e+04 1.843519086405280305e+01
1.660231131609953445e+04 1.853903656108054321e+01
1.679147339905942499e+04 1.864288225810828692e+01
1.698063548201931553e+04 1.874672795513602708e+01
1.716979756497920607e+04 1.885057365216376724e+01
1.735895964793909661e+04 1.895441934919151095e+01
1.754812173089898351e+04 1.905826504621924755e+01
1.773728381385887405e+04 1.916211074324699126e+01
1.792644589681876460e+04 1.926595644027473497e+01
1.811560797977865150e+04 1.936980213730247158e+01
1.830477006273854204e+04 1.947364783433021529e+01
1.849393214569843258e+04 1.957749353135795545e+01
1.868309422865832312e+04 1.968133922838569561e+01
1.887225631161821366e+04 1.978518492541343932e+01
1.906141839457810056e+04 1.988903062244117592e+01
1.925058047753799110e+04 1.999287631946891963e+01
1.943974256049788164e+04 2.009672201649666334e+01
1.962890464345776854e+04 2.020056771352439995e+01
1.981806672641765908e+04 2.030441341055214366e+01
2.000722880937754962e+04 2.040825910757988382e+01
2.019639089233744016e+04 2.051210480460762398e+01
2.038555297529733070e+04 2.061595050163536769e+01
2.057471505825721761e+04 2.071979619866310784e+01
2.076387714121710815e+04 2.082364189569084800e+01
2.095303922417699869e+04 2.092748759271859171e+01
2.114220130713688559e+04 2.103133328974632832e+01
2.133136339009677613e+04 2.113517898677407203e+01
2.152052547305666667e+04 2.123902468380181574e+01
2.170968755601655721e+04 2.134287038082955235e+01
2.189884963897644775e+04 2.144671607785729606e+01
2.208801172193633465e+04 2.155056177488503621e+01
2.227717380489622519e+04 2.165440747191277637e+01
2.246633588785611573e+04 2.175825316894052008e+01
2.265549797081600263e+04 2.186209886596825669e+01
2.284466005377589318e+04 2.196594456299600040e+01
2.303382213673578372e+04 2.206979026002374411e+01
2.322298421969567426e+04 2.217363595705148427e+01
2.341214630265556480e+04 2.227748165407922443e+01
2.360130838561545170e+04 2.238132735110696458e+01
2.379047046857534224e+04 2.248517304813470474e+01
2.397963255153523278e+04 2.258901874516244845e+01
2.416879463449511968e+04 2.269286444219018861e+01
2.435795671745501022e+04 2.279671013921792877e+01
2.454711880041490076e+04 2.290055583624567248e+01
2.473628088337479130e+04 2.300440153327341264e+01
2.492544296633468184e+04 2.310824723030115280e+01
2.511460504929456874e+04 2.321209292732889651e+01
2.530376713225445928e+04 2.331593862435663311e+01
2.549292921521434982e+04 2.341978432138437682e+01
2.568209129817423673e+04 2.352363001841211698e+01
2.587125338113412727e+04 2.362747571543985714e+01
2.606041546409401781e+04 2.373132141246760085e+01
2.624957754705390835e+04 2.383516710949534101e+01
2.643873963001379889e+04 2.393901280652308117e+01
2.662790171297368579e+04 2.404285850355082488e+01
2.681706379593357633e+04 2.414670420057856504e+01
2.700622587889346687e+04 2.425054989760630519e+01
2.719538796185335377e+04 2.435439559463404535e+01
2.738455004481324431e+04 2.445824129166178551e+01
2.757371212777313485e+04 2.456208698868952922e+01
2.776287421073302539e+04 2.466593268571727293e+01
2.795203629369291593e+04 2.476977838274501309e+01
2.814119837665280284e+04 2.487362407977275325e+01
2.833036045961269338e+04 2.497746977680049341e+01
2.851952254257258392e+04 2.508131547382823356e+01
2.870868462553247082e+04 2.518516117085597728e+01
2.889784670849236136e+04 2.528900686788371388e+01
2.908700879145225190e+04 2.539285256491145759e+01
2.927617087441214244e+04 2.549669826193920130e+01
2.946533295737203298e+04 2.560054395896694146e+01
2.965449504033191988e+04 2.570438965599468162e+01
2.984365712329181042e+04 2.580823535302242178e+01
3.003281920625170096e+04 2.591208105005016549e+01
3.022198128921158786e+04 2.601592674707790209e+01
3.041114337217147840e+04 2.611977244410564580e+01
3.060030545513136894e+04 2.622361814113338596e+01
3.078946753809125948e+04 2.632746383816112967e+01
3.097862962105115002e+04 2.643130953518886983e+01
3.116779170401103693e+04 2.653515523221660999e+01
3.135695378697092747e+04 2.663900092924435015e+01
3.154611586993081801e+04 2.674284662627209386e+01
3.173527795289070491e+04 2.684669232329983402e+01
3.192444003585059545e+04 2.695053802032757417e+01
3.211360211881048599e+04 2.705438371735531433e+01
3.230276420177037653e+04 2.715822941438305804e+01
3.249192628473026707e+04 2.726207511141079820e+01
3.268108836769015397e+04 2.736592080843853836e+01
3.287025045065004088e+04 2.746976650546627852e+01
3.305941253360993869e+04 2.757361220249402578e+01
3.324857461656982196e+04 2.767745789952176239e+01
3.343773669952971250e+04 2.778130359654950254e+01
3.362689878248960304e+04 2.788514929357724625e+01
3.381606086544949358e+04 2.798899499060498641e+01
3.400522294840938412e+04 2.809284068763272657e+01
3.419438503136926738e+04 2.819668638466046673e+01
3.438354711432916520e+04 2.830053208168821044e+01
3.457270919728904846e+04 2.840437777871595060e+01
3.476187128024893900e+04 2.850822347574369076e+01
3.495103336320882954e+04 2.861206917277143091e+01
3.514019544616872008e+04 2.871591486979917462e+01
3.532935752912861062e+04 2.881976056682691478e+01
3.551851961208850116e+04 2.892360626385465849e+01
3.570768169504839170e+04 2.902745196088239865e+01
3.589684377800827497e+04 2.913129765791013526e+01
3.608600586096817278e+04 2.923514335493788252e+01
3.627516794392805605e+04 2.933898905196561913e+01
3.646433002688794659e+04 2.944283474899336284e+01
3.665349210984783713e+04 2.954668044602110299e+01
3.684265419280772767e+04 2.965052614304884315e+01
3.703181627576761821e+04 2.975437184007658686e+01
3.722097835872750147e+04 2.985821753710432347e+01
3.741014044168739929e+04 2.996206323413207073e+01
3.759930252464728255e+04 3.006590893115980734e+01
3.778846460760717309e+04 3.016975462818754750e+01
3.797762669056706363e+04 3.027360032521529121e+01
3.816678877352695417e+04 3.037744602224303136e+01
3.835595085648684471e+04 3.048129171927077508e+01
3.854511293944673525e+04 3.058513741629851523e+01
3.873427502240662579e+04 3.068898311332625539e+01
3.892343710536650906e+04 3.079282881035399555e+01
3.911259918832640687e+04 3.089667450738173926e+01
3.930176127128629014e+04 3.100052020440947587e+01
3.949092335424618068e+04 3.110436590143721958e+01
3.968008543720607122e+04 3.120821159846495974e+01
3.986924752016596176e+04 3.131205729549270345e+01
4.005840960312585230e+04 3.141590299252044360e+01
4.024757168608573556e+04 3.151974868954818021e+01
4.043673376904563338e+04 3.162359438657592747e+01
4.062589585200551664e+04 3.172744008360366408e+01
4.081505793496540718e+04 3.183128578063140779e+01
4.100422001792529773e+04 3.193513147765914795e+01
4.119338210088518827e+04 3.203897717468689166e+01
4.138254418384507881e+04 3.214282287171462826e+01
4.157170626680496935e+04 3.224666856874237197e+01
4.176086834976485989e+04 3.235051426577011568e+01
4.195003043272474315e+04 3.245435996279785229e+01
4.213919251568464097e+04 3.255820565982559600e+01
4.232835459864452423e+04 3.266205135685333971e+01
4.251751668160441477e+04 3.276589705388107632e+01
4.270667876456430531e+04 3.286974275090882003e+01
4.289584084752419585e+04 3.297358844793656374e+01
4.308500293048408639e+04 3.307743414496430034e+01
4.327416501344396966e+04 3.318127984199203695e+01
4.346332709640386747e+04 3.328512553901978777e+01
4.365248917936375074e+04 3.338897123604752437e+01
4.384165126232364128e+04 3.349281693307526098e+01
4.403081334528353182e+04 3.359666263010300469e+01
4.421997542824342236e+04 3.370050832713074840e+01
4.440913751120331290e+04 3.380435402415848500e+01
4.459829959416320344e+04 3.390819972118623582e+01
4.478746167712309398e+04 3.401204541821397243e+01
4.497662376008297724e+04 3.411589111524170903e+01
4.516578584304287506e+04 3.421973681226945985e+01
4.535494792600275832e+04 3.432358250929719645e+01
4.554411000896264886e+04 3.442742820632493306e+01
4.573327209192253940e+04 3.453127390335267677e+01
4.592243417488242994e+04 3.463511960038042048e+01
4.611159625784232048e+04 3.473896529740815708e+01
4.630075834080221102e+04 3.484281099443590080e+01
4.648992042376210156e+04 3.494665669146364451e+01
4.667908250672198483e+04 3.505050238849138111e+01
4.686824458968187537e+04 3.515434808551911772e+01
4.705740667264176591e+04 3.525819378254686853e+01
4.724656875560165645e+04 3.536203947957460514e+01
4.743573083856154699e+04 3.546588517660234174e+01
4.762489292152143753e+04 3.556973087363009256e+01
4.781405500448132807e+04 3.567357657065782917e+01
4.800321708744121133e+04 3.577742226768556577e+01
4.819237917040110187e+04 3.588126796471330948e+01
4.838154125336099241e+04 3.598511366174105319e+01
4.857070333632088295e+04 3.608895935876878980e+01
4.875986541928077349e+04 3.619280505579653351e+01
4.894902750224066403e+04 3.629665075282427722e+01
4.913818958520055457e+04 3.640049644985201382e+01
4.932735166816044512e+04 3.650434214687975754e+01
4.951651375112033566e+04 3.660818784390750125e+01
4.970567583408021892e+04 3.671203354093523785e+01
4.989483791704010946e+04 3.681587923796298156e+01
5.008400000000000000e+04 3.691972493499072527e+01
