2.531250000000000000e+03 8.179966548649785452e+00
2.551255511022044175e+03 8.220403748139355926e+00
2.571261022044088350e+03 8.260534870721157219e+00
2.591266533066132070e+03 8.300361907329710576e+00
2.611272044088176244e+03 8.339886843085668744e+00
2.631277555110220419e+03 8.379111657292142468e+00
2.651283066132264594e+03 8.418038323431062508e+00
2.671288577154308314e+03 8.456668809159475941e+00
2.691294088176352489e+03 8.495005076305918834e+00
2.711299599198396663e+03 8.533049080866728531e+00
2.731305110220440838e+03 8.570802773002398567e+00
2.751310621242485013e+03 8.608268097033899835e+00
2.771316132264529188e+03 8.645446991439019513e+00
2.791321643286572908e+03 8.682341388848703545e+00
2.811327154308617082e+03 8.718953216043395571e+00
2.831332665330661257e+03 8.755284393949342103e+00
2.851338176352705432e+03 8.791336837634982970e+00
2.871343687374749607e+03 8.827112456307244059e+00
2.891349198396793327e+03 8.862613153307879799e+00
2.911354709418837956e+03 8.897840826109831625e+00
2.931360220440881676e+03 8.932797366313540266e+00
2.951365731462925396e+03 8.967484659643290001e+00
2.971371242484969571e+03 9.001904585943547588e+00
2.991376753507013746e+03 9.036059019175301188e+00
3.011382264529057920e+03 9.069949827412383314e+00
3.031387775551102095e+03 9.103578872837818636e+00
3.051393286573146270e+03 9.136948011740155806e+00
3.071398797595190445e+03 9.170059094509806386e+00
3.091404308617234619e+03 9.202913965635385551e+00
3.111409819639278339e+03 9.235514463700027932e+00
3.131415330661322514e+03 9.267862421377746074e+00
3.151420841683366689e+03 9.299959665429760491e+00
3.171426352705410864e+03 9.331808016700826158e+00
3.191431863727454584e+03 9.363409290115585648e+00
3.211437374749499213e+03 9.394765294674884970e+00
3.231442885771542933e+03 9.425877833452133814e+00
3.251448396793587563e+03 9.456748703589610727e+00
3.271453907815631283e+03 9.487379696294835796e+00
3.291459418837675003e+03 9.517772596836874044e+00
3.311464929859719177e+03 9.547929184542697456e+00
3.331470440881763352e+03 9.577851232793490155e+00
3.351475951903807527e+03 9.607540509021028186e+00
3.371481462925851702e+03 9.636998774703974036e+00
3.391486973947895876e+03 9.666227785364235103e+00
3.411492484969940051e+03 9.695229290563295521e+00
3.431497995991983771e+03 9.724005033898549755e+00
3.451503507014027946e+03 9.752556752999634426e+00
3.471509018036072121e+03 9.780886179524785007e+00
3.491514529058115841e+03 9.808995039157142770e+00
3.511520040080160470e+03 9.836885051601118590e+00
3.531525551102204190e+03 9.864557930578705225e+00
3.551531062124248365e+03 9.892015383825828678e+00
3.571536573146292540e+03 9.919259113088678248e+00
3.591542084168336714e+03 9.946290814120047230e+00
3.611547595190380434e+03 9.973112176675673624e+00
3.631553106212424609e+03 9.999724884510545309e+00
3.651558617234468784e+03 1.002613061537528338e+01
3.671564128256512959e+03 1.005233104101245090e+01
3.691569639278557133e+03 1.007832782715287578e+01
3.711575150300601308e+03 1.010412263351202711e+01
3.731580661322645483e+03 1.012971711378630957e+01
3.751586172344689203e+03 1.015511291564943797e+01
3.771591683366733832e+03 1.018031168074873349e+01
3.791597194388777098e+03 1.020531504470148576e+01
3.811602705410821727e+03 1.023012463709129527e+01
3.831608216432865447e+03 1.025474208146438215e+01
3.851613727454909622e+03 1.027916899532594996e+01
3.871619238476953797e+03 1.030340699013650152e+01
3.891624749498997971e+03 1.032745767130818493e+01
3.911630260521042146e+03 1.035132263820112897e+01
3.931635771543085866e+03 1.037500348411977491e+01
3.951641282565130496e+03 1.039850179630922256e+01
3.971646793587174216e+03 1.042181915595156028e+01
3.991652304609218390e+03 1.044495713816218974e+01
4.011657815631262565e+03 1.046791731198618791e+01
4.031663326653306740e+03 1.049070124039461049e+01
4.051668837675350915e+03 1.051331048028086457e+01
4.071674348697395089e+03 1.053574658245701912e+01
4.091679859719439264e+03 1.055801109165013685e+01
4.111685370741482984e+03 1.058010554649863977e+01
4.131690881763526704e+03 1.060203147954861969e+01
4.151696392785570424e+03 1.062379041725018070e+01
4.171701903807615054e+03 1.064538387995377455e+01
4.191707414829659683e+03 1.066681338190654316e+01
4.211712925851703403e+03 1.068808043124864859e+01
4.231718436873747123e+03 1.070918653000961740e+01
4.251723947895790843e+03 1.073013317410465639e+01
4.271729458917836382e+03 1.075092185333101469e+01
4.291734969939880102e+03 1.077155405136430488e+01
4.311740480961923822e+03 1.079203124575484551e+01
4.331745991983967542e+03 1.081235490792398579e+01
4.351751503006012172e+03 1.083252650316045340e+01
4.371757014028056801e+03 1.085254749061669344e+01
4.391762525050100521e+03 1.087241932330518779e+01
4.411768036072144241e+03 1.089214344809481716e+01
4.431773547094187961e+03 1.091172130570716270e+01
4.451779058116232591e+03 1.093115433071287868e+01
4.471784569138276311e+03 1.095044395152800121e+01
4.491790080160320940e+03 1.096959159041029608e+01
4.511795591182364660e+03 1.098859866345560121e+01
4.531801102204408380e+03 1.100746658059414074e+01
4.551806613226453010e+03 1.102619674558688700e+01
4.571812124248497639e+03 1.104479055602187998e+01
4.591817635270541359e+03 1.106324940331057505e+01
4.611823146292585079e+03 1.108157467268416241e+01
4.631828657314628799e+03 1.109976774318992199e+01
4.651834168336673429e+03 1.111782998768754815e+01
4.671839679358718058e+03 1.113576277284549043e+01
4.691845190380761778e+03 1.115356745913728176e+01
4.711850701402805498e+03 1.117124540083788808e+01
4.731856212424849218e+03 1.118879794602004196e+01
4.751861723446892938e+03 1.120622643655055128e+01
4.771867234468938477e+03 1.122353220808668972e+01
4.791872745490982197e+03 1.124071659007248236e+01
4.811878256513025917e+03 1.125778090573506063e+01
4.831883767535069637e+03 1.127472647208100831e+01
4.851889278557114267e+03 1.129155459989267563e+01
4.871894789579158896e+03 1.130826659372454301e+01
4.891900300601202616e+03 1.132486375189953165e+01
4.911905811623246336e+03 1.134134736650535302e+01
4.931911322645290056e+03 1.135771872339084254e+01
4.951916833667335595e+03 1.137397910216229135e+01
4.971922344689379315e+03 1.139012977617979061e+01
4.991927855711423035e+03 1.140617201255356861e+01
5.011933366733466755e+03 1.142210707214031018e+01
5.031938877755510475e+03 1.143793620953951162e+01
5.051944388777555105e+03 1.145366067308981073e+01
5.071949899799598825e+03 1.146928170486532395e+01
5.091955410821643454e+03 1.148480054067196932e+01
5.111960921843687174e+03 1.150021841004383205e+01
5.131966432865731804e+03 1.151553653623945550e+01
5.151971943887775524e+03 1.153075613623823514e+01
5.171977454909820153e+03 1.154587842073670956e+01
5.191982965931863873e+03 1.156090459414489224e+01
5.211988476953907593e+03 1.157583585458266739e+01
5.231993987975952223e+03 1.159067339387605244e+01
5.251999498997995943e+03 1.160541839755357074e+01
5.272005010020040572e+03 1.162007204484261180e+01
5.292010521042084292e+03 1.163463550866569562e+01
5.312016032064128012e+03 1.164910995563688623e+01
5.332021543086171732e+03 1.166349654605808439e+01
5.352027054108216362e+03 1.167779643391537903e+01
5.372032565130260991e+03 1.169201076687534879e+01
5.392038076152304711e+03 1.170614068628147386e+01
5.412043587174348431e+03 1.172018732715039846e+01
5.432049098196392151e+03 1.173415181816828223e+01
5.452054609218437690e+03 1.174803528168718358e+01
5.472060120240481410e+03 1.176183883372133998e+01
5.492065631262525130e+03 1.177556358394351044e+01
5.512071142284568850e+03 1.178921063568136596e+01
5.532076653306613480e+03 1.180278108591374320e+01
5.552082164328658109e+03 1.181627602526705623e+01
5.572087675350701829e+03 1.182969653801156795e+01
5.592093186372745549e+03 1.184304370205779655e+01
5.612098697394789269e+03 1.185631858895278334e+01
5.632104208416832989e+03 1.186952226387646192e+01
5.652109719438877619e+03 1.188265578563800418e+01
5.672115230460922248e+03 1.189572020667213792e+01
5.692120741482965968e+03 1.190871657303548048e+01
5.712126252505009688e+03 1.192164592440289006e+01
5.732131763527054318e+03 1.193450929406379935e+01
5.752137274549098038e+03 1.194730770891853133e+01
5.772142785571142667e+03 1.196004218947467379e+01
5.792148296593186387e+03 1.197271374984337555e+01
5.812153807615230107e+03 1.198532339773569433e+01
5.832159318637274737e+03 1.199787213445896583e+01
5.852164829659319366e+03 1.201036095491308586e+01
5.872170340681363086e+03 1.202279084758687944e+01
5.892175851703406806e+03 1.203516279455444149e+01
5.912181362725451436e+03 1.204747777147144205e+01
5.932186873747494246e+03 1.205973674757151315e+01
5.952192384769539785e+03 1.207194068566252554e+01
5.972197895791583505e+03 1.208409054212296496e+01
5.992203406813627225e+03 1.209618726689826040e+01
6.012208917835670945e+03 1.210823180349710526e+01
6.032214428857715575e+03 1.212022508898782114e+01
6.052219939879760204e+03 1.213216805399466480e+01
6.072225450901803924e+03 1.214406162269418488e+01
6.092230961923847644e+03 1.215590671281155011e+01
6.112236472945891364e+03 1.216770423561686698e+01
6.132241983967935994e+03 1.217945509592158260e+01
6.152247494989980623e+03 1.219116019207471169e+01
6.172253006012024343e+03 1.220282041595927858e+01
6.192258517034068063e+03 1.221443665298860992e+01
6.212264028056111783e+03 1.222600978210262390e+01
6.232269539078157322e+03 1.223754067576426863e+01
6.252275050100201042e+03 1.224903019995576159e+01
6.272280561122244762e+03 1.226047921417500142e+01
6.292286072144288482e+03 1.227188857143182688e+01
6.312291583166332202e+03 1.228325911824443217e+01
6.332297094188376832e+03 1.229459169463564905e+01
6.352302605210421461e+03 1.230588713412929636e+01
6.372308116232465181e+03 1.231714626374654031e+01
6.392313627254508901e+03 1.232836990400217836e+01
6.412319138276553531e+03 1.233955886890104381e+01
6.432324649298597251e+03 1.235071396593425774e+01
6.452330160320641880e+03 1.236183599607566563e+01
6.472335671342685600e+03 1.237292575377808390e+01
6.492341182364729320e+03 1.238398402696968859e+01
6.512346693386773950e+03 1.239501159705033295e+01
6.532352204408818579e+03 1.240600923888787932e+01
6.552357715430862299e+03 1.241697772081454687e+01
6.572363226452906019e+03 1.242791780462325235e+01
6.592368737474950649e+03 1.243883024556392591e+01
6.612374248496993459e+03 1.244971579233985537e+01
6.632379759519038089e+03 1.246057518710403045e+01
6.652385270541082718e+03 1.247140916545548350e+01
6.672390781563126438e+03 1.248221845643559469e+01
6.692396292585170158e+03 1.249300378252447175e+01
6.712401803607213878e+03 1.250376585963725873e+01
6.732407314629259417e+03 1.251450539712045540e+01
6.752412825651303137e+03 1.252522309774830767e+01
6.772418336673346857e+03 1.253591965771908612e+01
6.792423847695390577e+03 1.254659576665145693e+01
6.812429358717435207e+03 1.255725210758082255e+01
6.832434869739479836e+03 1.256788935695561449e+01
6.852440380761523556e+03 1.257850818463368014e+01
6.872445891783567276e+03 1.258910925387859336e+01
6.892451402805610996e+03 1.259969322135599334e+01
6.912456913827655626e+03 1.261026073712991291e+01
6.932462424849699346e+03 1.262081244465914764e+01
6.952467935871743975e+03 1.263134898079354507e+01
6.972473446893787695e+03 1.264187097577037378e+01
6.992478957915831415e+03 1.265237905321065703e+01
7.012484468937876045e+03 1.266287383011548329e+01
7.032489979959920674e+03 1.267335591686237706e+01
7.052495490981964394e+03 1.268382591720162367e+01
7.072501002004008114e+03 1.269428442825256909e+01
7.092506513026052744e+03 1.270473204050002991e+01
7.112512024048096464e+03 1.271516933779055769e+01
7.132517535070141093e+03 1.272559689732880273e+01
7.152523046092184813e+03 1.273601528967389029e+01
7.172528557114228533e+03 1.274642507873567432e+01
7.192534068136273163e+03 1.275682682177113847e+01
7.212539579158315973e+03 1.276722106938069956e+01
7.232545090180361512e+03 1.277760836550457491e+01
7.252550601202405232e+03 1.278798924741909104e+01
7.272556112224448952e+03 1.279836424573302267e+01
7.292561623246492672e+03 1.280873388438393690e+01
7.312567134268537302e+03 1.281909868063453217e+01
7.332572645290581931e+03 1.282945914506895591e+01
7.352578156312625651e+03 1.283981578158918779e+01
7.372583667334669371e+03 1.285016908741128461e+01
7.392589178356714001e+03 1.286051955306183281e+01
7.412594689378757721e+03 1.287086766237418090e+01
7.432600200400802350e+03 1.288121389248485826e+01
7.452605711422846070e+03 1.289155871382984486e+01
7.472611222444889790e+03 1.290190259014095631e+01
7.492616733466933510e+03 1.291224597844212596e+01
7.512622244488978140e+03 1.292258932904580959e+01
7.532627755511022769e+03 1.293293308554928700e+01
7.552633266533066490e+03 1.294327768483097785e+01
7.572638777555110210e+03 1.295362355704680013e+01
7.592644288577154839e+03 1.296397112562651799e+01
7.612649799599198559e+03 1.297432080727004866e+01
7.632655310621242279e+03 1.298467301194383872e+01
7.652660821643286909e+03 1.299502814287713726e+01
7.672666332665331538e+03 1.300538659655840945e+01
7.692671843687375258e+03 1.301574876273160442e+01
7.712677354709418978e+03 1.302611502439253321e+01
7.732682865731463608e+03 1.303648575778519891e+01
7.752688376753507328e+03 1.304686133239809465e+01
7.772693887775551048e+03 1.305724211096063314e+01
7.792699398797595677e+03 1.306762844943934532e+01
7.812704909819640307e+03 1.307802069703435066e+01
7.832710420841684027e+03 1.308841919617560201e+01
7.852715931863727747e+03 1.309882428251926001e+01
7.872721442885771467e+03 1.310923628494406579e+01
7.892726953907817006e+03 1.311965552554754311e+01
7.912732464929858907e+03 1.313008231964253092e+01
7.932737975951904446e+03 1.314051697575333932e+01
7.952743486973948166e+03 1.315095979561220219e+01
7.972748997995991886e+03 1.316141107415554679e+01
7.992754509018035606e+03 1.317187109952037005e+01
8.012760020040081145e+03 1.318234015304057749e+01
8.032765531062124865e+03 1.319281850924324395e+01
8.052771042084168585e+03 1.320330643584508934e+01
8.072776553106212305e+03 1.321380419374867365e+01
8.092782064128257844e+03 1.322431203703878921e+01
8.112787575150300654e+03 1.323483021297886530e+01
8.132793086172344374e+03 1.324535896200717033e+01
8.152798597194389004e+03 1.325589851773323424e+01
8.172804108216433633e+03 1.326644910693419988e+01
8.192809619238476444e+03 1.327701094955109795e+01
8.212815130260521983e+03 1.328758425868523219e+01
8.232820641282565703e+03 1.329816924059444005e+01
8.252826152304609423e+03 1.330876609468957561e+01
8.272831663326653143e+03 1.331937501353066367e+01
8.292837174348696863e+03 1.332999618282339505e+01
8.312842685370742402e+03 1.334062978141536604e+01
8.332848196392786122e+03 1.335127598129242266e+01
8.352853707414829842e+03 1.336193494757507594e+01
8.372859218436875381e+03 1.337260683851470233e+01
8.392864729458919101e+03 1.338329180549004249e+01
8.412870240480961002e+03 1.339398999300335902e+01
8.432875751503006541e+03 1.340470153867693881e+01
8.452881262525050261e+03 1.341542657324933252e+01
8.472886773547093981e+03 1.342616522057169703e+01
8.492892284569137701e+03 1.343691759760416460e+01
8.512897795591183240e+03 1.344768381441216576e+01
8.532903306613226960e+03 1.345846397416277007e+01
8.552908817635270680e+03 1.346925817312096996e+01
8.572914328657314400e+03 1.348006650064611378e+01
8.592919839679359939e+03 1.349088903918817550e+01
8.612925350701403659e+03 1.350172586428409360e+01
8.632930861723447379e+03 1.351257704455412423e+01
8.652936372745491099e+03 1.352344264169816768e+01
8.672941883767536638e+03 1.353432271049210556e+01
8.692947394789580358e+03 1.354521729878419656e+01
8.712952905811624078e+03 1.355612644749125906e+01
8.732958416833667798e+03 1.356705019059517170e+01
8.752963927855711518e+03 1.357798855513912706e+01
8.772969438877755238e+03 1.358894156122397767e+01
8.792974949899798958e+03 1.359990922200458918e+01
8.812980460921844497e+03 1.361089154368614373e+01
8.832985971943888217e+03 1.362188852552051443e+01
8.852991482965931937e+03 1.363290015980257763e+01
8.872996993987977476e+03 1.364392643186657850e+01
8.893002505010019377e+03 1.365496732008241132e+01
8.913008016032064916e+03 1.366602279585199753e+01
8.933013527054108636e+03 1.367709282360562639e+01
8.953019038076152356e+03 1.368817736079825309e+01
8.973024549098197895e+03 1.369927635790589449e+01
8.993030060120239796e+03 1.371038975842193075e+01
9.013035571142285335e+03 1.372151749885338390e+01
9.033041082164329055e+03 1.373265950871737218e+01
9.053046593186372775e+03 1.374381571053735129e+01
9.073052104208416495e+03 1.375498601983950486e+01
9.093057615230460215e+03 1.376617034514907090e+01
9.113063126252505754e+03 1.377736858798665054e+01
9.133068637274547655e+03 1.378858064286449903e+01
9.153074148296593194e+03 1.379980639728306002e+01
9.173079659318638733e+03 1.381104573172706118e+01
9.193085170340680634e+03 1.382229851966198275e+01
9.213090681362726173e+03 1.383356462753036098e+01
9.233096192384769893e+03 1.384484391474815368e+01
9.253101703406813613e+03 1.385613623370100989e+01
9.273107214428857333e+03 1.386744142974071181e+01
9.293112725450901053e+03 1.387875934118137344e+01
9.313118236472946592e+03 1.389008979929590737e+01
9.333123747494990312e+03 1.390143262831224646e+01
9.353129258517034032e+03 1.391278764540980717e+01
9.373134769539079571e+03 1.392415466071572361e+01
9.393140280561121472e+03 1.393553347730117231e+01
9.413145791583167011e+03 1.394692389117786036e+01
9.433151302605210731e+03 1.395832569129410317e+01
9.453156813627254451e+03 1.396973865953146898e+01
9.473162324649299990e+03 1.398116257070083890e+01
9.493167835671341891e+03 1.399259719253890566e+01
9.513173346693387430e+03 1.400404228570450016e+01
9.533178857715432969e+03 1.401549760377481491e+01
9.553184368737474870e+03 1.402696289324187617e+01
9.573189879759520409e+03 1.403843789350881721e+01
9.593195390781564129e+03 1.404992233688619052e+01
9.613200901803607849e+03 1.406141594858836186e+01
9.633206412825649750e+03 1.407291844672978343e+01
9.653211923847695289e+03 1.408442954232141275e+01
9.673217434869740828e+03 1.409594893926693615e+01
9.693222945891782729e+03 1.410747633435924087e+01
9.713228456913828268e+03 1.411901141727663855e+01
9.733233967935871988e+03 1.413055387057920953e+01
9.753239478957915708e+03 1.414210336970524651e+01
9.773244989979959428e+03 1.415365958296744964e+01
9.793250501002003148e+03 1.416522217154937380e+01
9.813256012024048687e+03 1.417679078950168758e+01
9.833261523046092407e+03 1.418836508373856375e+01
9.853267034068136127e+03 1.419994469403398440e+01
9.873272545090181666e+03 1.421152925301806924e+01
9.893278056112223567e+03 1.422311838617345003e+01
9.913283567134269106e+03 1.423471171183159356e+01
9.933289078156312826e+03 1.424630884116909257e+01
9.953294589178356546e+03 1.425790937820405269e+01
9.973300100200402085e+03 1.426951291979246150e+01
9.993305611222443986e+03 1.428111905562438722e+01
1.001331112224448952e+04 1.429272736822049872e+01
1.003331663326653506e+04 1.430433743292824644e+01
1.005332214428857696e+04 1.431594881791826168e+01
1.007332765531062068e+04 1.432756108418071861e+01
1.009333316633266440e+04 1.433917378552165545e+01
1.011333867735470994e+04 1.435078646855924234e+01
1.013334418837675184e+04 1.436239867272022508e+01
1.015334969939879738e+04 1.437400993023618945e+01
1.017335521042084292e+04 1.438561976613990723e+01
1.019336072144288482e+04 1.439722769826170179e+01
1.021336623246493036e+04 1.440883323722575682e+01
1.023337174348697408e+04 1.442043588644648011e+01
1.025337725450901780e+04 1.443203514212475547e+01
1.027338276553106152e+04 1.444363049324443438e+01
1.029338827655310524e+04 1.445522142156851153e+01
1.031339378757515078e+04 1.446680740163558099e+01
1.033339929859719450e+04 1.447838790075608095e+01
1.035340480961923822e+04 1.448996237900870732e+01
1.037341032064128376e+04 1.450153028923666554e+01
1.039341583166332566e+04 1.451309107704408774e+01
1.041342134268537120e+04 1.452464418079235386e+01
1.043342685370741492e+04 1.453618903159639153e+01
1.045343236472945864e+04 1.454772505332100252e+01
1.047343787575150418e+04 1.455925166257727454e+01
1.049344338677354608e+04 1.457076826871885444e+01
1.051344889779559162e+04 1.458227427383828712e+01
1.053345440881763716e+04 1.459376907276334734e+01
1.055345991983967906e+04 1.460525205305345153e+01
1.057346543086172460e+04 1.461672259499590787e+01
1.059347094188376832e+04 1.462818007160223388e+01
1.061347645290581204e+04 1.463962384860461441e+01
1.063348196392785576e+04 1.465105328445211441e+01
1.065348747494989948e+04 1.466246773030707473e+01
1.067349298597194502e+04 1.467386653004145103e+01
1.069349849699398692e+04 1.468524902023308698e+01
1.071350400801603246e+04 1.469661453016217934e+01
1.073350951903807618e+04 1.470796238180745341e+01
1.075351503006011990e+04 1.471929188984262993e+01
1.077352054108216362e+04 1.473060236163269288e+01
1.079352605210420734e+04 1.474189309723022490e+01
1.081353156312625288e+04 1.475316338937181726e+01
1.083353707414829660e+04 1.476441252347427735e+01
1.085354258517034032e+04 1.477563977763111147e+01
1.087354809619238586e+04 1.478684442260872345e+01
1.089355360721442776e+04 1.479802572184285125e+01
1.091355911823647330e+04 1.480918293143488640e+01
1.093356462925851702e+04 1.482031530014812049e+01
1.095357014028056074e+04 1.483142206940422625e+01
1.097357565130260627e+04 1.484250247327946859e+01
1.099358116232464818e+04 1.485355573850110034e+01
1.101358667334669371e+04 1.486458108444375625e+01
1.103359218436873925e+04 1.487557772312559479e+01
1.105359769539078115e+04 1.488654485920486437e+01
1.107360320641282669e+04 1.489748168997609667e+01
1.109360871743487041e+04 1.490838740536651486e+01
1.111361422845691413e+04 1.491926118793226408e+01
1.113361973947895785e+04 1.493010221285490857e+01
1.115362525050100157e+04 1.494090964793762488e+01
1.117363076152304711e+04 1.495168265360161186e+01
1.119363627254509083e+04 1.496242038288242071e+01
1.121364178356713455e+04 1.497312198142624595e+01
1.123364729458918009e+04 1.498378658748634251e+01
1.125365280561122199e+04 1.499441333191924386e+01
1.127365831663326571e+04 1.500500133818124127e+01
1.129366382765530943e+04 1.501554972232463570e+01
1.131366933867735497e+04 1.502605759299398969e+01
1.133367484969939869e+04 1.503652405142270609e+01
1.135368036072144241e+04 1.504694819142915208e+01
1.137368587174348795e+04 1.505732909941298736e+01
1.139369138276552985e+04 1.506766585435168793e+01
1.141369689378757539e+04 1.507795752779671972e+01
1.143370240480961911e+04 1.508820318386991488e+01
1.145370791583166283e+04 1.509840187925982491e+01
1.147371342685370837e+04 1.510855266321804535e+01
1.149371893787575027e+04 1.511865457755558317e+01
1.151372444889779581e+04 1.512870665663908198e+01
1.153372995991984135e+04 1.513870792738735105e+01
1.155373547094188325e+04 1.514865740926750703e+01
1.157374098196392879e+04 1.515855411429139821e+01
1.159374649298597251e+04 1.516839704701201796e+01
1.161375200400801623e+04 1.517818520451965369e+01
1.163375751503005995e+04 1.518791757643840157e+01
1.165376302605210367e+04 1.519759314492241487e+01
1.167376853707414921e+04 1.520721088465221627e+01
1.169377404809619293e+04 1.521676976283108473e+01
1.171377955911823665e+04 1.522626873918142465e+01
1.173378507014028219e+04 1.523570676594104967e+01
1.175379058116232409e+04 1.524508278785944881e+01
1.177379609218436963e+04 1.525439574219429417e+01
1.179380160320641335e+04 1.526364455870761994e+01
1.181380711422845707e+04 1.527282815966225371e+01
1.183381262525050261e+04 1.528194545981813413e+01
1.185381813627254451e+04 1.529099536642855739e+01
1.187382364729459005e+04 1.529997677923670985e+01
1.189382915831663195e+04 1.530888859047174222e+01
1.191383466933867749e+04 1.531772968484535902e+01
1.193384018036072121e+04 1.532649893954803311e+01
1.195384569138276493e+04 1.533519522424525761e+01
1.197385120240481046e+04 1.534381740107411574e+01
1.199385671342685237e+04 1.535236432463931777e+01
1.201386222444889790e+04 1.536083484200985083e+01
1.203386773547094162e+04 1.536922779271506911e+01
1.205387324649298534e+04 1.537754200874110211e+01
1.207387875751503088e+04 1.538577631452736227e+01
1.209388426853707460e+04 1.539392952696249495e+01
1.211388977955911832e+04 1.540200045538113471e+01
1.213389529058116204e+04 1.540998790155999032e+01
1.215390080160320576e+04 1.541789065971423867e+01
1.217390631262525130e+04 1.542570751649389393e+01
1.219391182364729320e+04 1.543343725098008079e+01
1.221391733466933874e+04 1.544107863468151542e+01
1.223392284569138428e+04 1.544863043153049276e+01
1.225392835671342800e+04 1.545609139787979558e+01
1.227393386773547172e+04 1.546346028249836735e+01
1.229393937875751544e+04 1.547073582656824087e+01
1.231394488977955916e+04 1.547791676368047753e+01
1.233395040080160288e+04 1.548500181983170343e+01
1.235395591182364660e+04 1.549198971342029552e+01
1.237396142284569214e+04 1.549887915524293192e+01
1.239396693386773768e+04 1.550566884849067861e+01
1.241397244488977958e+04 1.551235748874552201e+01
1.243397795591182512e+04 1.560526012704369769e+01
1.262303334306804754e+04 1.570857104452575115e+01
1.281208873022426997e+04 1.581188196200780283e+01
1.300114411738049057e+04 1.591519287948985450e+01
1.319019950453671299e+04 1.601850379697190618e+01
1.337925489169293542e+04 1.612181471445396141e+01
1.356831027884915784e+04 1.622512563193601309e+01
1.375736566600537844e+04 1.632843654941806477e+01
1.394642105316160087e+04 1.643174746690011645e+01
1.413547644031782329e+04 1.653505838438216813e+01
1.432453182747404571e+04 1.663836930186422336e+01
1.451358721463026814e+04 1.674168021934627504e+01
1.470264260178648874e+04 1.684499113682832672e+01
1.489169798894271116e+04 1.694830205431038195e+01
1.508075337609893359e+04 1.705161297179243007e+01
1.526980876325515419e+04 1.715492388927448530e+01
1.545886415041137661e+04 1.725823480675653698e+01
1.564791953756759904e+04 1.736154572423858866e+01
1.583697492472382146e+04 1.746485664172064389e+01
1.602603031188004388e+04 1.756816755920269202e+01
1.621508569903626449e+04 1.767147847668474725e+01
1.640414108619248873e+04 1.777478939416679893e+01
1.659319647334871115e+04 1.787810031164885061e+01
1.678225186050492994e+04 1.798141122913090229e+01
1.697130724766115236e+04 1.808472214661295396e+01
1.716036263481737478e+04 1.818803306409500919e+01
1.734941802197359721e+04 1.829134398157706087e+01
1.753847340912981963e+04 1.839465489905911255e+01
1.772752879628604205e+04 1.849796581654116778e+01
1.791658418344226084e+04 1.860127673402321591e+01
1.810563957059848326e+04 1.870458765150527114e+01
1.829469495775470568e+04 1.880789856898732282e+01
1.848375034491092811e+04 1.891120948646937450e+01
1.867280573206715053e+04 1.901452040395142973e+01
1.886186111922337295e+04 1.911783132143347785e+01
1.905091650637959538e+04 1.922114223891553308e+01
1.923997189353581780e+04 1.932445315639758832e+01
1.942902728069204022e+04 1.942776407387963644e+01
1.961808266784826264e+04 1.953107499136169167e+01
1.980713805500448507e+04 1.963438590884374335e+01
1.999619344216070385e+04 1.973769682632579503e+01
2.018524882931692628e+04 1.984100774380784671e+01
2.037430421647314870e+04 1.994431866128989839e+01
2.056335960362937112e+04 2.004762957877195362e+01
2.075241499078559355e+04 2.015094049625400530e+01
2.094147037794181233e+04 2.025425141373605697e+01
2.113052576509803475e+04 2.035756233121810865e+01
2.131958115225425718e+04 2.046087324870016033e+01
2.150863653941047960e+04 2.056418416618221556e+01
2.169769192656670202e+04 2.066749508366426369e+01
2.188674731372292445e+04 2.077080600114631892e+01
2.207580270087914687e+04 2.087411691862837415e+01
2.226485808803536929e+04 2.097742783611042228e+01
2.245391347519159171e+04 2.108073875359247751e+01
2.264296886234781414e+04 2.118404967107452919e+01
2.283202424950403656e+04 2.128736058855658086e+01
2.302107963666025898e+04 2.139067150603863610e+01
2.321013502381648141e+04 2.149398242352068777e+01
2.339919041097270019e+04 2.159729334100273945e+01
2.358824579812892262e+04 2.170060425848479113e+01
2.377730118528514504e+04 2.180391517596684281e+01
2.396635657244136746e+04 2.190722609344889804e+01
2.415541195959758625e+04 2.201053701093094617e+01
2.434446734675380867e+04 2.211384792841300140e+01
2.453352273391003109e+04 2.221715884589504952e+01
2.472257812106625352e+04 2.232046976337710475e+01
2.491163350822247594e+04 2.242378068085915999e+01
2.510068889537869836e+04 2.252709159834120811e+01
2.528974428253492079e+04 2.263040251582326334e+01
2.547879966969114321e+04 2.273371343330531502e+01
2.566785505684736563e+04 2.283702435078736670e+01
2.585691044400358805e+04 2.294033526826942193e+01
2.604596583115981048e+04 2.304364618575147361e+01
2.623502121831603290e+04 2.314695710323352529e+01
2.642407660547225532e+04 2.325026802071558052e+01
2.661313199262847411e+04 2.335357893819762864e+01
2.680218737978469653e+04 2.345688985567968388e+01
2.699124276694091895e+04 2.356020077316173200e+01
2.718029815409714138e+04 2.366351169064378723e+01
2.736935354125336016e+04 2.376682260812583536e+01
2.755840892840958259e+04 2.387013352560789059e+01
2.774746431556580501e+04 2.397344444308994582e+01
2.793651970272202743e+04 2.407675536057199395e+01
2.812557508987824986e+04 2.418006627805404918e+01
2.831463047703447228e+04 2.428337719553610086e+01
2.850368586419069470e+04 2.438668811301815254e+01
2.869274125134691712e+04 2.448999903050020777e+01
2.888179663850313955e+04 2.459330994798225944e+01
2.907085202565936197e+04 2.469662086546431112e+01
2.925990741281558439e+04 2.479993178294636635e+01
2.944896279997180318e+04 2.490324270042841448e+01
2.963801818712802560e+04 2.500655361791046971e+01
2.982707357428424802e+04 2.510986453539251784e+01
3.001612896144047045e+04 2.521317545287457307e+01
3.020518434859669287e+04 2.531648637035662830e+01
3.039423973575291529e+04 2.541979728783867643e+01
3.058329512290913772e+04 2.552310820532073166e+01
3.077235051006536014e+04 2.562641912280278689e+01
3.096140589722158256e+04 2.572973004028483501e+01
3.115046128437780135e+04 2.583304095776689024e+01
3.133951667153402377e+04 2.593635187524893837e+01
3.152857205869024619e+04 2.603966279273099360e+01
3.171762744584646862e+04 2.614297371021304173e+01
3.190668283300269104e+04 2.624628462769509696e+01
3.209573822015891346e+04 2.634959554517715219e+01
3.228479360731513589e+04 2.645290646265920032e+01
3.247384899447135831e+04 2.655621738014125555e+01
3.266290438162757710e+04 2.665952829762330367e+01
3.285195976878379588e+04 2.676283921510535890e+01
3.304101515594002558e+04 2.686615013258741413e+01
3.323007054309624073e+04 2.696946105006946226e+01
3.341912593025247043e+04 2.707277196755151749e+01
3.360818131740868557e+04 2.717608288503356562e+01
3.379723670456491527e+04 2.727939380251562085e+01
3.398629209172113042e+04 2.738270471999767608e+01
3.417534747887736012e+04 2.748601563747973131e+01
3.436440286603357526e+04 2.758932655496177944e+01
3.455345825318979769e+04 2.769263747244382756e+01
3.474251364034602011e+04 2.779594838992588279e+01
3.493156902750224253e+04 2.789925930740793802e+01
3.512062441465846496e+04 2.800257022488998615e+01
3.530967980181468738e+04 2.810588114237204138e+01
3.549873518897090980e+04 2.820919205985409661e+01
3.568779057612713223e+04 2.831250297733614474e+01
3.587684596328335465e+04 2.841581389481819997e+01
3.606590135043956980e+04 2.851912481230024810e+01
3.625495673759579950e+04 2.862243572978230333e+01
3.644401212475201464e+04 2.872574664726435145e+01
3.663306751190824434e+04 2.882905756474640668e+01
3.682212289906445949e+04 2.893236848222846191e+01
3.701117828622068919e+04 2.903567939971051715e+01
3.720023367337690433e+04 2.913899031719256527e+01
3.738928906053313403e+04 2.924230123467462050e+01
3.757834444768934918e+04 2.934561215215666863e+01
3.776739983484557160e+04 2.944892306963872386e+01
3.795645522200179403e+04 2.955223398712077199e+01
3.814551060915801645e+04 2.965554490460282722e+01
3.833456599631423887e+04 2.975885582208488245e+01
3.852362138347046130e+04 2.986216673956693057e+01
3.871267677062668372e+04 2.996547765704898580e+01
3.890173215778290614e+04 3.006878857453104104e+01
3.909078754493912857e+04 3.017209949201308916e+01
3.927984293209534371e+04 3.027541040949513729e+01
3.946889831925157341e+04 3.037872132697719252e+01
3.965795370640778856e+04 3.048203224445924775e+01
3.984700909356401826e+04 3.058534316194130298e+01
4.003606448072023341e+04 3.068865407942335111e+01
4.022511986787646310e+04 3.079196499690540634e+01
4.041417525503267825e+04 3.089527591438745446e+01
4.060323064218890795e+04 3.099858683186950969e+01
4.079228602934512310e+04 3.110189774935155782e+01
4.098134141650134552e+04 3.120520866683361305e+01
4.117039680365756794e+04 3.130851958431566828e+01
4.135945219081379037e+04 3.141183050179771641e+01
4.154850757797001279e+04 3.151514141927977164e+01
4.173756296512623521e+04 3.161845233676182687e+01
4.192661835228245764e+04 3.172176325424387500e+01
4.211567373943868006e+04 3.182507417172593023e+01
4.230472912659490248e+04 3.192838508920797835e+01
4.249378451375111763e+04 3.203169600669003358e+01
4.268283990090734733e+04 3.213500692417208882e+01
4.287189528806356248e+04 3.223831784165413694e+01
4.306095067521979217e+04 3.234162875913619217e+01
4.325000606237600732e+04 3.244493967661824030e+01
4.343906144953223702e+04 3.254825059410029553e+01
4.362811683668845217e+04 3.265156151158234366e+01
4.381717222384468187e+04 3.275487242906440599e+01
4.400622761100089701e+04 3.285818334654645412e+01
4.419528299815711944e+04 3.296149426402850224e+01
4.438433838531334186e+04 3.306480518151055747e+01
4.457339377246956428e+04 3.316811609899261271e+01
4.476244915962578671e+04 3.327142701647466083e+01
4.495150454678200913e+04 3.337473793395671606e+01
4.514055993393823155e+04 3.347804885143876419e+01
4.532961532109445398e+04 3.358135976892081942e+01
4.551867070825067640e+04 3.368467068640287465e+01
4.570772609540689882e+04 3.378798160388492278e+01
4.589678148256312124e+04 3.389129252136697801e+01
4.608583686971934367e+04 3.399460343884903324e+01
4.627489225687556609e+04 3.409791435633108136e+01
4.646394764403178124e+04 3.420122527381312949e+01
4.665300303118800366e+04 3.430453619129518472e+01
4.684205841834422608e+04 3.440784710877723995e+01
4.703111380550044851e+04 3.451115802625928808e+01
4.722016919265667093e+04 3.461446894374134331e+01
4.740922457981289335e+04 3.471777986122339854e+01
4.759827996696911578e+04 3.482109077870544667e+01
4.778733535412533820e+04 3.492440169618750190e+01
4.797639074128156062e+04 3.502771261366955002e+01
4.816544612843778305e+04 3.513102353115160525e+01
4.835450151559400547e+04 3.523433444863366049e+01
4.854355690275022789e+04 3.533764536611570861e+01
4.873261228990645031e+04 3.544095628359776384e+01
4.892166767706267274e+04 3.554426720107981907e+01
4.911072306421889516e+04 3.564757811856186720e+01
4.929977845137511758e+04 3.575088903604392243e+01
4.948883383853134001e+04 3.585419995352597766e+01
4.967788922568755515e+04 3.595751087100802579e+01
4.986694461284377758e+04 3.606082178849007391e+01
5.005600000000000000e+04 3.616413270597212914e+01
