1.441000000000001364e+02 9.655400420946328444e-01
1.688272545090183030e+02 9.690837872942025255e-01
1.935545090180360148e+02 9.726679076076656383e-01
2.182817635270541814e+02 9.762926177024782159e-01
2.430090180360723480e+02 9.799581272099169293e-01
2.677362725450905145e+02 9.836646407498504940e-01
2.924635270541082264e+02 9.874123579555078578e-01
3.171907815631263929e+02 9.912014734982466102e-01
3.419180360721445595e+02 9.950321771123227244e-01
3.666452905811627261e+02 9.989046536196570791e-01
3.913725450901804379e+02 1.002819082954608865e+00
4.160997995991986045e+02 1.006775640188740883e+00
4.408270541082167711e+02 1.010774495555588848e+00
4.655543086172349376e+02 1.014815814475431788e+00
4.902815631262524221e+02 1.018899757580061571e+00
5.150088176352705887e+02 1.023026480737547539e+00
5.397360721442887552e+02 1.027196135077010686e+00
5.644633266533064671e+02 1.031408867013389186e+00
5.891905811623246336e+02 1.035664818272210574e+00
6.139178356713428002e+02 1.039964125914355275e+00
6.386450901803609668e+02 1.044306922360831669e+00
6.633723446893786786e+02 1.048693335417541173e+00
6.880995991983968452e+02 1.053123488300048649e+00
7.128268537074150117e+02 1.057597499658350371e+00
7.375541082164327236e+02 1.062115483601643318e+00
7.622813627254508901e+02 1.066677549723095142e+00
7.870086172344690567e+02 1.071283803124611689e+00
8.117358717434872233e+02 1.075934344441607626e+00
8.364631262525049351e+02 1.080629269867772413e+00
8.611903807615231017e+02 1.085368671179843370e+00
8.859176352705412683e+02 1.090152635762370981e+00
9.106448897795594348e+02 1.094981246632490635e+00
9.353721442885771467e+02 1.099854582464685482e+00
9.600993987975953132e+02 1.104772717615567057e+00
9.848266533066134798e+02 1.109735722148632808e+00
1.009553907815631646e+03 1.114743661859040724e+00
1.034281162324649358e+03 1.119796598298375523e+00
1.059008416833667525e+03 1.124894588799422168e+00
1.083735671342685691e+03 1.130037686500929617e+00
1.108462925851703403e+03 1.135225940372380116e+00
1.133190180360721570e+03 1.140459395238762941e+00
1.157917434869739736e+03 1.145738091805340142e+00
1.182644689378757903e+03 1.151062066682413176e+00
1.207371943887775615e+03 1.156431352410098201e+00
1.232099198396793781e+03 1.161845977483085379e+00
1.256826452905811948e+03 1.167305966375418613e+00
1.281553707414830114e+03 1.172811339565258626e+00
1.306280961923847826e+03 1.178362113559649593e+00
1.331008216432865993e+03 1.183958300919295326e+00
1.355735470941884159e+03 1.189599910283322348e+00
1.380462725450902326e+03 1.195286946394047867e+00
1.405189979959920038e+03 1.201019410121755504e+00
1.429917234468938204e+03 1.206797298489458381e+00
1.454644488977956371e+03 1.212620604697669524e+00
1.479371743486974083e+03 1.218489318149172496e+00
1.504098997995992249e+03 1.224403424473786917e+00
1.528826252505010189e+03 1.230362905553140429e+00
1.553553507014028355e+03 1.236367739545437550e+00
1.578280761523046067e+03 1.242417900910225859e+00
1.603008016032064234e+03 1.248513360433167518e+00
1.627735270541082400e+03 1.254654085250809237e+00
1.652462525050100112e+03 1.260840038875346680e+00
1.677189779559118278e+03 1.267071181219396658e+00
1.701917034068136445e+03 1.273347468620769529e+00
1.726644288577154612e+03 1.279668853867226952e+00
1.751371543086172778e+03 1.286035286221264284e+00
1.776098797595190490e+03 1.292446711444870999e+00
1.800826052104208657e+03 1.298903071824301092e+00
1.825553306613226823e+03 1.305404306194844821e+00
1.850280561122244535e+03 1.311950349965593787e+00
1.875007815631262702e+03 1.318541135144213561e+00
1.899735070140280868e+03 1.325176590361709206e+00
1.924462324649299035e+03 1.331856640897197686e+00
1.949189579158316747e+03 1.338581208702671832e+00
1.973916833667334913e+03 1.345350212427777192e+00
1.998644088176353080e+03 1.352163567444572889e+00
2.023371342685370792e+03 1.359021185872301585e+00
2.048098597194389185e+03 1.365922976602166550e+00
2.072825851703407352e+03 1.372868845322090081e+00
2.097553106212425519e+03 1.379858694541491460e+00
2.122280360721443685e+03 1.386892423616045811e+00
2.147007615230460942e+03 1.393969928772462508e+00
2.171734869739479109e+03 1.401091103133252691e+00
2.196462124248497275e+03 1.408255836741488798e+00
2.221189378757514987e+03 1.415464016585587848e+00
2.245916633266533154e+03 1.422715526624069193e+00
2.270643887775551320e+03 1.430010247810328483e+00
2.295371142284569487e+03 1.437348058117405625e+00
2.320098396793587199e+03 1.444728832562752752e+00
2.344825651302605365e+03 1.452152443233004409e+00
2.369552905811623532e+03 1.459618759308747515e+00
2.394280160320641244e+03 1.467127647089288445e+00
2.419007414829659410e+03 1.474678970017420987e+00
2.443734669338677577e+03 1.482272588704196536e+00
2.468461923847695743e+03 1.489908360953695832e+00
2.493189178356713910e+03 1.497586141787792924e+00
2.517916432865731622e+03 1.505305783470928249e+00
2.542643687374749788e+03 1.513067135534875263e+00
2.567370941883767500e+03 1.520870044803507293e+00
2.592098196392785667e+03 1.528714355417574167e+00
2.616825450901803833e+03 1.536599908859461294e+00
2.641552705410822000e+03 1.544526543977967403e+00
2.666279959919840167e+03 1.552494097013066288e+00
2.691007214428857878e+03 1.560502401620680102e+00
2.715734468937876045e+03 1.568551288897448881e+00
2.740461723446894212e+03 1.576640587405494509e+00
2.765188977955911923e+03 1.584770123197195790e+00
2.789916232464930090e+03 1.592939719839953971e+00
2.814643486973948256e+03 1.601149198440959376e+00
2.839370741482966423e+03 1.609398377671966918e+00
2.864097995991984135e+03 1.617687073794058961e+00
2.888825250501002301e+03 1.626015100682418613e+00
2.913552505010020468e+03 1.634382269851094360e+00
2.938279759519037725e+03 1.642788390477772476e+00
2.963007014028055892e+03 1.651233269428546757e+00
2.987734268537074058e+03 1.659716711282679391e+00
3.012461523046092225e+03 1.668238518357384681e+00
3.037188777555110391e+03 1.676798490732583025e+00
3.061916032064128558e+03 1.685396426275677095e+00
3.086643286573146725e+03 1.694032120666320473e+00
3.111370541082164891e+03 1.702705367421186944e+00
3.136097795591182148e+03 1.711415957918736686e+00
3.160825050100200315e+03 1.720163681423991564e+00
3.185552304609218481e+03 1.728948325113291329e+00
3.210279559118236648e+03 1.737769674099074013e+00
3.235006813627254814e+03 1.746627511454647230e+00
3.259734068136272981e+03 1.755521618238945258e+00
3.284461322645291148e+03 1.764451773521304112e+00
3.309188577154308405e+03 1.773417754406232838e+00
3.333915831663326571e+03 1.782419336058181480e+00
3.358643086172344738e+03 1.791456291726305050e+00
3.383370340681362904e+03 1.800528392769237929e+00
3.408097595190381071e+03 1.809635408679861612e+00
3.432824849699399238e+03 1.818777107110069124e+00
3.457552104208417404e+03 1.827953253895546304e+00
3.482279358717434661e+03 1.837163613080523561e+00
3.507006613226452828e+03 1.846407946942555611e+00
3.531733867735470994e+03 1.855686016017293882e+00
3.556461122244489161e+03 1.864997579123242488e+00
3.581188376753507328e+03 1.874342393386539296e+00
3.605915631262525494e+03 1.883720214265719228e+00
3.630642885771543661e+03 1.893130795576482006e+00
3.655370140280560918e+03 1.902573889516466332e+00
3.680097394789579084e+03 1.912049246690012971e+00
3.704824649298597251e+03 1.921556616132940931e+00
3.729551903807615417e+03 1.931095745337304770e+00
3.754279158316633584e+03 1.940666380276176994e+00
3.779006412825651751e+03 1.950268265428409142e+00
3.803733667334669917e+03 1.959901143803400636e+00
3.828460921843688084e+03 1.969564756965871188e+00
3.853188176352705341e+03 1.979258845060625216e+00
3.877915430861723507e+03 1.988983146837326466e+00
3.902642685370741674e+03 1.998737399675263759e+00
3.927369939879759841e+03 2.008521339608118961e+00
3.952097194388778007e+03 2.018334701348738047e+00
3.976824448897796174e+03 2.028177218313895747e+00
4.001551703406814340e+03 2.038048622649073938e+00
4.026278957915831597e+03 2.047948645253218292e+00
4.051006212424849764e+03 2.057877015803517562e+00
4.075733466933867930e+03 2.067833462780168219e+00
4.100460721442886097e+03 2.077817713491143525e+00
4.125187975951904264e+03 2.087829494096958172e+00
4.149915230460922430e+03 2.097868529635444901e+00
4.174642484969939687e+03 2.107934544046522696e+00
4.199369739478957854e+03 2.118027260196957418e+00
4.224096993987976020e+03 2.128146399905141983e+00
4.248824248496994187e+03 2.138291683965857448e+00
4.273551503006012354e+03 2.148462832175042525e+00
4.298278757515030520e+03 2.158659563354566657e+00
4.323006012024048687e+03 2.168881595376993765e+00
4.347733266533065944e+03 2.179128645190358426e+00
4.372460521042084110e+03 2.189400428842928292e+00
4.397187775551102277e+03 2.199696661507970941e+00
4.421915030060120444e+03 2.210017057508536276e+00
4.446642284569138610e+03 2.220361330342206951e+00
4.471369539078156777e+03 2.230729192705879882e+00
4.496096793587174943e+03 2.241120356520533985e+00
4.520824048096193110e+03 2.251534532955996148e+00
4.545551302605210367e+03 2.261971432455707642e+00
4.570278557114228533e+03 2.272430764761499411e+00
4.595005811623246700e+03 2.282912238938360261e+00
4.619733066132264867e+03 2.293415563399197055e+00
4.644460320641283033e+03 2.303940445929616665e+00
4.669187575150301200e+03 2.314486593712685281e+00
4.693914829659319366e+03 2.325053713353699703e+00
4.718642084168336623e+03 2.335641510904958640e+00
4.743369338677354790e+03 2.346249691890530453e+00
4.768096593186372957e+03 2.356877961331018678e+00
4.792823847695391123e+03 2.367526023768340870e+00
4.817551102204409290e+03 2.378193583290481250e+00
4.842278356713427456e+03 2.388880343556276209e+00
4.867005611222445623e+03 2.399586007820173172e+00
4.891732865731462880e+03 2.410310278957002783e+00
4.916460120240481046e+03 2.421052859486749309e+00
4.941187374749499213e+03 2.431813451599315723e+00
4.965914629258517380e+03 2.442591757179293666e+00
4.990641883767535546e+03 2.453387477830736962e+00
5.015369138276553713e+03 2.464200314901924482e+00
5.040096392785571879e+03 2.475029969510132766e+00
5.064823647294590046e+03 2.485876142566404212e+00
5.089550901803607303e+03 2.496738534800313047e+00
5.114278156312625470e+03 2.507616846784740172e+00
5.139005410821643636e+03 2.518510778960637353e+00
5.163732665330661803e+03 2.529420031661795853e+00
5.188459919839679969e+03 2.540344305139621284e+00
5.213187174348698136e+03 2.551283299587895570e+00
5.237914428857716302e+03 2.562236715167547807e+00
5.262641683366733560e+03 2.573204252031425998e+00
5.287368937875751726e+03 2.584185610349063023e+00
5.312096192384769893e+03 2.595180490331451040e+00
5.336823446893788059e+03 2.606188592255798575e+00
5.361550701402806226e+03 2.617209616490309809e+00
5.386277955911824392e+03 2.628243263518951878e+00
5.411005210420842559e+03 2.639289233966224391e+00
5.435732464929860726e+03 2.650347228621922291e+00
5.460459719438877983e+03 2.661416948465913368e+00
5.485186973947896149e+03 2.672498094692896675e+00
5.509914228456914316e+03 2.683590368737184928e+00
5.534641482965932482e+03 2.694693472297461145e+00
5.559368737474950649e+03 2.705807107361555275e+00
5.584095991983968815e+03 2.716930976231209716e+00
5.608823246492986982e+03 2.728064781546847950e+00
5.633550501002004239e+03 2.739208226312345840e+00
5.658277755511022406e+03 2.750361013919798481e+00
5.683005010020039663e+03 2.761522848174291056e+00
5.707732264529057829e+03 2.772693433318668355e+00
5.732459519038075996e+03 2.783872474058296298e+00
5.757186773547094162e+03 2.795059675585842562e+00
5.781914028056112329e+03 2.806254743606037216e+00
5.806641282565130496e+03 2.817457384360438688e+00
5.831368537074148662e+03 2.828667304652223713e+00
5.856095791583165919e+03 2.839884211870921327e+00
5.880823046092184086e+03 2.851107814017213915e+00
5.905550300601202252e+03 2.862337819727687638e+00
5.930277555110220419e+03 2.873573938299610386e+00
5.955004809619238586e+03 2.884815879715699527e+00
5.979732064128256752e+03 2.896063354668874545e+00
6.004459318637274919e+03 2.907316074587062538e+00
6.029186573146293085e+03 2.918573751657925985e+00
6.053913827655310342e+03 2.929836098853657589e+00
6.078641082164328509e+03 2.941102829955745790e+00
6.103368336673346676e+03 2.952373659579732301e+00
6.128095591182364842e+03 2.963648303199995837e+00
6.152822845691383009e+03 2.974926477174508754e+00
6.177550100200401175e+03 2.986207898769612790e+00
6.202277354709418432e+03 2.997492286184788135e+00
6.227004609218437508e+03 3.008779358577419849e+00
6.251731863727454765e+03 3.020068836087565600e+00
6.276459118236472932e+03 3.031360439862728740e+00
6.301186372745491099e+03 3.042653892082627820e+00
6.325913627254509265e+03 3.053948915983955015e+00
6.350640881763527432e+03 3.065245235885158959e+00
6.375368136272544689e+03 3.076542577211206275e+00
6.400095390781563765e+03 3.087840666518353760e+00
6.424822645290581022e+03 3.099139231518913462e+00
6.449549899799599189e+03 3.110438001106017314e+00
6.474277154308617355e+03 3.121736705378406640e+00
6.499004408817635522e+03 3.133035075665175029e+00
6.523731663326653688e+03 3.144332844550552508e+00
6.548458917835670945e+03 3.155629745898671512e+00
6.573186172344690021e+03 3.166925514878337733e+00
6.597913426853707278e+03 3.178219887987788539e+00
6.622640681362725445e+03 3.189512603079480701e+00
6.647367935871743612e+03 3.200803399384841263e+00
6.672095190380761778e+03 3.212092017539047717e+00
6.696822444889779945e+03 3.223378199605790417e+00
6.721549699398797202e+03 3.234661689102044324e+00
6.746276953907816278e+03 3.245942231022841185e+00
6.771004208416833535e+03 3.257219571866031949e+00
6.795731462925851702e+03 3.268493459657056288e+00
6.820458717434869868e+03 3.279763643973723219e+00
6.845185971943888035e+03 3.291029875970961083e+00
6.869913226452906201e+03 3.302291908405602161e+00
6.894640480961923458e+03 3.313549495661147759e+00
6.919367735470942534e+03 3.324802393772526621e+00
6.944094989979959792e+03 3.336050360450875552e+00
6.968822244488978868e+03 3.347293155108314266e+00
6.993549498997996125e+03 3.358530538882694927e+00
7.018276753507014291e+03 3.369762274662384538e+00
7.043004008016032458e+03 3.380988127111034025e+00
7.067731262525050624e+03 3.392207862692333986e+00
7.092458517034068791e+03 3.403421249694808637e+00
7.117185771543086048e+03 3.414628058256556464e+00
7.141913026052105124e+03 3.425828060390038843e+00
7.166640280561122381e+03 3.437021030006845113e+00
7.191367535070140548e+03 3.448206742942451442e+00
7.216094789579158714e+03 3.459384976981008109e+00
7.240822044088176881e+03 3.470555511880078381e+00
7.265549298597195047e+03 3.481718129395450667e+00
7.290276553106212305e+03 3.492872613305864959e+00
7.315003807615231381e+03 3.504018749437811664e+00
7.339731062124248638e+03 3.515156325690283357e+00
7.364458316633266804e+03 3.526285132059548744e+00
7.389185571142284971e+03 3.537404960663929288e+00
7.413912825651303137e+03 3.548515605768553627e+00
7.438640080160321304e+03 3.559616863810139087e+00
7.463367334669338561e+03 3.570708533421749209e+00
7.488094589178357637e+03 3.581790415457583698e+00
7.512821843687374894e+03 3.592862313017715081e+00
7.537549098196393061e+03 3.603924031472882650e+00
7.562276352705411227e+03 3.614975378489258429e+00
7.587003607214429394e+03 3.626016164053210922e+00
7.611730861723447561e+03 3.637046200496064863e+00
7.636458116232464818e+03 3.648065302518892494e+00
7.661185370741483894e+03 3.659073287217266213e+00
7.685912625250501151e+03 3.670069974106031196e+00
7.710639879759520227e+03 3.681055185144072261e+00
7.735367134268537484e+03 3.692028744759084713e+00
7.760094388777555650e+03 3.702990479872358520e+00
7.784821643286573817e+03 3.713940219923505204e+00
7.809548897795591074e+03 3.724877796895278870e+00
7.834276152304610150e+03 3.735803045338315087e+00
7.859003406813627407e+03 3.746715802395887529e+00
7.883730661322646483e+03 3.757615907828723234e+00
7.908457915831663740e+03 3.768503204039720167e+00
7.933185170340681907e+03 3.779377536098748713e+00
7.957912424849700074e+03 3.790238751767407877e+00
7.982639679358718240e+03 3.801086701523795242e+00
8.007366933867736407e+03 3.811921238587290262e+00
8.032094188376753664e+03 3.822742218943294468e+00
8.056821442885772740e+03 3.833549501368019641e+00
8.081548697394789087e+03 3.844342947453261328e+00
8.106275951903807254e+03 3.855122421631159035e+00
8.131003206412825421e+03 3.865887791198964418e+00
8.155730460921843587e+03 3.876638926343803249e+00
8.180457715430861754e+03 3.887375700167469805e+00
8.205184969939879011e+03 3.898097988711165307e+00
8.229912224448897177e+03 3.908805670980289193e+00
8.254639478957915344e+03 3.919498628969197540e+00
8.279366733466933510e+03 3.930176747685968586e+00
8.304093987975951677e+03 3.940839915177194008e+00
8.328821242484969844e+03 3.951488022552708923e+00
8.353548496993988010e+03 3.962120964010397373e+00
8.378275751503006177e+03 3.972738636860940531e+00
8.403003006012024343e+03 3.983340941552599546e+00
8.427730260521042510e+03 3.993927781695962409e+00
8.452457515030058858e+03 4.004499064088746785e+00
8.477184769539078843e+03 4.015054698740536665e+00
8.501912024048095191e+03 4.025594598897563436e+00
8.526639278557115176e+03 4.036118681067485170e+00
8.551366533066131524e+03 4.046626865044143706e+00
8.576093787575151509e+03 4.057119073932318187e+00
8.600821042084167857e+03 4.067595234172538099e+00
8.625548296593187843e+03 4.078055275565816373e+00
8.650275551102204190e+03 4.088499131298410028e+00
8.675002805611222357e+03 4.098926737966642087e+00
8.699730060120240523e+03 4.109338035601597383e+00
8.724457314629256871e+03 4.119732967693957804e+00
8.749184569138276856e+03 4.130111481218724734e+00
8.773911823647293204e+03 4.140473526660026771e+00
8.798639078156313190e+03 4.150819058035848386e+00
8.823366332665329537e+03 4.161148032922820761e+00
8.848093587174349523e+03 4.171460412480991309e+00
8.872820841683365870e+03 4.181756161478600298e+00
8.897548096192385856e+03 4.192035248316825502e+00
8.922275350701402203e+03 4.202297645054577480e+00
8.947002605210420370e+03 4.212543327433229123e+00
8.971729859719438537e+03 4.222772274901450018e+00
8.996457114228456703e+03 4.232984470639904906e+00
9.021184368737474870e+03 4.243179901586072056e+00
9.045911623246493036e+03 4.253358558458989691e+00
9.070638877755511203e+03 4.263520435784021956e+00
9.095366132264529369e+03 4.273665531917656857e+00
9.120093386773547536e+03 4.283793849072233151e+00
9.144820641282565703e+03 4.293905393340731180e+00
9.169547895791583869e+03 4.304000174721554828e+00
9.194275150300600217e+03 4.314078207143277055e+00
9.219002404809620202e+03 4.324139508489429851e+00
9.243729659318636550e+03 4.334184100623233782e+00
9.268456913827656535e+03 4.344212009412425246e+00
9.293184168336672883e+03 4.354223264753978029e+00
9.317911422845692869e+03 4.364217900598896804e+00
9.342638677354709216e+03 4.374195954976976886e+00
9.367365931863727383e+03 4.384157470021569303e+00
9.392093186372745549e+03 4.394102491994356541e+00
9.416820440881763716e+03 4.404031071310128276e+00
9.441547695390781882e+03 4.413943262561536685e+00
9.466274949899798230e+03 4.423839124543865964e+00
9.491002204408818216e+03 4.433718720279815173e+00
9.515729458917834563e+03 4.443582117044256208e+00
9.540456713426854549e+03 4.453429386388991773e+00
9.565183967935870896e+03 4.463260604167558654e+00
9.589911222444890882e+03 4.473075850559960820e+00
9.614638476953907229e+03 4.482875210097450491e+00
9.639365731462925396e+03 4.492658771687317198e+00
9.664092985971943563e+03 4.502426628637612005e+00
9.688820240480961729e+03 4.512178878681969429e+00
9.713547494989979896e+03 4.521915624004334333e+00
9.738274749498998062e+03 4.531636971263747427e+00
9.763002004008016229e+03 4.541343031619133441e+00
9.787729258517034395e+03 4.551033920754012918e+00
9.812456513026052562e+03 4.560709758901344557e+00
9.837183767535070729e+03 4.570370670868239671e+00
9.861911022044088895e+03 4.580016786060753020e+00
9.886638276553107062e+03 4.589648238508649669e+00
9.911365531062125228e+03 4.599265166890163847e+00
9.936092785571141576e+03 4.608867714556790673e+00
9.960820040080161561e+03 4.618456029558031695e+00
9.985547294589177909e+03 4.628030264666175952e+00
1.001027454909819789e+04 4.637590577401073944e+00
1.003500180360721424e+04 4.647137130054872500e+00
1.005972905811623423e+04 4.656670089716849148e+00
1.008445631262525058e+04 4.666189628298099912e+00
1.010918356713426874e+04 4.675695922556382556e+00
1.013391082164328691e+04 4.685189154120845245e+00
1.015863807615230508e+04 4.694669509516788963e+00
1.018336533066132324e+04 4.704137180190465450e+00
1.020809258517033959e+04 4.713592362533828961e+00
1.023281983967935957e+04 4.723035257909305784e+00
1.025754709418837592e+04 4.732466072674560209e+00
1.028227434869739591e+04 4.741885018207279145e+00
1.030700160320641226e+04 4.751292310929929208e+00
1.033172885771543224e+04 4.760688172334516466e+00
1.035645611222444859e+04 4.770072829007365733e+00
1.038118336673346676e+04 4.779446512653906964e+00
1.040591062124248492e+04 4.788809460123410133e+00
1.043063787575150309e+04 4.798161913433787618e+00
1.045536513026052125e+04 4.807504119796313091e+00
1.048009238476953942e+04 4.816836331640460322e+00
1.050481963927855759e+04 4.826158806638611409e+00
1.052954689378757575e+04 4.835471807730867155e+00
1.055427414829659392e+04 4.844775603149793497e+00
1.057900140280561209e+04 4.854070466445181253e+00
1.060372865731463025e+04 4.863356676508845844e+00
1.062845591182364842e+04 4.872634517599367499e+00
1.065318316633266659e+04 4.881904279366891863e+00
1.067791042084168294e+04 4.891166256877867546e+00
1.070263767535070292e+04 4.900420750639812084e+00
1.072736492985971927e+04 4.909668066626117877e+00
1.075209218436873925e+04 4.918908516300788847e+00
1.077681943887775560e+04 4.928142416643230383e+00
1.080154669338677559e+04 4.937370090172997550e+00
1.082627394789579193e+04 4.946591864974561048e+00
1.085100120240481010e+04 4.955808074722131806e+00
1.087572845691382827e+04 4.965019058704337240e+00
1.090045571142284643e+04 4.974225161849062715e+00
1.092518296593186460e+04 4.983426734748213960e+00
1.094991022044088095e+04 4.992624133682434184e+00
1.097463747494990093e+04 5.001817720645945542e+00
1.099936472945891728e+04 5.011007863371256477e+00
1.102409198396793727e+04 5.020194935353957888e+00
1.104881923847695361e+04 5.029379315877497092e+00
1.107354649298597360e+04 5.038561390037948229e+00
1.109827374749498995e+04 5.047741548768758690e+00
1.112300100200400811e+04 5.056920188865518639e+00
1.114772825651302628e+04 5.066097713010780268e+00
1.117245551102204445e+04 5.075274529798754486e+00
1.119718276553106261e+04 5.084451053760132844e+00
1.122191002004007896e+04 5.093627705386847282e+00
1.124663727454909895e+04 5.102804911156791690e+00
1.127136452905811529e+04 5.111983103558668695e+00
1.129609178356713346e+04 5.121162721116716554e+00
1.132081903807615163e+04 5.130344208415445806e+00
1.134554629258516979e+04 5.139528016124493170e+00
1.137027354709418796e+04 5.148714601023306692e+00
1.139500080160320613e+04 5.157904426025950784e+00
1.141972805611222429e+04 5.167097960205882856e+00
1.144445531062124246e+04 5.176295678820710400e+00
1.146918256513026063e+04 5.185498063336976493e+00
1.149390981963927879e+04 5.194705601454868038e+00
1.151863707414829696e+04 5.203918787133078538e+00
1.154336432865731513e+04 5.213138120613506565e+00
1.156809158316633329e+04 5.222364108446063469e+00
1.159281883767534964e+04 5.231597263513410034e+00
1.161754609218436963e+04 5.240838105055738438e+00
1.164227334669338597e+04 5.250087158695575518e+00
1.166700060120240596e+04 5.259344956462477683e+00
1.169172785571142231e+04 5.268612036817874156e+00
1.171645511022044229e+04 5.277888944679801853e+00
1.174118236472945864e+04 5.287176231447640262e+00
1.176590961923847681e+04 5.296474455026986661e+00
1.179063687374749497e+04 5.305784179854283522e+00
1.181536412825651314e+04 5.315105976921712383e+00
1.184009138276553131e+04 5.324440423801876321e+00
1.186481863727454765e+04 5.333788104672626318e+00
1.188954589178356764e+04 5.343149610341792588e+00
1.191427314629258399e+04 5.352525538271949657e+00
1.193900040080160397e+04 5.361916492605264928e+00
1.196372765531062032e+04 5.371323084188130537e+00
1.198845490981964031e+04 5.380745930596049220e+00
1.201318216432865665e+04 5.390185656158362093e+00
1.203790941883767482e+04 5.399642891982988857e+00
1.206263667334669299e+04 5.409118275981277257e+00
1.208736392785571115e+04 5.418612452892653586e+00
1.211209118236472932e+04 5.428126074309510329e+00
1.213681843687374749e+04 5.437659798701893088e+00
1.216154569138276565e+04 5.447214291442308287e+00
1.218627294589178382e+04 5.456790224830504243e+00
1.221100020040080199e+04 5.466388278118166966e+00
1.223572745490982015e+04 5.476009137533782933e+00
1.226045470941883832e+04 5.485653496307356214e+00
1.228518196392785649e+04 5.495322054695187752e+00
1.230990921843687465e+04 5.505015520004633345e+00
1.233463647294589282e+04 5.514734606618882040e+00
1.235936372745491099e+04 5.524480036021753193e+00
1.238409098196392733e+04 5.574117049275203684e+00
1.257277394185355661e+04 5.650693330534820369e+00
1.276145690174318406e+04 5.727269611794437054e+00
1.295013986163281334e+04 5.803845893054054628e+00
1.313882282152244079e+04 5.880422174313670425e+00
1.332750578141207006e+04 5.956998455573287998e+00
1.351618874130169934e+04 6.033574736832904684e+00
1.370487170119132679e+04 6.110151018092521369e+00
1.389355466108095607e+04 6.186727299352138942e+00
1.408223762097058352e+04 6.263303580611754739e+00
1.427092058086021279e+04 6.339879861871372313e+00
1.445960354074984025e+04 6.416456143130988998e+00
1.464828650063946952e+04 6.493032424390605684e+00
1.483696946052909698e+04 6.569608705650222369e+00
1.502565242041872625e+04 6.646184986909839054e+00
1.521433538030835552e+04 6.722761268169456628e+00
1.540301834019798298e+04 6.799337549429073313e+00
1.559170130008761225e+04 6.875913830688689998e+00
1.578038425997723971e+04 6.952490111948306684e+00
1.596906721986686898e+04 7.029066393207923369e+00
1.615775017975649826e+04 7.105642674467540942e+00
1.634643313964612571e+04 7.182218955727157628e+00
1.653511609953575316e+04 7.258795236986773425e+00
1.672379905942538244e+04 7.335371518246390998e+00
1.691248201931501171e+04 7.411947799506008572e+00
1.710116497920464099e+04 7.488524080765625257e+00
1.728984793909426662e+04 7.565100362025241054e+00
1.747853089898389590e+04 7.641676643284858628e+00
1.766721385887352517e+04 7.718252924544475313e+00
1.785589681876315444e+04 7.794829205804092886e+00
1.804457977865278372e+04 7.871405487063709572e+00
1.823326273854241299e+04 7.947981768323327145e+00
1.842194569843203863e+04 8.024558049582942942e+00
1.861062865832166790e+04 8.101134330842558740e+00
1.879931161821129717e+04 8.177710612102176313e+00
1.898799457810092281e+04 8.254286893361792110e+00
1.917667753799055208e+04 8.330863174621409684e+00
1.936536049788018136e+04 8.407439455881027257e+00
1.955404345776981063e+04 8.484015737140643054e+00
1.974272641765943990e+04 8.560592018400260628e+00
1.993140937754906918e+04 8.637168299659878201e+00
2.012009233743869481e+04 8.713744580919493998e+00
2.030877529732832409e+04 8.790320862179111572e+00
2.049745825721795336e+04 8.866897143438729145e+00
2.068614121710757900e+04 8.943473424698344942e+00
2.087482417699720827e+04 9.020049705957960740e+00
2.106350713688683754e+04 9.096625987217578313e+00
2.125219009677646682e+04 9.173202268477195886e+00
2.144087305666609609e+04 9.249778549736813460e+00
2.162955601655572536e+04 9.326354830996429257e+00
2.181823897644535464e+04 9.402931112256046831e+00
2.200692193633498027e+04 9.479507393515662628e+00
2.219560489622460955e+04 9.556083674775280201e+00
2.238428785611423882e+04 9.632659956034897775e+00
2.257297081600386446e+04 9.709236237294513572e+00
2.276165377589349373e+04 9.785812518554129369e+00
2.295033673578312300e+04 9.862388799813746942e+00
2.313901969567275228e+04 9.938965081073364516e+00
2.332770265556238155e+04 1.001554136233298209e+01
2.351638561545201082e+04 1.009211764359259966e+01
2.370506857534164010e+04 1.016869392485221546e+01
2.389375153523126573e+04 1.024527020611183126e+01
2.408243449512089501e+04 1.032184648737144883e+01
2.427111745501052064e+04 1.039842276863106463e+01
2.445980041490014992e+04 1.047499904989068220e+01
2.464848337478977919e+04 1.055157533115029977e+01
2.483716633467940846e+04 1.062815161240991557e+01
2.502584929456903774e+04 1.070472789366953315e+01
2.521453225445866701e+04 1.078130417492915072e+01
2.540321521434829629e+04 1.085788045618876829e+01
2.559189817423792192e+04 1.093445673744838409e+01
2.578058113412755119e+04 1.101103301870799989e+01
2.596926409401718047e+04 1.108760929996761746e+01
2.615794705390680610e+04 1.116418558122723326e+01
2.634663001379643538e+04 1.124076186248685083e+01
2.653531297368606465e+04 1.131733814374646840e+01
2.672399593357569393e+04 1.139391442500608420e+01
2.691267889346532320e+04 1.147049070626570177e+01
2.710136185335495247e+04 1.154706698752531935e+01
2.729004481324458175e+04 1.162364326878493692e+01
2.747872777313420738e+04 1.170021955004455272e+01
2.766741073302383666e+04 1.177679583130416852e+01
2.785609369291346229e+04 1.185337211256378431e+01
2.804477665280309157e+04 1.192994839382340189e+01
2.823345961269272084e+04 1.200652467508301946e+01
2.842214257258235011e+04 1.208310095634263703e+01
2.861082553247197939e+04 1.215967723760225461e+01
2.879950849236160866e+04 1.223625351886187040e+01
2.898819145225123430e+04 1.231282980012148620e+01
2.917687441214086357e+04 1.238940608138110377e+01
2.936555737203049284e+04 1.246598236264072135e+01
2.955424033192012212e+04 1.254255864390033892e+01
2.974292329180975139e+04 1.261913492515995472e+01
2.993160625169937703e+04 1.269571120641957052e+01
3.012028921158900630e+04 1.277228748767918809e+01
3.030897217147863557e+04 1.284886376893880566e+01
3.049765513136826485e+04 1.292544005019842324e+01
3.068633809125789412e+04 1.300201633145803903e+01
3.087502105114751976e+04 1.307859261271765483e+01
3.106370401103714903e+04 1.315516889397727240e+01
3.125238697092677830e+04 1.323174517523688998e+01
3.144106993081640758e+04 1.330832145649650755e+01
3.162975289070603321e+04 1.338489773775612335e+01
3.181843585059566249e+04 1.346147401901573915e+01
3.200711881048529176e+04 1.353805030027535672e+01
3.219580177037492103e+04 1.361462658153497429e+01
3.238448473026455031e+04 1.369120286279459187e+01
3.257316769015417594e+04 1.376777914405420766e+01
3.276185065004380522e+04 1.384435542531382346e+01
3.295053360993343813e+04 1.392093170657344281e+01
3.313921656982306740e+04 1.399750798783306038e+01
3.332789952971269668e+04 1.407408426909267796e+01
3.351658248960231867e+04 1.415066055035229198e+01
3.370526544949194795e+04 1.422723683161190777e+01
3.389394840938157722e+04 1.430381311287152535e+01
3.408263136927120649e+04 1.438038939413114292e+01
3.427131432916083577e+04 1.445696567539076050e+01
3.445999728905045777e+04 1.453354195665037452e+01
3.464868024894008704e+04 1.461011823790999209e+01
3.483736320882971631e+04 1.468669451916960789e+01
3.502604616871934559e+04 1.476327080042922546e+01
3.521472912860897486e+04 1.483984708168884303e+01
3.540341208849860413e+04 1.491642336294846061e+01
3.559209504838823341e+04 1.499299964420807818e+01
3.578077800827786268e+04 1.506957592546769398e+01
3.596946096816749196e+04 1.514615220672731155e+01
3.615814392805712123e+04 1.522272848798692912e+01
3.634682688794675050e+04 1.529930476924654670e+01
3.653550984783637978e+04 1.537588105050616250e+01
3.672419280772600905e+04 1.545245733176578007e+01
3.691287576761563832e+04 1.552903361302539764e+01
3.710155872750526032e+04 1.560560989428501166e+01
3.729024168739488960e+04 1.568218617554462924e+01
3.747892464728451887e+04 1.575876245680424681e+01
3.766760760717414814e+04 1.583533873806386261e+01
3.785629056706377742e+04 1.591191501932348018e+01
3.804497352695339941e+04 1.598849130058309420e+01
3.823365648684302869e+04 1.606506758184271177e+01
3.842233944673265796e+04 1.614164386310232757e+01
3.861102240662228724e+04 1.621822014436194692e+01
3.879970536651191651e+04 1.629479642562156272e+01
3.898838832640154578e+04 1.637137270688117852e+01
3.917707128629117506e+04 1.644794898814079787e+01
3.936575424618080433e+04 1.652452526940041366e+01
3.955443720607043360e+04 1.660110155066003301e+01
3.974312016596006288e+04 1.667767783191964881e+01
3.993180312584969215e+04 1.675425411317926816e+01
4.012048608573932142e+04 1.683083039443888396e+01
4.030916904562895070e+04 1.690740667569849975e+01
4.049785200551857997e+04 1.698398295695811910e+01
4.068653496540820197e+04 1.706055923821773135e+01
4.087521792529783124e+04 1.713713551947735070e+01
4.106390088518746052e+04 1.721371180073696650e+01
4.125258384507708979e+04 1.729028808199658229e+01
4.144126680496671906e+04 1.736686436325620164e+01
4.162994976485634106e+04 1.744344064451581389e+01
4.181863272474597034e+04 1.752001692577543324e+01
4.200731568463559961e+04 1.759659320703504903e+01
4.219599864452522888e+04 1.767316948829466483e+01
4.238468160441485816e+04 1.774974576955428418e+01
4.257336456430448743e+04 1.782632205081389998e+01
4.276204752419411670e+04 1.790289833207351933e+01
4.295073048408374598e+04 1.797947461333313512e+01
4.313941344397337525e+04 1.805605089459275092e+01
4.332809640386300453e+04 1.813262717585237027e+01
4.351677936375263380e+04 1.820920345711198607e+01
4.370546232364226307e+04 1.828577973837160542e+01
4.389414528353189235e+04 1.836235601963122122e+01
4.408282824342152162e+04 1.843893230089083701e+01
4.427151120331114362e+04 1.851550858215045281e+01
4.446019416320077289e+04 1.859208486341006861e+01
4.464887712309040216e+04 1.866866114466968796e+01
4.483756008298003144e+04 1.874523742592930375e+01
4.502624304286966071e+04 1.882181370718891955e+01
4.521492600275928999e+04 1.889838998844853890e+01
4.540360896264891926e+04 1.897496626970815470e+01
4.559229192253854126e+04 1.905154255096777050e+01
4.578097488242817053e+04 1.912811883222738629e+01
4.596965784231779980e+04 1.920469511348700564e+01
4.615834080220742908e+04 1.928127139474662144e+01
4.634702376209705835e+04 1.935784767600623724e+01
4.653570672198668763e+04 1.943442395726585659e+01
4.672438968187631690e+04 1.951100023852547238e+01
4.691307264176594617e+04 1.958757651978509173e+01
4.710175560165557545e+04 1.966415280104470753e+01
4.729043856154519744e+04 1.974072908230431977e+01
4.747912152143482672e+04 1.981730536356393912e+01
4.766780448132445599e+04 1.989388164482355492e+01
4.785648744121408527e+04 1.997045792608317427e+01
4.804517040110371454e+04 2.004703420734279007e+01
4.823385336099334381e+04 2.012361048860240587e+01
4.842253632088297309e+04 2.020018676986202522e+01
4.861121928077260236e+04 2.027676305112164101e+01
4.879990224066223163e+04 2.035333933238126036e+01
4.898858520055186091e+04 2.042991561364087616e+01
4.917726816044148291e+04 2.050649189490049196e+01
4.936595112033111218e+04 2.058306817616010775e+01
4.955463408022074145e+04 2.065964445741972355e+01
4.974331704011037073e+04 2.073622073867934290e+01
4.993200000000000000e+04 2.081279701993895870e+01
