2.311865000000000236e+03 2.789334156291435995e+00
2.332258056112224494e+03 2.829056745865361044e+00
2.352651112224449207e+03 2.868480131029461866e+00
2.373044168336673465e+03 2.907606231208574865e+00
2.393437224448897723e+03 2.946436960017384976e+00
2.413830280561122436e+03 2.984974225259775071e+00
2.434223336673346694e+03 3.023219928928304157e+00
2.454616392785570952e+03 3.061175967203583426e+00
2.475009448897795664e+03 3.098844230453722925e+00
2.495402505010019922e+03 3.136226603233708055e+00
2.515795561122244180e+03 3.173324964284867100e+00
2.536188617234469348e+03 3.210141186534237967e+00
2.556581673346693606e+03 3.246677137094026389e+00
2.576974729458917864e+03 3.282934677260982426e+00
2.597367785571142576e+03 3.318915662515851572e+00
2.617760841683366834e+03 3.354621942522770350e+00
2.638153897795591092e+03 3.390055361128685885e+00
2.658546953907815805e+03 3.425217756362782140e+00
2.678940010020040063e+03 3.460110960435876404e+00
2.699333066132264321e+03 3.494736799739869060e+00
2.719726122244489034e+03 3.529097094847119642e+00
2.740119178356713746e+03 3.563193660509881511e+00
2.760512234468938004e+03 3.597028305659721426e+00
2.780905290581162262e+03 3.630602833406940455e+00
2.801298346693386520e+03 3.663919041039973568e+00
2.821691402805610778e+03 3.696978720024827858e+00
2.842084458917835946e+03 3.729783656004467929e+00
2.862477515030060204e+03 3.762335628798252340e+00
2.882870571142284462e+03 3.794636412401372283e+00
2.903263627254509174e+03 3.826687774984204538e+00
2.923656683366733432e+03 3.858491478891791893e+00
2.944049739478957690e+03 3.890049280643225416e+00
2.964442795591182403e+03 3.921362930931072022e+00
2.984835851703406661e+03 3.952434174620792717e+00
3.005228907815630919e+03 3.983264750750134198e+00
3.025621963927856086e+03 4.013856392528571959e+00
3.046015020040080344e+03 4.044210827336746306e+00
3.066408076152304602e+03 4.074329776725805097e+00
3.086801132264529315e+03 4.104214956416903703e+00
3.107194188376753573e+03 4.133868076300569072e+00
3.127587244488978286e+03 4.163290840436124185e+00
3.147980300601202543e+03 4.192484947051118738e+00
3.168373356713426801e+03 4.221452088540736725e+00
3.188766412825651514e+03 4.250193951467217346e+00
3.209159468937875772e+03 4.278712216559254600e+00
3.229552525050100485e+03 4.307008558711448387e+00
3.249945581162324743e+03 4.335084646983657919e+00
3.270338637274549001e+03 4.362942144600506111e+00
3.290731693386773259e+03 4.390582708950718782e+00
3.311124749498998426e+03 4.418007991586577532e+00
3.331517805611222684e+03 4.445219638223327330e+00
3.351910861723446942e+03 4.472219288738596532e+00
3.372303917835671655e+03 4.499008577171807133e+00
3.392696973947895913e+03 4.525589131723599223e+00
3.413090030060120171e+03 4.551962574755235025e+00
3.433483086172344883e+03 4.578130522788033119e+00
3.453876142284569141e+03 4.604094586502759157e+00
3.474269198396793399e+03 4.629856370739078741e+00
3.494662254509018567e+03 4.655417474494925045e+00
3.515055310621242825e+03 4.680779490925964126e+00
3.535448366733467083e+03 4.705944007344981195e+00
3.555841422845691341e+03 4.730912605221304190e+00
3.576234478957915599e+03 4.755686860180210473e+00
3.596627535070140766e+03 4.780268342002376158e+00
3.617020591182365024e+03 4.804658614623244617e+00
3.637413647294589282e+03 4.828859236132480248e+00
3.657806703406813995e+03 4.852871758773379618e+00
3.678199759519038253e+03 4.876697728942248844e+00
3.698592815631262511e+03 4.900338687187895559e+00
3.718985871743487223e+03 4.923796168210958335e+00
3.739378927855711481e+03 4.947071700863393318e+00
3.759771983967935739e+03 4.970166808147843618e+00
3.780165040080160907e+03 4.993083007217078872e+00
3.800558096192385165e+03 5.015821809373429474e+00
3.820951152304609423e+03 5.038384720068139089e+00
3.841344208416834135e+03 5.060773238900837967e+00
3.861737264529058393e+03 5.082988859618969180e+00
3.882130320641282651e+03 5.105033070117142913e+00
3.902523376753507364e+03 5.126907352436600895e+00
3.922916432865731622e+03 5.148613182764620433e+00
3.943309488977955880e+03 5.170152031433940643e+00
3.963702545090181047e+03 5.191525362922138953e+00
3.984095601202405305e+03 5.212734635851113296e+00
4.004488657314629563e+03 5.233781302986432848e+00
4.024881713426853821e+03 5.254666811236797130e+00
4.045274769539078079e+03 5.275392601653436486e+00
4.065667825651302337e+03 5.295960109429529439e+00
4.086060881763527505e+03 5.316370763899611163e+00
4.106453937875751762e+03 5.336625988539015708e+00
4.126846993987976020e+03 5.356727200963257829e+00
4.147240050100201188e+03 5.376675812927468101e+00
4.167633106212424536e+03 5.396473230325824488e+00
4.188026162324649704e+03 5.416120853190919071e+00
4.208419218436873962e+03 5.435620075693234909e+00
4.228812274549098220e+03 5.454972286140523430e+00
4.249205330661322478e+03 5.474178866977227997e+00
4.269598386773547645e+03 5.493241194783905712e+00
4.289991442885771903e+03 5.512160640276640322e+00
4.310384498997996161e+03 5.530938568306457803e+00
4.330777555110220419e+03 5.549576337858745489e+00
4.351170611222444677e+03 5.568075302052665876e+00
4.371563667334668935e+03 5.586436808140578414e+00
4.391956723446894102e+03 5.604662197507426669e+00
4.412349779559118360e+03 5.622752805670227616e+00
4.432742835671342618e+03 5.640709962277385081e+00
4.453135891783567786e+03 5.658534991108189693e+00
4.473528947895791134e+03 5.676229210072206044e+00
4.493922004008016302e+03 5.693793931208672277e+00
4.514315060120240560e+03 5.711230460685962740e+00
4.534708116232464818e+03 5.728540098800926295e+00
4.555101172344689076e+03 5.745724139978376499e+00
4.575494228456914243e+03 5.762783872770501858e+00
4.595887284569138501e+03 5.779720579856228113e+00
4.616280340681362759e+03 5.796535538040672009e+00
4.636673396793587017e+03 5.813230018254574638e+00
4.657066452905812184e+03 5.829805285553663730e+00
4.677459509018035533e+03 5.846262599118150050e+00
4.697852565130260700e+03 5.862603212252041729e+00
4.718245621242484958e+03 5.878828372382645995e+00
4.738638677354709216e+03 5.894939321059948334e+00
4.759031733466934384e+03 5.910937293956044059e+00
4.779424789579158642e+03 5.926823520864528128e+00
4.799817845691382900e+03 5.942599225699931154e+00
4.820210901803607157e+03 5.958265626497137646e+00
4.840603957915831415e+03 5.973823935410808694e+00
4.860997014028056583e+03 5.989275358714753139e+00
4.881390070140280841e+03 6.004621096801413316e+00
4.901783126252505099e+03 6.019862344181242442e+00
4.922176182364729357e+03 6.035000289482088220e+00
4.942569238476953615e+03 6.050036115448680363e+00
4.962962294589178782e+03 6.064970998942003533e+00
4.983355350701402131e+03 6.079806110938703156e+00
5.003748406813627298e+03 6.094542616530556955e+00
5.024141462925851556e+03 6.109181674923800820e+00
5.044534519038075814e+03 6.123724439438650080e+00
5.064927575150300981e+03 6.138172057508638702e+00
5.085320631262525239e+03 6.152525670680050851e+00
5.105713687374749497e+03 6.166786414611379996e+00
5.126106743486974665e+03 6.180955419072668988e+00
5.146499799599198013e+03 6.195033807945002025e+00
5.166892855711423181e+03 6.209022699219882924e+00
5.187285911823647439e+03 6.222923204998636493e+00
5.207678967935871697e+03 6.236736431491866739e+00
5.228072024048095955e+03 6.250463479018850244e+00
5.248465080160321122e+03 6.264105442006940194e+00
5.268858136272545380e+03 6.277663408990994398e+00
5.289251192384769638e+03 6.291138462612812177e+00
5.309644248496993896e+03 6.304531679620518858e+00
5.330037304609219063e+03 6.317844130867991126e+00
5.350430360721442412e+03 6.331076881314261939e+00
5.370823416833667579e+03 6.344230990022998284e+00
5.391216472945892747e+03 6.357307510161822606e+00
5.411609529058116095e+03 6.370307489001813650e+00
5.432002585170341263e+03 6.383231967916858096e+00
5.452395641282565521e+03 6.396081982383091002e+00
5.472788697394789779e+03 6.408858561978346913e+00
5.493181753507014946e+03 6.421562730381520367e+00
5.513574809619239204e+03 6.434195505372018786e+00
5.533967865731463462e+03 6.446757898829143407e+00
5.554360921843687720e+03 6.459250916731559045e+00
5.574753977955911978e+03 6.471675559156668811e+00
5.595147034068136236e+03 6.484032820280022591e+00
5.615540090180360494e+03 6.496323688374792127e+00
5.635933146292585661e+03 6.508549145811096892e+00
5.656326202404809010e+03 6.520710169055504934e+00
5.676719258517034177e+03 6.532807728670416481e+00
5.697112314629259345e+03 6.544842789313453757e+00
5.717505370741482693e+03 6.556816309736923643e+00
5.737898426853707861e+03 6.568729242787209266e+00
5.758291482965933028e+03 6.580582535404171374e+00
5.778684539078156376e+03 6.592377128620608318e+00
5.799077595190381544e+03 6.604113957561610349e+00
5.819470651302605802e+03 6.615793951444070231e+00
5.839863707414830060e+03 6.627418033575961154e+00
5.860256763527054318e+03 6.638987121355913068e+00
5.880649819639278576e+03 6.650502126272501258e+00
5.901042875751503743e+03 6.661963953903709879e+00
5.921435931863728001e+03 6.673373503916360860e+00
5.941828987975952259e+03 6.684731670065520603e+00
5.962222044088177427e+03 6.696039340193900458e+00
5.982615100200400775e+03 6.707297396231297171e+00
6.003008156312625943e+03 6.718506714193996032e+00
6.023401212424850200e+03 6.729668164184170465e+00
6.043794268537074458e+03 6.740782610389348228e+00
6.064187324649299626e+03 6.751850911081771045e+00
6.084580380761522974e+03 6.762873918617851032e+00
6.104973436873748142e+03 6.773852479437537433e+00
6.125366492985972400e+03 6.784787434063821010e+00
6.145759549098196658e+03 6.795679617102036829e+00
6.166152605210421825e+03 6.806529857239400627e+00
6.186545661322646083e+03 6.817338977244338238e+00
6.206938717434870341e+03 6.828107793965886074e+00
6.227331773547094599e+03 6.838837118333216836e+00
6.247724829659318857e+03 6.849527755354930747e+00
6.268117885771544024e+03 6.860180504118590150e+00
6.288510941883767373e+03 6.870796157790000080e+00
6.308903997995992540e+03 6.881375503612765954e+00
6.329297054108216798e+03 6.891919322907611445e+00
6.349690110220441056e+03 6.902428391071804725e+00
6.370083166332666224e+03 6.912903477578668188e+00
6.390476222444889572e+03 6.923345345976823495e+00
6.410869278557114740e+03 6.933754753889781242e+00
6.431262334669339907e+03 6.944132453015258832e+00
6.451655390781563256e+03 6.954479189124635141e+00
6.472048446893788423e+03 6.964795702062314575e+00
6.492441503006012681e+03 6.975082725745208378e+00
6.512834559118236939e+03 6.985340988162118236e+00
6.533227615230461197e+03 6.995571211373180276e+00
6.553620671342685455e+03 7.005774111509213142e+00
6.574013727454910622e+03 7.015950398771213514e+00
6.594406783567133971e+03 7.026100777429721944e+00
6.614799839679359138e+03 7.036225945824257977e+00
6.635192895791583396e+03 7.046326596362751715e+00
6.655585951903807654e+03 7.056403415520922096e+00
6.675979008016032822e+03 7.066457083841720888e+00
6.696372064128257080e+03 7.076488275934746497e+00
6.716765120240481338e+03 7.086497660475634675e+00
6.737158176352706505e+03 7.096485900205516728e+00
6.757551232464929853e+03 7.106453651930401350e+00
6.777944288577155021e+03 7.116401566520627497e+00
6.798337344689379279e+03 7.126330288910212474e+00
6.818730400801603537e+03 7.136240458096352768e+00
6.839123456913827795e+03 7.146132707138779239e+00
6.859516513026052053e+03 7.156007663159222432e+00
6.879909569138277220e+03 7.165865947340749997e+00
6.900302625250500569e+03 7.175708174927292404e+00
6.920695681362725736e+03 7.185534955222934173e+00
6.941088737474950904e+03 7.195346891591443139e+00
6.961481793587174252e+03 7.205144581455654063e+00
6.981874849699399419e+03 7.214928616296813146e+00
7.002267905811623677e+03 7.224699581654068226e+00
7.022660961923847935e+03 7.234458057123937635e+00
7.043054018036073103e+03 7.244204616359558813e+00
7.063447074148296451e+03 7.253939827070258417e+00
7.083840130260521619e+03 7.263664251020900409e+00
7.104233186372745877e+03 7.273378444031310508e+00
7.124626242484970135e+03 7.283082955975721973e+00
7.145019298597194393e+03 7.292778330782095253e+00
7.165412354709419560e+03 7.302465106431721864e+00
7.185805410821643818e+03 7.312143814958412591e+00
7.206198466933868076e+03 7.321814982448071163e+00
7.226591523046092334e+03 7.331479129038083187e+00
7.246984579158317501e+03 7.341136768916680211e+00
7.267377635270540850e+03 7.350788410322419253e+00
7.287770691382766017e+03 7.360434555543536206e+00
7.308163747494989366e+03 7.370075700917414707e+00
7.328556803607215443e+03 7.379712336830019481e+00
7.348949859719439701e+03 7.389344947715191125e+00
7.369342915831663049e+03 7.398974012054223337e+00
7.389735971943888217e+03 7.408600002375152371e+00
7.410129028056113384e+03 7.418223385252245450e+00
7.430522084168336733e+03 7.427844621305402129e+00
7.450915140280561900e+03 7.437464165199575206e+00
7.471308196392786158e+03 7.447082465644124127e+00
7.491701252505010416e+03 7.456699965392328266e+00
7.512094308617235583e+03 7.466317101240772303e+00
7.532487364729458932e+03 7.475934304028672983e+00
7.552880420841683190e+03 7.485551998637445692e+00
7.573273476953909267e+03 7.495170603989997460e+00
7.593666533066132615e+03 7.504790533050220702e+00
7.614059589178355964e+03 7.514412192822366166e+00
7.634452645290582041e+03 7.524035984350488704e+00
7.654845701402806299e+03 7.533662302717832659e+00
7.675238757515029647e+03 7.543291537046227901e+00
7.695631813627255724e+03 7.552924070495611986e+00
7.716024869739479982e+03 7.562560280263314283e+00
7.736417925851703330e+03 7.572200537583558599e+00
7.756810981963928498e+03 7.581845207726892966e+00
7.777204038076152756e+03 7.591494649999470212e+00
7.797597094188377014e+03 7.601149217742655395e+00
7.817990150300602181e+03 7.610809258332295713e+00
7.838383206412825530e+03 7.620475113178189375e+00
7.858776262525049788e+03 7.630147117723559802e+00
7.879169318637275865e+03 7.639825601444316661e+00
7.899562374749499213e+03 7.649510887848641971e+00
7.919955430861723471e+03 7.659203294476313317e+00
7.940348486973949548e+03 7.668903132898115871e+00
7.960741543086172896e+03 7.678610708715309485e+00
7.981134599198396245e+03 7.688326321559022958e+00
8.001527655310622322e+03 7.698050265089644739e+00
8.021920711422846580e+03 7.707782826996259828e+00
8.042313767535069928e+03 7.717524288996067128e+00
8.062706823647295096e+03 7.727274926833825219e+00
8.083099879759519354e+03 7.737035010281161362e+00
8.103492935871743612e+03 7.746804803136180695e+00
8.123885991983968779e+03 7.756584563222636675e+00
8.144279048096192128e+03 7.766374542389588242e+00
8.164672104208417295e+03 7.776174986510600462e+00
8.185065160320642462e+03 7.785986135483353721e+00
8.205458216432865811e+03 7.795808223228966938e+00
8.225851272545090978e+03 7.805641477691326102e+00
8.246244328657316146e+03 7.815486120836624195e+00
8.266637384769539494e+03 7.825342368652876246e+00
8.287030440881764662e+03 7.835210431149018717e+00
8.307423496993989829e+03 7.845090512354600421e+00
8.327816553106213178e+03 7.854982810319123487e+00
8.348209609218436526e+03 7.864887517111400328e+00
8.368602665330661694e+03 7.874804818819077568e+00
8.388995721442886861e+03 7.884734895547902411e+00
8.409388777555112028e+03 7.894677921421299871e+00
8.429781833667335377e+03 7.904634064579674657e+00
8.450174889779558725e+03 7.914603487179908470e+00
8.470567945891783893e+03 7.924586345394672549e+00
8.490961002004009060e+03 7.934582789411981807e+00
8.511354058116232409e+03 7.944592963434496724e+00
8.531747114228457576e+03 7.954617005678970898e+00
8.552140170340682744e+03 7.964655048375664848e+00
8.572533226452906092e+03 7.974707217767859291e+00
8.592926282565131260e+03 7.984773634111078877e+00
8.613319338677356427e+03 7.994854411672649874e+00
8.633712394789579776e+03 8.004949658731105089e+00
8.654105450901804943e+03 8.015059477575569247e+00
8.674498507014028291e+03 8.025183964505176348e+00
8.694891563126253459e+03 8.035323209828444391e+00
8.715284619238478626e+03 8.045477297862854371e+00
8.735677675350701975e+03 8.055646306934049150e+00
8.756070731462925323e+03 8.065830309375364493e+00
8.776463787575150491e+03 8.076029371527273071e+00
8.796856843687375658e+03 8.086243553736741418e+00
8.817249899799599007e+03 8.096472910356665054e+00
8.837642955911824174e+03 8.106717489745218330e+00
8.858036012024047523e+03 8.116977334265504496e+00
8.878429068136272690e+03 8.127252480284644420e+00
8.898822124248497857e+03 8.137542958173384022e+00
8.919215180360723025e+03 8.147848792305589782e+00
8.939608236472946373e+03 8.158170001057362342e+00
8.960001292585169722e+03 8.168506596806826892e+00
8.980394348697394889e+03 8.178858585933227232e+00
9.000787404809620057e+03 8.189225968816616685e+00
9.021180460921845224e+03 8.199608739837005444e+00
9.041573517034068573e+03 8.210006887374003526e+00
9.061966573146291921e+03 8.220420393806124437e+00
9.082359629258517089e+03 8.230849235510152795e+00
9.102752685370742256e+03 8.241293382860769512e+00
9.123145741482965605e+03 8.251752800229699147e+00
9.143538797595190772e+03 8.262227445985324437e+00
9.163931853707415939e+03 8.272717272492016605e+00
9.184324909819639288e+03 8.283222226109504760e+00
9.204717965931864455e+03 8.293742247192430028e+00
9.225111022044089623e+03 8.304277270089750473e+00
9.245504078156312971e+03 8.314827223143893775e+00
9.265897134268536320e+03 8.325392028690574264e+00
9.286290190380761487e+03 8.335971603057878099e+00
9.306683246492986655e+03 8.346565856565861807e+00
9.327076302605211822e+03 8.357174693525918130e+00
9.347469358717436990e+03 8.367798012240212913e+00
9.367862414829658519e+03 8.378435705001002987e+00
9.388255470941883686e+03 8.389087658090213395e+00
9.408648527054108854e+03 8.399753751778645139e+00
9.429041583166334021e+03 8.410433860325721156e+00
9.449434639278557370e+03 8.421127851978491563e+00
9.469827695390782537e+03 8.431835588971360096e+00
9.490220751503005886e+03 8.442556927525375343e+00
9.510613807615231053e+03 8.453291717847656983e+00
9.531006863727456221e+03 8.464039804130818467e+00
9.551399919839679569e+03 8.474801024552414574e+00
9.571792975951904737e+03 8.485575211274264618e+00
9.592186032064128085e+03 8.496362190442029672e+00
9.612579088176353252e+03 8.507161782184461174e+00
9.632972144288578420e+03 8.517973800612901769e+00
9.653365200400803587e+03 8.528798053820684899e+00
9.673758256513025117e+03 8.539634343882578804e+00
9.694151312625250284e+03 8.550482466854175456e+00
9.714544368737475452e+03 8.561342212771220872e+00
9.734937424849700619e+03 8.572213365649288264e+00
9.755330480961923968e+03 8.583095703482875649e+00
9.775723537074149135e+03 8.593988998245073674e+00
9.796116593186372484e+03 8.604893015886803553e+00
9.816509649298597651e+03 8.615807516336341010e+00
9.836902705410822819e+03 8.626732253498710534e+00
9.857295761523046167e+03 8.637666975255115176e+00
9.877688817635271334e+03 8.648611423462231329e+00
9.898081873747494683e+03 8.659565333951832145e+00
9.918474929859719850e+03 8.670528436530137384e+00
9.938867985971945018e+03 8.681500454976958991e+00
9.959261042084170185e+03 8.692481107045578526e+00
9.979654098196391715e+03 8.703470104461842993e+00
1.000004715430861688e+04 8.714467152923655036e+00
1.002044021042084205e+04 8.725471952100452455e+00
1.004083326653306722e+04 8.736484195632517213e+00
1.006122632264529238e+04 8.747503571130472722e+00
1.008161937875751573e+04 8.758529760174692314e+00
1.010201243486973908e+04 8.769562438314721931e+00
1.012240549098196425e+04 8.780601275068576683e+00
1.014279854709418942e+04 8.791645933922412226e+00
1.016319160320641276e+04 8.802696072329595722e+00
1.018358465931863793e+04 8.813751341710457154e+00
1.020397771543086128e+04 8.824811387451473976e+00
1.022437077154308645e+04 8.835875848904876761e+00
1.024476382765531162e+04 8.846944359387807211e+00
1.026515688376753678e+04 8.858016546182014395e+00
1.028554993987976013e+04 8.869092030533082038e+00
1.030594299599198348e+04 8.880170427649925813e+00
1.032633605210420865e+04 8.891251346704233782e+00
1.034672910821643381e+04 8.902334390829736321e+00
1.036712216432865898e+04 8.913419157121792225e+00
1.038751522044088233e+04 8.924505236636754546e+00
1.040790827655310568e+04 8.935592214391347099e+00
1.042830133266533085e+04 8.946679669362072929e+00
1.044869438877755601e+04 8.957767174484745354e+00
1.046908744488977936e+04 8.968854296653713476e+00
1.048948050100200453e+04 8.979940596721485591e+00
1.050987355711422788e+04 8.991025629497967131e+00
1.053026661322645305e+04 9.002108943749995262e+00
1.055065966933867821e+04 9.013190082200711828e+00
1.057105272545090338e+04 9.024268581529010902e+00
1.059144578156312673e+04 9.035343972368824694e+00
1.061183883767535008e+04 9.046415779308752292e+00
1.063223189378757525e+04 9.057483520891334905e+00
1.065262494989980041e+04 9.068546709612421708e+00
1.067301800601202558e+04 9.079604851920862529e+00
1.069341106212424893e+04 9.090657448217525527e+00
1.071380411823647228e+04 9.101703992854959679e+00
1.073419717434869744e+04 9.112743974136924052e+00
1.075459023046092261e+04 9.123776874317380603e+00
1.077498328657314778e+04 9.134802169600410693e+00
1.079537634268537113e+04 9.145819330139314474e+00
1.081576939879759630e+04 9.156827820036042453e+00
1.083616245490981964e+04 9.167827097340822462e+00
1.085655551102204481e+04 9.178816614051363842e+00
1.087694856713426998e+04 9.189795816112244609e+00
1.089734162324649333e+04 9.200764143414538410e+00
1.091773467935871668e+04 9.211721029795187476e+00
1.093812773547094184e+04 9.222665903036135759e+00
1.095852079158316701e+04 9.233598184864199254e+00
1.097891384769539218e+04 9.244517290950039268e+00
1.099930690380761553e+04 9.255422630907901294e+00
1.101969995991983888e+04 9.266313608294911575e+00
1.104009301603206404e+04 9.277189620610412746e+00
1.106048607214428921e+04 9.288050059295580141e+00
1.108087912825651438e+04 9.298894309732533614e+00
1.110127218436873773e+04 9.309721751244119048e+00
1.112166524048096289e+04 9.320531757093093006e+00
1.114205829659318624e+04 9.331323694481605813e+00
1.116245135270541141e+04 9.342096924550496340e+00
1.118284440881763658e+04 9.352850802378931405e+00
1.120323746492985993e+04 9.363584676983633059e+00
1.122363052104208509e+04 9.374297891318486009e+00
1.124402357715430844e+04 9.384989782273603254e+00
1.126441663326653361e+04 9.395659680675258585e+00
1.128480968937875878e+04 9.406306911284794126e+00
1.130520274549098394e+04 9.416930792798362759e+00
1.132559580160320547e+04 9.427530637846205153e+00
1.134598885771543246e+04 9.438105752992138164e+00
1.136638191382765581e+04 9.448655438732890488e+00
1.138677496993988098e+04 9.459178989497647905e+00
1.140716802605210614e+04 9.469675693647253922e+00
1.142756108216432949e+04 9.480144833473858057e+00
1.144795413827655284e+04 9.490585685200253252e+00
1.146834719438877801e+04 9.500997518979113821e+00
1.148874025050100317e+04 9.511379598892743203e+00
1.150913330661322652e+04 9.521731182952223094e+00
1.152952636272545351e+04 9.532051523096965795e+00
1.154991941883767504e+04 9.542339865194076509e+00
1.157031247494990021e+04 9.552595449037703190e+00
1.159070553106212537e+04 9.562817508348608442e+00
1.161109858717435054e+04 9.573005270773625952e+00
1.163149164328657207e+04 9.583157957884631983e+00
1.165188469939879906e+04 9.593274785178568465e+00
1.167227775551102241e+04 9.603354962076501522e+00
1.169267081162324757e+04 9.613397691923060151e+00
1.171306386773547274e+04 9.623402171985976139e+00
1.173345692384769609e+04 9.633367593455382405e+00
1.175384997995991944e+04 9.643293141443345817e+00
1.177424303607214460e+04 9.653177994983007437e+00
1.179463609218436977e+04 9.663021327028527452e+00
1.181502914829659312e+04 9.672822304453879028e+00
1.183542220440882011e+04 9.682580088052830547e+00
1.185581526052104164e+04 9.692293832537979270e+00
1.187620831663326680e+04 9.701962686540031910e+00
1.189660137274549197e+04 9.711585792607930756e+00
1.191699442885771714e+04 9.721162287207596009e+00
1.193738748496993867e+04 9.730691300721373338e+00
1.195778054108216566e+04 9.740171957448019668e+00
1.197817359719438900e+04 9.749603375601470390e+00
1.199856665330661417e+04 9.758984667310535599e+00
1.201895970941883934e+04 9.768314938618361865e+00
1.203935276553106269e+04 9.777593289481830041e+00
1.205974582164328604e+04 9.786818813770818082e+00
1.208013887775551120e+04 9.795990599267870635e+00
1.210053193386773637e+04 9.805107727667277118e+00
1.212092498997995972e+04 9.814169274574840784e+00
1.214131804609218671e+04 9.823174309507137991e+00
1.216171110220440823e+04 9.832121895890844954e+00
1.218210415831663340e+04 9.841011091062297211e+00
1.220249721442885857e+04 9.849840946266814612e+00
1.222289027054108374e+04 9.858610506658244788e+00
1.224328332665330527e+04 9.867318811298188663e+00
1.226367638276553225e+04 9.875964893155538604e+00
1.228406943887775560e+04 9.884547779105920640e+00
1.230446249498998077e+04 9.893066489931046092e+00
1.232485555110220594e+04 9.901520040318132487e+00
1.234524860721442928e+04 9.909907438859365314e+00
1.236564166332665263e+04 9.918227688051114654e+00
1.238603471943887780e+04 9.926479784293873010e+00
1.240642777555110297e+04 9.965672176210924604e+00
1.259509899275938915e+04 1.006309060863442184e+01
1.278377020996767533e+04 1.016050904105792085e+01
1.297244142717596151e+04 1.025792747348141809e+01
1.316111264438424587e+04 1.035534590590491533e+01
1.334978386159253205e+04 1.045276433832841256e+01
1.353845507880081823e+04 1.055018277075190980e+01
1.372712629600910441e+04 1.064760120317540881e+01
1.391579751321739059e+04 1.074501963559890427e+01
1.410446873042567677e+04 1.084243806802240329e+01
1.429313994763396295e+04 1.093985650044590052e+01
1.448181116484224913e+04 1.103727493286939776e+01
1.467048238205053349e+04 1.113469336529289500e+01
1.485915359925881967e+04 1.123211179771639223e+01
1.504782481646710585e+04 1.132953023013989124e+01
1.523649603367539203e+04 1.142694866256338848e+01
1.542516725088367821e+04 1.152436709498688572e+01
1.561383846809196257e+04 1.162178552741038118e+01
1.580250968530025057e+04 1.171920395983388019e+01
1.599118090250853493e+04 1.181662239225737920e+01
1.617985211971682111e+04 1.191404082468087466e+01
1.636852333692510729e+04 1.201145925710437368e+01
1.655719455413339165e+04 1.210887768952786914e+01
1.674586577134167965e+04 1.220629612195136815e+01
1.693453698854996401e+04 1.230371455437486716e+01
1.712320820575825201e+04 1.240113298679836618e+01
1.731187942296653637e+04 1.249855141922186164e+01
1.750055064017482073e+04 1.259596985164535710e+01
1.768922185738310873e+04 1.269338828406885611e+01
1.787789307459139673e+04 1.279080671649235512e+01
1.806656429179968109e+04 1.288822514891585058e+01
1.825523550900796545e+04 1.298564358133934959e+01
1.844390672621625345e+04 1.308306201376284861e+01
1.863257794342453781e+04 1.318048044618634407e+01
1.882124916063282581e+04 1.327789887860984308e+01
1.900992037784111017e+04 1.337531731103333854e+01
1.919859159504939453e+04 1.347273574345683755e+01
1.938726281225768253e+04 1.357015417588033657e+01
1.957593402946596689e+04 1.366757260830383203e+01
1.976460524667425489e+04 1.376499104072733104e+01
1.995327646388253925e+04 1.386240947315082650e+01
2.014194768109082361e+04 1.395982790557432551e+01
2.033061889829911161e+04 1.405724633799782097e+01
2.051929011550739961e+04 1.415466477042131999e+01
2.070796133271568397e+04 1.425208320284481900e+01
2.089663254992396833e+04 1.434950163526831446e+01
2.108530376713225633e+04 1.444692006769181347e+01
2.127397498434054069e+04 1.454433850011530893e+01
2.146264620154882869e+04 1.464175693253880794e+01
2.165131741875711305e+04 1.473917536496230696e+01
2.183998863596539741e+04 1.483659379738580242e+01
2.202865985317368541e+04 1.493401222980930143e+01
2.221733107038197340e+04 1.503143066223280044e+01
2.240600228759025777e+04 1.512884909465629590e+01
2.259467350479854213e+04 1.522626752707979136e+01
2.278334472200682649e+04 1.532368595950329038e+01
2.297201593921511449e+04 1.542110439192678939e+01
2.316068715642340248e+04 1.551852282435028840e+01
2.334935837363168685e+04 1.561594125677378386e+01
2.353802959083997121e+04 1.571335968919727932e+01
2.372670080804825920e+04 1.581077812162077834e+01
2.391537202525654357e+04 1.590819655404427735e+01
2.410404324246483156e+04 1.600561498646777281e+01
2.429271445967311593e+04 1.610303341889127182e+01
2.448138567688140029e+04 1.620045185131476728e+01
2.467005689408968829e+04 1.629787028373826629e+01
2.485872811129797628e+04 1.639528871616176531e+01
2.504739932850626064e+04 1.649270714858526077e+01
2.523607054571454501e+04 1.659012558100875978e+01
2.542474176292282937e+04 1.668754401343225524e+01
2.561341298013111737e+04 1.678496244585575425e+01
2.580208419733940536e+04 1.688238087827925327e+01
2.599075541454768972e+04 1.697979931070274873e+01
2.617942663175597409e+04 1.707721774312624774e+01
2.636809784896426208e+04 1.717463617554974320e+01
2.655676906617254645e+04 1.727205460797324221e+01
2.674544028338083444e+04 1.736947304039674123e+01
2.693411150058911880e+04 1.746689147282023669e+01
2.712278271779740317e+04 1.756430990524373215e+01
2.731145393500569116e+04 1.766172833766723116e+01
2.750012515221397916e+04 1.775914677009073017e+01
2.768879636942226352e+04 1.785656520251422918e+01
2.787746758663054788e+04 1.795398363493772464e+01
2.806613880383883225e+04 1.805140206736122011e+01
2.825481002104712024e+04 1.814882049978471912e+01
2.844348123825540824e+04 1.824623893220821813e+01
2.863215245546369260e+04 1.834365736463171359e+01
2.882082367267197696e+04 1.844107579705521260e+01
2.900949488988026496e+04 1.853849422947871162e+01
2.919816610708854932e+04 1.863591266190220708e+01
2.938683732429683732e+04 1.873333109432570609e+01
2.957550854150512168e+04 1.883074952674920155e+01
2.976417975871340968e+04 1.892816795917270056e+01
2.995285097592169404e+04 1.902558639159619958e+01
3.014152219312997840e+04 1.912300482401969504e+01
3.033019341033826640e+04 1.922042325644319405e+01
3.051886462754655076e+04 1.931784168886668951e+01
3.070753584475483876e+04 1.941526012129018852e+01
3.089620706196312312e+04 1.951267855371368753e+01
3.108487827917141112e+04 1.961009698613718299e+01
3.127354949637969548e+04 1.970751541856068201e+01
3.146222071358797984e+04 1.980493385098417747e+01
3.165089193079626784e+04 1.990235228340767648e+01
3.183956314800455220e+04 1.999977071583117194e+01
3.202823436521284020e+04 2.009718914825467095e+01
3.221690558242112456e+04 2.019460758067816641e+01
3.240557679962941256e+04 2.029202601310166543e+01
3.259424801683769692e+04 2.038944444552516444e+01
3.278291923404598492e+04 2.048686287794866345e+01
3.297159045125426928e+04 2.058428131037215891e+01
3.316026166846255364e+04 2.068169974279565437e+01
3.334893288567084528e+04 2.077911817521915694e+01
3.353760410287912237e+04 2.087653660764264885e+01
3.372627532008741400e+04 2.097395504006614786e+01
3.391494653729569836e+04 2.107137347248964687e+01
3.410361775450398272e+04 2.116879190491314233e+01
3.429228897171227436e+04 2.126621033733664490e+01
3.448096018892055145e+04 2.136362876976013681e+01
3.466963140612884308e+04 2.146104720218363582e+01
3.485830262333712744e+04 2.155846563460713483e+01
3.504697384054541180e+04 2.165588406703063029e+01
3.523564505775370344e+04 2.175330249945412930e+01
3.542431627496198053e+04 2.185072093187762476e+01
3.561298749217027216e+04 2.194813936430112378e+01
3.580165870937855652e+04 2.204555779672462279e+01
3.599032992658684088e+04 2.214297622914811825e+01
3.617900114379513252e+04 2.224039466157161726e+01
3.636767236100341688e+04 2.233781309399511628e+01
3.655634357821170124e+04 2.243523152641861174e+01
3.674501479541998560e+04 2.253264995884210720e+01
3.693368601262826996e+04 2.263006839126560621e+01
3.712235722983656160e+04 2.272748682368910522e+01
3.731102844704484596e+04 2.282490525611260423e+01
3.749969966425313032e+04 2.292232368853609970e+01
3.768837088146142196e+04 2.301974212095959871e+01
3.787704209866969904e+04 2.311716055338309417e+01
3.806571331587799068e+04 2.321457898580659318e+01
3.825438453308627504e+04 2.331199741823008864e+01
3.844305575029455940e+04 2.340941585065358765e+01
3.863172696750285104e+04 2.350683428307708667e+01
3.882039818471112812e+04 2.360425271550058213e+01
3.900906940191941976e+04 2.370167114792408114e+01
3.919774061912770412e+04 2.379908958034757660e+01
3.938641183633598848e+04 2.389650801277107561e+01
3.957508305354428012e+04 2.399392644519457463e+01
3.976375427075255720e+04 2.409134487761806653e+01
3.995242548796084884e+04 2.418876331004156910e+01
4.014109670516913320e+04 2.428618174246506456e+01
4.032976792237741756e+04 2.438360017488856357e+01
4.051843913958570920e+04 2.448101860731206258e+01
4.070711035679398628e+04 2.457843703973555449e+01
4.089578157400227792e+04 2.467585547215905706e+01
4.108445279121056228e+04 2.477327390458255252e+01
4.127312400841884664e+04 2.487069233700604798e+01
4.146179522562713828e+04 2.496811076942955054e+01
4.165046644283542264e+04 2.506552920185304600e+01
4.183913766004370700e+04 2.516294763427654502e+01
4.202780887725199136e+04 2.526036606670004048e+01
4.221648009446027572e+04 2.535778449912353594e+01
4.240515131166856736e+04 2.545520293154703850e+01
4.259382252887685172e+04 2.555262136397053396e+01
4.278249374608513608e+04 2.565003979639402942e+01
4.297116496329342772e+04 2.574745822881753199e+01
4.315983618050170480e+04 2.584487666124102390e+01
4.334850739770999644e+04 2.594229509366452646e+01
4.353717861491828080e+04 2.603971352608802192e+01
4.372584983212656516e+04 2.613713195851151738e+01
4.391452104933485680e+04 2.623455039093501995e+01
4.410319226654313388e+04 2.633196882335851186e+01
4.429186348375142552e+04 2.642938725578201442e+01
4.448053470095970988e+04 2.652680568820550988e+01
4.466920591816799424e+04 2.662422412062900534e+01
4.485787713537628588e+04 2.672164255305250791e+01
4.504654835258456296e+04 2.681906098547599981e+01
4.523521956979285460e+04 2.691647941789949883e+01
4.542389078700114624e+04 2.701389785032300139e+01
4.561256200420942332e+04 2.711131628274649330e+01
4.580123322141771496e+04 2.720873471516999587e+01
4.598990443862599204e+04 2.730615314759348777e+01
4.617857565583428368e+04 2.740357158001698679e+01
4.636724687304257532e+04 2.750099001244048935e+01
4.655591809025085240e+04 2.759840844486398126e+01
4.674458930745914404e+04 2.769582687728748027e+01
4.693326052466742112e+04 2.779324530971097573e+01
4.712193174187571276e+04 2.789066374213447475e+01
4.731060295908400440e+04 2.798808217455797731e+01
4.749927417629228148e+04 2.808550060698146922e+01
4.768794539350057312e+04 2.818291903940496823e+01
4.787661661070885020e+04 2.828033747182846369e+01
4.806528782791714184e+04 2.837775590425196270e+01
4.825395904512543348e+04 2.847517433667546172e+01
4.844263026233371056e+04 2.857259276909895718e+01
4.863130147954200220e+04 2.867001120152245619e+01
4.881997269675027928e+04 2.876742963394594810e+01
4.900864391395857092e+04 2.886484806636945066e+01
4.919731513116686256e+04 2.896226649879294968e+01
4.938598634837513964e+04 2.905968493121644514e+01
4.957465756558343128e+04 2.915710336363994415e+01
4.976332878279172292e+04 2.925452179606344316e+01
4.995200000000000000e+04 2.935194022848693862e+01
