1.947500000000000000e+02 9.142552867438846764e-01
2.193757515030060858e+02 9.179866252588745335e-01
2.440015030060119443e+02 9.217773435294731588e-01
2.686272545090180301e+02 9.256272630086832542e-01
2.932530060120243434e+02 9.295362037927147325e-01
3.178787575150299745e+02 9.335039846312779277e-01
3.425045090180360603e+02 9.375304229378805809e-01
3.671302605210419188e+02 9.416153348001218282e-01
3.917560120240480046e+02 9.457585349899888527e-01
4.163817635270543178e+02 9.499598369741522053e-01
4.410075150300599489e+02 9.542190529242597918e-01
4.656332665330662621e+02 9.585359937272373010e-01
4.902590180360718932e+02 9.629104689955758634e-01
5.148847695390782064e+02 9.673422870776354765e-01
5.395105210420842923e+02 9.718312550679342188e-01
5.641362725450899234e+02 9.763771788174492317e-01
5.887620240480962366e+02 9.809798629439083761e-01
6.133877755511023224e+02 9.856391108420857750e-01
6.380135270541081809e+02 9.903547246941002413e-01
6.626392785571142667e+02 9.951265054797091558e-01
6.872650300601203526e+02 9.999542529866024543e-01
7.118907815631262110e+02 1.004837765820699724e+00
7.365165330661322969e+02 1.009776841416447191e+00
7.611422845691381553e+02 1.014771276047111703e+00
7.857680360721442412e+02 1.019820864835075058e+00
8.103937875751503270e+02 1.024925401762128985e+00
8.350195390781561855e+02 1.030084679679776460e+00
8.596452905811624987e+02 1.035298490319520814e+00
8.842710420841681298e+02 1.040566624303163490e+00
9.088967935871742156e+02 1.045888871153100252e+00
9.335225450901805289e+02 1.051265019302616066e+00
9.581482965931861600e+02 1.056694856106179747e+00
9.827740480961924732e+02 1.062178167849741950e+00
1.007399799599198559e+03 1.067714739761029152e+00
1.032025551102204190e+03 1.073304356019837869e+00
1.056651302605210503e+03 1.078946799768332410e+00
1.081277054108216589e+03 1.084641853121339539e+00
1.105902805611222448e+03 1.090389297176643790e+00
1.130528557114228533e+03 1.096188912025283679e+00
1.155154308617234165e+03 1.102040476761844578e+00
1.179780060120240478e+03 1.107943769494760033e+00
1.204405811623246791e+03 1.113898567356600422e+00
1.229031563126252422e+03 1.119904646514373159e+00
1.253657314629258508e+03 1.125961782179817794e+00
1.278283066132264139e+03 1.132069748619697558e+00
1.302908817635270452e+03 1.138228319166100899e+00
1.327534569138276765e+03 1.144437266226731698e+00
1.352160320641282397e+03 1.150696361295207693e+00
1.376786072144288482e+03 1.157005374961356914e+00
1.401411823647294568e+03 1.163364076921510337e+00
1.426037575150300427e+03 1.169772235988796982e+00
1.450663326653306740e+03 1.176229620103444562e+00
1.475289078156312826e+03 1.182735996343070140e+00
1.499914829659318457e+03 1.189291130932975893e+00
1.524540581162324770e+03 1.195894789256447766e+00
1.549166332665330401e+03 1.202546735865049232e+00
1.573792084168336714e+03 1.209246734488914177e+00
1.598417835671342800e+03 1.215994548047047319e+00
1.623043587174348431e+03 1.222789938657617537e+00
1.647669338677354745e+03 1.229632667648250743e+00
1.672295090180360603e+03 1.236522495566331203e+00
1.696920841683366689e+03 1.243459182189290857e+00
1.721546593186372775e+03 1.250442486534909969e+00
1.746172344689379088e+03 1.257472166871609121e+00
1.770798096192384719e+03 1.264547980728744969e+00
1.795423847695390350e+03 1.271669684906910236e+00
1.820049599198396663e+03 1.278837035488222806e+00
1.844675350701402749e+03 1.286049787846624604e+00
1.869301102204409062e+03 1.293307696658178463e+00
1.893926853707414693e+03 1.300610515911360787e+00
1.918552605210421007e+03 1.307957998917358422e+00
1.943178356713426638e+03 1.315349898320364641e+00
1.967804108216432724e+03 1.322785966107872246e+00
1.992429859719439037e+03 1.330265953620973107e+00
2.017055611222444668e+03 1.337789611564651704e+00
2.041681362725450981e+03 1.345356690018076895e+00
2.066307114228456612e+03 1.352966938444904565e+00
2.090932865731462698e+03 1.360620105703569171e+00
2.115558617234469239e+03 1.368315940057578395e+00
2.140184368737474870e+03 1.376054189185809351e+00
2.164810120240480956e+03 1.383834600192807462e+00
2.189435871743486587e+03 1.391656919619076671e+00
2.214061623246492672e+03 1.399520893451378312e+00
2.238687374749499213e+03 1.407426267133026876e+00
2.263313126252504844e+03 1.415372785574183334e+00
2.287938877755510930e+03 1.423360193162150900e+00
2.312564629258517016e+03 1.431388233771674345e+00
2.337190380761522647e+03 1.439456650775229773e+00
2.361816132264529188e+03 1.447565187053326152e+00
2.386441883767535273e+03 1.455713585004792865e+00
2.411067635270540904e+03 1.463901586557085244e+00
2.435693386773546990e+03 1.472128933176573451e+00
2.460319138276552621e+03 1.480395365878837133e+00
2.484944889779559162e+03 1.488700625238966735e+00
2.509570641282565248e+03 1.497044451401851495e+00
2.534196392785571334e+03 1.505426584092484310e+00
2.558822144288576965e+03 1.513846762626246845e+00
2.583447895791582596e+03 1.522304725919213952e+00
2.608073647294589136e+03 1.530800212498443225e+00
2.632699398797595222e+03 1.539332960512276749e+00
2.657325150300601308e+03 1.547902707740627104e+00
2.681950901803606939e+03 1.556509191605279341e+00
2.706576653306613480e+03 1.565152149180191632e+00
2.731202404809619111e+03 1.573831317201776603e+00
2.755828156312625197e+03 1.582546432079211085e+00
2.780453907815631283e+03 1.591297229904723443e+00
2.805079659318636914e+03 1.600083446463890002e+00
2.829705410821643454e+03 1.608904817245934149e+00
2.854331162324649085e+03 1.617761077454016538e+00
2.878956913827655171e+03 1.626651962015537745e+00
2.903582665330661257e+03 1.635577205592427141e+00
2.928208416833667798e+03 1.644536542591441108e+00
2.952834168336673429e+03 1.653529707174458352e+00
2.977459919839679060e+03 1.662556433268774780e+00
3.002085671342685146e+03 1.671616454577401267e+00
3.026711422845691231e+03 1.680709504589356529e+00
3.051337174348697772e+03 1.689835316589964886e+00
3.075962925851703403e+03 1.698993623671148701e+00
3.100588677354709489e+03 1.708184158741728575e+00
3.125214428857715120e+03 1.717406654537714683e+00
3.149840180360721206e+03 1.726660843632603637e+00
3.174465931863727747e+03 1.735946458447672480e+00
3.199091683366733378e+03 1.745263231262278891e+00
3.223717434869739463e+03 1.754610894224151840e+00
3.248343186372745095e+03 1.763989179359690906e+00
3.272968937875751180e+03 1.773397818584257823e+00
3.297594689378757721e+03 1.782836543712473798e+00
3.322220440881763807e+03 1.792305086468517716e+00
3.346846192384769438e+03 1.801803178496415914e+00
3.371471943887775069e+03 1.811330551370345709e+00
3.396097695390781155e+03 1.820886936604922068e+00
3.420723446893787695e+03 1.830472065665497361e+00
3.445349198396793781e+03 1.840085669978459793e+00
3.469974949899799412e+03 1.849727480941522506e+00
3.494600701402805498e+03 1.859397229934026230e+00
3.519226452905811129e+03 1.869094648327228381e+00
3.543852204408817670e+03 1.878819467494602602e+00
3.568477955911823756e+03 1.888571418822131864e+00
3.593103707414829387e+03 1.898350233718608004e+00
3.617729458917835473e+03 1.908155643625918385e+00
3.642355210420841559e+03 1.917987380029355204e+00
3.666980961923847644e+03 1.927845174467899492e+00
3.691606713426853730e+03 1.937728758544518426e+00
3.716232464929859816e+03 1.947637863936465985e+00
3.740858216432865447e+03 1.957572222405572493e+00
3.765483967935871533e+03 1.967531565808546379e+00
3.790109719438877619e+03 1.977515626107266167e+00
3.814735470941883705e+03 1.987524135379070023e+00
3.839361222444889790e+03 1.997556825827067062e+00
3.863986973947895422e+03 2.007613429790412241e+00
3.888612725450901962e+03 2.017693679754624991e+00
3.913238476953907593e+03 2.027797308361861894e+00
3.937864228456913679e+03 2.037924048421229095e+00
3.962489979959919765e+03 2.048073632919070075e+00
3.987115731462925396e+03 2.058245795029261416e+00
4.011741482965931937e+03 2.068440268123510783e+00
4.036367234468937568e+03 2.078656785781652250e+00
4.060992985971943654e+03 2.088895081801939391e+00
4.085618737474949739e+03 2.099154890211341939e+00
4.110244488977956280e+03 2.109435945275846436e+00
4.134870240480961911e+03 2.119737981510738223e+00
4.159495991983967542e+03 2.130060733690915420e+00
4.184121743486974083e+03 2.140403936861165590e+00
4.208747494989979714e+03 2.150767326346477937e+00
4.233373246492986254e+03 2.161150637762328408e+00
4.257998997995991886e+03 2.171553607024977239e+00
4.282624749498998426e+03 2.181975970361767381e+00
4.307250501002003148e+03 2.192417464321414933e+00
4.331876252505009688e+03 2.202877825784311128e+00
4.356502004008016229e+03 2.213356791972814541e+00
4.381127755511021860e+03 2.223854100461543748e+00
4.405753507014027491e+03 2.234369489187676638e+00
4.430379258517034032e+03 2.244902696461247515e+00
4.455005010020039663e+03 2.255453460975434865e+00
4.479630761523046203e+03 2.266021521816870887e+00
4.504256513026051834e+03 2.276606618475917720e+00
4.528882264529058375e+03 2.287208490856981857e+00
4.553508016032063097e+03 2.297826879288794810e+00
4.578133767535069637e+03 2.308461524534720866e+00
4.602759519038076178e+03 2.319112167803043523e+00
4.627385270541082718e+03 2.329778550757266142e+00
4.652011022044087440e+03 2.340460415526402826e+00
4.676636773547093981e+03 2.351157504715283064e+00
4.701262525050100521e+03 2.361869561414828400e+00
4.725888276553106152e+03 2.372596329212378841e+00
4.750514028056111783e+03 2.383337552201953979e+00
4.775139779559118324e+03 2.394092974994571854e+00
4.799765531062123955e+03 2.404862342728536273e+00
4.824391282565129586e+03 2.415645401079735244e+00
4.849017034068136127e+03 2.426441896271929632e+00
4.873642785571142667e+03 2.437251575087059585e+00
4.898268537074148298e+03 2.448074184875530079e+00
4.922894288577153930e+03 2.458909473566510684e+00
4.947520040080160470e+03 2.469757189678234877e+00
4.972145791583166101e+03 2.480617082328286038e+00
4.996771543086171732e+03 2.491488901243901211e+00
5.021397294589178273e+03 2.502372396772264196e+00
5.046023046092184813e+03 2.513267319890800877e+00
5.070648797595190445e+03 2.524173422217475871e+00
5.095274549098196076e+03 2.535090456021082073e+00
5.119900300601202616e+03 2.546018174231544862e+00
5.144526052104208247e+03 2.556956330450215642e+00
5.169151803607213878e+03 2.567904678960159170e+00
5.193777555110220419e+03 2.578862974736463087e+00
5.218403306613226050e+03 2.589830973456518137e+00
5.243029058116231681e+03 2.600808431510325924e+00
5.267654809619238222e+03 2.611795106010790235e+00
5.292280561122244762e+03 2.622790754804009250e+00
5.316906312625250393e+03 2.633795136479575305e+00
5.341532064128256025e+03 2.644808010380871988e+00
5.366157815631262565e+03 2.655829136615359687e+00
5.390783567134269106e+03 2.666858276064887789e+00
5.415409318637274737e+03 2.677895190395970015e+00
5.440035070140280368e+03 2.688939642070098390e+00
5.464660821643286909e+03 2.699991394354025687e+00
5.489286573146291630e+03 2.711050211330072734e+00
5.513912324649298171e+03 2.722115857906411307e+00
5.538538076152304711e+03 2.733188099827368323e+00
5.563163827655310342e+03 2.744266703683717612e+00
5.587789579158315973e+03 2.755351436922974795e+00
5.612415330661322514e+03 2.766442067859703258e+00
5.637041082164329055e+03 2.777538365685790822e+00
5.661666833667334686e+03 2.788640100480757500e+00
5.686292585170340317e+03 2.799747043222053478e+00
5.710918336673346857e+03 2.810858965795349107e+00
5.735544088176351579e+03 2.821975641004826674e+00
5.760169839679358120e+03 2.833096842583486819e+00
5.784795591182364660e+03 2.844222345203431423e+00
5.809421342685371201e+03 2.855351924486173587e+00
5.834047094188375922e+03 2.866485357012918733e+00
5.858672845691382463e+03 2.877622420334870146e+00
5.883298597194389004e+03 2.888762892983522512e+00
5.907924348697394635e+03 2.899906554480947030e+00
5.932550100200400266e+03 2.911053185350106265e+00
5.957175851703406806e+03 2.922202567125133932e+00
5.981801603206413347e+03 2.933354482361639981e+00
6.006427354709418069e+03 2.944508714646993486e+00
6.031053106212424609e+03 2.955665048610637946e+00
6.055678857715431150e+03 2.966823269934362628e+00
6.080304609218436781e+03 2.977983165362622753e+00
6.104930360721442412e+03 2.989144522712817054e+00
6.129556112224448952e+03 3.000307130885587981e+00
6.154181863727454584e+03 3.011470779875125459e+00
6.178807615230460215e+03 3.022635260779448885e+00
6.203433366733466755e+03 3.033800365810709110e+00
6.228059118236472386e+03 3.044965888305489976e+00
6.252684869739478017e+03 3.056131622735098308e+00
6.277310621242484558e+03 3.067297364715848573e+00
6.301936372745491099e+03 3.078462911019382631e+00
6.326562124248497639e+03 3.089628059582940622e+00
6.351187875751503270e+03 3.100792609519677168e+00
6.375813627254508901e+03 3.111956361128938475e+00
6.400439378757515442e+03 3.123119115906574539e+00
6.425065130260520164e+03 3.134280676555220246e+00
6.449690881763526704e+03 3.145440846994602246e+00
6.474316633266531426e+03 3.156599432371823610e+00
6.498942384769537966e+03 3.167756239071675584e+00
6.523568136272544507e+03 3.178911074726912034e+00
6.548193887775551048e+03 3.190063748228561646e+00
6.572819639278557588e+03 3.201214069736220136e+00
6.597445390781562310e+03 3.212361850688336684e+00
6.622071142284568850e+03 3.223506903812518587e+00
6.646696893787575391e+03 3.234649043135831015e+00
6.671322645290580112e+03 3.245788083995075013e+00
6.695948396793586653e+03 3.256923843047100142e+00
6.720574148296593194e+03 3.268056138279092693e+00
6.745199899799597915e+03 3.279184789018870561e+00
6.769825651302604456e+03 3.290309615945185229e+00
6.794451402805610996e+03 3.301430441098005097e+00
6.819077154308617537e+03 3.312547087888829012e+00
6.843702905811622259e+03 3.323659381110954936e+00
6.868328657314628799e+03 3.334767146949812577e+00
6.892954408817635340e+03 3.345870212993219184e+00
6.917580160320641880e+03 3.356968408241704616e+00
6.942205911823646602e+03 3.368061563118793345e+00
6.966831663326653143e+03 3.379149509481301550e+00
6.991457414829657864e+03 3.390232080629636435e+00
7.016083166332664405e+03 3.401309111318092437e+00
7.040708917835670945e+03 3.412380437765132335e+00
7.065334669338677486e+03 3.423445897663706550e+00
7.089960420841684027e+03 3.434505330191524930e+00
7.114586172344688748e+03 3.445558576021374719e+00
7.139211923847695289e+03 3.456605477331396337e+00
7.163837675350701829e+03 3.467645877815391575e+00
7.188463426853708370e+03 3.478679622693114926e+00
7.213089178356713091e+03 3.489706558720563123e+00
7.237714929859719632e+03 3.500726534200287787e+00
7.262340681362724354e+03 3.511739398991667649e+00
7.286966432865730894e+03 3.522745004521226520e+00
7.311592184368737435e+03 3.533743203792913512e+00
7.336217935871743975e+03 3.544733851398408131e+00
7.360843687374748697e+03 3.555716803527400494e+00
7.385469438877755238e+03 3.566691917977909743e+00
7.410095190380761778e+03 3.577659054166558050e+00
7.434720941883768319e+03 3.588618073138884590e+00
7.459346693386773040e+03 3.599568837579627534e+00
7.483972444889779581e+03 3.610511211823022037e+00
7.508598196392786122e+03 3.621445061863100001e+00
7.533223947895790843e+03 3.632370255363984946e+00
7.557849699398797384e+03 3.643286661670178894e+00
7.582475450901803924e+03 3.654194151816881231e+00
7.607101202404808646e+03 3.665092598540245383e+00
7.631726953907815187e+03 3.675981876287719885e+00
7.656352705410821727e+03 3.686861861228305060e+00
7.680978456913828268e+03 3.697732431262864772e+00
7.705604208416834808e+03 3.708593466034437292e+00
7.730229959919839530e+03 3.719444846938490201e+00
7.754855711422846070e+03 3.730286457133267675e+00
7.779481462925850792e+03 3.741118181550037392e+00
7.804107214428857333e+03 3.751939906903427158e+00
7.828732965931863873e+03 3.762751521701682922e+00
7.853358717434868595e+03 3.773552916256992518e+00
7.877984468937875135e+03 3.784343982695767661e+00
7.902610220440881676e+03 3.795124614968953480e+00
7.927235971943888217e+03 3.805894708862289200e+00
7.951861723446894757e+03 3.816654162006659412e+00
7.976487474949899479e+03 3.827402873888333446e+00
8.001113226452906019e+03 3.838140745859299763e+00
8.025738977955912560e+03 3.848867681147542186e+00
8.050364729458917282e+03 3.859583584867336548e+00
8.074990480961923822e+03 3.870288364029559336e+00
8.099616232464928544e+03 3.880981927551967026e+00
8.124241983967935084e+03 3.891664186269506054e+00
8.148867735470941625e+03 3.902335052944592597e+00
8.173493486973948166e+03 3.912994442277423435e+00
8.198119238476954706e+03 3.923642270916256169e+00
8.222744989979959428e+03 3.934278457467724088e+00
8.247370741482965968e+03 3.944902922507113718e+00
8.271996492985972509e+03 3.955515588588668585e+00
8.296622244488977231e+03 3.966116380255886753e+00
8.321247995991983771e+03 3.976705224051807264e+00
8.345873747494988493e+03 3.987282048529321443e+00
8.370499498997995033e+03 3.997846784261443354e+00
8.395125250501001574e+03 4.008399363851638419e+00
8.419751002004008114e+03 4.018939721944083665e+00
8.444376753507014655e+03 4.029467795233996341e+00
8.469002505010019377e+03 4.039983522477898603e+00
8.493628256513025917e+03 4.050486844503947026e+00
8.518254008016032458e+03 4.060977704222185736e+00
8.542879759519037179e+03 4.071456046634891912e+00
8.567505511022043720e+03 4.081921818846815597e+00
8.592131262525048442e+03 4.092374970075534080e+00
8.616757014028054982e+03 4.102815451661696144e+00
8.641382765531061523e+03 4.113243217079348923e+00
8.666008517034068063e+03 4.123658221946221225e+00
8.690634268537074604e+03 4.134060424034021963e+00
8.715260020040079326e+03 4.144449783278741251e+00
8.739885771543085866e+03 4.154826261790924846e+00
8.764511523046092407e+03 4.165189823866001895e+00
8.789137274549097128e+03 4.175540435994555821e+00
8.813763026052103669e+03 4.185878066872621872e+00
8.838388777555110210e+03 4.196202687411999754e+00
8.863014529058114931e+03 4.206514270750529860e+00
8.887640280561121472e+03 4.216812792262397913e+00
8.912266032064128012e+03 4.227098229568433396e+00
8.936891783567134553e+03 4.237370562546397323e+00
8.961517535070141093e+03 4.247629773341278003e+00
8.986143286573145815e+03 4.257875846375592133e+00
9.010769038076152356e+03 4.268108768359682337e+00
9.035394789579157077e+03 4.278328528302006717e+00
9.060020541082163618e+03 4.288535117519432838e+00
9.084646292585170158e+03 4.298728529647535268e+00
9.109272044088174880e+03 4.308908760650896674e+00
9.133897795591181421e+03 4.319075808833403585e+00
9.158523547094187961e+03 4.329229674848523501e+00
9.183149298597194502e+03 4.339370361709622870e+00
9.207775050100201042e+03 4.349497874800256625e+00
9.232400801603205764e+03 4.359612221884455963e+00
9.257026553106212305e+03 4.369713413117027656e+00
9.281652304609218845e+03 4.379801461053856926e+00
9.306278056112223567e+03 4.389876380662194322e+00
9.330903807615231926e+03 4.399938189330949712e+00
9.355529559118234829e+03 4.409986906880996926e+00
9.380155310621241370e+03 4.420022555575466860e+00
9.404781062124247910e+03 4.430045160130029025e+00
9.429406813627254451e+03 4.440054747723216622e+00
9.454032565130260991e+03 4.450051348006681451e+00
9.478658316633265713e+03 4.460034993115531421e+00
9.503284068136272253e+03 4.470005717678597001e+00
9.527909819639278794e+03 4.479963558828734094e+00
9.552535571142285335e+03 4.489908556213125124e+00
9.577161322645290056e+03 4.499840752003580135e+00
9.601787074148294778e+03 4.509760190906810351e+00
9.626412825651301318e+03 4.519666920174742586e+00
9.651038577154307859e+03 4.529560989614807909e+00
9.675664328657314400e+03 4.539442451600235628e+00
9.700290080160320940e+03 4.549311361080357941e+00
9.724915831663325662e+03 4.559167775590891480e+00
9.749541583166332202e+03 4.569011755264249075e+00
9.774167334669338743e+03 4.578843362839817743e+00
9.798793086172345284e+03 4.588662663674263342e+00
9.823418837675351824e+03 4.598469725751832549e+00
9.848044589178356546e+03 4.608264619694637076e+00
9.872670340681361267e+03 4.618047418772955659e+00
9.897296092184367808e+03 4.627818198915523595e+00
9.921921843687374349e+03 4.637577038719832956e+00
9.946547595190380889e+03 4.647324019462438116e+00
9.971173346693385611e+03 4.657059225109222211e+00
9.995799098196392151e+03 4.666782742325723987e+00
1.002042484969939869e+04 4.676494660487414023e+00
1.004505060120240523e+04 4.686195071690008263e+00
1.006967635270541177e+04 4.695884070759734463e+00
1.009430210420841468e+04 4.705561755263657275e+00
1.011892785571142304e+04 4.715228225519954464e+00
1.014355360721442776e+04 4.724883584608234877e+00
1.016817935871743430e+04 4.734527938379789802e+00
1.019280511022044084e+04 4.744161395467948239e+00
1.021743086172344556e+04 4.753784067298322924e+00
1.024205661322645210e+04 4.763396068099130076e+00
1.026668236472945864e+04 4.772997514911477168e+00
1.029130811623246518e+04 4.782588527599665795e+00
1.031593386773547172e+04 4.792169228861473229e+00
1.034055961923847644e+04 4.801739744238465946e+00
1.036518537074148117e+04 4.811300202126281178e+00
1.038981112224448952e+04 4.820850733784925346e+00
1.041443687374749425e+04 4.830391473349078701e+00
1.043906262525050079e+04 4.839922557838375994e+00
1.046368837675350551e+04 4.849444127167712892e+00
1.048831412825651205e+04 4.858956324157542639e+00
1.051293987975951859e+04 4.868459294544150495e+00
1.053756563126252513e+04 4.877953186989991252e+00
1.056219138276553167e+04 4.887438153093936144e+00
1.058681713426853821e+04 4.896914347401613909e+00
1.061144288577154293e+04 4.906381927415653266e+00
1.063606863727454765e+04 4.915841053606044397e+00
1.066069438877755601e+04 4.925291889420376101e+00
1.068532014028056074e+04 4.934734601294162637e+00
1.070994589178356728e+04 4.944169358661129721e+00
1.073457164328657200e+04 4.953596333963503184e+00
1.075919739478957854e+04 4.963015702662330497e+00
1.078382314629258508e+04 4.972427643247748108e+00
1.080844889779559162e+04 4.981832337249287868e+00
1.083307464929859816e+04 4.991229969246166576e+00
1.085770040080160288e+04 5.000620726877597733e+00
1.088232615230460942e+04 5.010004800853073093e+00
1.090695190380761414e+04 5.019382384962659316e+00
1.093157765531062068e+04 5.028753676087292845e+00
1.095620340681362723e+04 5.038118874209088105e+00
1.098082915831663195e+04 5.047478182421610171e+00
1.100545490981963849e+04 5.056831806940194518e+00
1.103008066132264503e+04 5.066179957112227683e+00
1.105470641282565157e+04 5.075522845427443919e+00
1.107933216432865811e+04 5.084860687528228951e+00
1.110395791583166283e+04 5.094193702219898867e+00
1.112858366733466937e+04 5.103522111481019863e+00
1.115320941883767591e+04 5.112846140473681800e+00
1.117783517034068063e+04 5.122166017553805517e+00
1.120246092184368717e+04 5.131481974281426162e+00
1.122708667334669190e+04 5.140794245431018261e+00
1.125171242484969844e+04 5.150103069001758627e+00
1.127633817635270498e+04 5.159408686227827445e+00
1.130096392785571152e+04 5.168711341588715591e+00
1.132558967935871806e+04 5.178011282819516836e+00
1.135021543086172278e+04 5.187308760921228057e+00
1.137484118236472932e+04 5.196604030171030786e+00
1.139946693386773404e+04 5.205897348132587865e+00
1.142409268537074240e+04 5.215188975666354310e+00
1.144871843687374712e+04 5.224479176939860636e+00
1.147334418837675184e+04 5.233768219438021063e+00
1.149796993987975839e+04 5.243056373973395523e+00
1.152259569138276493e+04 5.252343914696535165e+00
1.154722144288577147e+04 5.261631119106251475e+00
1.157184719438877801e+04 5.270918268059875622e+00
1.159647294589178273e+04 5.280205645783633273e+00
1.162109869739478927e+04 5.289493539882878181e+00
1.164572444889779581e+04 5.298782241352411049e+00
1.167035020040080053e+04 5.308072044586768179e+00
1.169497595190380889e+04 5.317363247390519909e+00
1.171960170340681179e+04 5.326656150988565486e+00
1.174422745490981833e+04 5.335951060036433269e+00
1.176885320641282487e+04 5.345248282630579162e+00
1.179347895791583142e+04 5.354548130318651289e+00
1.181810470941883796e+04 5.363850918109827504e+00
1.184273046092184268e+04 5.373156964485096054e+00
1.186735621242484922e+04 5.382466591407530032e+00
1.189198196392785576e+04 5.391780124332626656e+00
1.191660771543086230e+04 5.401097892218540863e+00
1.194123346693386702e+04 5.410420227536455684e+00
1.196585921843687174e+04 5.419747466280810499e+00
1.199048496993987828e+04 5.429079947979635001e+00
1.201511072144288482e+04 5.438418015704836961e+00
1.203973647294589136e+04 5.447762016082492664e+00
1.206436222444889790e+04 5.457112299303148895e+00
1.208898797595190263e+04 5.466469219132100932e+00
1.211361372745490917e+04 5.475833132919721180e+00
1.213823947895791571e+04 5.485204401611719405e+00
1.216286523046092225e+04 5.494583389759467806e+00
1.218749098196392879e+04 5.503970465530271028e+00
1.221211673346693351e+04 5.513366000717685012e+00
1.223674248496993823e+04 5.522770370751789670e+00
1.226136823647294477e+04 5.532183954709503304e+00
1.228599398797595131e+04 5.541607135324871258e+00
1.231061973947895785e+04 5.551040298999354583e+00
1.233524549098196258e+04 5.560483835812137343e+00
1.235987124248496912e+04 5.569938139530423271e+00
1.238449699398797566e+04 5.619052051738639086e+00
1.257317791361617674e+04 5.696168585627669145e+00
1.276185883324437782e+04 5.773285119516700092e+00
1.295053975287257890e+04 5.850401653405730151e+00
1.313922067250077998e+04 5.927518187294761098e+00
1.332790159212898106e+04 6.004634721183791157e+00
1.351658251175718215e+04 6.081751255072822104e+00
1.370526343138538323e+04 6.158867788961852163e+00
1.389394435101358431e+04 6.235984322850883110e+00
1.408262527064178539e+04 6.313100856739913169e+00
1.427130619026998647e+04 6.390217390628944116e+00
1.445998710989818755e+04 6.467333924517974175e+00
1.464866802952639046e+04 6.544450458407006010e+00
1.483734894915459154e+04 6.621566992296036069e+00
1.502602986878279262e+04 6.698683526185067016e+00
1.521471078841099370e+04 6.775800060074097075e+00
1.540339170803919478e+04 6.852916593963128022e+00
1.559207262766739586e+04 6.930033127852158081e+00
1.578075354729559695e+04 7.007149661741189028e+00
1.596943446692379803e+04 7.084266195630219087e+00
1.615811538655199911e+04 7.161382729519250034e+00
1.634679630618020019e+04 7.238499263408280981e+00
1.653547722580840127e+04 7.315615797297311040e+00
1.672415814543660235e+04 7.392732331186341987e+00
1.691283906506480344e+04 7.469848865075372046e+00
1.710151998469300452e+04 7.546965398964402993e+00
1.729020090432120560e+04 7.624081932853433052e+00
1.747888182394940668e+04 7.701198466742463999e+00
1.766756274357760776e+04 7.778315000631494058e+00
1.785624366320580884e+04 7.855431534520525005e+00
1.804492458283400993e+04 7.932548068409555064e+00
1.823360550246221101e+04 8.009664602298586900e+00
1.842228642209041209e+04 8.086781136187616070e+00
1.861096734171861317e+04 8.163897670076647017e+00
1.879964826134681425e+04 8.241014203965677964e+00
1.898832918097501533e+04 8.318130737854708912e+00
1.917701010060321642e+04 8.395247271743739859e+00
1.936569102023141750e+04 8.472363805632769029e+00
1.955437193985961858e+04 8.549480339521799976e+00
1.974305285948781966e+04 8.626596873410830923e+00
1.993173377911602074e+04 8.703713407299861871e+00
2.012041469874422182e+04 8.780829941188892818e+00
2.030909561837242290e+04 8.857946475077921988e+00
2.049777653800062399e+04 8.935063008966952935e+00
2.068645745762882507e+04 9.012179542855983883e+00
2.087513837725702615e+04 9.089296076745014830e+00
2.106381929688522723e+04 9.166412610634044000e+00
2.125250021651342831e+04 9.243529144523074947e+00
2.144118113614163303e+04 9.320645678412107671e+00
2.162986205576983048e+04 9.397762212301136842e+00
2.181854297539803520e+04 9.474878746190167789e+00
2.200722389502623264e+04 9.551995280079196959e+00
2.219590481465443736e+04 9.629111813968229683e+00
2.238458573428263480e+04 9.706228347857258854e+00
2.257326665391083952e+04 9.783344881746289801e+00
2.276194757353903697e+04 9.860461415635318971e+00
2.295062849316724169e+04 9.937577949524351695e+00
2.313930941279543913e+04 1.001469448341338087e+01
2.332799033242364385e+04 1.009181101730241181e+01
2.351667125205184129e+04 1.016892755119144098e+01
2.370535217168004601e+04 1.024604408508047371e+01
2.389403309130824346e+04 1.032316061896950288e+01
2.408271401093644818e+04 1.040027715285853382e+01
2.427139493056464562e+04 1.047739368674756300e+01
2.446007585019285034e+04 1.055451022063659572e+01
2.464875676982104778e+04 1.063162675452562489e+01
2.483743768944925250e+04 1.070874328841465761e+01
2.502611860907744995e+04 1.078585982230368501e+01
2.521479952870565467e+04 1.086297635619271773e+01
2.540348044833385211e+04 1.094009289008174690e+01
2.559216136796205683e+04 1.101720942397077962e+01
2.578084228759025427e+04 1.109432595785980880e+01
2.596952320721845899e+04 1.117144249174883974e+01
2.615820412684665644e+04 1.124855902563786891e+01
2.634688504647486116e+04 1.132567555952690164e+01
2.653556596610305860e+04 1.140279209341593081e+01
2.672424688573126332e+04 1.147990862730496175e+01
2.691292780535946076e+04 1.155702516119399093e+01
2.710160872498766548e+04 1.163414169508302365e+01
2.729028964461586293e+04 1.171125822897205282e+01
2.747897056424406765e+04 1.178837476286108377e+01
2.766765148387226873e+04 1.186549129675011471e+01
2.785633240350046981e+04 1.194260783063914566e+01
2.804501332312867089e+04 1.201972436452817661e+01
2.823369424275687197e+04 1.209684089841720578e+01
2.842237516238507305e+04 1.217395743230623673e+01
2.861105608201327414e+04 1.225107396619526767e+01
2.879973700164147158e+04 1.232819050008429684e+01
2.898841792126967630e+04 1.240530703397332779e+01
2.917709884089787374e+04 1.248242356786235696e+01
2.936577976052607846e+04 1.255954010175138968e+01
2.955446068015427591e+04 1.263665663564041886e+01
2.974314159978248063e+04 1.271377316952944980e+01
2.993182251941067807e+04 1.279088970341847897e+01
3.012050343903888279e+04 1.286800623730751170e+01
3.030918435866708023e+04 1.294512277119654087e+01
3.049786527829528495e+04 1.302223930508557359e+01
3.068654619792348967e+04 1.309935583897460454e+01
3.087522711755168712e+04 1.317647237286363371e+01
3.106390803717989183e+04 1.325358890675266643e+01
3.125258895680808928e+04 1.333070544064169560e+01
3.144126987643629400e+04 1.340782197453072655e+01
3.162995079606449144e+04 1.348493850841975572e+01
3.181863171569269616e+04 1.356205504230878844e+01
3.200731263532089361e+04 1.363917157619781761e+01
3.219599355494909832e+04 1.371628811008684856e+01
3.238467447457729577e+04 1.379340464397587773e+01
3.257335539420550049e+04 1.387052117786491046e+01
3.276203631383369793e+04 1.394763771175393963e+01
3.295071723346190265e+04 1.402475424564297057e+01
3.313939815309010010e+04 1.410187077953199974e+01
3.332807907271830481e+04 1.417898731342103247e+01
3.351675999234650226e+04 1.425610384731006164e+01
3.370544091197470698e+04 1.433322038119909259e+01
3.389412183160290442e+04 1.441033691508812176e+01
3.408280275123110914e+04 1.448745344897715448e+01
3.427148367085930659e+04 1.456456998286618365e+01
3.446016459048751130e+04 1.464168651675521460e+01
3.464884551011570875e+04 1.471880305064424377e+01
3.483752642974391347e+04 1.479591958453327649e+01
3.502620734937211091e+04 1.487303611842230566e+01
3.521488826900031563e+04 1.495015265231133661e+01
3.540356918862851307e+04 1.502726918620036578e+01
3.559225010825671779e+04 1.510438572008939850e+01
3.578093102788491524e+04 1.518150225397842767e+01
3.596961194751311996e+04 1.525861878786746040e+01
3.615829286714131740e+04 1.533573532175648779e+01
3.634697378676952212e+04 1.541285185564552052e+01
3.653565470639771956e+04 1.548996838953454969e+01
3.672433562602592428e+04 1.556708492342358241e+01
3.691301654565412173e+04 1.564420145731261158e+01
3.710169746528232645e+04 1.572131799120164253e+01
3.729037838491052389e+04 1.579843452509067170e+01
3.747905930453872861e+04 1.587555105897970442e+01
3.766774022416692605e+04 1.595266759286873359e+01
3.785642114379513077e+04 1.602978412675776454e+01
3.804510206342332822e+04 1.610690066064679371e+01
3.823378298305153294e+04 1.618401719453582643e+01
3.842246390267973038e+04 1.626113372842485560e+01
3.861114482230793510e+04 1.633825026231388478e+01
3.879982574193613254e+04 1.641536679620291395e+01
3.898850666156433726e+04 1.649248333009194667e+01
3.917718758119253471e+04 1.656959986398097584e+01
3.936586850082073943e+04 1.664671639787000856e+01
3.955454942044893687e+04 1.672383293175903773e+01
3.974323034007714159e+04 1.680094946564807046e+01
3.993191125970533903e+04 1.687806599953709963e+01
4.012059217933354375e+04 1.695518253342613235e+01
4.030927309896174120e+04 1.703229906731516152e+01
4.049795401858994592e+04 1.710941560120419069e+01
4.068663493821814336e+04 1.718653213509321986e+01
4.087531585784634808e+04 1.726364866898225259e+01
4.106399677747454552e+04 1.734076520287128176e+01
4.125267769710275024e+04 1.741788173676031448e+01
4.144135861673094769e+04 1.749499827064934365e+01
4.163003953635915241e+04 1.757211480453837638e+01
4.181872045598734985e+04 1.764923133842740555e+01
4.200740137561555457e+04 1.772634787231643827e+01
4.219608229524375201e+04 1.780346440620546389e+01
4.238476321487195673e+04 1.788058094009449661e+01
4.257344413450015418e+04 1.795769747398352578e+01
4.276212505412835890e+04 1.803481400787255851e+01
4.295080597375656362e+04 1.811193054176159123e+01
4.313948689338476106e+04 1.818904707565062040e+01
4.332816781301296578e+04 1.826616360953965312e+01
4.351684873264116322e+04 1.834328014342868229e+01
4.370552965226936794e+04 1.842039667731771146e+01
4.389421057189756539e+04 1.849751321120674064e+01
4.408289149152577011e+04 1.857462974509577336e+01
4.427157241115396755e+04 1.865174627898480253e+01
4.446025333078217227e+04 1.872886281287383525e+01
4.464893425041036971e+04 1.880597934676286442e+01
4.483761517003857443e+04 1.888309588065189715e+01
4.502629608966677188e+04 1.896021241454092632e+01
4.521497700929496932e+04 1.903732894842995549e+01
4.540365792892317404e+04 1.911444548231898466e+01
4.559233884855137148e+04 1.919156201620801383e+01
4.578101976817957620e+04 1.926867855009704655e+01
4.596970068780777365e+04 1.934579508398607572e+01
4.615838160743597837e+04 1.942291161787510845e+01
4.634706252706417581e+04 1.950002815176413762e+01
4.653574344669238053e+04 1.957714468565317034e+01
4.672442436632057797e+04 1.965426121954219951e+01
4.691310528594878269e+04 1.973137775343122868e+01
4.710178620557698014e+04 1.980849428732025785e+01
4.729046712520518486e+04 1.988561082120929058e+01
4.747914804483338230e+04 1.996272735509831975e+01
4.766782896446158702e+04 2.003984388898735247e+01
4.785650988408978446e+04 2.011696042287638164e+01
4.804519080371798918e+04 2.019407695676541437e+01
4.823387172334618663e+04 2.027119349065444354e+01
4.842255264297439135e+04 2.034831002454347626e+01
4.861123356260259607e+04 2.042542655843250543e+01
4.879991448223079351e+04 2.050254309232153460e+01
4.898859540185899823e+04 2.057965962621056732e+01
4.917727632148719567e+04 2.065677616009959650e+01
4.936595724111540039e+04 2.073389269398862922e+01
4.955463816074359784e+04 2.081100922787765839e+01
4.974331908037180256e+04 2.088812576176669111e+01
4.993200000000000000e+04 2.096524229565572028e+01
