1.226000000000000000e+03 1.177345557743292748e+00
1.248561122244488615e+03 1.177336858521229823e+00
1.271122244488977913e+03 1.177641176724506522e+00
1.293683366733466755e+03 1.178254147045448397e+00
1.316244488977956053e+03 1.179171438787601112e+00
1.338805611222444895e+03 1.180388755740258810e+00
1.361366733466933510e+03 1.181901836053006249e+00
1.383927855711423035e+03 1.183706452110271368e+00
1.406488977955911650e+03 1.185798410405861425e+00
1.429050100200400493e+03 1.188173551417501583e+00
1.451611222444889790e+03 1.190827749481373932e+00
1.474172344689378406e+03 1.193756912666669834e+00
1.496733466933867930e+03 1.196956982650124068e+00
1.519294589178356546e+03 1.200423934590556740e+00
1.541855711422845388e+03 1.204153777003410974e+00
1.564416833667334686e+03 1.208142551635305928e+00
1.586977955911823528e+03 1.212386333338566047e+00
1.609539078156312826e+03 1.216881229945775633e+00
1.632100200400801441e+03 1.221623382144300773e+00
1.654661322645290284e+03 1.226608963350855452e+00
1.677222444889779581e+03 1.231834179586019040e+00
1.699783567134268424e+03 1.237295269348801297e+00
1.722344689378757721e+03 1.242988503491156749e+00
1.744905811623246336e+03 1.248910185092554137e+00
1.767466933867735406e+03 1.255056649334498342e+00
1.790028056112224476e+03 1.261424263375082289e+00
1.812589178356713319e+03 1.268009426223521974e+00
1.835150300601202161e+03 1.274808568614702597e+00
1.857711422845691459e+03 1.281818152883718476e+00
1.880272545090180301e+03 1.289034672840412066e+00
1.902833667334669371e+03 1.296454653643921207e+00
1.925394789579158214e+03 1.304074651677211261e+00
1.947955911823647057e+03 1.311891254421633457e+00
1.970517034068136354e+03 1.319901080331445264e+00
1.993078156312625197e+03 1.328100778708367180e+00
2.015639278557113812e+03 1.336487029576117758e+00
2.038200400801603109e+03 1.345056543554955741e+00
2.060761523046091952e+03 1.353806061736230637e+00
2.083322645290581022e+03 1.362732355556905528e+00
2.105883767535070092e+03 1.371832226674113198e+00
2.128444889779558707e+03 1.381102506839694266e+00
2.151006012024048232e+03 1.390540057774741767e+00
2.173567134268536847e+03 1.400141771044132399e+00
2.196128256513025917e+03 1.409904567931077990e+00
2.218689378757514987e+03 1.419825399311667180e+00
2.241250501002004057e+03 1.429901245529393128e+00
2.263811623246493127e+03 1.440129116269719622e+00
2.286372745490981742e+03 1.450506050434598571e+00
2.308933867735471267e+03 1.461029116017026785e+00
2.331494989979959882e+03 1.471695409975576574e+00
2.354056112224448952e+03 1.482502058108950749e+00
2.376617234468938022e+03 1.493446214930501226e+00
2.399178356713426638e+03 1.504525063542810681e+00
2.421739478957916162e+03 1.515735815512180062e+00
2.444300601202404778e+03 1.527075710743229786e+00
2.466861723446893848e+03 1.538542017353376590e+00
2.489422845691382918e+03 1.550132031547438505e+00
2.511983967935871533e+03 1.561843077492133025e+00
2.534545090180360603e+03 1.573672507190630121e+00
2.557106212424849673e+03 1.585617700357103921e+00
2.579667334669338743e+03 1.597676064291263520e+00
2.602228456913827813e+03 1.609845033752894450e+00
2.624789579158316883e+03 1.622122070836413021e+00
2.647350701402805498e+03 1.634504664845383148e+00
2.669911823647294568e+03 1.646990332167084681e+00
2.692472945891783638e+03 1.659576616147039552e+00
2.715034068136272253e+03 1.672261086963551024e+00
2.737595190380761778e+03 1.685041341502260703e+00
2.760156312625250393e+03 1.697915003230680009e+00
2.782717434869739463e+03 1.710879722072722542e+00
2.805278557114228533e+03 1.723933174283258873e+00
2.827839679358717149e+03 1.737073062322658012e+00
2.850400801603206673e+03 1.750297114731327319e+00
2.872961923847695289e+03 1.763603086004241760e+00
2.895523046092184359e+03 1.776988756465507580e+00
2.918084168336673429e+03 1.790451932142885116e+00
2.940645290581162044e+03 1.803990444642333157e+00
2.963206412825651569e+03 1.817602151022575274e+00
2.985767535070140184e+03 1.831284933669582005e+00
3.008328657314629254e+03 1.845036700171190480e+00
3.030889779559118324e+03 1.858855383191584609e+00
3.053450901803606939e+03 1.872738940345862080e+00
3.076012024048096464e+03 1.886685354074574272e+00
3.098573146292585079e+03 1.900692631518268838e+00
3.121134268537074604e+03 1.914758804392019842e+00
3.143695390781563219e+03 1.928881928859980777e+00
3.166256513026051834e+03 1.943060085409936910e+00
3.188817635270541359e+03 1.957291378727795461e+00
3.211378757515029974e+03 1.971573937572217217e+00
3.233939879759519499e+03 1.985905914649048087e+00
3.256501002004008114e+03 2.000285486485976261e+00
3.279062124248496730e+03 2.014710853306960647e+00
3.301623246492985800e+03 2.029180238906864719e+00
3.324184368737474870e+03 2.043691890525953347e+00
3.346745490981963940e+03 2.058244078724422721e+00
3.369306613226453010e+03 2.072835097256982007e+00
3.391867735470942080e+03 2.087463262947356402e+00
3.414428857715430695e+03 2.102126915562862131e+00
3.436989979959919765e+03 2.116824417688933480e+00
3.459551102204408835e+03 2.131554154603638285e+00
3.482112224448897905e+03 2.146314534152254261e+00
3.504673346693386975e+03 2.161103986621808026e+00
3.527234468937875590e+03 2.175920964615611020e+00
3.549795591182364660e+03 2.190763942927794972e+00
3.572356713426853730e+03 2.205631418417825618e+00
3.594917835671342800e+03 2.220521909885138978e+00
3.617478957915831870e+03 2.235433957943560479e+00
3.640040080160320485e+03 2.250366124895926578e+00
3.662601202404809555e+03 2.265316994608624235e+00
3.685162324649298625e+03 2.280285172386082415e+00
3.707723446893787695e+03 2.295269284845366187e+00
3.730284569138276765e+03 2.310267979790688653e+00
3.752845691382765381e+03 2.325279926087944649e+00
3.775406813627254905e+03 2.340303813539303057e+00
3.797967935871743521e+03 2.355338352757689879e+00
3.820529058116232591e+03 2.370382275041343245e+00
3.843090180360721661e+03 2.385434332248397737e+00
3.865651302605210276e+03 2.400493296671363908e+00
3.888212424849699801e+03 2.415557960911715263e+00
3.910773547094188416e+03 2.430627137754403755e+00
3.933334669338677486e+03 2.445699660042418344e+00
3.955895791583166556e+03 2.460774380551309370e+00
3.978456913827655171e+03 2.475850171863756444e+00
4.001018036072144241e+03 2.490925926244079491e+00
4.023579158316633311e+03 2.506000555512791106e+00
4.046140280561122836e+03 2.521072990921171986e+00
4.068701402805611451e+03 2.536142183025731800e+00
4.091262525050100066e+03 2.551207101562830815e+00
4.113823647294589136e+03 2.566266735323203818e+00
4.136384769539078661e+03 2.581320092026465840e+00
4.158945891783567276e+03 2.596366198195677377e+00
4.181507014028055892e+03 2.611404099031904291e+00
4.204068136272544507e+03 2.626432858288723082e+00
4.226629258517034032e+03 2.641451558146784340e+00
4.249190380761523556e+03 2.656459299088350878e+00
4.271751503006012172e+03 2.671455199771844313e+00
4.294312625250500787e+03 2.686438396906364545e+00
4.316873747494990312e+03 2.701408045126269197e+00
4.339434869739478927e+03 2.716363316865680666e+00
4.361995991983967542e+03 2.731303402233018929e+00
4.384557114228457067e+03 2.746227508885616508e+00
4.407118236472946592e+03 2.761134861904168680e+00
4.429679358717435207e+03 2.776024703667312021e+00
4.452240480961923822e+03 2.790896293726183419e+00
4.474801603206412437e+03 2.805748908678948439e+00
4.497362725450901962e+03 2.820581842045330134e+00
4.519923847695390577e+03 2.835394404141166724e+00
4.542484969939880102e+03 2.850185921952946622e+00
4.565046092184368717e+03 2.864955739012345681e+00
4.587607214428857333e+03 2.879703215270778216e+00
4.610168336673346857e+03 2.894427726973940018e+00
4.632729458917836382e+03 2.909128666536339836e+00
4.655290581162324997e+03 2.923805442415830402e+00
4.677851703406813613e+03 2.938457478988186988e+00
4.700412825651303137e+03 2.953084216421625552e+00
4.722973947895791753e+03 2.967685110551333771e+00
4.745535070140281277e+03 2.982259632754010958e+00
4.768096192384769893e+03 2.996807269822452824e+00
4.790657314629258508e+03 3.011327523840065190e+00
4.813218436873747123e+03 3.025819912055357719e+00
4.835779559118236648e+03 3.040283966756580192e+00
4.858340681362726173e+03 3.054719235146206913e+00
4.880901803607214788e+03 3.069125279215437541e+00
4.903462925851703403e+03 3.083501675618865789e+00
4.926024048096192928e+03 3.097848015548880785e+00
4.948585170340681543e+03 3.112163904610289578e+00
4.971146292585170158e+03 3.126448962694859723e+00
4.993707414829659683e+03 3.140702823855789916e+00
5.016268537074149208e+03 3.154925136182361367e+00
5.038829659318636914e+03 3.169115561674393344e+00
5.061390781563126438e+03 3.183273776116796405e+00
5.083951903807615963e+03 3.197399468954140289e+00
5.106513026052104578e+03 3.211492343165200936e+00
5.129074148296593194e+03 3.225552115137459541e+00
5.151635270541082718e+03 3.239578514541695764e+00
5.174196392785570424e+03 3.253571284206468128e+00
5.196757515030059949e+03 3.267530179992744088e+00
5.219318637274549474e+03 3.281454970668316484e+00
5.241879759519038998e+03 3.295345437782479792e+00
5.264440881763526704e+03 3.309201375540473222e+00
5.287002004008016229e+03 3.323022590678075261e+00
5.309563126252505754e+03 3.336808902336123150e+00
5.332124248496994369e+03 3.350560141935052361e+00
5.354685370741482984e+03 3.364276153049437390e+00
5.377246492985972509e+03 3.377956791282574756e+00
5.399807615230461124e+03 3.391601924140950963e+00
5.422368737474949739e+03 3.405211430908832604e+00
5.444929859719439264e+03 3.418785202522818700e+00
5.467490981963928789e+03 3.432323141446353532e+00
5.490052104208416495e+03 3.445825161544253668e+00
5.512613226452906019e+03 3.459291187957309610e+00
5.535174348697395544e+03 3.472721156976761758e+00
5.557735470941884159e+03 3.486115015918879845e+00
5.580296593186372775e+03 3.499472722999490415e+00
5.602857715430862299e+03 3.512794247208536280e+00
5.625418837675350915e+03 3.526079568184599111e+00
5.647979959919839530e+03 3.539328676089443348e+00
5.670541082164329055e+03 3.552541571482550786e+00
5.693102204408818579e+03 3.565718265195679582e+00
5.715663326653306285e+03 3.578858778207424152e+00
5.738224448897795810e+03 3.591963141517700464e+00
5.760785571142284425e+03 3.605031396022315260e+00
5.783346693386773950e+03 3.618063592387540162e+00
5.805907815631262565e+03 3.631059790924572983e+00
5.828468937875752090e+03 3.644020061464217086e+00
5.851030060120240705e+03 3.656944483231223231e+00
5.873591182364729320e+03 3.669833144719039986e+00
5.896152304609218845e+03 3.682686143564199099e+00
5.918713426853708370e+03 3.695503586420948672e+00
5.941274549098196985e+03 3.708285588835743773e+00
5.963835671342685600e+03 3.721032275121831212e+00
5.986396793587174216e+03 3.733743778233738375e+00
6.008957915831663740e+03 3.746420239641842009e+00
6.031519038076152356e+03 3.759061809206956539e+00
6.054080160320641880e+03 3.771668645054768731e+00
6.076641282565130496e+03 3.784240913450486410e+00
6.099202404809619111e+03 3.796778788673295768e+00
6.121763527054108636e+03 3.809282452890990101e+00
6.144324649298598160e+03 3.821752096034424007e+00
6.166885771543086776e+03 3.834187915672107927e+00
6.189446893787575391e+03 3.846590116884712085e+00
6.212008016032064916e+03 3.858958912139679676e+00
6.234569138276553531e+03 3.871294521165662417e+00
6.257130260521042146e+03 3.883597170827165712e+00
6.279691382765531671e+03 3.895867094999028168e+00
6.302252505010020286e+03 3.908104534440957512e+00
6.324813627254508901e+03 3.920309736672131784e+00
6.347374749498998426e+03 3.932482955845669537e+00
6.369935871743487041e+03 3.944624452623218147e+00
6.392496993987976566e+03 3.956734494049488404e+00
6.415058116232465181e+03 3.968813353426773105e+00
6.437619238476954706e+03 3.980861310189524271e+00
6.460180360721442412e+03 3.992878649778857536e+00
6.482741482965931937e+03 4.004865663517117369e+00
6.505302605210421461e+03 4.016822648482429869e+00
6.527863727454910077e+03 4.028749907383185835e+00
6.550424849699398692e+03 4.040647748432641073e+00
6.572985971943888217e+03 4.052516485223476295e+00
6.595547094188377741e+03 4.064356436602263756e+00
6.618108216432866357e+03 4.076167926544045805e+00
6.640669338677354972e+03 4.087951284026896559e+00
6.663230460921844497e+03 4.099706842906433835e+00
6.685791583166332202e+03 4.111434941790374609e+00
6.708352705410821727e+03 4.123135923913082479e+00
6.730913827655311252e+03 4.134810137010089370e+00
6.753474949899799867e+03 4.146457933192646550e+00
6.776036072144288482e+03 4.158079668822279196e+00
6.798597194388778007e+03 4.169675704385311654e+00
6.821158316633267532e+03 4.181246404367410463e+00
6.843719438877756147e+03 4.192792137128129148e+00
6.866280561122244762e+03 4.204313274775446807e+00
6.888841683366734287e+03 4.215810193040330667e+00
6.911402805611221993e+03 4.227283271151242694e+00
6.933963927855711518e+03 4.238732891708702155e+00
6.956525050100200133e+03 4.250159440559823310e+00
6.979086172344690567e+03 4.261563306672864648e+00
7.001647294589178273e+03 4.272944882011740830e+00
7.024208416833667798e+03 4.284304561410603895e+00
7.046769539078157322e+03 4.295642742448374740e+00
7.069330661322645938e+03 4.306959825323252389e+00
7.091891783567134553e+03 4.318256212727299648e+00
7.114452905811624078e+03 4.329532309720963923e+00
7.137014028056111783e+03 4.340788523607594485e+00
7.159575150300601308e+03 4.352025263808050326e+00
7.182136272545089923e+03 4.363242941735163249e+00
7.204697394789578539e+03 4.374441970668328850e+00
7.227258517034068063e+03 4.385622765628045983e+00
7.249819639278557588e+03 4.396785743250450906e+00
7.272380761523047113e+03 4.407931321661839874e+00
7.294941883767535728e+03 4.419059920353229032e+00
7.317503006012024343e+03 4.430171960054880564e+00
7.340064128256513868e+03 4.441267862610909667e+00
7.362625250501002483e+03 4.452348050853716543e+00
7.385186372745491099e+03 4.463412948478640452e+00
7.407747494989979714e+03 4.474462979918357064e+00
7.430308617234468329e+03 4.485498570217615111e+00
7.452869739478957854e+03 4.496520144907609762e+00
7.475430861723447379e+03 4.507528129880585155e+00
7.497991983967936903e+03 4.518522951264390741e+00
7.520553106212426428e+03 4.529505035297045623e+00
7.543114228456914134e+03 4.540474808201155454e+00
7.565675350701403659e+03 4.551432696058626881e+00
7.588236472945892274e+03 4.562379124685080001e+00
7.610797595190380889e+03 4.573314519504443787e+00
7.633358717434870414e+03 4.584239305423480459e+00
7.655919839679358120e+03 4.595153906706366698e+00
7.678480961923847644e+03 4.606058746849152286e+00
7.701042084168337169e+03 4.616954248454407939e+00
7.723603206412825784e+03 4.627840833105668850e+00
7.746164328657316219e+03 4.638718921242027449e+00
7.768725450901803924e+03 4.649588932032676425e+00
7.791286573146293449e+03 4.660451283251425991e+00
7.813847695390781155e+03 4.671306391151263782e+00
7.836408817635270680e+03 4.682154670338931624e+00
7.858969939879760204e+03 4.692996533649345992e+00
7.881531062124247910e+03 4.703832392020299125e+00
7.904092184368737435e+03 4.714662654366881256e+00
7.926653306613226960e+03 4.725487727456060938e+00
7.949214428857716484e+03 4.736308015781231617e+00
7.971775551102206009e+03 4.747123921436791960e+00
7.994336673346693715e+03 4.757935843992591174e+00
8.016897795591183240e+03 4.768744180368545749e+00
8.039458917835672764e+03 4.779549324709167379e+00
8.062020040080160470e+03 4.790351668258093554e+00
8.084581162324649995e+03 4.801151599232623468e+00
8.107142284569137701e+03 4.811949502698274372e+00
8.129703406813627225e+03 4.822745760443347685e+00
8.152264529058116750e+03 4.833540750853364543e+00
8.174825651302606275e+03 4.844334848785746495e+00
8.197386773547093981e+03 4.855128425444318552e+00
8.219947895791583505e+03 4.865921848253748294e+00
8.242509018036073030e+03 4.876715480734212349e+00
8.265070140280562555e+03 4.887509682375906550e+00
8.287631262525050261e+03 4.898304808513502806e+00
8.310192384769539785e+03 4.909101210200836007e+00
8.332753507014027491e+03 4.919899234085324480e+00
8.355314629258517016e+03 4.930699222282590277e+00
8.377875751503006541e+03 4.941501512250915162e+00
8.400436873747496065e+03 4.952306436665901757e+00
8.422997995991983771e+03 4.963114323294911756e+00
8.445559118236473296e+03 4.973925494871584974e+00
8.468120240480962821e+03 4.984740268970544896e+00
8.490681362725452345e+03 4.995558957881756079e+00
8.513242484969940051e+03 5.006381868485210163e+00
8.535803607214429576e+03 5.017209302125309023e+00
8.558364729458917282e+03 5.028041554485614739e+00
8.580925851703406806e+03 5.038878915463138597e+00
8.603486973947896331e+03 5.049721669043139016e+00
8.626048096192385856e+03 5.060570093173465622e+00
8.648609218436873562e+03 5.071424459639224835e+00
8.671170340681363086e+03 5.082285033937260721e+00
8.693731462925852611e+03 5.093152075150666924e+00
8.716292585170342136e+03 5.104025835823460255e+00
8.738853707414829842e+03 5.114906561834946963e+00
8.761414829659319366e+03 5.125794492274380332e+00
8.783975951903807072e+03 5.136689859315494822e+00
8.806537074148296597e+03 5.147592888091005570e+00
8.829098196392786122e+03 5.158503796567165622e+00
8.851659318637275646e+03 5.169422795418336491e+00
8.874220440881763352e+03 5.180350087901447687e+00
8.896781563126252877e+03 5.191285869730659641e+00
8.919342685370742402e+03 5.202230328951785943e+00
8.941903807615231926e+03 5.213183645816938494e+00
8.964464929859719632e+03 5.224145992659016358e+00
8.987026052104209157e+03 5.235117533766221243e+00
9.009587174348696863e+03 5.246098425256626285e+00
9.032148296593186387e+03 5.257088814952730615e+00
9.054709418837675912e+03 5.268088842256035242e+00
9.077270541082165437e+03 5.279098638021479495e+00
9.099831663326653143e+03 5.290118324432039110e+00
9.122392785571140848e+03 5.301148014873343861e+00
9.144953907815632192e+03 5.312187813808058934e+00
9.167515030060119898e+03 5.323237816650545184e+00
9.190076152304609423e+03 5.334298109641435026e+00
9.212637274549098947e+03 5.345368769721996927e+00
9.235198396793586653e+03 5.356449864408847183e+00
9.257759519038076178e+03 5.367541451668458308e+00
9.280320641282563884e+03 5.378643579791669183e+00
9.302881763527053408e+03 5.389756287268138379e+00
9.325442885771542933e+03 5.400879602661087020e+00
9.348004008016032458e+03 5.412013544481713900e+00
9.370565130260521983e+03 5.423158121063737624e+00
9.393126252505011507e+03 5.434313330437964495e+00
9.415687374749499213e+03 5.445479160206773805e+00
9.438248496993986919e+03 5.456655587418782538e+00
9.460809619238476444e+03 5.467842578443313784e+00
9.483370741482965968e+03 5.479040088844853607e+00
9.505931863727455493e+03 5.490248063257714861e+00
9.528492985971943199e+03 5.501466435260656596e+00
9.551054108216432724e+03 5.512695127251078908e+00
9.573615230460922248e+03 5.523934050319967426e+00
9.596176352705409954e+03 5.535183104126234710e+00
9.618737474949899479e+03 5.546442176771254395e+00
9.641298597194389004e+03 5.557711144673420200e+00
9.663859719438878528e+03 5.568989872442763556e+00
9.686420841683368053e+03 5.580278212755424683e+00
9.708981963927855759e+03 5.591576006228178741e+00
9.731543086172343465e+03 5.602883081292990397e+00
9.754104208416832989e+03 5.614199254071586154e+00
9.776665330661322514e+03 5.625524328249978723e+00
9.799226452905812039e+03 5.636858094953057119e+00
9.821787575150301564e+03 5.648200332619005337e+00
9.844348697394791088e+03 5.659550806873950179e+00
9.866909819639278794e+03 5.670909270406458091e+00
9.889470941883768319e+03 5.682275462842119040e+00
9.912032064128256025e+03 5.693649110618041576e+00
9.934593186372745549e+03 5.705029926857391409e+00
9.957154308617235074e+03 5.716417611243947761e+00
9.979715430861722780e+03 5.727811849896736973e+00
1.000227655310621230e+04 5.739212315244389906e+00
1.002483767535070183e+04 5.750618665899796866e+00
1.004739879759518954e+04 5.762030546534667508e+00
1.006995991983967906e+04 5.773447587753990362e+00
1.009252104208416858e+04 5.784869405970654022e+00
1.011508216432865811e+04 5.796295603280012365e+00
1.013764328657314763e+04 5.807725767334215305e+00
1.016020440881763534e+04 5.819159471217069779e+00
1.018276553106212305e+04 5.830596273318279898e+00
1.020532665330661257e+04 5.842035717208239554e+00
1.022788777555110210e+04 5.853477331512419113e+00
1.025044889779559162e+04 5.864920629785867590e+00
1.027301002004008114e+04 5.876365110387988366e+00
1.029557114228456885e+04 5.887810256356790006e+00
1.031813226452905838e+04 5.899255535283650431e+00
1.034069338677354790e+04 5.910700399187687637e+00
1.036325450901803561e+04 5.922144284390475022e+00
1.038581563126252513e+04 5.933586611390410326e+00
1.040837675350701466e+04 5.945026784737456715e+00
1.043093787575150236e+04 5.956464192907423794e+00
1.045349899799599189e+04 5.967898208176750430e+00
1.047606012024048141e+04 5.979328186496920772e+00
1.049862124248496912e+04 5.990753467369016150e+00
1.052118236472945864e+04 6.002173373718328264e+00
1.054374348697394817e+04 6.013587211768793850e+00
1.056630460921843769e+04 6.024994270917578554e+00
1.058886573146292722e+04 6.036393823609718545e+00
1.061142685370741492e+04 6.047785125212474355e+00
1.063398797595190263e+04 6.059167413890020448e+00
1.065654909819639215e+04 6.070539910477947387e+00
1.067911022044088168e+04 6.081901818357714262e+00
1.070167134268537120e+04 6.093252323331361353e+00
1.072423246492986073e+04 6.104590593495909268e+00
1.074679358717434843e+04 6.115915779118004991e+00
1.076935470941883978e+04 6.127227012508313919e+00
1.079191583166332748e+04 6.138523407896265383e+00
1.081447695390781519e+04 6.149804061304356750e+00
1.083703807615230471e+04 6.161068050422960241e+00
1.085959919839679424e+04 6.172314434484663437e+00
1.088216032064128376e+04 6.183542254138863825e+00
1.090472144288577147e+04 6.194750531326299381e+00
1.092728256513025917e+04 6.205938269153694620e+00
1.094984368737474870e+04 6.217104451768168616e+00
1.097240480961923822e+04 6.228248044231841085e+00
1.099496593186372775e+04 6.239367992396337215e+00
1.101752705410821727e+04 6.250463222777307593e+00
1.104008817635270680e+04 6.261532642429161299e+00
1.106264929859719450e+04 6.272575138819306062e+00
1.108521042084168221e+04 6.283589579702973715e+00
1.110777154308617173e+04 6.294574812997539404e+00
1.113033266533066126e+04 6.305529666657151644e+00
1.115289378757515078e+04 6.316452948547388146e+00
1.117545490981964031e+04 6.327343446319529718e+00
1.119801603206412983e+04 6.338199927285403490e+00
1.122057715430861754e+04 6.349021138291714550e+00
1.124313827655310706e+04 6.359805805594620054e+00
1.126569939879759477e+04 6.370552634734380604e+00
1.128826052104208429e+04 6.381260310409807346e+00
1.131082164328657382e+04 6.391927496352726834e+00
1.133338276553106334e+04 6.402552835202752313e+00
1.135594388777555105e+04 6.413134948381589595e+00
1.137850501002003875e+04 6.423672435967765715e+00
1.140106613226452828e+04 6.434163876571014740e+00
1.142362725450901780e+04 6.444607827206917605e+00
1.144618837675350733e+04 6.455002823171381188e+00
1.146874949899799685e+04 6.465347377915288796e+00
1.149131062124248638e+04 6.475639982918869109e+00
1.151387174348697408e+04 6.485879107566437263e+00
1.153643286573146361e+04 6.496063199020749579e+00
1.155899398797595131e+04 6.506190682097651390e+00
1.158155511022044084e+04 6.516259959140627167e+00
1.160411623246493036e+04 6.526269409895278706e+00
1.162667735470941807e+04 6.536217391383916997e+00
1.164923847695390941e+04 6.546102237780086597e+00
1.167179959919839712e+04 6.555922260283089997e+00
1.169436072144288482e+04 6.565675746992551964e+00
1.171692184368737435e+04 6.575360962782973218e+00
1.173948296593186387e+04 6.584976149178203286e+00
1.176204408817635340e+04 6.594519524226118534e+00
1.178460521042084292e+04 6.603989282372976888e+00
1.180716633266533063e+04 6.613383594338148264e+00
1.182972745490981833e+04 6.622700606988505712e+00
1.185228857715430786e+04 6.631938443213080348e+00
1.187484969939879738e+04 6.641095201797460490e+00
1.189741082164328691e+04 6.650168957298587813e+00
1.191997194388777643e+04 6.659157759918967301e+00
1.194253306613226596e+04 6.668059635381521133e+00
1.196509418837675548e+04 6.676872584803815514e+00
1.198765531062124319e+04 6.685594584572928767e+00
1.201021643286573089e+04 6.694223586219735900e+00
1.203277755511022042e+04 6.702757516293596396e+00
1.205533867735470994e+04 6.711194276236861711e+00
1.207789979959919947e+04 6.719531742259471585e+00
1.210046092184368717e+04 6.727767765213193307e+00
1.212302204408817670e+04 6.735900170466633696e+00
1.214558316633266440e+04 6.743926757779449943e+00
1.216814428857715393e+04 6.751845301177031189e+00
1.219070541082164345e+04 6.759653548824914537e+00
1.221326653306613298e+04 6.767349222903537687e+00
1.223582765531062250e+04 6.774930019482527044e+00
1.225838877755511021e+04 6.782393608395465456e+00
1.228094989979959792e+04 6.789737633114161675e+00
1.230351102204408744e+04 6.796959710623568185e+00
1.232607214428857696e+04 6.804057431296012481e+00
1.234863326653306649e+04 6.811028358765877755e+00
1.237119438877755601e+04 6.817870029804067755e+00
1.239375551102204554e+04 6.891863716883745994e+00
1.258241000594153229e+04 6.983259295164430114e+00
1.277106450086102086e+04 7.074654873445115122e+00
1.295971899578050761e+04 7.166050451725799242e+00
1.314837349069999436e+04 7.257446030006483362e+00
1.333702798561948111e+04 7.348841608287167482e+00
1.352568248053896968e+04 7.440237186567853378e+00
1.371433697545845644e+04 7.531632764848537498e+00
1.390299147037794319e+04 7.623028343129221618e+00
1.409164596529742994e+04 7.714423921409905738e+00
1.428030046021691851e+04 7.805819499690590746e+00
1.446895495513640526e+04 7.897215077971274866e+00
1.465760945005589201e+04 7.988610656251959874e+00
1.484626394497538058e+04 8.080006234532644882e+00
1.503491843989486733e+04 8.171401812813329002e+00
1.522357293481435408e+04 8.262797391094013122e+00
1.541222742973384084e+04 8.354192969374697242e+00
1.560088192465332759e+04 8.445588547655381362e+00
1.578953641957281616e+04 8.536984125936065482e+00
1.597819091449230291e+04 8.628379704216751378e+00
1.616684540941178966e+04 8.719775282497435498e+00
1.635549990433127823e+04 8.811170860778119618e+00
1.654415439925076498e+04 8.902566439058805514e+00
1.673280889417025173e+04 8.993962017339489634e+00
1.692146338908973848e+04 9.085357595620173754e+00
1.711011788400922524e+04 9.176753173900857874e+00
1.729877237892871199e+04 9.268148752181541994e+00
1.748742687384819874e+04 9.359544330462226114e+00
1.767608136876768913e+04 9.450939908742912010e+00
1.786473586368717588e+04 9.542335487023596130e+00
1.805339035860666263e+04 9.633731065304280250e+00
1.824204485352614938e+04 9.725126643584964370e+00
1.843069934844563613e+04 9.816522221865648490e+00
1.861935384336512652e+04 9.907917800146334386e+00
1.880800833828461327e+04 9.999313378427018506e+00
1.899666283320410002e+04 1.009070895670770440e+01
1.918531732812358678e+04 1.018210453498838852e+01
1.937397182304307353e+04 1.027350011326907264e+01
1.956262631796256028e+04 1.036489569154975676e+01
1.975128081288204703e+04 1.045629126983044088e+01
1.993993530780153378e+04 1.054768684811112500e+01
2.012858980272102053e+04 1.063908242639180912e+01
2.031724429764050728e+04 1.073047800467249324e+01
2.050589879255999767e+04 1.082187358295317914e+01
2.069455328747948442e+04 1.091326916123386326e+01
2.088320778239897118e+04 1.100466473951454738e+01
2.107186227731845793e+04 1.109606031779523150e+01
2.126051677223794468e+04 1.118745589607591562e+01
2.144917126715743507e+04 1.127885147435660151e+01
2.163782576207692182e+04 1.137024705263728741e+01
2.182648025699640857e+04 1.146164263091797153e+01
2.201513475191589532e+04 1.155303820919865565e+01
2.220378924683538207e+04 1.164443378747933977e+01
2.239244374175486882e+04 1.173582936576002389e+01
2.258109823667435558e+04 1.182722494404070801e+01
2.276975273159384233e+04 1.191862052232139213e+01
2.295840722651332908e+04 1.201001610060207625e+01
2.314706172143281583e+04 1.210141167888276037e+01
2.333571621635230258e+04 1.219280725716344449e+01
2.352437071127179297e+04 1.228420283544413039e+01
2.371302520619127972e+04 1.237559841372481451e+01
2.390167970111076647e+04 1.246699399200549863e+01
2.409033419603025322e+04 1.255838957028618452e+01
2.427898869094974361e+04 1.264978514856687042e+01
2.446764318586923036e+04 1.274118072684755454e+01
2.465629768078871712e+04 1.283257630512823866e+01
2.484495217570820387e+04 1.292397188340892278e+01
2.503360667062769062e+04 1.301536746168960690e+01
2.522226116554717737e+04 1.310676303997029102e+01
2.541091566046666412e+04 1.319815861825097514e+01
2.559957015538615087e+04 1.328955419653165926e+01
2.578822465030563762e+04 1.338094977481234338e+01
2.597687914522512438e+04 1.347234535309302750e+01
2.616553364014461113e+04 1.356374093137371162e+01
2.635418813506410152e+04 1.365513650965439751e+01
2.654284262998358827e+04 1.374653208793508341e+01
2.673149712490307502e+04 1.383792766621576753e+01
2.692015161982256177e+04 1.392932324449645165e+01
2.710880611474205216e+04 1.402071882277713755e+01
2.729746060966153891e+04 1.411211440105782167e+01
2.748611510458102566e+04 1.420350997933850579e+01
2.767476959950051241e+04 1.429490555761918991e+01
2.786342409441999916e+04 1.438630113589987403e+01
2.805207858933948592e+04 1.447769671418055815e+01
2.824073308425897267e+04 1.456909229246124227e+01
2.842938757917845942e+04 1.466048787074192639e+01
2.861804207409794617e+04 1.475188344902261051e+01
2.880669656901743656e+04 1.484327902730329640e+01
2.899535106393692331e+04 1.493467460558398230e+01
2.918400555885641006e+04 1.502607018386466642e+01
2.937266005377589681e+04 1.511746576214535054e+01
2.956131454869538356e+04 1.520886134042603466e+01
2.974996904361487032e+04 1.530025691870671878e+01
2.993862353853435707e+04 1.539165249698740290e+01
3.012727803345384382e+04 1.548304807526808702e+01
3.031593252837333421e+04 1.557444365354877291e+01
3.050458702329282096e+04 1.566583923182945703e+01
3.069324151821230771e+04 1.575723481011014115e+01
3.088189601313179446e+04 1.584863038839082527e+01
3.107055050805128121e+04 1.594002596667150939e+01
3.125920500297076796e+04 1.603142154495219174e+01
3.144785949789025472e+04 1.612281712323287763e+01
3.163651399280974510e+04 1.621421270151356353e+01
3.182516848772923186e+04 1.630560827979424943e+01
3.201382298264871861e+04 1.639700385807493177e+01
3.220247747756820536e+04 1.648839943635561767e+01
3.239113197248769211e+04 1.657979501463630001e+01
3.257978646740717886e+04 1.667119059291698591e+01
3.276844096232666925e+04 1.676258617119767180e+01
3.295709545724614873e+04 1.685398174947835059e+01
3.314574995216564275e+04 1.694537732775904004e+01
3.333440444708512950e+04 1.703677290603972239e+01
3.352305894200461626e+04 1.712816848432040828e+01
3.371171343692410301e+04 1.721956406260109063e+01
3.390036793184358976e+04 1.731095964088177652e+01
3.408902242676307651e+04 1.740235521916245887e+01
3.427767692168256326e+04 1.749375079744314476e+01
3.446633141660205729e+04 1.758514637572383066e+01
3.465498591152153676e+04 1.767654195400451300e+01
3.484364040644103079e+04 1.776793753228519890e+01
3.503229490136051027e+04 1.785933311056588124e+01
3.522094939628000429e+04 1.795072868884657069e+01
3.540960389119948377e+04 1.804212426712724948e+01
3.559825838611897780e+04 1.813351984540793893e+01
3.578691288103845727e+04 1.822491542368861772e+01
3.597556737595795130e+04 1.831631100196930717e+01
3.616422187087743805e+04 1.840770658024998951e+01
3.635287636579692480e+04 1.849910215853067541e+01
3.654153086071641155e+04 1.859049773681135775e+01
3.673018535563589830e+04 1.868189331509204365e+01
3.691883985055538506e+04 1.877328889337272599e+01
3.710749434547487181e+04 1.886468447165341189e+01
3.729614884039436583e+04 1.895608004993409779e+01
3.748480333531384531e+04 1.904747562821478013e+01
3.767345783023333934e+04 1.913887120649546958e+01
3.786211232515281881e+04 1.923026678477614837e+01
3.805076682007231284e+04 1.932166236305683782e+01
3.823942131499179231e+04 1.941305794133751661e+01
3.842807580991128634e+04 1.950445351961820606e+01
3.861673030483076582e+04 1.959584909789888485e+01
3.880538479975025984e+04 1.968724467617957430e+01
3.899403929466974660e+04 1.977864025446025664e+01
3.918269378958923335e+04 1.987003583274094254e+01
3.937134828450872010e+04 1.996143141102162488e+01
3.956000277942820685e+04 2.005282698930231078e+01
3.974865727434769360e+04 2.014422256758299312e+01
3.993731176926718035e+04 2.023561814586367902e+01
4.012596626418667438e+04 2.032701372414436847e+01
4.031462075910615386e+04 2.041840930242504726e+01
4.050327525402564788e+04 2.050980488070573671e+01
4.069192974894512736e+04 2.060120045898641550e+01
4.088058424386462139e+04 2.069259603726710495e+01
4.106923873878410086e+04 2.078399161554778374e+01
4.125789323370359489e+04 2.087538719382847319e+01
4.144654772862307436e+04 2.096678277210915198e+01
4.163520222354256839e+04 2.105817835038984143e+01
4.182385671846205514e+04 2.114957392867052377e+01
4.201251121338154189e+04 2.124096950695120967e+01
4.220116570830102864e+04 2.133236508523189201e+01
4.238982020322051540e+04 2.142376066351257791e+01
4.257847469814000215e+04 2.151515624179326380e+01
4.276712919305948890e+04 2.160655182007394615e+01
4.295578368797898293e+04 2.169794739835463560e+01
4.314443818289846240e+04 2.178934297663531439e+01
4.333309267781795643e+04 2.188073855491600384e+01
4.352174717273743590e+04 2.197213413319668263e+01
4.371040166765692993e+04 2.206352971147737208e+01
4.389905616257640941e+04 2.215492528975805087e+01
4.408771065749590343e+04 2.224632086803874031e+01
4.427636515241538291e+04 2.233771644631941911e+01
4.446501964733487694e+04 2.242911202460010855e+01
4.465367414225436369e+04 2.252050760288079090e+01
4.484232863717385044e+04 2.261190318116147679e+01
4.503098313209333719e+04 2.270329875944216269e+01
4.521963762701282394e+04 2.279469433772284503e+01
4.540829212193231797e+04 2.288608991600353448e+01
4.559694661685179744e+04 2.297748549428421327e+01
4.578560111177129147e+04 2.306888107256490272e+01
4.597425560669077095e+04 2.316027665084558151e+01
4.616291010161026497e+04 2.325167222912627096e+01
4.635156459652974445e+04 2.334306780740694975e+01
4.654021909144923848e+04 2.343446338568763920e+01
4.672887358636871795e+04 2.352585896396831799e+01
4.691752808128821198e+04 2.361725454224900744e+01
4.710618257620769145e+04 2.370865012052968623e+01
4.729483707112718548e+04 2.380004569881037568e+01
4.748349156604666496e+04 2.389144127709105803e+01
4.767214606096615898e+04 2.398283685537174392e+01
4.786080055588563846e+04 2.407423243365242627e+01
4.804945505080513249e+04 2.416562801193311216e+01
4.823810954572462651e+04 2.425702359021380161e+01
4.842676404064410599e+04 2.434841916849448040e+01
4.861541853556360002e+04 2.443981474677516985e+01
4.880407303048307949e+04 2.453121032505584864e+01
4.899272752540257352e+04 2.462260590333653809e+01
4.918138202032205299e+04 2.471400148161721688e+01
4.937003651524154702e+04 2.480539705989790633e+01
4.955869101016102650e+04 2.489679263817858512e+01
4.974734550508052052e+04 2.498818821645927457e+01
4.993600000000000000e+04 2.507958379473995691e+01
