2.553000000000000000e+03 9.091080459661970536e+00
2.572989979959919765e+03 9.130903839549299406e+00
2.592979959919839530e+03 9.170488950017805507e+00
2.612969939879759295e+03 9.209836602927705229e+00
2.632959919839679060e+03 9.248947614078332435e+00
2.652949899799599280e+03 9.287822803170692865e+00
2.672939879759518590e+03 9.326462993770002541e+00
2.692929859719438809e+03 9.364869013268256381e+00
2.712919839679358574e+03 9.403041692846770161e+00
2.732909819639278339e+03 9.440981867438733133e+00
2.752899799599198559e+03 9.478690375691762426e+00
2.772889779559118324e+03 9.516168059930450340e+00
2.792879759519038089e+03 9.553415766118924068e+00
2.812869739478957854e+03 9.590434343823387664e+00
2.832859719438877619e+03 9.627224646174681766e+00
2.852849699398797384e+03 9.663787529830830891e+00
2.872839679358717149e+03 9.700123854939594281e+00
2.892829659318637368e+03 9.736234485101025626e+00
2.912819639278556679e+03 9.772120287330011479e+00
2.932809619238476898e+03 9.807782132018834531e+00
2.952799599198397118e+03 9.843220892899724461e+00
2.972789579158316428e+03 9.878437447007398120e+00
2.992779559118236193e+03 9.913432674641629916e+00
3.012769539078156413e+03 9.948207459329783120e+00
3.032759519038075723e+03 9.982762687789378475e+00
3.052749498997995943e+03 1.001709924989064149e+01
3.072739478957915708e+03 1.005121803861904084e+01
3.092729458917835473e+03 1.008511995003786232e+01
3.112719438877755238e+03 1.011880588325074548e+01
3.132709418837675003e+03 1.015227674036423799e+01
3.152699398797595222e+03 1.018553342645035187e+01
3.172689378757514532e+03 1.021857684950911072e+01
3.192679358717434752e+03 1.025140792043109883e+01
3.212669338677354062e+03 1.028402755296002624e+01
3.232659318637274282e+03 1.031643666365526357e+01
3.252649298597194502e+03 1.034863617185440177e+01
3.272639278557114267e+03 1.038062699963580826e+01
3.292629258517034032e+03 1.041241007178116718e+01
3.312619238476953797e+03 1.044398631573804792e+01
3.332609218436873562e+03 1.047535666158243473e+01
3.352599198396793327e+03 1.050652204198130057e+01
3.372589178356713091e+03 1.053748339215514207e+01
3.392579158316633311e+03 1.056824164984054271e+01
3.412569138276552621e+03 1.059879775525271839e+01
3.432559118236472841e+03 1.062915265104806650e+01
3.452549098196392606e+03 1.065930728228672919e+01
3.472539078156312371e+03 1.068926259639513177e+01
3.492529058116232136e+03 1.071901954312854599e+01
3.512519038076152356e+03 1.074857907453363026e+01
3.532509018036072121e+03 1.077794214491099112e+01
3.552498997995991886e+03 1.080710971077773408e+01
3.572488977955911650e+03 1.083608273083000029e+01
3.592478957915831415e+03 1.086486216590554754e+01
3.612468937875751180e+03 1.089344897894627096e+01
3.632458917835671400e+03 1.092184413496077866e+01
3.652448897795591165e+03 1.095004860098692490e+01
3.672438877755510930e+03 1.097806334605438039e+01
3.692428857715430695e+03 1.100588934114716366e+01
3.712418837675350915e+03 1.103352755916621142e+01
3.732408817635270225e+03 1.106097897489191695e+01
3.752398797595190445e+03 1.108824456494668986e+01
3.772388777555110210e+03 1.111532530775750516e+01
3.792378757515029974e+03 1.114222218351845584e+01
3.812368737474949739e+03 1.116893617415329665e+01
3.832358717434869504e+03 1.119546826327801625e+01
3.852348697394789269e+03 1.122181943616336142e+01
3.872338677354709034e+03 1.124799067969741095e+01
3.892328657314629254e+03 1.127398298234811946e+01
3.912318637274549474e+03 1.129979733412586640e+01
3.932308617234468784e+03 1.132543472654601047e+01
3.952298597194389004e+03 1.135089615259144580e+01
3.972288577154308314e+03 1.137618260667514036e+01
3.992278557114228079e+03 1.140129508460270635e+01
4.012268537074148298e+03 1.142623458353493504e+01
4.032258517034068063e+03 1.145100210195036183e+01
4.052248496993987828e+03 1.147559863960780646e+01
4.072238476953907593e+03 1.150002519750893271e+01
4.092228456913827813e+03 1.152428277786079924e+01
4.112218436873747123e+03 1.154837238403840161e+01
4.132208416833667798e+03 1.157229502054724435e+01
4.152198396793586653e+03 1.159605169298587235e+01
4.172188376753507328e+03 1.161964340800842876e+01
4.192178356713426183e+03 1.164307117328721830e+01
4.212168336673346857e+03 1.166633599747524030e+01
4.232158316633265713e+03 1.168943889016875204e+01
4.252148296593186387e+03 1.171238086186982130e+01
4.272138276553106152e+03 1.173516292394886840e+01
4.292128256513025917e+03 1.175778608860723118e+01
4.312118236472945682e+03 1.178025136883970525e+01
4.332108216432865447e+03 1.180255977839710013e+01
4.352098196392785212e+03 1.182471233174879544e+01
4.372088176352704977e+03 1.184671004404528460e+01
4.392078156312625651e+03 1.186855393108073287e+01
4.412068136272544507e+03 1.189024500925552452e+01
4.432058116232465181e+03 1.191178429553881557e+01
4.452048096192384037e+03 1.193317280743109166e+01
4.472038076152304711e+03 1.195441156292671181e+01
4.492028056112223567e+03 1.197550158047646107e+01
4.512018036072144241e+03 1.199644387895010667e+01
4.532008016032064006e+03 1.201723947759894706e+01
4.551997995991983771e+03 1.203788939601836461e+01
4.571987975951903536e+03 1.205839465411037281e+01
4.591977955911823301e+03 1.207875627204618141e+01
4.611967935871743066e+03 1.209897527022872765e+01
4.631957915831662831e+03 1.211905266925524671e+01
4.651947895791583505e+03 1.213898948987981186e+01
4.671937875751503270e+03 1.215878675297589240e+01
4.691927855711423035e+03 1.217844547949889744e+01
4.711917835671342800e+03 1.219796669044874449e+01
4.731907815631262565e+03 1.221735140683238896e+01
4.751897795591182330e+03 1.223660064962639638e+01
4.771887775551102095e+03 1.225571543973947541e+01
4.791877755511022769e+03 1.227469679797504476e+01
4.811867735470941625e+03 1.229354574499377861e+01
4.831857715430862299e+03 1.231226330127615753e+01
4.851847695390781155e+03 1.233085048708502285e+01
4.871837675350700920e+03 1.234930832242812571e+01
4.891827655310620685e+03 1.236763782702068326e+01
4.911817635270541359e+03 1.238584002024792419e+01
4.931807615230461124e+03 1.240391592112764130e+01
4.951797595190380889e+03 1.242186654827275305e+01
4.971787575150299745e+03 1.243969291985384196e+01
4.991777555110220419e+03 1.245739605356171253e+01
5.011767535070140184e+03 1.247497696656994570e+01
5.031757515030059949e+03 1.249243667549744430e+01
5.051747494989980623e+03 1.250977619637099281e+01
5.071737474949899479e+03 1.252699654458779754e+01
5.091727454909820153e+03 1.254409873487805172e+01
5.111717434869739009e+03 1.256108378126747382e+01
5.131707414829659683e+03 1.257795269703987628e+01
5.151697394789578539e+03 1.259470649469969317e+01
5.171687374749499213e+03 1.261134618593456302e+01
5.191677354709418069e+03 1.262787278157784776e+01
5.211667334669338743e+03 1.264428729157121012e+01
5.231657314629257598e+03 1.266059072492714677e+01
5.251647294589178273e+03 1.267678408969156223e+01
5.271637274549098038e+03 1.269286839290629310e+01
5.291627254509017803e+03 1.270884464057168017e+01
5.311617234468938477e+03 1.272471383760911401e+01
5.331607214428857333e+03 1.274047698782358573e+01
5.351597194388777098e+03 1.275613509386623967e+01
5.371587174348696863e+03 1.277168915719692421e+01
5.391577154308617537e+03 1.278714017804674619e+01
5.411567134268536392e+03 1.280248915538061638e+01
5.431557114228457067e+03 1.281773708685981106e+01
5.451547094188375922e+03 1.283288496880451746e+01
5.471537074148296597e+03 1.284793379615637932e+01
5.491527054108215452e+03 1.286288456244106726e+01
5.511517034068136127e+03 1.287773825973080832e+01
5.531507014028055892e+03 1.289249587860695456e+01
5.551496993987975657e+03 1.290715840812252502e+01
5.571486973947895422e+03 1.292172683576476544e+01
5.591476953907815187e+03 1.293620214741768848e+01
5.611466933867734951e+03 1.295058532732464229e+01
5.631456913827654716e+03 1.296487735805084185e+01
5.651446893787575391e+03 1.297907922044593931e+01
5.671436873747495156e+03 1.299319189360656424e+01
5.691426853707414921e+03 1.300721635483887795e+01
5.711416833667334686e+03 1.302115357962113151e+01
5.731406813627254451e+03 1.303500454156620592e+01
5.751396793587174216e+03 1.304877021238417178e+01
5.771386773547093981e+03 1.306245156184484202e+01
5.791376753507014655e+03 1.307604955774031907e+01
5.811366733466933510e+03 1.308956516584754937e+01
5.831356713426854185e+03 1.310299934989087234e+01
5.851346693386773040e+03 1.311635307150457663e+01
5.871336673346693715e+03 1.312962729019544383e+01
5.891326653306612570e+03 1.314282296330531530e+01
5.911316633266533245e+03 1.315594104597362524e+01
5.931306613226453010e+03 1.316898249109996932e+01
5.951296593186372775e+03 1.318194824930663778e+01
5.971286573146292540e+03 1.319483926890119108e+01
5.991276553106212305e+03 1.320765649583898593e+01
6.011266533066132070e+03 1.322040087368575101e+01
6.031256513026051834e+03 1.323307334358012000e+01
6.051246492985972509e+03 1.324567484419618779e+01
6.071236472945891364e+03 1.325820631170607911e+01
6.091226452905812039e+03 1.327066867974246911e+01
6.111216432865730894e+03 1.328306287936116448e+01
6.131206412825651569e+03 1.329538983900364002e+01
6.151196392785570424e+03 1.330765048445958776e+01
6.171186372745491099e+03 1.331984573882948197e+01
6.191176352705410864e+03 1.333197652248711584e+01
6.211166332665330629e+03 1.334404375304217183e+01
6.231156312625250393e+03 1.335604834530274587e+01
6.251146292585170158e+03 1.336799121123793022e+01
6.271136272545089923e+03 1.337987325994034293e+01
6.291126252505009688e+03 1.339169539758869121e+01
6.311116232464930363e+03 1.340345852741031329e+01
6.331106212424849218e+03 1.341516354964374003e+01
6.351096192384769893e+03 1.342681136150124388e+01
6.371086172344688748e+03 1.343840285713138449e+01
6.391076152304609423e+03 1.344993892758157017e+01
6.411066132264529188e+03 1.346142046076059984e+01
6.431056112224448952e+03 1.347284834140122456e+01
6.451046092184369627e+03 1.348422345102268949e+01
6.471036072144288482e+03 1.349554666789329538e+01
6.491026052104208247e+03 1.350681886699294054e+01
6.511016032064128012e+03 1.351804091997568236e+01
6.531006012024048687e+03 1.352921369513228100e+01
6.550995991983967542e+03 1.354033805735275564e+01
6.570985971943888217e+03 1.355141486808893170e+01
6.590975951903807072e+03 1.356244498531700060e+01
6.610965931863727747e+03 1.357342926350006351e+01
6.630955911823646602e+03 1.358436855355068928e+01
6.650945891783567276e+03 1.359526370279345997e+01
6.670935871743487041e+03 1.360611555492752345e+01
6.690925851703406806e+03 1.361692494998915492e+01
6.710915831663326571e+03 1.362769272431429712e+01
6.730905811623246336e+03 1.363841971050111468e+01
6.750895791583166101e+03 1.364910673737254854e+01
6.770885771543085866e+03 1.365975462993886680e+01
6.790875751503006541e+03 1.367036420936022090e+01
6.810865731462925396e+03 1.368093629290918045e+01
6.830855711422846070e+03 1.369147169393330898e+01
6.850845691382764926e+03 1.370197122181769700e+01
6.870835671342685600e+03 1.371243568194752527e+01
6.890825651302604456e+03 1.372286587567061034e+01
6.910815631262525130e+03 1.373326260025995715e+01
6.930805611222444895e+03 1.374362664887630814e+01
6.950795591182364660e+03 1.375395881053070468e+01
6.970785571142284425e+03 1.376425987004702733e+01
6.990775551102204190e+03 1.377453060802455553e+01
7.010765531062123955e+03 1.378477180080051667e+01
7.030755511022043720e+03 1.379498422041263339e+01
7.050745490981964394e+03 1.380516863456168863e+01
7.070735470941884159e+03 1.381532580657405873e+01
7.090725450901803924e+03 1.382545649536427845e+01
7.110715430861723689e+03 1.383556145539759008e+01
7.130705410821643454e+03 1.384564143665249247e+01
7.150695390781563219e+03 1.385569718458329902e+01
7.170685370741482984e+03 1.386572944008267427e+01
7.190675350701402749e+03 1.387573893944420789e+01
7.210665330661322514e+03 1.388572641432495303e+01
7.230655310621242279e+03 1.389569259170797011e+01
7.250645290581162044e+03 1.390563819386489541e+01
7.270635270541081809e+03 1.391556393831849370e+01
7.290625250501001574e+03 1.392547053780518240e+01
7.310615230460922248e+03 1.393535870023761802e+01
7.330605210420841104e+03 1.394522912866723097e+01
7.350595190380761778e+03 1.395508252124677639e+01
7.370585170340681543e+03 1.396491957119288330e+01
7.390575150300601308e+03 1.397474096674862487e+01
7.410565130260521073e+03 1.398454739114604450e+01
7.430555110220440838e+03 1.399433952256872615e+01
7.450545090180360603e+03 1.400411803411433809e+01
7.470535070140280368e+03 1.401388359375718551e+01
7.490525050100201042e+03 1.402363686431076673e+01
7.510515030060119898e+03 1.403337850339032045e+01
7.530505010020040572e+03 1.404310916337537662e+01
7.550494989979959428e+03 1.405282949137230730e+01
7.570484969939880102e+03 1.406254012917688812e+01
7.590474949899799867e+03 1.407224171323684025e+01
7.610464929859719632e+03 1.408193487461438131e+01
7.630454909819640307e+03 1.409162023894878502e+01
7.650444889779559162e+03 1.410129842641892850e+01
7.670434869739478927e+03 1.411097005170584140e+01
7.690424849699398692e+03 1.412063572395526023e+01
7.710414829659317547e+03 1.413029604674018636e+01
7.730404809619238222e+03 1.413995161802342793e+01
7.750394789579157987e+03 1.414960303012015075e+01
7.770384769539077752e+03 1.415925086966043978e+01
7.790374749498998426e+03 1.416889571755184996e+01
7.810364729458917282e+03 1.417853814894194286e+01
7.830354709418837956e+03 1.418817873318085709e+01
7.850344689378756811e+03 1.419781803378385021e+01
7.870334669338677486e+03 1.420745660839385494e+01
7.890324649298596341e+03 1.421709500874402110e+01
7.910314629258517016e+03 1.422673378062028426e+01
7.930304609218436781e+03 1.423637346382389879e+01
7.950294589178356546e+03 1.424601459213401000e+01
7.970284569138277220e+03 1.425565769327018373e+01
7.990274549098196076e+03 1.426530328885497667e+01
8.010264529058116750e+03 1.427495189437647483e+01
8.030254509018035606e+03 1.428460401915085498e+01
8.050244488977956280e+03 1.429426016628492491e+01
8.070234468937876045e+03 1.430392083263869552e+01
8.090224448897794900e+03 1.431358650878791394e+01
8.110214428857716484e+03 1.432325767898661084e+01
8.130204408817635340e+03 1.433293482112967965e+01
8.150194388777555105e+03 1.434261840671539900e+01
8.170184368737474870e+03 1.435230890080799782e+01
8.190174348697394635e+03 1.436200676200021320e+01
8.210164328657314400e+03 1.437171244237582357e+01
8.230154308617233255e+03 1.438142638747222080e+01
8.250144288577153930e+03 1.439114903624294683e+01
8.270134268537072785e+03 1.440088082102025524e+01
8.290124248496993459e+03 1.441062216747765490e+01
8.310114228456914134e+03 1.442037349459246798e+01
8.330104208416832989e+03 1.443013521460838255e+01
8.350094188376753664e+03 1.443990773299799280e+01
8.370084168336672519e+03 1.444969144842537112e+01
8.390074148296593194e+03 1.445948675270859596e+01
8.410064128256512049e+03 1.446929403078232568e+01
8.430054108216432724e+03 1.447911366066033167e+01
8.450044088176353398e+03 1.448894601339807053e+01
8.470034068136272253e+03 1.449879145305520112e+01
8.490024048096192928e+03 1.450865033665819226e+01
8.510014028056111783e+03 1.451852301416280966e+01
8.530004008016032458e+03 1.452840982841671646e+01
8.549993987975951313e+03 1.453831111512200813e+01
8.569983967935871988e+03 1.454822720279775616e+01
8.589973947895792662e+03 1.455815841274256783e+01
8.609963927855711518e+03 1.456810505899714947e+01
8.629953907815632192e+03 1.457806744830683243e+01
8.649943887775551048e+03 1.458804588008414882e+01
8.669933867735471722e+03 1.459804064637136278e+01
8.689923847695390577e+03 1.460805203180304623e+01
8.709913827655311252e+03 1.461808031356860482e+01
8.729903807615230107e+03 1.462812576137484655e+01
8.749893787575150782e+03 1.463818863740853615e+01
8.769883767535069637e+03 1.464826919629892465e+01
8.789873747494988493e+03 1.465836768508032506e+01
8.809863727454909167e+03 1.466848434315465965e+01
8.829853707414829842e+03 1.467861940225399309e+01
8.849843687374748697e+03 1.468877308640310986e+01
8.869833667334669371e+03 1.469894561188205984e+01
8.889823647294588227e+03 1.470913718718868246e+01
8.909813627254508901e+03 1.471934801300120732e+01
8.929803607214427757e+03 1.472957828214075349e+01
8.949793587174348431e+03 1.473982817953392654e+01
8.969783567134269106e+03 1.475009788217534279e+01
8.989773547094187961e+03 1.476038755909018896e+01
9.009763527054108636e+03 1.477069737129677307e+01
9.029753507014027491e+03 1.478102747176908238e+01
9.049743486973948166e+03 1.479137800539932357e+01
9.069733466933867021e+03 1.480174910896048246e+01
9.089723446893787695e+03 1.481214091106887665e+01
9.109713426853708370e+03 1.482255353214670102e+01
9.129703406813627225e+03 1.483298708438458391e+01
9.149693386773547900e+03 1.484344167170414508e+01
9.169683366733466755e+03 1.485391738972052522e+01
9.189673346693387430e+03 1.486441432570495991e+01
9.209663326653306285e+03 1.487493255854734109e+01
9.229653306613225141e+03 1.488547215871872531e+01
9.249643286573147634e+03 1.489603318823392542e+01
9.269633266533066490e+03 1.490661570061405072e+01
9.289623246492985345e+03 1.491721974084904900e+01
9.309613226452904200e+03 1.492784534536027330e+01
9.329603206412826694e+03 1.493849254196302567e+01
9.349593186372745549e+03 1.494916134982911338e+01
9.369583166332664405e+03 1.495985177944938016e+01
9.389573146292585079e+03 1.497056383259629797e+01
9.409563126252505754e+03 1.498129750228648049e+01
9.429553106212424609e+03 1.499205277274326242e+01
9.449543086172343465e+03 1.500282961935922543e+01
9.469533066132264139e+03 1.501362800865876679e+01
9.489523046092184813e+03 1.502444789826066085e+01
9.509513026052103669e+03 1.503528923684057261e+01
9.529503006012024343e+03 1.504615196409366362e+01
9.549492985971943199e+03 1.505703601069709308e+01
9.569482965931863873e+03 1.506794129827260065e+01
9.589472945891782729e+03 1.507886773934904312e+01
9.609462925851701584e+03 1.508981523732495944e+01
9.629452905811624078e+03 1.510078368643110736e+01
9.649442885771542933e+03 1.511177297169302669e+01
9.669432865731461789e+03 1.512278296889359375e+01
9.689422845691382463e+03 1.513381354453554373e+01
9.709412825651303137e+03 1.514486455580406599e+01
9.729402805611221993e+03 1.515593585052933356e+01
9.749392785571140848e+03 1.516702726714904337e+01
9.769382765531063342e+03 1.517813863467099367e+01
9.789372745490982197e+03 1.518926977263561540e+01
9.809362725450901053e+03 1.520042049107853543e+01
9.829352705410819908e+03 1.521159059049311679e+01
9.849342685370742402e+03 1.522277986179302900e+01
9.869332665330661257e+03 1.523398808627478473e+01
9.889322645290580112e+03 1.524521503558028712e+01
9.909312625250500787e+03 1.525646047165940367e+01
9.929302605210421461e+03 1.526772414673249045e+01
9.949292585170340317e+03 1.527900580325297142e+01
9.969282565130259172e+03 1.529030517386986787e+01
9.989272545090178028e+03 1.530162198139035645e+01
1.000926252505010052e+04 1.531295593874233063e+01
1.002925250501001938e+04 1.532430674893693734e+01
1.004924248496993823e+04 1.533567410503114381e+01
1.006923246492985891e+04 1.534705769009027421e+01
1.008922244488977958e+04 1.535845717715058001e+01
1.010921242484969844e+04 1.536987222918177132e+01
1.012920240480961729e+04 1.538130249904957658e+01
1.014919238476953979e+04 1.539274762947829700e+01
1.016918236472945864e+04 1.540420725301337335e+01
1.018917234468937750e+04 1.541568099198389419e+01
1.020916232464929817e+04 1.542716845846518936e+01
1.022915230460921703e+04 1.543866925424137193e+01
1.024914228456913770e+04 1.545018297076788372e+01
1.026913226452905656e+04 1.546170918913403369e+01
1.028912224448897905e+04 1.547324748002557904e+01
1.030911222444889790e+04 1.548479740368725999e+01
1.032910220440881676e+04 1.549635850988535068e+01
1.034909218436873743e+04 1.550793033787021713e+01
1.036908216432865629e+04 1.551951241633886625e+01
1.038907214428857696e+04 1.553110426339749850e+01
1.040906212424849582e+04 1.554270538652404809e+01
1.042905210420841649e+04 1.555431528253075513e+01
1.044904208416833717e+04 1.556593343752671466e+01
1.046903206412825602e+04 1.557755932688040446e+01
1.048902204408817488e+04 1.558919241518226073e+01
1.050901202404809555e+04 1.560083215620722896e+01
1.052900200400801623e+04 1.561247799287729343e+01
1.054899198396793508e+04 1.562412935722406004e+01
1.056898196392785394e+04 1.563578567035128941e+01
1.058897194388777643e+04 1.564744634239744769e+01
1.060896192384769529e+04 1.565911077249826633e+01
1.062895190380761414e+04 1.567077834874928932e+01
1.064894188376753300e+04 1.568244844816842232e+01
1.066893186372745549e+04 1.569412043665849410e+01
1.068892184368737435e+04 1.570579366896979678e+01
1.070891182364729320e+04 1.571746748866264554e+01
1.072890180360721388e+04 1.572914122806992410e+01
1.074889178356713273e+04 1.574081420825964805e+01
1.076888176352705341e+04 1.575248573899750681e+01
1.078887174348697226e+04 1.576415511870939667e+01
1.080886172344689294e+04 1.577582163444402497e+01
1.082885170340681361e+04 1.578748456183541293e+01
1.084884168336673247e+04 1.579914316506546257e+01
1.086883166332665314e+04 1.581079669682651812e+01
1.088882164328657200e+04 1.582244439828389915e+01
1.090881162324649267e+04 1.583408549903847984e+01
1.092880160320641153e+04 1.584571921708920250e+01
1.094879158316633220e+04 1.585734475879566929e+01
1.096878156312625288e+04 1.586896131884066108e+01
1.098877154308617173e+04 1.588056808019271671e+01
1.100876152304609241e+04 1.589216421406866786e+01
1.102875150300601126e+04 1.590374887989617214e+01
1.104874148296593194e+04 1.591532122527633319e+01
1.106873146292585079e+04 1.592688038594616273e+01
1.108872144288577147e+04 1.593842548574120244e+01
1.110871142284569214e+04 1.594995563655803394e+01
1.112870140280561100e+04 1.596146993831685279e+01
1.114869138276552985e+04 1.597296747892401036e+01
1.116868136272545053e+04 1.598444733423457720e+01
1.118867134268537120e+04 1.599590856801487604e+01
1.120866132264529006e+04 1.600735023190503981e+01
1.122865130260520891e+04 1.601877136538157842e+01
1.124864128256513141e+04 1.603017099571992432e+01
1.126863126252505026e+04 1.604154813795695134e+01
1.128862124248496912e+04 1.605290179485359303e+01
1.130861122244488797e+04 1.606423095685731539e+01
1.132860120240480865e+04 1.607553460206474227e+01
1.134859118236472932e+04 1.608681169618416007e+01
1.136858116232464818e+04 1.609806119249806855e+01
1.138857114228456885e+04 1.610928203182577434e+01
1.140856112224448771e+04 1.612047314248590268e+01
1.142855110220440838e+04 1.613163344025895540e+01
1.144854108216432724e+04 1.614276182834987949e+01
1.146853106212424791e+04 1.615385719735060377e+01
1.148852104208416858e+04 1.616491842520259326e+01
1.150851102204408744e+04 1.617594437715941069e+01
1.152850100200400811e+04 1.618693390574924962e+01
1.154849098196392697e+04 1.619788585073751364e+01
1.156848096192384764e+04 1.620879903908933883e+01
1.158847094188376650e+04 1.621967228493215529e+01
1.160846092184368717e+04 1.623050438951824503e+01
1.162845090180360785e+04 1.624129414118730352e+01
1.164844088176352670e+04 1.625204031532896920e+01
1.166843086172344738e+04 1.626274167434537077e+01
1.168842084168336623e+04 1.627339696761371357e+01
1.170841082164328691e+04 1.628400493144880912e+01
1.172840080160320576e+04 1.629456428906561172e+01
1.174839078156312462e+04 1.630507375054180130e+01
1.176838076152304711e+04 1.631553201278030940e+01
1.178837074148296597e+04 1.632593775947189485e+01
1.180836072144288482e+04 1.633628966105767688e+01
1.182835070140280368e+04 1.634658637469168596e+01
1.184834068136272617e+04 1.635682654420343596e+01
1.186833066132264503e+04 1.636700880006045367e+01
1.188832064128256388e+04 1.637713175933082965e+01
1.190831062124248456e+04 1.638719402564581173e+01
1.192830060120240523e+04 1.639719418916227767e+01
1.194829058116232409e+04 1.640713082652537480e+01
1.196828056112224294e+04 1.641700250083101054e+01
1.198827054108216362e+04 1.642680776158842804e+01
1.200826052104208429e+04 1.643654514468275352e+01
1.202825050100200315e+04 1.644621317233755420e+01
1.204824048096192382e+04 1.645581035307736784e+01
1.206823046092184268e+04 1.646533518169029975e+01
1.208822044088176335e+04 1.647478613919051327e+01
1.210821042084168221e+04 1.648416169278084453e+01
1.212820040080160106e+04 1.649346029581529294e+01
1.214819038076152356e+04 1.650268038776163593e+01
1.216818036072144241e+04 1.651182039416392655e+01
1.218817034068136309e+04 1.652087872660506562e+01
1.220816032064128194e+04 1.652985378266937389e+01
1.222815030060120080e+04 1.653874394590511443e+01
1.224814028056112147e+04 1.654754758578705065e+01
1.226813026052104033e+04 1.655626305767900064e+01
1.228812024048096282e+04 1.656488870279640224e+01
1.230811022044088168e+04 1.657342284816885325e+01
1.232810020040080053e+04 1.658186380660264447e+01
1.234809018036072121e+04 1.659020987664334967e+01
1.236808016032064006e+04 1.659845934253834088e+01
1.238807014028056074e+04 1.660661047419937830e+01
1.240806012024047959e+04 1.661466152716512568e+01
1.242805010020040208e+04 1.662261074256372240e+01
1.244804008016032094e+04 1.665846771923472858e+01
1.263730621041077211e+04 1.676109698380829371e+01
1.282657234066122146e+04 1.686372624838185885e+01
1.301583847091167263e+04 1.696635551295542044e+01
1.320510460116212380e+04 1.706898477752898557e+01
1.339437073141257497e+04 1.717161404210254716e+01
1.358363686166302432e+04 1.727424330667611230e+01
1.377290299191347549e+04 1.737687257124967388e+01
1.396216912216392666e+04 1.747950183582323902e+01
1.415143525241437601e+04 1.758213110039680060e+01
1.434070138266482718e+04 1.768476036497036574e+01
1.452996751291527835e+04 1.778738962954393088e+01
1.471923364316572770e+04 1.789001889411749247e+01
1.490849977341617887e+04 1.799264815869105405e+01
1.509776590366663004e+04 1.809527742326461919e+01
1.528703203391707939e+04 1.819790668783818433e+01
1.547629816416753056e+04 1.830053595241174591e+01
1.566556429441798173e+04 1.840316521698530750e+01
1.585483042466843290e+04 1.850579448155887263e+01
1.604409655491888225e+04 1.860842374613243777e+01
1.623336268516933342e+04 1.871105301070599936e+01
1.642262881541978277e+04 1.881368227527956094e+01
1.661189494567023576e+04 1.891631153985312608e+01
1.680116107592068511e+04 1.901894080442669122e+01
1.699042720617113810e+04 1.912157006900025635e+01
1.717969333642158745e+04 1.922419933357381794e+01
1.736895946667203680e+04 1.932682859814737952e+01
1.755822559692248615e+04 1.942945786272094466e+01
1.774749172717293914e+04 1.953208712729450980e+01
1.793675785742338849e+04 1.963471639186807138e+01
1.812602398767384148e+04 1.973734565644163297e+01
1.831529011792429083e+04 1.983997492101519811e+01
1.850455624817474018e+04 1.994260418558876324e+01
1.869382237842518953e+04 2.004523345016232128e+01
1.888308850867564252e+04 2.014786271473588641e+01
1.907235463892609187e+04 2.025049197930945155e+01
1.926162076917654485e+04 2.035312124388301669e+01
1.945088689942699420e+04 2.045575050845657827e+01
1.964015302967744356e+04 2.055837977303013986e+01
1.982941915992789654e+04 2.066100903760370500e+01
2.001868529017834589e+04 2.076363830217727013e+01
2.020795142042879888e+04 2.086626756675083527e+01
2.039721755067924823e+04 2.096889683132439686e+01
2.058648368092969758e+04 2.107152609589795844e+01
2.077574981118014693e+04 2.117415536047152358e+01
2.096501594143059992e+04 2.127678462504508872e+01
2.115428207168104927e+04 2.137941388961865030e+01
2.134354820193150226e+04 2.148204315419221189e+01
2.153281433218195161e+04 2.158467241876577702e+01
2.172208046243240096e+04 2.168730168333934216e+01
2.191134659268285031e+04 2.178993094791290019e+01
2.210061272293330330e+04 2.189256021248646533e+01
2.228987885318375629e+04 2.199518947706003047e+01
2.247914498343420564e+04 2.209781874163359561e+01
2.266841111368465499e+04 2.220044800620715719e+01
2.285767724393510434e+04 2.230307727078071878e+01
2.304694337418555369e+04 2.240570653535428391e+01
2.323620950443600668e+04 2.250833579992784905e+01
2.342547563468645967e+04 2.261096506450141419e+01
2.361474176493690902e+04 2.271359432907497578e+01
2.380400789518735837e+04 2.281622359364853736e+01
2.399327402543780772e+04 2.291885285822210250e+01
2.418254015568826071e+04 2.302148212279566764e+01
2.437180628593871006e+04 2.312411138736922922e+01
2.456107241618916305e+04 2.322674065194279081e+01
2.475033854643961240e+04 2.332936991651635594e+01
2.493960467669006175e+04 2.343199918108992108e+01
2.512887080694051110e+04 2.353462844566347911e+01
2.531813693719096409e+04 2.363725771023704425e+01
2.550740306744141708e+04 2.373988697481060939e+01
2.569666919769186643e+04 2.384251623938417453e+01
2.588593532794231578e+04 2.394514550395773611e+01
2.607520145819276513e+04 2.404777476853129770e+01
2.626446758844321448e+04 2.415040403310486283e+01
2.645373371869366747e+04 2.425303329767842797e+01
2.664299984894412046e+04 2.435566256225199311e+01
2.683226597919456981e+04 2.445829182682555469e+01
2.702153210944501916e+04 2.456092109139911628e+01
2.721079823969546851e+04 2.466355035597268142e+01
2.740006436994592150e+04 2.476617962054624655e+01
2.758933050019637085e+04 2.486880888511980814e+01
2.777859663044682384e+04 2.497143814969336972e+01
2.796786276069727319e+04 2.507406741426693486e+01
2.815712889094772254e+04 2.517669667884050000e+01
2.834639502119817189e+04 2.527932594341405803e+01
2.853566115144862488e+04 2.538195520798762317e+01
2.872492728169907423e+04 2.548458447256118831e+01
2.891419341194952722e+04 2.558721373713475344e+01
2.910345954219997657e+04 2.568984300170831503e+01
2.929272567245042592e+04 2.579247226628187661e+01
2.948199180270087891e+04 2.589510153085544175e+01
2.967125793295132826e+04 2.599773079542900689e+01
2.986052406320177761e+04 2.610036006000257203e+01
3.004979019345223060e+04 2.620298932457613006e+01
3.023905632370267995e+04 2.630561858914969520e+01
3.042832245395312930e+04 2.640824785372326033e+01
3.061758858420358229e+04 2.651087711829682547e+01
3.080685471445403164e+04 2.661350638287038350e+01
3.099612084470448099e+04 2.671613564744394864e+01
3.118538697495493398e+04 2.681876491201751378e+01
3.137465310520538333e+04 2.692139417659107892e+01
3.156391923545583631e+04 2.702402344116464405e+01
3.175318536570628567e+04 2.712665270573820209e+01
3.194245149595673502e+04 2.722928197031176722e+01
3.213171762620718800e+04 2.733191123488533236e+01
3.232098375645763736e+04 2.743454049945889750e+01
3.251024988670808671e+04 2.753716976403245553e+01
3.269951601695853969e+04 2.763979902860602067e+01
3.288878214720898541e+04 2.774242829317958581e+01
3.307804827745944203e+04 2.784505755775315095e+01
3.326731440770989138e+04 2.794768682232670898e+01
3.345658053796034073e+04 2.805031608690027412e+01
3.364584666821079009e+04 2.815294535147383925e+01
3.383511279846123944e+04 2.825557461604739729e+01
3.402437892871169606e+04 2.835820388062096953e+01
3.421364505896213814e+04 2.846083314519452756e+01
3.440291118921259476e+04 2.856346240976809270e+01
3.459217731946304411e+04 2.866609167434165784e+01
3.478144344971349346e+04 2.876872093891521587e+01
3.497070957996395009e+04 2.887135020348878811e+01
3.515997571021439217e+04 2.897397946806234614e+01
3.534924184046484879e+04 2.907660873263591128e+01
3.553850797071529814e+04 2.917923799720947642e+01
3.572777410096574749e+04 2.928186726178303445e+01
3.591704023121620412e+04 2.938449652635659959e+01
3.610630636146664619e+04 2.948712579093016473e+01
3.629557249171710282e+04 2.958975505550372986e+01
3.648483862196755217e+04 2.969238432007728790e+01
3.667410475221800152e+04 2.979501358465085303e+01
3.686337088246845087e+04 2.989764284922441817e+01
3.705263701271890022e+04 3.000027211379797620e+01
3.724190314296935685e+04 3.010290137837154845e+01
3.743116927321979892e+04 3.020553064294510648e+01
3.762043540347025555e+04 3.030815990751867162e+01
3.780970153372070490e+04 3.041078917209223675e+01
3.799896766397115425e+04 3.051341843666579479e+01
3.818823379422161088e+04 3.061604770123936703e+01
3.837749992447205295e+04 3.071867696581292506e+01
3.856676605472250958e+04 3.082130623038649020e+01
3.875603218497295893e+04 3.092393549496005534e+01
3.894529831522340828e+04 3.102656475953361337e+01
3.913456444547386491e+04 3.112919402410717851e+01
3.932383057572430698e+04 3.123182328868074364e+01
3.951309670597476361e+04 3.133445255325430878e+01
3.970236283622521296e+04 3.143708181782786681e+01
3.989162896647566231e+04 3.153971108240143195e+01
4.008089509672611166e+04 3.164234034697499709e+01
4.027016122697656101e+04 3.174496961154856223e+01
4.045942735722701764e+04 3.184759887612212736e+01
4.064869348747745971e+04 3.195022814069568540e+01
4.083795961772791634e+04 3.205285740526925053e+01
4.102722574797836569e+04 3.215548666984281567e+01
4.121649187822881504e+04 3.225811593441637370e+01
4.140575800847927167e+04 3.236074519898994595e+01
4.159502413872971374e+04 3.246337446356350398e+01
4.178429026898017037e+04 3.256600372813706912e+01
4.197355639923061972e+04 3.266863299271063426e+01
4.216282252948106907e+04 3.277126225728419229e+01
4.235208865973152569e+04 3.287389152185776453e+01
4.254135478998196777e+04 3.297652078643132256e+01
4.273062092023242440e+04 3.307915005100488770e+01
4.291988705048287375e+04 3.318177931557845284e+01
4.310915318073332310e+04 3.328440858015201087e+01
4.329841931098377245e+04 3.338703784472557601e+01
4.348768544123422180e+04 3.348966710929914115e+01
4.367695157148467842e+04 3.359229637387270628e+01
4.386621770173512050e+04 3.369492563844626432e+01
4.405548383198557713e+04 3.379755490301982945e+01
4.424474996223602648e+04 3.390018416759339459e+01
4.443401609248647583e+04 3.400281343216695262e+01
4.462328222273693245e+04 3.410544269674052487e+01
4.481254835298737453e+04 3.420807196131408290e+01
4.500181448323783115e+04 3.431070122588764804e+01
4.519108061348828051e+04 3.441333049046121317e+01
4.538034674373872986e+04 3.451595975503477121e+01
4.556961287398918648e+04 3.461858901960834345e+01
4.575887900423962856e+04 3.472121828418190148e+01
4.594814513449008518e+04 3.482384754875546662e+01
4.613741126474052726e+04 3.492647681332902465e+01
4.632667739499098388e+04 3.502910607790258979e+01
4.651594352524144051e+04 3.513173534247615493e+01
4.670520965549188259e+04 3.523436460704972006e+01
4.689447578574233921e+04 3.533699387162328520e+01
4.708374191599278129e+04 3.543962313619684323e+01
4.727300804624323791e+04 3.554225240077040837e+01
4.746227417649369454e+04 3.564488166534397351e+01
4.765154030674413661e+04 3.574751092991753154e+01
4.784080643699459324e+04 3.585014019449110378e+01
4.803007256724503532e+04 3.595276945906466182e+01
4.821933869749549194e+04 3.605539872363822695e+01
4.840860482774593402e+04 3.615802798821178499e+01
4.859787095799639064e+04 3.626065725278535012e+01
4.878713708824684727e+04 3.636328651735892237e+01
4.897640321849728934e+04 3.646591578193248040e+01
4.916566934874774597e+04 3.656854504650604554e+01
4.935493547899818805e+04 3.667117431107960357e+01
4.954420160924864467e+04 3.677380357565316871e+01
4.973346773949910130e+04 3.687643284022673384e+01
4.992273386974954337e+04 3.697906210480029898e+01
5.011200000000000000e+04 3.708169136937386412e+01
