5.004999999999972715e+01 1.042025604372374126e+00
7.497174348697376445e+01 1.044819590569870282e+00
9.989348697394780174e+01 1.047624634818038025e+00
1.248152304609213843e+02 1.050441467697070141e+00
1.497369739478954216e+02 1.053270810292734838e+00
1.746587174348694589e+02 1.056113374237814595e+00
1.995804609218434962e+02 1.058969861753551678e+00
2.245022044088175335e+02 1.061840965691085437e+00
2.494239478957911160e+02 1.064727369572897153e+00
2.743456913827651533e+02 1.067629747634249782e+00
2.992674348697391906e+02 1.070548764864631464e+00
3.241891783567132279e+02 1.073485077049195935e+00
3.491109218436872652e+02 1.076439330810204043e+00
3.740326653306608478e+02 1.079412163648466594e+00
3.989544088176348851e+02 1.082404203984785429e+00
4.238761523046089223e+02 1.085416071201394494e+00
4.487978957915829596e+02 1.088448375683402469e+00
4.737196392785569969e+02 1.091501718860234282e+00
4.986413827655305795e+02 1.094576693247072185e+00
5.235631262525046168e+02 1.097673882486298824e+00
5.484848697394786541e+02 1.100793861388936978e+00
5.734066132264526914e+02 1.103937195976092411e+00
5.983283567134267287e+02 1.107104443520396497e+00
6.232501002004003112e+02 1.110296152587445739e+00
6.481718436873743485e+02 1.113512863077245729e+00
6.730935871743483858e+02 1.116755106265649555e+00
6.980153306613224231e+02 1.120023404845804205e+00
7.229370741482964604e+02 1.123318272969588527e+00
7.478588176352700430e+02 1.126640216289055418e+00
7.727805611222440803e+02 1.129989731997875557e+00
7.977023046092181175e+02 1.133367308872777368e+00
8.226240480961921548e+02 1.136773427314988094e+00
8.475457915831661921e+02 1.140208559391677756e+00
8.724675350701397747e+02 1.143673168877398449e+00
8.973892785571138120e+02 1.147167711295528747e+00
9.223110220440878493e+02 1.150692633959711664e+00
9.472327655310618866e+02 1.154248376015300614e+00
9.721545090180359239e+02 1.157835368480797378e+00
9.970762525050095064e+02 1.161454034289296722e+00
1.021997995991983544e+03 1.165104788329926144e+00
1.046919739478957581e+03 1.168788037489287168e+00
1.071841482965931618e+03 1.172504180692900411e+00
1.096763226452905656e+03 1.176253608946642437e+00
1.121684969939879238e+03 1.180036705378192385e+00
1.146606713426853275e+03 1.183853845278469263e+00
1.171528456913827313e+03 1.187705396143076353e+00
1.196450200400801350e+03 1.191591717713742504e+00
1.221371943887775387e+03 1.195513162019762987e+00
1.246293687374748970e+03 1.199470073419441674e+00
1.271215430861723007e+03 1.203462788641532999e+00
1.296137174348697044e+03 1.207491636826683479e+00
1.321058917835671082e+03 1.211556939568873226e+00
1.345980661322645119e+03 1.215659010956857689e+00
1.370902404809618702e+03 1.219798157615609391e+00
1.395824148296592739e+03 1.223974678747759448e+00
1.420745891783566776e+03 1.228188866175040639e+00
1.445667635270540814e+03 1.232441004379725369e+00
1.470589378757514851e+03 1.236731370546073183e+00
1.495511122244488433e+03 1.241060234601766066e+00
1.520432865731462471e+03 1.245427859259355508e+00
1.545354609218436508e+03 1.249834500057701137e+00
1.570276352705410545e+03 1.254280405403412901e+00
1.595198096192384583e+03 1.258765816612293698e+00
1.620119839679358165e+03 1.263290967950779997e+00
1.645041583166332202e+03 1.267856086677384475e+00
1.669963326653306240e+03 1.272461393084136638e+00
1.694885070140280277e+03 1.277107100538025453e+00
1.719806813627254314e+03 1.281793415522440860e+00
1.744728557114227897e+03 1.286520537678614406e+00
1.769650300601201934e+03 1.291288659847063425e+00
1.794572044088175971e+03 1.296097968109030107e+00
1.819493787575150009e+03 1.300948641827923691e+00
1.844415531062124046e+03 1.305840853690764192e+00
1.869337274549097629e+03 1.310774769749621038e+00
1.894259018036071666e+03 1.315750549463057917e+00
1.919180761523045703e+03 1.320768345737570737e+00
1.944102505010019740e+03 1.325828304969034255e+00
1.969024248496993778e+03 1.330930567084138927e+00
1.993945991983967360e+03 1.336075265581834648e+00
2.018867735470941398e+03 1.341262527574774044e+00
2.043789478957915435e+03 1.346492473830751102e+00
2.068711222444889245e+03 1.351765218814144465e+00
2.093632965931863509e+03 1.357080870727360056e+00
2.118554709418836865e+03 1.362439531552270156e+00
2.143476452905811129e+03 1.367841297091658026e+00
2.168398196392785394e+03 1.373286257010657652e+00
2.193319939879759204e+03 1.378774494878196588e+00
2.218241683366733014e+03 1.384306088208435925e+00
2.243163426853706824e+03 1.389881108502213802e+00
2.268085170340680634e+03 1.395499621288486702e+00
2.293006913827654898e+03 1.401161686165770970e+00
2.317928657314629163e+03 1.406867356843583439e+00
2.342850400801602973e+03 1.412616681183885614e+00
2.367772144288576783e+03 1.418409701242522081e+00
2.392693887775550593e+03 1.424246453310665572e+00
2.417615631262524403e+03 1.430126967956256268e+00
2.442537374749498667e+03 1.436051270065444196e+00
2.467459118236472932e+03 1.442019378884031644e+00
2.492380861723446287e+03 1.448031308058913558e+00
2.517302605210420552e+03 1.454087065679520840e+00
2.542224348697394362e+03 1.460186654319260091e+00
2.567146092184368172e+03 1.466330071076956232e+00
2.592067835671342436e+03 1.472517307618296023e+00
2.616989579158315792e+03 1.478748350217265362e+00
2.641911322645290056e+03 1.485023179797597015e+00
2.666833066132264321e+03 1.491341771974205255e+00
2.691754809619238131e+03 1.497704097094634035e+00
2.716676553106211941e+03 1.504110120280494511e+00
2.741598296593185751e+03 1.510559801468908336e+00
2.766520040080159561e+03 1.517053095453949618e+00
2.791441783567133825e+03 1.523589951928085995e+00
2.816363527054108090e+03 1.530170315523619706e+00
2.841285270541081900e+03 1.536794125854131554e+00
2.866207014028055710e+03 1.543461317555919310e+00
2.891128757515029520e+03 1.550171820329442118e+00
2.916050501002003330e+03 1.556925558980762014e+00
2.940972244488977594e+03 1.563722453462982553e+00
2.965893987975951859e+03 1.570562418917695879e+00
2.990815731462925214e+03 1.577445365716418912e+00
3.015737474949899479e+03 1.584371199502038419e+00
3.040659218436873289e+03 1.591339821230252083e+00
3.065580961923847099e+03 1.598351127211009803e+00
3.090502705410821363e+03 1.605405009149954543e+00
3.115424448897794719e+03 1.612501354189865621e+00
3.140346192384769438e+03 1.619640044952100233e+00
3.165267935871742793e+03 1.626820959578034520e+00
3.190189679358717058e+03 1.634043971770503978e+00
3.215111422845691322e+03 1.641308950835248526e+00
3.240033166332664678e+03 1.648615761722350470e+00
3.264954909819638942e+03 1.655964265067680463e+00
3.289876653306612752e+03 1.663354317234333246e+00
3.314798396793587017e+03 1.670785770354076938e+00
3.339720140280560827e+03 1.678258472368786336e+00
3.364641883767534182e+03 1.685772267071891095e+00
3.389563627254508901e+03 1.693326994149816134e+00
3.414485370741482711e+03 1.700922489223421152e+00
3.439407114228456521e+03 1.708558583889442595e+00
3.464328857715430331e+03 1.716235105761938939e+00
3.489250601202404141e+03 1.723951878513727554e+00
3.514172344689378860e+03 1.731708721917829097e+00
3.539094088176352216e+03 1.739505451888908816e+00
3.564015831663326026e+03 1.747341880524719615e+00
3.588937575150300290e+03 1.755217816147538690e+00
3.613859318637274100e+03 1.763133063345617257e+00
3.638781062124248365e+03 1.771087423014614748e+00
3.663702805611221720e+03 1.779080692399043873e+00
3.688624549098195985e+03 1.787112665133714584e+00
3.713546292585170249e+03 1.795183131285168265e+00
3.738468036072143605e+03 1.803291877393129461e+00
3.763389779559117869e+03 1.811438686511939622e+00
3.788311523046091679e+03 1.819623338252002842e+00
3.813233266533065944e+03 1.827845608821224932e+00
3.838155010020039754e+03 1.836105271066458267e+00
3.863076753507013109e+03 1.844402094514939083e+00
3.887998496993987828e+03 1.852735845415737437e+00
3.912920240480961638e+03 1.861106286781186281e+00
3.937841983967935448e+03 1.869513178428334310e+00
3.962763727454909258e+03 1.877956277020382148e+00
3.987685470941883068e+03 1.886435336108127192e+00
4.012607214428857787e+03 1.894950106171402027e+00
4.037528957915831143e+03 1.903500334660515714e+00
4.062450701402804953e+03 1.912085766037701751e+00
4.087372444889779217e+03 1.920706141818553592e+00
4.112294188376752572e+03 1.929361200613465721e+00
4.137215931863727747e+03 1.938050678169080943e+00
4.162137675350701102e+03 1.946774307409727900e+00
4.187059418837674457e+03 1.955531818478863482e+00
4.211981162324649631e+03 1.964322938780515226e+00
4.236902905811622986e+03 1.973147393020720619e+00
4.261824649298596341e+03 1.982004903248975269e+00
4.286746392785570606e+03 1.990895188899665769e+00
4.311668136272544871e+03 1.999817966833518978e+00
4.336589879759518226e+03 2.008772951379037330e+00
4.361511623246491581e+03 2.017759854373945672e+00
4.386433366733466755e+03 2.026778385206629007e+00
4.411355110220440110e+03 2.035828250857580457e+00
4.436276853707414375e+03 2.044909155940835888e+00
4.461198597194388640e+03 2.054020802745415430e+00
4.486120340681361995e+03 2.063162891276771660e+00
4.511042084168337169e+03 2.072335119298229333e+00
4.535963827655310524e+03 2.081537182372421135e+00
4.560885571142283879e+03 2.090768773902736299e+00
4.585807314629258144e+03 2.100029585174758573e+00
4.610729058116232409e+03 2.109319305397710842e+00
4.635650801603205764e+03 2.118637621745893096e+00
4.660572545090179119e+03 2.127984219400127053e+00
4.685494288577154293e+03 2.137358781589197232e+00
4.710416032064127648e+03 2.146760989631291139e+00
4.735337775551101004e+03 2.156190522975442558e+00
4.760259519038076178e+03 2.165647059242972627e+00
4.785181262525049533e+03 2.175130274268933572e+00
4.810103006012023798e+03 2.184639842143544897e+00
4.835024749498998062e+03 2.194175435253642448e+00
4.859946492985971418e+03 2.203736724324113716e+00
4.884868236472945682e+03 2.213323378459343793e+00
4.909789979959919947e+03 2.222935065184653336e+00
4.934711723446893302e+03 2.232571450487745857e+00
4.959633466933866657e+03 2.242232198860143022e+00
4.984555210420840922e+03 2.251916973338630612e+00
5.009476953907815187e+03 2.261625435546697815e+00
5.034398697394788542e+03 2.271357245735980968e+00
5.059320440881762806e+03 2.281112062827705067e+00
5.084242184368737071e+03 2.290889544454122184e+00
5.109163927855710426e+03 2.300689346999956530e+00
5.134085671342685600e+03 2.310511125643847752e+00
5.159007414829658956e+03 2.320354534399785784e+00
5.183929158316632311e+03 2.330219226158561252e+00
5.208850901803607485e+03 2.340104852729198548e+00
5.233772645290580840e+03 2.350011064880405343e+00
5.258694388777554195e+03 2.359937512382009217e+00
5.283616132264528460e+03 2.369883844046401844e+00
5.308537875751502725e+03 2.379849707769976952e+00
5.333459619238476080e+03 2.389834750574578504e+00
5.358381362725449435e+03 2.399838618648933775e+00
5.383303106212424609e+03 2.409860957390108194e+00
5.408224849699397964e+03 2.419901411444928208e+00
5.433146593186372229e+03 2.429959624751441005e+00
5.458068336673346494e+03 2.440035240580348042e+00
5.482990080160319849e+03 2.450127901576443890e+00
5.507911823647295023e+03 2.460237249800063974e+00
5.532833567134268378e+03 2.470362926768522982e+00
5.557755310621241733e+03 2.480504573497559484e+00
5.582677054108215998e+03 2.490661830542770794e+00
5.607598797595190263e+03 2.500834338041066918e+00
5.632520541082163618e+03 2.511021735752095196e+00
5.657442284569136973e+03 2.521223663099697809e+00
5.682364028056112147e+03 2.531439759213346630e+00
5.707285771543085502e+03 2.541669662969584298e+00
5.732207515030058858e+03 2.551913013033465738e+00
5.757129258517034032e+03 2.562169447900004116e+00
5.782051002004007387e+03 2.572438605935609246e+00
5.806972745490981652e+03 2.582720125419525559e+00
5.831894488977955916e+03 2.593013644585283828e+00
5.856816232464929271e+03 2.603318801662131143e+00
5.881737975951903536e+03 2.613635234916484418e+00
5.906659719438877801e+03 2.623962582693359025e+00
5.931581462925851156e+03 2.634300483457823638e+00
5.956503206412824511e+03 2.644648575836432425e+00
5.981424949899798776e+03 2.655006498658672331e+00
6.006346693386773040e+03 2.665373890998399720e+00
6.031268436873746396e+03 2.675750392215286766e+00
6.056190180360720660e+03 2.686135641996261647e+00
6.081111923847694925e+03 2.696529280396948280e+00
6.106033667334668280e+03 2.706930947883109617e+00
6.130955410821643454e+03 2.717340285372093156e+00
6.155877154308616809e+03 2.727756934274264022e+00
6.180798897795591074e+03 2.738180536534452258e+00
6.205720641282565339e+03 2.748610734673395228e+00
6.230642384769538694e+03 2.759047171829178247e+00
6.255564128256512049e+03 2.769489491798674763e+00
6.280485871743485404e+03 2.779937339078986991e+00
6.305407615230460578e+03 2.790390358908894530e+00
6.330329358717433934e+03 2.800848197310287446e+00
6.355251102204409108e+03 2.811310501129614003e+00
6.380172845691382463e+03 2.821776918079316410e+00
6.405094589178355818e+03 2.832247096779282103e+00
6.430016332665330992e+03 2.842720686798273277e+00
6.454938076152304347e+03 2.853197338695378171e+00
6.479859819639277703e+03 2.863676704061451694e+00
6.504781563126252877e+03 2.874158435560551617e+00
6.529703306613226232e+03 2.884642186971381861e+00
6.554625050100199587e+03 2.895127613228740238e+00
6.579546793587174761e+03 2.905614370464955520e+00
6.604468537074148117e+03 2.916102116051324522e+00
6.629390280561121472e+03 2.926590508639562049e+00
6.654312024048094827e+03 2.937079208203241976e+00
6.679233767535070001e+03 2.947567876079228100e+00
6.704155511022043356e+03 2.958056175009136979e+00
6.729077254509016711e+03 2.968543769180748804e+00
6.753998997995991886e+03 2.979030324269482666e+00
6.778920741482965241e+03 2.989515507479815426e+00
6.803842484969938596e+03 2.999998987586731225e+00
6.828764228456913770e+03 3.010480434977161224e+00
6.853685971943887125e+03 3.020959521691430005e+00
6.878607715430860480e+03 3.031435921464687766e+00
6.903529458917835655e+03 3.041909309768363379e+00
6.928451202404809010e+03 3.052379363851601468e+00
6.953372945891782365e+03 3.062845762782695935e+00
6.978294689378757539e+03 3.073308187490546572e+00
7.003216432865730894e+03 3.083766320806089034e+00
7.028138176352704249e+03 3.094219847503743015e+00
7.053059919839677605e+03 3.104668454342850659e+00
7.077981663326652779e+03 3.115111830109115409e+00
7.102903406813627953e+03 3.125549665656057297e+00
7.127825150300599489e+03 3.135981653946434466e+00
7.152746893787574663e+03 3.146407490093698467e+00
7.177668637274549837e+03 3.156826871403439760e+00
7.202590380761523193e+03 3.167239497414809701e+00
7.227512124248496548e+03 3.177645069941985145e+00
7.252433867735469903e+03 3.188043293115595311e+00
7.277355611222443258e+03 3.198433873424169072e+00
7.302277354709418432e+03 3.208816519755575580e+00
7.327199098196391787e+03 3.219190943438466679e+00
7.352120841683366962e+03 3.229556858283717524e+00
7.377042585170340317e+03 3.239913980625867218e+00
7.401964328657313672e+03 3.250262029364565208e+00
7.426886072144288846e+03 3.260600726006004813e+00
7.451807815631262201e+03 3.270929794704376725e+00
7.476729559118235557e+03 3.281248962303298100e+00
7.501651302605210731e+03 3.291557958377264281e+00
7.526573046092184086e+03 3.301856515273077441e+00
7.551494789579157441e+03 3.312144368151311191e+00
7.576416533066132615e+03 3.322421255027725451e+00
7.601338276553105970e+03 3.332686916814728839e+00
7.626260020040079326e+03 3.342941097362805536e+00
7.651181763527052681e+03 3.353183543501972341e+00
7.676103507014027855e+03 3.363414005083203762e+00
7.701025250501001210e+03 3.373632235019886849e+00
7.725946993987974565e+03 3.383837989329252061e+00
7.750868737474949739e+03 3.394031027173830317e+00
7.775790480961923095e+03 3.404211110902874537e+00
7.800712224448896450e+03 3.414378006093821138e+00
7.825633967935871624e+03 3.424531481593716009e+00
7.850555711422844979e+03 3.434671309560661356e+00
7.875477454909818334e+03 3.444797265505266992e+00
7.900399198396793508e+03 3.454909128332076751e+00
7.925320941883766864e+03 3.465006680381020665e+00
7.950242685370740219e+03 3.475089707468847600e+00
7.975164428857715393e+03 3.485157998930581424e+00
8.000086172344688748e+03 3.495211347660948320e+00
8.025007915831662103e+03 3.505249550155821403e+00
8.049929659318635458e+03 3.515272406553670237e+00
8.074851402805610633e+03 3.525279720676996575e+00
8.099773146292585807e+03 3.535271300073773659e+00
8.124694889779557343e+03 3.545246956058893062e+00
8.149616633266532517e+03 3.555206503755604430e+00
8.174538376753507691e+03 3.565149762136955225e+00
8.199460120240481046e+03 3.575076554067236678e+00
8.224381863727454402e+03 3.584986706343424423e+00
8.249303607214427757e+03 3.594880049736612904e+00
8.274225350701401112e+03 3.604756419033466663e+00
8.299147094188376286e+03 3.614615653077659196e+00
8.324068837675349641e+03 3.624457594811314465e+00
8.348990581162324816e+03 3.634282091316441310e+00
8.373912324649298171e+03 3.644088993856392733e+00
8.398834068136271526e+03 3.653878157917287872e+00
8.423755811623246700e+03 3.663649443249466842e+00
8.448677555110220055e+03 3.673402713908924255e+00
8.473599298597193410e+03 3.683137838298755184e+00
8.498521042084168585e+03 3.692854689210603780e+00
8.523442785571141940e+03 3.702553143866088359e+00
8.548364529058115295e+03 3.712233083958256241e+00
8.573286272545090469e+03 3.721894395693019497e+00
8.598208016032063824e+03 3.731536969830606232e+00
8.623129759519037179e+03 3.741160701726979454e+00
8.648051503006010535e+03 3.750765491375311900e+00
8.672973246492985709e+03 3.760351243447396019e+00
8.697894989979959064e+03 3.769917867335105477e+00
8.722816733466932419e+03 3.779465277191830452e+00
8.747738476953907593e+03 3.788993391973924485e+00
8.772660220440880948e+03 3.798502135482127340e+00
8.797581963927854304e+03 3.807991436403035834e+00
8.822503707414829478e+03 3.817461228350522262e+00
8.847425450901802833e+03 3.826911449907187013e+00
8.872347194388776188e+03 3.836342044665797868e+00
8.897268937875751362e+03 3.845752961270729298e+00
8.922190681362724717e+03 3.855144153459408862e+00
8.947112424849698073e+03 3.864515580103752956e+00
8.972034168336673247e+03 3.873867205251616319e+00
8.996955911823646602e+03 3.883198998168225557e+00
9.021877655310619957e+03 3.892510933377625548e+00
9.046799398797593312e+03 3.901802990704116958e+00
9.071721142284568487e+03 3.911075155313713303e+00
9.096642885771543661e+03 3.920327417755555821e+00
9.121564629258515197e+03 3.929559774003373196e+00
9.146486372745490371e+03 3.938772225496925738e+00
9.171408116232465545e+03 3.947964779183438910e+00
9.196329859719438900e+03 3.957137447559043508e+00
9.221251603206412256e+03 3.966290248710223842e+00
9.246173346693385611e+03 3.975423206355257477e+00
9.271095090180358966e+03 3.984536349885654971e+00
9.296016833667334140e+03 3.993629714407601838e+00
9.320938577154307495e+03 4.002703340783407171e+00
9.345860320641282669e+03 4.011757275672930056e+00
9.370782064128256025e+03 4.020791571575033529e+00
9.395703807615229380e+03 4.029806286869028753e+00
9.420625551102204554e+03 4.038801485856109430e+00
9.445547294589177909e+03 4.047777238800785327e+00
9.470469038076151264e+03 4.056733621972348658e+00
9.495390781563126438e+03 4.065670717686294289e+00
9.520312525050099794e+03 4.074588614345763915e+00
9.545234268537073149e+03 4.083487406483000015e+00
9.570156012024048323e+03 4.092367194800774932e+00
9.595077755511021678e+03 4.101228086213838608e+00
9.619999498997996852e+03 4.110070193890357437e+00
9.644921242484968388e+03 4.118893637293361110e+00
9.669842985971943563e+03 4.127698542222174360e+00
9.694764729458918737e+03 4.136485040853875361e+00
9.719686472945890273e+03 4.145253271784712368e+00
9.744608216432865447e+03 4.154003380071572771e+00
9.769529959919840621e+03 4.162735517273405961e+00
9.794451703406812157e+03 4.171449841492671951e+00
9.819373446893787332e+03 4.180146517416784668e+00
9.844295190380760687e+03 4.188825716359548146e+00
9.869216933867734042e+03 4.197487616302602476e+00
9.894138677354709216e+03 4.206132401936865328e+00
9.919060420841682571e+03 4.214760264703967252e+00
9.943982164328655927e+03 4.223371402837709176e+00
9.968903907815631101e+03 4.231966021405483502e+00
9.993825651302604456e+03 4.240544332349728940e+00
1.001874739478957781e+04 4.249106554529377355e+00
1.004366913827655117e+04 4.257652913761268643e+00
1.006859088176352634e+04 4.266183642861633984e+00
1.009351262525050151e+04 4.274698981687500066e+00
1.011843436873747487e+04 4.283199177178142136e+00
1.014335611222444822e+04 4.291684483396545957e+00
1.016827785571142340e+04 4.300155161570815565e+00
1.019319959919839675e+04 4.308611480135640548e+00
1.021812134268537011e+04 4.317053714773726014e+00
1.024304308617234346e+04 4.325482148457237663e+00
1.026796482965931864e+04 4.333897071489247743e+00
1.029288657314629199e+04 4.342298781545165909e+00
1.031780831663326535e+04 4.350687583714184292e+00
1.034273006012024052e+04 4.359063790540737671e+00
1.036765180360721570e+04 4.367427722065911233e+00
1.039257354709418723e+04 4.375779705868909630e+00
1.041749529058116241e+04 4.384120077108493163e+00
1.044241703406813394e+04 4.392449178564405088e+00
1.046733877755510912e+04 4.400767360678837115e+00
1.049226052104208429e+04 4.409074981597844278e+00
1.051718226452905583e+04 4.417372407212814878e+00
1.054210400801603100e+04 4.425660011201888011e+00
1.056702575150300618e+04 4.433938175071407528e+00
1.059194749498997953e+04 4.442207288197360882e+00
1.061686923847695289e+04 4.450467747866820645e+00
1.064179098196392624e+04 4.458719959319394022e+00
1.066671272545090142e+04 4.466964335788647489e+00
1.069163446893787477e+04 4.475201298543559858e+00
1.071655621242484813e+04 4.483431276929968234e+00
1.074147795591182330e+04 4.491654708412003316e+00
1.076639969939879666e+04 4.499872038613519365e+00
1.079132144288577001e+04 4.508083721359565033e+00
1.081624318637274519e+04 4.516290218717800897e+00
1.084116492985971854e+04 4.524492001039943645e+00
1.086608667334669371e+04 4.532689547003222685e+00
1.089100841683366707e+04 4.540883343651802129e+00
1.091593016032064043e+04 4.549073886438238290e+00
1.094085190380761560e+04 4.557261679264914989e+00
1.096577364729458895e+04 4.565447234525480624e+00
1.099069539078156231e+04 4.573631073146300352e+00
1.101561713426853748e+04 4.581813724627888718e+00
1.104053887775550902e+04 4.589995727086350286e+00
1.106546062124248419e+04 4.598177627294845138e+00
1.109038236472945937e+04 4.606359980724985093e+00
1.111530410821643090e+04 4.614543351588316966e+00
1.114022585170340608e+04 4.622728312877747214e+00
1.116514759519038125e+04 4.630915446408980785e+00
1.119006933867735279e+04 4.639105342861975068e+00
1.121499108216432796e+04 4.647298601822363651e+00
1.123991282565130132e+04 4.655495831822918262e+00
1.126483456913827467e+04 4.663697650384972526e+00
1.128975631262524985e+04 4.671904684059875024e+00
1.131467805611222320e+04 4.680117568470430811e+00
1.133959979959919838e+04 4.688336948352328726e+00
1.136452154308617173e+04 4.696563477595606884e+00
1.138944328657314509e+04 4.704797819286078209e+00
1.141436503006012026e+04 4.713040645746767510e+00
1.143928677354709362e+04 4.721292638579371648e+00
1.146420851703406697e+04 4.729554488705684179e+00
1.148913026052104215e+04 4.737826896409045752e+00
1.151405200400801550e+04 4.746110571375785625e+00
1.153897374749498886e+04 4.754406232736656968e+00
1.156389549098196403e+04 4.762714609108290809e+00
1.158881723446893739e+04 4.771036438634619792e+00
1.161373897795591256e+04 4.779372469028338344e+00
1.163866072144288410e+04 4.787723457612326428e+00
1.166358246492985927e+04 4.796090171361116816e+00
1.168850420841683444e+04 4.804473386942303748e+00
1.171342595190380598e+04 4.812873890758012863e+00
1.173834769539078115e+04 4.821292478986324070e+00
1.176326943887775633e+04 4.829729957622732606e+00
1.178819118236472787e+04 4.838187142521569228e+00
1.181311292585170304e+04 4.846664859437446182e+00
1.183803466933867639e+04 4.855163944066718251e+00
1.186295641282564975e+04 4.863685242088902960e+00
1.188787815631262492e+04 4.872229609208137191e+00
1.191279989979959828e+04 4.880797911194596495e+00
1.193772164328657163e+04 4.889391023925966806e+00
1.196264338677354681e+04 4.898009833428866422e+00
1.198756513026052016e+04 4.906655235920288405e+00
1.201248687374749352e+04 4.915328137849053647e+00
1.203740861723446687e+04 4.924029455937240840e+00
1.206233036072144205e+04 4.932760117221627993e+00
1.208725210420841722e+04 4.941521059095155266e+00
1.211217384769539058e+04 4.950313229348326516e+00
1.213709559118236393e+04 4.959137586210696114e+00
1.216201733466933911e+04 4.967995098392277598e+00
1.218693907815631246e+04 4.976886745124996736e+00
1.221186082164328582e+04 4.985813516204142815e+00
1.223678256513025917e+04 4.994776412029787949e+00
1.226170430861723435e+04 5.003776443648250805e+00
1.228662605210420952e+04 5.012814632793530123e+00
1.231154779559118106e+04 5.021892011928736466e+00
1.233646953907815623e+04 5.031009624287550608e+00
1.236139128256513141e+04 5.040168523915656174e+00
1.238631302605210294e+04 5.089213053935162989e+00
1.257504512139857434e+04 5.158515767081523151e+00
1.276377721674504573e+04 5.227818480227883313e+00
1.295250931209151895e+04 5.297121193374245252e+00
1.314124140743799035e+04 5.366423906520605414e+00
1.332997350278446174e+04 5.435726619666965576e+00
1.351870559813093496e+04 5.505029332813327514e+00
1.370743769347740636e+04 5.574332045959687676e+00
1.389616978882387775e+04 5.643634759106047838e+00
1.408490188417034915e+04 5.712937472252409776e+00
1.427363397951682055e+04 5.782240185398769938e+00
1.446236607486329376e+04 5.851542898545130100e+00
1.465109817020976516e+04 5.920845611691492039e+00
1.483983026555623655e+04 5.990148324837852201e+00
1.502856236090270977e+04 6.059451037984214139e+00
1.521729445624918117e+04 6.128753751130574301e+00
1.540602655159565256e+04 6.198056464276934463e+00
1.559475864694212396e+04 6.267359177423294625e+00
1.578349074228859536e+04 6.336661890569654787e+00
1.597222283763506857e+04 6.405964603716016725e+00
1.616095493298153997e+04 6.475267316862376887e+00
1.634968702832801137e+04 6.544570030008738826e+00
1.653841912367448458e+04 6.613872743155098988e+00
1.672715121902095416e+04 6.683175456301459150e+00
1.691588331436742737e+04 6.752478169447821088e+00
1.710461540971390059e+04 6.821780882594181250e+00
1.729334750506037017e+04 6.891083595740541412e+00
1.748207960040684338e+04 6.960386308886903350e+00
1.767081169575331296e+04 7.029689022033263512e+00
1.785954379109978618e+04 7.098991735179623674e+00
1.804827588644625939e+04 7.168294448325985613e+00
1.823700798179273261e+04 7.237597161472345775e+00
1.842574007713920219e+04 7.306899874618705937e+00
1.861447217248567176e+04 7.376202587765066099e+00
1.880320426783214498e+04 7.445505300911428037e+00
1.899193636317861819e+04 7.514808014057788199e+00
1.918066845852509141e+04 7.584110727204150137e+00
1.936940055387156099e+04 7.653413440350510299e+00
1.955813264921803420e+04 7.722716153496870461e+00
1.974686474456450378e+04 7.792018866643230623e+00
1.993559683991097700e+04 7.861321579789592562e+00
2.012432893525745021e+04 7.930624292935952724e+00
2.031306103060391979e+04 7.999927006082312886e+00
2.050179312595039301e+04 8.069229719228674824e+00
2.069052522129686258e+04 8.138532432375034986e+00
2.087925731664333580e+04 8.207835145521395148e+00
2.106798941198980901e+04 8.277137858667757087e+00
2.125672150733628223e+04 8.346440571814119025e+00
2.144545360268275181e+04 8.415743284960477411e+00
2.163418569802922138e+04 8.485045998106837573e+00
2.182291779337569460e+04 8.554348711253199511e+00
2.201164988872216782e+04 8.623651424399559673e+00
2.220038198406864103e+04 8.692954137545921611e+00
2.238911407941511061e+04 8.762256850692281773e+00
2.257784617476158382e+04 8.831559563838641935e+00
2.276657827010805340e+04 8.900862276985002097e+00
2.295531036545452662e+04 8.970164990131364036e+00
2.314404246080099983e+04 9.039467703277724198e+00
2.333277455614746941e+04 9.108770416424084360e+00
2.352150665149394263e+04 9.178073129570446298e+00
2.371023874684041220e+04 9.247375842716806460e+00
2.389897084218688542e+04 9.316678555863166622e+00
2.408770293753335864e+04 9.385981269009528560e+00
2.427643503287983185e+04 9.455283982155890499e+00
2.446516712822630143e+04 9.524586695302248884e+00
2.465389922357277101e+04 9.593889408448609046e+00
2.484263131891924422e+04 9.663192121594970985e+00
2.503136341426571744e+04 9.732494834741331147e+00
2.522009550961219065e+04 9.801797547887693085e+00
2.540882760495866023e+04 9.871100261034053247e+00
2.559755970030513345e+04 9.940402974180415185e+00
2.578629179565160302e+04 1.000970568732677357e+01
2.597502389099807624e+04 1.007900840047313551e+01
2.616375598634454946e+04 1.014831111361949745e+01
2.635248808169101903e+04 1.021761382676585583e+01
2.654122017703749225e+04 1.028691653991221777e+01
2.672995227238396183e+04 1.035621925305857793e+01
2.691868436773043504e+04 1.042552196620493987e+01
2.710741646307690826e+04 1.049482467935130003e+01
2.729614855842338147e+04 1.056412739249766197e+01
2.748488065376985105e+04 1.063343010564402213e+01
2.767361274911632063e+04 1.070273281879038052e+01
2.786234484446279384e+04 1.077203553193674246e+01
2.805107693980926706e+04 1.084133824508310440e+01
2.823980903515574028e+04 1.091064095822946456e+01
2.842854113050220985e+04 1.097994367137582472e+01
2.861727322584868307e+04 1.104924638452218666e+01
2.880600532119515265e+04 1.111854909766854682e+01
2.899473741654162586e+04 1.118785181081490698e+01
2.918346951188809908e+04 1.125715452396126892e+01
2.937220160723456866e+04 1.132645723710762908e+01
2.956093370258104187e+04 1.139575995025398925e+01
2.974966579792751509e+04 1.146506266340035118e+01
2.993839789327398466e+04 1.153436537654671135e+01
3.012712998862045788e+04 1.160366808969307151e+01
3.031586208396692746e+04 1.167297080283943167e+01
3.050459417931340067e+04 1.174227351598579361e+01
3.069332627465987389e+04 1.181157622913215377e+01
3.088205837000634347e+04 1.188087894227851393e+01
3.107079046535281668e+04 1.195018165542487587e+01
3.125952256069928626e+04 1.201948436857123603e+01
3.144825465604575948e+04 1.208878708171759619e+01
3.163698675139223269e+04 1.215808979486395813e+01
3.182571884673870227e+04 1.222739250801031829e+01
3.201445094208517548e+04 1.229669522115667846e+01
3.220318303743164870e+04 1.236599793430304040e+01
3.239191513277811828e+04 1.243530064744940056e+01
3.258064722812459149e+04 1.250460336059576072e+01
3.276937932347106107e+04 1.257390607374212088e+01
3.295811141881753429e+04 1.264320878688848282e+01
3.314684351416400750e+04 1.271251150003484476e+01
3.333557560951047344e+04 1.278181421318120314e+01
3.352430770485695393e+04 1.285111692632756686e+01
3.371303980020341987e+04 1.292041963947392524e+01
3.390177189554989309e+04 1.298972235262028541e+01
3.409050399089636630e+04 1.305902506576664734e+01
3.427923608624283224e+04 1.312832777891300573e+01
3.446796818158931274e+04 1.319763049205936944e+01
3.465670027693577867e+04 1.326693320520572783e+01
3.484543237228225189e+04 1.333623591835208977e+01
3.503416446762872511e+04 1.340553863149845171e+01
3.522289656297519832e+04 1.347484134464481187e+01
3.541162865832167154e+04 1.354414405779117381e+01
3.560036075366813748e+04 1.361344677093753219e+01
3.578909284901461797e+04 1.368274948408389591e+01
3.597782494436108391e+04 1.375205219723025429e+01
3.616655703970755712e+04 1.382135491037661623e+01
3.635528913505403034e+04 1.389065762352297639e+01
3.654402123040049628e+04 1.395996033666933478e+01
3.673275332574697677e+04 1.402926304981570027e+01
3.692148542109344271e+04 1.409856576296205866e+01
3.711021751643991593e+04 1.416786847610841882e+01
3.729894961178638914e+04 1.423717118925478076e+01
3.748768170713285508e+04 1.430647390240113914e+01
3.767641380247933557e+04 1.437577661554750286e+01
3.786514589782580151e+04 1.444507932869386124e+01
3.805387799317227473e+04 1.451438204184022318e+01
3.824261008851874794e+04 1.458368475498658334e+01
3.843134218386521388e+04 1.465298746813294350e+01
3.862007427921169437e+04 1.472229018127930722e+01
3.880880637455816031e+04 1.479159289442566561e+01
3.899753846990463353e+04 1.486089560757202577e+01
3.918627056525110675e+04 1.493019832071838771e+01
3.937500266059757269e+04 1.499950103386474609e+01
3.956373475594405318e+04 1.506880374701110981e+01
3.975246685129051912e+04 1.513810646015746819e+01
3.994119894663699233e+04 1.520740917330383013e+01
4.012993104198346555e+04 1.527671188645019207e+01
4.031866313732993149e+04 1.534601459959655045e+01
4.050739523267641198e+04 1.541531731274291417e+01
4.069612732802287792e+04 1.548462002588927255e+01
4.088485942336935113e+04 1.555392273903563272e+01
4.107359151871582435e+04 1.562322545218199465e+01
4.126232361406229757e+04 1.569252816532835659e+01
4.145105570940877078e+04 1.576183087847471676e+01
4.163978780475523672e+04 1.583113359162107514e+01
4.182851990010171721e+04 1.590043630476743886e+01
4.201725199544818315e+04 1.596973901791379902e+01
4.220598409079465637e+04 1.603904173106015918e+01
4.239471618614112958e+04 1.610834444420652289e+01
4.258344828148759552e+04 1.617764715735287950e+01
4.277218037683407601e+04 1.624694987049924322e+01
4.296091247218054195e+04 1.631625258364560338e+01
4.314964456752701517e+04 1.638555529679196354e+01
4.333837666287348839e+04 1.645485800993832370e+01
4.352710875821995432e+04 1.652416072308468387e+01
4.371584085356643482e+04 1.659346343623104758e+01
4.390457294891290076e+04 1.666276614937740419e+01
4.409330504425937397e+04 1.673206886252376790e+01
4.428203713960584719e+04 1.680137157567012807e+01
4.447076923495231313e+04 1.687067428881648468e+01
4.465950133029879362e+04 1.693997700196285194e+01
4.484823342564525956e+04 1.700927971510920855e+01
4.503696552099173277e+04 1.707858242825556871e+01
4.522569761633820599e+04 1.714788514140193243e+01
4.541442971168467193e+04 1.721718785454828904e+01
4.560316180703115242e+04 1.728649056769465275e+01
4.579189390237761836e+04 1.735579328084101292e+01
4.598062599772409885e+04 1.742509599398737663e+01
4.616935809307056479e+04 1.749439870713373324e+01
4.635809018841703073e+04 1.756370142028009340e+01
4.654682228376351122e+04 1.763300413342645712e+01
4.673555437910997716e+04 1.770230684657281728e+01
4.692428647445645765e+04 1.777160955971918099e+01
4.711301856980292359e+04 1.784091227286553760e+01
4.730175066514938953e+04 1.791021498601189776e+01
4.749048276049587002e+04 1.797951769915826148e+01
4.767921485584233596e+04 1.804882041230461809e+01
4.786794695118881646e+04 1.811812312545098180e+01
4.805667904653528240e+04 1.818742583859734196e+01
4.824541114188174834e+04 1.825672855174370213e+01
4.843414323722822883e+04 1.832603126489006584e+01
4.862287533257469477e+04 1.839533397803642245e+01
4.881160742792117526e+04 1.846463669118278617e+01
4.900033952326764120e+04 1.853393940432914633e+01
4.918907161861410714e+04 1.860324211747550294e+01
4.937780371396058763e+04 1.867254483062186665e+01
4.956653580930705357e+04 1.874184754376822681e+01
4.975526790465353406e+04 1.881115025691459053e+01
4.994400000000000000e+04 1.888045297006095069e+01
