2.522949999999999818e+03 8.298149472568136176e+00
2.542974148296593285e+03 8.338478675099644022e+00
2.562998296593186751e+03 8.378500180910517514e+00
2.583022444889779763e+03 8.418216006617971203e+00
2.603046593186372775e+03 8.457628162904441638e+00
2.623070741482965786e+03 8.496738654513915634e+00
2.643094889779559253e+03 8.535549480248327825e+00
2.663119038076152265e+03 8.574062632963880048e+00
2.683143186372745731e+03 8.612280099567421132e+00
2.703167334669338743e+03 8.650203861012801809e+00
2.723191482965931755e+03 8.687835892297229634e+00
2.743215631262525221e+03 8.725178162457611464e+00
2.763239779559117778e+03 8.762232634566929690e+00
2.783263927855711700e+03 8.799001265730604260e+00
2.803288076152304711e+03 8.835486007082822724e+00
2.823312224448898178e+03 8.871688803782916466e+00
2.843336372745490735e+03 8.907611595011726280e+00
2.863360521042084201e+03 8.943256313967928861e+00
2.883384669338677213e+03 8.978624887864423698e+00
2.903408817635270680e+03 9.013719237924675554e+00
2.923432965931863691e+03 9.048541279379080038e+00
2.943457114228457158e+03 9.083092921461302538e+00
2.963481262525050170e+03 9.117376067404665108e+00
2.983505410821643636e+03 9.151392614438471185e+00
3.003529559118236193e+03 9.185144453784392482e+00
3.023553707414829660e+03 9.218633470652791928e+00
3.043577855711423126e+03 9.251861544239119439e+00
3.063602004008016593e+03 9.284830547720240190e+00
3.083626152304609150e+03 9.317542348250803741e+00
3.103650300601202616e+03 9.349998806959598951e+00
3.123674448897795628e+03 9.382201778945901793e+00
3.143698597194388640e+03 9.414153113275856910e+00
3.163722745490982106e+03 9.445854652978812993e+00
3.183746893787575573e+03 9.477308235043672369e+00
3.203771042084168585e+03 9.508515690415283217e+00
3.223795190380761596e+03 9.539478843990764290e+00
3.243819338677354608e+03 9.570199514615868708e+00
3.263843486973947620e+03 9.600679515081349535e+00
3.283867635270541086e+03 9.630920652119314695e+00
3.303891783567134553e+03 9.660924726399574780e+00
3.323915931863727565e+03 9.690693532526008624e+00
3.343940080160320576e+03 9.720228859032930657e+00
3.363964228456913588e+03 9.749532488381412065e+00
3.383988376753507055e+03 9.778606196955681895e+00
3.404012525050100521e+03 9.807451755059453546e+00
3.424036673346693533e+03 9.836070926912302781e+00
3.444060821643286545e+03 9.864465470645997769e+00
3.464084969939880011e+03 9.892637138300885979e+00
3.484109118236472568e+03 9.920587675822224227e+00
3.504133266533066035e+03 9.948318823056570892e+00
3.524157414829659501e+03 9.975832313748094649e+00
3.544181563126252968e+03 1.000312987553498090e+01
3.564205711422845525e+03 1.003021322994574938e+01
3.584229859719438991e+03 1.005708409239563750e+01
3.604254008016032458e+03 1.008374417218294461e+01
3.624278156312625470e+03 1.011019517248538868e+01
3.644302304609218481e+03 1.013643879035647899e+01
3.664326452905811948e+03 1.016247671672184261e+01
3.684350601202404960e+03 1.018831063637561130e+01
3.704374749498998426e+03 1.021394222797676576e+01
3.724398897795590983e+03 1.023937316404549591e+01
3.744423046092184450e+03 1.026460511095955397e+01
3.764447194388777461e+03 1.028963972895060763e+01
3.784471342685370928e+03 1.031447867210060920e+01
3.804495490981963940e+03 1.033912358833814693e+01
3.824519639278557406e+03 1.036357611943479995e+01
3.844543787575150418e+03 1.038783790100148963e+01
3.864567935871743430e+03 1.041191056248486468e+01
3.884592084168336896e+03 1.043579572716361525e+01
3.904616232464930363e+03 1.045949501214485799e+01
3.924640380761522920e+03 1.048301002836049278e+01
3.944664529058116386e+03 1.050634238056355585e+01
3.964688677354709398e+03 1.052949366732456404e+01
3.984712825651302410e+03 1.055246548102789106e+01
4.004736973947895876e+03 1.057525940786811347e+01
4.024761122244489343e+03 1.059787702784637986e+01
4.044785270541082355e+03 1.062031991476673731e+01
4.064809418837675366e+03 1.064258963623253607e+01
4.084833567134268378e+03 1.066468775364274180e+01
4.104857715430862299e+03 1.068661582218831541e+01
4.124881863727455311e+03 1.070837539084857504e+01
4.144906012024048323e+03 1.072996800238752968e+01
4.164930160320641335e+03 1.075139519335026250e+01
4.184954308617234346e+03 1.077265849405926623e+01
4.204978456913827358e+03 1.079375942861082294e+01
4.225002605210420370e+03 1.081469951487131986e+01
4.245026753507014291e+03 1.083548026447367718e+01
4.265050901803607303e+03 1.085610318281363362e+01
4.285075050100200315e+03 1.087656976904612627e+01
4.305099198396794236e+03 1.089688151608167743e+01
4.325123346693386338e+03 1.091703991058271583e+01
4.345147494989980260e+03 1.093704643295994217e+01
4.365171643286573271e+03 1.095690255736868934e+01
4.385195791583166283e+03 1.097660975170529341e+01
4.405219939879759295e+03 1.099616947760342711e+01
4.425244088176353216e+03 1.101558319043046374e+01
4.445268236472946228e+03 1.103485233928383913e+01
4.465292384769539240e+03 1.105397836698741543e+01
4.485316533066132251e+03 1.107296271008782007e+01
4.505340681362726173e+03 1.109180679885081311e+01
4.525364829659318275e+03 1.111051205725765101e+01
4.545388977955912196e+03 1.112907990300143801e+01
4.565413126252505208e+03 1.114751174748345974e+01
4.585437274549098220e+03 1.116580899580958253e+01
4.605461422845692141e+03 1.118397304678658877e+01
4.625485571142285153e+03 1.120200529291852298e+01
4.645509719438878165e+03 1.121990712040307514e+01
4.665533867735471176e+03 1.123767990912791248e+01
4.685558016032064188e+03 1.125532503266705753e+01
4.705582164328657200e+03 1.127284385827721991e+01
4.725606312625250212e+03 1.129023774689418858e+01
4.745630460921844133e+03 1.130750805312915297e+01
4.765654609218437145e+03 1.132465612526507215e+01
4.785678757515030156e+03 1.134168330525306345e+01
4.805702905811624078e+03 1.135859092870870057e+01
4.825727054108216180e+03 1.137538032490842532e+01
4.845751202404810101e+03 1.139205281678585635e+01
4.865775350701403113e+03 1.140860972092819914e+01
4.885799498997996125e+03 1.142505234757254584e+01
4.905823647294589136e+03 1.144138200060228172e+01
4.925847795591182148e+03 1.145759997754342585e+01
4.945871943887776069e+03 1.147370756956096471e+01
4.965896092184369081e+03 1.148970606145523909e+01
4.985920240480962093e+03 1.150559673165829366e+01
5.005944388777556014e+03 1.152138085223022124e+01
5.025968537074148117e+03 1.153705968885554434e+01
5.045992685370741128e+03 1.155263450083954879e+01
5.066016833667335050e+03 1.156810654110464398e+01
5.086040981963928061e+03 1.158347705618673018e+01
5.106065130260521073e+03 1.159874728623156059e+01
5.126089278557114994e+03 1.161391846499107494e+01
5.146113426853708006e+03 1.162899181981978458e+01
5.166137575150300108e+03 1.164396857167108479e+01
5.186161723446894030e+03 1.165884993509367895e+01
5.206185871743487041e+03 1.167363711822788019e+01
5.226210020040080053e+03 1.168833132280200360e+01
5.246234168336673974e+03 1.170293374412866427e+01
5.266258316633266077e+03 1.171744557110122997e+01
5.286282464929859998e+03 1.173186798619009785e+01
5.306306613226453010e+03 1.174620216543907247e+01
5.326330761523046021e+03 1.176044927846174204e+01
5.346354909819639943e+03 1.177461048843781910e+01
5.366379058116232954e+03 1.178868695210950790e+01
5.386403206412825966e+03 1.180267981977782377e+01
5.406427354709418978e+03 1.181659023529903862e+01
5.426451503006011990e+03 1.183041933608092933e+01
5.446475651302605911e+03 1.184416825307919474e+01
5.466499799599198923e+03 1.185783811079382133e+01
5.486523947895791935e+03 1.187143002726540786e+01
5.506548096192384946e+03 1.188494511407154519e+01
5.526572244488977958e+03 1.189838447632316054e+01
5.546596392785570970e+03 1.191174921266088127e+01
5.566620541082163982e+03 1.192504041525138270e+01
5.586644689378757903e+03 1.193825916978376966e+01
5.606668837675350915e+03 1.195140655546589770e+01
5.626692985971943926e+03 1.196448364502075989e+01
5.646717134268536938e+03 1.197749150468283119e+01
5.666741282565129950e+03 1.199043119419441439e+01
5.686765430861723871e+03 1.200330376680203415e+01
5.706789579158316883e+03 1.201611026925274572e+01
5.726813727454909895e+03 1.202885174179053251e+01
5.746837875751503816e+03 1.204152921815263255e+01
5.766862024048095918e+03 1.205414372556592006e+01
5.786886172344689840e+03 1.206669628474325151e+01
5.806910320641282851e+03 1.207918790987982405e+01
5.826934468937875863e+03 1.209161960864950913e+01
5.846958617234469784e+03 1.210399238220126961e+01
5.866982765531061887e+03 1.211630722515545422e+01
5.887006913827655808e+03 1.212856512560018452e+01
5.907031062124248820e+03 1.214076706508770442e+01
5.927055210420841831e+03 1.215291401863074228e+01
5.947079358717435753e+03 1.216500695469888349e+01
5.967103507014028764e+03 1.217704683521486864e+01
5.987127655310621776e+03 1.218903461555102830e+01
6.007151803607213878e+03 1.220097124452558646e+01
6.027175951903807800e+03 1.221285766439904030e+01
6.047200100200400811e+03 1.222469481087050625e+01
6.067224248496993823e+03 1.223648361307408372e+01
6.087248396793587744e+03 1.224822499357521011e+01
6.107272545090179847e+03 1.225991986836702097e+01
6.127296693386773768e+03 1.227156914686670497e+01
6.147320841683366780e+03 1.228317373191185524e+01
6.167344989979959792e+03 1.229473451975682963e+01
6.187369138276553713e+03 1.230625240006911447e+01
6.207393286573146725e+03 1.231772825592568665e+01
6.227417434869739736e+03 1.232916296380933652e+01
6.247441583166332748e+03 1.234055739360505655e+01
6.267465731462925760e+03 1.235191240859642292e+01
6.287489879759519681e+03 1.236322886546187405e+01
6.307514028056112693e+03 1.237450761427113477e+01
6.327538176352705705e+03 1.238574949848155704e+01
6.347562324649298716e+03 1.239695535493447132e+01
6.367586472945891728e+03 1.240812601385152902e+01
6.387610621242485649e+03 1.241926229883109301e+01
6.407634769539077752e+03 1.243036502684458355e+01
6.427658917835671673e+03 1.244143500823280135e+01
6.447683066132265594e+03 1.245247304670233746e+01
6.467707214428857696e+03 1.246347993932188913e+01
6.487731362725451618e+03 1.247445647651863965e+01
6.507755511022043720e+03 1.248540344207462027e+01
6.527779659318637641e+03 1.249632161312302614e+01
6.547803807615230653e+03 1.250721176014463509e+01
6.567827955911823665e+03 1.251807464696410577e+01
6.587852104208417586e+03 1.252891103074637869e+01
6.607876252505010598e+03 1.253972166199300631e+01
6.627900400801603610e+03 1.255050728453852926e+01
6.647924549098196621e+03 1.256126863554680639e+01
6.667948697394789633e+03 1.257200644550740343e+01
6.687972845691383554e+03 1.258272143823193545e+01
6.707996993987975657e+03 1.259341433085042183e+01
6.728021142284569578e+03 1.260408583380764824e+01
6.748045290581162590e+03 1.261473665085950557e+01
6.768069438877755601e+03 1.262536747906937151e+01
6.788093587174349523e+03 1.263597900880447611e+01
6.808117735470942534e+03 1.264657192373222649e+01
6.828141883767535546e+03 1.265714690081656357e+01
6.848166032064128558e+03 1.266770461031435957e+01
6.868190180360721570e+03 1.267824571577174453e+01
6.888214328657315491e+03 1.268877087402044879e+01
6.908238476953907593e+03 1.269928073517420231e+01
6.928262625250501515e+03 1.270977594262505406e+01
6.948286773547094526e+03 1.272025713303975891e+01
6.968310921843687538e+03 1.273072493635611124e+01
6.988335070140280550e+03 1.274117997577931050e+01
7.008359218436873562e+03 1.275162286777831255e+01
7.028383366733467483e+03 1.276205422208221307e+01
7.048407515030060495e+03 1.277247464167656688e+01
7.068431663326653506e+03 1.278288472279975352e+01
7.088455811623247428e+03 1.279328505493936596e+01
7.108479959919839530e+03 1.280367622082851753e+01
7.128504108216433451e+03 1.281405879644227497e+01
7.148528256513026463e+03 1.282443335099389969e+01
7.168552404809619475e+03 1.283480044693132527e+01
7.188576553106212486e+03 1.284516063993344304e+01
7.208600701402805498e+03 1.285551447890645704e+01
7.228624849699399419e+03 1.286586250598030112e+01
7.248648997995992431e+03 1.287620525650491743e+01
7.268673146292585443e+03 1.288654325904668241e+01
7.288697294589179364e+03 1.289687703538470664e+01
7.308721442885772376e+03 1.290720710050723596e+01
7.328745591182364478e+03 1.291753396260799391e+01
7.348769739478957490e+03 1.292785812308252602e+01
7.368793887775551411e+03 1.293818007652456359e+01
7.388818036072145333e+03 1.294850031072239105e+01
7.408842184368737435e+03 1.295881930665520088e+01
7.428866332665331356e+03 1.296913753848942719e+01
7.448890480961923458e+03 1.297945547357515927e+01
7.468914629258517380e+03 1.298977357244241304e+01
7.488938777555110391e+03 1.300009228879756051e+01
7.508962925851703403e+03 1.301041206951966878e+01
7.528987074148297324e+03 1.302073335465683535e+01
7.549011222444890336e+03 1.303105657742256085e+01
7.569035370741483348e+03 1.304138216419211815e+01
7.589059519038076360e+03 1.305171053449888774e+01
7.609083667334669371e+03 1.306204210103071972e+01
7.629107815631263293e+03 1.307237726962630475e+01
7.649131963927856305e+03 1.308271643927152184e+01
7.669156112224449316e+03 1.309306000209577903e+01
7.689180260521041419e+03 1.310340834336838967e+01
7.709204408817635340e+03 1.311376184149494861e+01
7.729228557114229261e+03 1.312412086801363742e+01
7.749252705410822273e+03 1.313448578759162544e+01
7.769276853707415285e+03 1.314485695802141052e+01
7.789301002004009206e+03 1.315523473021719170e+01
7.809325150300601308e+03 1.316561944821116015e+01
7.829349298597194320e+03 1.317601144914998557e+01
7.849373446893787332e+03 1.318641106329103252e+01
7.869397595190381253e+03 1.319681861399880241e+01
7.889421743486975174e+03 1.320723441774128126e+01
7.909445891783567276e+03 1.321765878408626271e+01
7.929470040080160288e+03 1.322809201569772952e+01
7.949494188376753300e+03 1.323853440833223516e+01
7.969518336673347221e+03 1.324898625083519121e+01
7.989542484969940233e+03 1.325944782513730402e+01
8.009566633266533245e+03 1.326991940625086563e+01
8.029590781563127166e+03 1.328040126226615314e+01
8.049614929859719268e+03 1.329089365434778003e+01
8.069639078156313190e+03 1.330139683673103868e+01
8.089663226452906201e+03 1.331191105671824815e+01
8.109687374749499213e+03 1.332243655467514820e+01
8.129711523046093134e+03 1.333297356402722755e+01
8.149735671342686146e+03 1.334352231125609833e+01
8.169759819639279158e+03 1.335408301589581725e+01
8.189783967935871260e+03 1.336465589052929914e+01
8.209808116232465181e+03 1.337524114078462034e+01
8.229832264529059103e+03 1.338583896533141271e+01
8.249856412825651205e+03 1.339644955587719544e+01
8.269880561122245126e+03 1.340707309716376372e+01
8.289904709418837228e+03 1.341770976696349393e+01
8.309928857715431150e+03 1.342835973607578026e+01
8.329953006012023252e+03 1.343902316832329902e+01
8.349977154308617173e+03 1.344970022054843284e+01
8.370001302605211094e+03 1.346039104260958830e+01
8.390025450901805016e+03 1.347109577737759345e+01
8.410049599198397118e+03 1.348181456073201545e+01
8.430073747494989220e+03 1.349254752155752257e+01
8.450097895791583142e+03 1.350329478174029063e+01
8.470122044088177063e+03 1.351405645616429396e+01
8.490146192384770984e+03 1.352483265270771362e+01
8.510170340681363086e+03 1.353562347223920703e+01
8.530194488977955189e+03 1.354642900861442101e+01
8.550218637274549110e+03 1.355724934867217968e+01
8.570242785571143031e+03 1.356808457223095843e+01
8.590266933867736952e+03 1.357893475208520151e+01
8.610291082164329055e+03 1.358979995400165919e+01
8.630315230460922976e+03 1.360068023671578530e+01
8.650339378757515078e+03 1.361157565192806373e+01
8.670363527054108999e+03 1.362248624430035449e+01
8.690387675350701102e+03 1.363341205145232493e+01
8.710411823647295023e+03 1.364435310395769640e+01
8.730435971943888944e+03 1.365530942534068792e+01
8.750460120240481046e+03 1.366628103207234801e+01
8.770484268537074968e+03 1.367726793356686699e+01
8.790508416833668889e+03 1.368827013217803668e+01
8.810532565130260991e+03 1.369928762319550586e+01
8.830556713426853094e+03 1.371032039484118492e+01
8.850580861723447015e+03 1.372136842826557412e+01
8.870605010020040936e+03 1.373243169754416471e+01
8.890629158316633038e+03 1.374351016967377959e+01
8.910653306613226960e+03 1.375460380456890164e+01
8.930677454909819062e+03 1.376571255505807301e+01
8.950701603206412983e+03 1.377683636688020741e+01
8.970725751503006904e+03 1.378797517868098588e+01
8.990749899799600826e+03 1.379912892200918861e+01
9.010774048096191109e+03 1.381029752131308896e+01
9.030798196392785030e+03 1.382148089393672841e+01
9.050822344689378951e+03 1.383267895011640292e+01
9.070846492985972873e+03 1.384389159297689176e+01
9.090870641282566794e+03 1.385511871852788346e+01
9.110894789579158896e+03 1.386636021566032362e+01
9.130918937875750999e+03 1.387761596614276272e+01
9.150943086172344920e+03 1.388888584461769682e+01
9.170967234468938841e+03 1.390016971859799710e+01
9.190991382765530943e+03 1.391146744846317418e+01
9.211015531062124865e+03 1.392277888745578984e+01
9.231039679358718786e+03 1.393410388167777825e+01
9.251063827655310888e+03 1.394544227008686832e+01
9.271087975951904809e+03 1.395679388449282499e+01
9.291112124248498731e+03 1.396815854955396574e+01
9.311136272545090833e+03 1.397953608277335036e+01
9.331160420841682935e+03 1.399092629449527792e+01
9.351184569138276856e+03 1.400232898790158131e+01
9.371208717434870778e+03 1.401374395900791114e+01
9.391232865731462880e+03 1.402517099666026112e+01
9.411257014028056801e+03 1.403660988253120578e+01
9.431281162324648903e+03 1.404806039111623761e+01
9.451305310621242825e+03 1.405952228973023566e+01
9.471329458917836746e+03 1.407099533850370854e+01
9.491353607214428848e+03 1.408247929037923640e+01
9.511377755511020951e+03 1.409397389110776189e+01
9.531401903807614872e+03 1.410547887924498944e+01
9.551426052104208793e+03 1.411699398614773315e+01
9.571450200400802714e+03 1.412851893597027342e+01
9.591474348697396636e+03 1.414005344566071187e+01
9.611498496993986919e+03 1.415159722495731032e+01
9.631522645290580840e+03 1.416314997638489004e+01
9.651546793587174761e+03 1.417471139525113522e+01
9.671570941883768683e+03 1.418628116964301000e+01
9.691595090180360785e+03 1.419785898042307082e+01
9.711619238476954706e+03 1.420944450122584612e+01
9.731643386773546808e+03 1.422103739845415760e+01
9.751667535070140730e+03 1.423263733127552833e+01
9.771691683366734651e+03 1.424424395161850043e+01
9.791715831663326753e+03 1.425585690416902374e+01
9.811739979959920674e+03 1.426747582636679823e+01
9.831764128256512777e+03 1.427910034840160414e+01
9.851788276553106698e+03 1.429073009320970655e+01
9.871812424849700619e+03 1.430236467647018195e+01
9.891836573146292722e+03 1.431400370660127663e+01
9.911860721442886643e+03 1.432564678475679720e+01
9.931884869739478745e+03 1.433729350482238907e+01
9.951909018036072666e+03 1.434894345341198729e+01
9.971933166332666588e+03 1.436059620986416618e+01
9.991957314629258690e+03 1.437225134623834322e+01
1.001198146292585079e+04 1.438390842731138619e+01
1.003200561122244471e+04 1.439556701057375676e+01
1.005202975951903863e+04 1.440722664622597549e+01
1.007205390781563256e+04 1.441888687717494122e+01
1.009207805611222466e+04 1.443054723903030023e+01
1.011210220440881676e+04 1.444220726010086508e+01
1.013212635270541068e+04 1.445386646139081499e+01
1.015215050100200460e+04 1.446552435659616975e+01
1.017217464929859852e+04 1.447718045210118376e+01
1.019219879759519245e+04 1.448883424697456945e+01
1.021222294589178273e+04 1.450048523296599257e+01
1.023224709418837665e+04 1.451213289450229738e+01
1.025227124248497057e+04 1.452377670868398596e+01
1.027229539078156449e+04 1.453541614528151449e+01
1.029231953907815659e+04 1.454705066673161973e+01
1.031234368737475052e+04 1.455867972813375744e+01
1.033236783567134262e+04 1.457030277724636846e+01
1.035239198396793654e+04 1.458191925448333492e+01
1.037241613226453046e+04 1.459352859291023208e+01
1.039244028056112256e+04 1.460513021824078805e+01
1.041246442885771648e+04 1.461672354883313574e+01
1.043248857715430859e+04 1.462830799568628493e+01
1.045251272545090251e+04 1.463988296243636533e+01
1.047253687374749643e+04 1.465144784535306854e+01
1.049256102204408853e+04 1.466300203333593899e+01
1.051258517034068063e+04 1.467454490791085320e+01
1.053260931863727455e+04 1.468607584322616333e+01
1.055263346693386848e+04 1.469759420604928657e+01
1.057265761523046240e+04 1.470909935576290728e+01
1.059268176352705450e+04 1.472059064436140297e+01
1.061270591182364660e+04 1.473206741644715301e+01
1.063273006012024052e+04 1.474352900922691489e+01
1.065275420841683444e+04 1.475497475250825019e+01
1.067277835671342837e+04 1.476640396869573379e+01
1.069280250501002229e+04 1.477781597278753090e+01
1.071282665330661257e+04 1.478921007237148366e+01
1.073285080160320649e+04 1.480058556762167044e+01
1.075287494989980041e+04 1.481194175129474111e+01
1.077289909819639433e+04 1.482327790872610507e+01
1.079292324649298644e+04 1.483459331782655255e+01
1.081294739478958036e+04 1.484588724907841062e+01
1.083297154308617246e+04 1.485715896553194071e+01
1.085299569138276638e+04 1.486840772280178413e+01
1.087301983967936030e+04 1.487963276906315357e+01
1.089304398797595240e+04 1.489083334504842426e+01
1.091306813627254633e+04 1.490200868404324197e+01
1.093309228456913843e+04 1.491315801188302537e+01
1.095311643286573235e+04 1.492428054694934403e+01
1.097314058116232627e+04 1.493537550016616855e+01
1.099316472945891837e+04 1.494644207499633026e+01
1.101318887775551048e+04 1.495747946743774648e+01
1.103321302605210440e+04 1.496848686601997258e+01
1.105323717434869832e+04 1.497946345180034200e+01
1.107326132264529042e+04 1.499040839836054850e+01
1.109328547094188434e+04 1.500132087180273643e+01
1.111330961923847644e+04 1.501220003074615406e+01
1.113333376753507036e+04 1.502304502632327754e+01
1.115335791583166429e+04 1.503385500217625825e+01
1.117338206412825821e+04 1.504462909445327412e+01
1.119340621242485031e+04 1.505536643180498935e+01
1.121343036072144241e+04 1.506606613538063044e+01
1.123345450901803633e+04 1.507672731882465023e+01
1.125347865731463025e+04 1.508734908827290866e+01
1.127350280561122418e+04 1.509793054234908638e+01
1.129352695390781628e+04 1.510847077216103962e+01
1.131355110220440838e+04 1.511896886129720841e+01
1.133357525050100230e+04 1.512942388582276010e+01
1.135359939879759622e+04 1.513983491427624983e+01
1.137362354709419014e+04 1.515020100766575162e+01
1.139364769539078225e+04 1.516052121946535536e+01
1.141367184368737617e+04 1.517079459561142230e+01
1.143369599198396827e+04 1.518102017449895058e+01
1.145372014028056219e+04 1.519119698697806520e+01
1.147374428857715611e+04 1.520132405635018458e+01
1.149376843687374821e+04 1.521140039836447500e+01
1.151379258517034032e+04 1.522142502121425878e+01
1.153381673346693424e+04 1.523139692553321289e+01
1.155384088176352816e+04 1.524131510439188553e+01
1.157386503006012026e+04 1.525117854329408118e+01
1.159388917835671418e+04 1.526098622017297224e+01
1.161391332665330629e+04 1.527073710538767770e+01
1.163393747494990021e+04 1.528043016171959323e+01
1.165396162324649413e+04 1.529006434436863415e+01
1.167398577154308623e+04 1.529963860094974848e+01
1.169400991983968015e+04 1.530915187148911194e+01
1.171403406813627225e+04 1.531860308842064100e+01
1.173405821643286617e+04 1.532799117658226429e+01
1.175408236472946010e+04 1.533731505321225086e+01
1.177410651302605402e+04 1.534657362794566104e+01
1.179413066132264430e+04 1.535576580281058945e+01
1.181415480961923822e+04 1.536489047222458559e+01
1.183417895791583214e+04 1.537394652299111897e+01
1.185420310621242606e+04 1.538293283429571012e+01
1.187422725450901999e+04 1.539184827770242059e+01
1.189425140280561209e+04 1.540069171715025931e+01
1.191427555110220419e+04 1.540946200894936524e+01
1.193429969939879811e+04 1.541815800177755769e+01
1.195432384769539203e+04 1.542677853667661125e+01
1.197434799599198595e+04 1.543532244704853795e+01
1.199437214428857806e+04 1.544378855865206290e+01
1.201439629258517016e+04 1.545217568959894372e+01
1.203442044088176408e+04 1.546048265035029345e+01
1.205444458917835800e+04 1.546870824371299946e+01
1.207446873747495010e+04 1.547685126483594331e+01
1.209449288577154402e+04 1.548491050120663814e+01
1.211451703406813613e+04 1.549288473264721233e+01
1.213454118236473005e+04 1.550077273131105215e+01
1.215456533066132397e+04 1.550857326167912120e+01
1.217458947895791607e+04 1.551628508055609856e+01
1.219461362725450999e+04 1.552390693706708369e+01
1.221463777555110210e+04 1.553143757265367242e+01
1.223466192384769602e+04 1.553887572107037229e+01
1.225468607214428994e+04 1.554622010838110313e+01
1.227471022044088204e+04 1.555346945295539385e+01
1.229473436873747414e+04 1.556062246546481020e+01
1.231475851703406806e+04 1.556767784887922978e+01
1.233478266533066198e+04 1.557463429846335146e+01
1.235480681362725409e+04 1.558149050177295436e+01
1.237483096192384801e+04 1.558824513865117112e+01
1.239485511022044011e+04 1.559489688122511808e+01
1.241487925851703403e+04 1.560144439390193938e+01
1.243490340681362795e+04 1.569802660592345589e+01
1.262397424396531824e+04 1.580144299112176043e+01
1.281304508111700852e+04 1.590485937632006497e+01
1.300211591826869881e+04 1.600827576151836951e+01
1.319118675542038909e+04 1.611169214671667049e+01
1.338025759257207937e+04 1.621510853191497503e+01
1.356932842972376966e+04 1.631852491711327957e+01
1.375839926687545994e+04 1.642194130231158056e+01
1.394747010402715023e+04 1.652535768750988510e+01
1.413654094117884051e+04 1.662877407270818964e+01
1.432561177833053080e+04 1.673219045790649062e+01
1.451468261548222108e+04 1.683560684310479516e+01
1.470375345263391137e+04 1.693902322830309970e+01
1.489282428978560347e+04 1.704243961350140069e+01
1.508189512693729193e+04 1.714585599869970522e+01
1.527096596408898404e+04 1.724927238389800976e+01
1.546003680124067250e+04 1.735268876909631075e+01
1.564910763839236461e+04 1.745610515429461884e+01
1.583817847554405307e+04 1.755952153949291983e+01
1.602724931269574518e+04 1.766293792469122437e+01
1.621632014984743364e+04 1.776635430988952891e+01
1.640539098699912574e+04 1.786977069508782989e+01
1.659446182415081421e+04 1.797318708028613088e+01
1.678353266130250631e+04 1.807660346548443897e+01
1.697260349845419842e+04 1.818001985068273996e+01
1.716167433560588688e+04 1.828343623588104450e+01
1.735074517275757535e+04 1.838685262107934903e+01
1.753981600990926745e+04 1.849026900627765002e+01
1.772888684706095955e+04 1.859368539147595811e+01
1.791795768421264802e+04 1.869710177667425910e+01
1.810702852136433648e+04 1.880051816187256009e+01
1.829609935851602859e+04 1.890393454707086462e+01
1.848517019566772069e+04 1.900735093226916916e+01
1.867424103281940916e+04 1.911076731746747015e+01
1.886331186997109762e+04 1.921418370266577469e+01
1.905238270712278972e+04 1.931760008786407923e+01
1.924145354427448183e+04 1.942101647306238377e+01
1.943052438142617029e+04 1.952443285826068831e+01
1.961959521857785876e+04 1.962784924345898929e+01
1.980866605572955086e+04 1.973126562865729383e+01
1.999773689288124297e+04 1.983468201385559837e+01
2.018680773003293143e+04 1.993809839905389936e+01
2.037587856718462353e+04 2.004151478425220390e+01
2.056494940433631200e+04 2.014493116945050843e+01
2.075402024148800410e+04 2.024834755464880942e+01
2.094309107863969257e+04 2.035176393984711396e+01
2.113216191579138103e+04 2.045518032504541850e+01
2.132123275294307314e+04 2.055859671024371949e+01
2.151030359009476524e+04 2.066201309544202758e+01
2.169937442724645371e+04 2.076542948064032856e+01
2.188844526439814581e+04 2.086884586583863310e+01
2.207751610154983791e+04 2.097226225103693764e+01
2.226658693870152638e+04 2.107567863623523863e+01
2.245565777585321484e+04 2.117909502143353961e+01
2.264472861300490695e+04 2.128251140663184771e+01
2.283379945015659905e+04 2.138592779183014869e+01
2.302287028730828752e+04 2.148934417702845323e+01
2.321194112445997598e+04 2.159276056222675777e+01
2.340101196161166808e+04 2.169617694742505876e+01
2.359008279876336019e+04 2.179959333262336685e+01
2.377915363591504865e+04 2.190300971782166783e+01
2.396822447306673712e+04 2.200642610301996882e+01
2.415729531021842922e+04 2.210984248821827336e+01
2.434636614737012133e+04 2.221325887341657790e+01
2.453543698452180979e+04 2.231667525861487889e+01
2.472450782167349826e+04 2.242009164381318342e+01
2.491357865882519036e+04 2.252350802901148796e+01
2.510264949597688246e+04 2.262692441420979250e+01
2.529172033312857093e+04 2.273034079940809704e+01
2.548079117028025939e+04 2.283375718460639803e+01
2.566986200743195150e+04 2.293717356980469901e+01
2.585893284458364360e+04 2.304058995500300711e+01
2.604800368173533207e+04 2.314400634020130809e+01
2.623707451888702053e+04 2.324742272539960908e+01
2.642614535603871263e+04 2.335083911059791717e+01
2.661521619319040474e+04 2.345425549579621816e+01
2.680428703034209320e+04 2.355767188099452270e+01
2.699335786749378167e+04 2.366108826619282723e+01
2.718242870464547377e+04 2.376450465139112822e+01
2.737149954179716588e+04 2.386792103658943631e+01
2.756057037894885434e+04 2.397133742178773730e+01
2.774964121610054644e+04 2.407475380698603828e+01
2.793871205325223855e+04 2.417817019218434638e+01
2.812778289040392701e+04 2.428158657738264736e+01
2.831685372755561548e+04 2.438500296258094835e+01
2.850592456470730758e+04 2.448841934777925644e+01
2.869499540185899968e+04 2.459183573297755743e+01
2.888406623901068815e+04 2.469525211817586197e+01
2.907313707616237662e+04 2.479866850337416651e+01
2.926220791331406872e+04 2.490208488857246749e+01
2.945127875046575718e+04 2.500550127377077203e+01
2.964034958761744929e+04 2.510891765896907657e+01
2.982942042476913775e+04 2.521233404416737756e+01
3.001849126192082986e+04 2.531575042936568209e+01
3.020756209907251832e+04 2.541916681456398308e+01
3.039663293622421043e+04 2.552258319976228762e+01
3.058570377337590253e+04 2.562599958496059216e+01
3.077477461052759099e+04 2.572941597015889670e+01
3.096384544767928310e+04 2.583283235535720124e+01
3.115291628483097156e+04 2.593624874055550222e+01
3.134198712198266367e+04 2.603966512575380676e+01
3.153105795913435213e+04 2.614308151095211130e+01
3.172012879628604423e+04 2.624649789615041584e+01
3.190919963343773270e+04 2.634991428134871683e+01
3.209827047058942480e+04 2.645333066654702137e+01
3.228734130774111327e+04 2.655674705174532235e+01
3.247641214489280537e+04 2.666016343694362689e+01
3.266548298204449384e+04 2.676357982214193143e+01
3.285455381919618230e+04 2.686699620734023242e+01
3.304362465634787804e+04 2.697041259253854051e+01
3.323269549349956651e+04 2.707382897773684149e+01
3.342176633065125498e+04 2.717724536293514603e+01
3.361083716780295072e+04 2.728066174813345057e+01
3.379990800495463191e+04 2.738407813333174801e+01
3.398897884210632765e+04 2.748749451853005610e+01
3.417804967925801611e+04 2.759091090372835708e+01
3.436712051640970458e+04 2.769432728892666162e+01
3.455619135356140032e+04 2.779774367412496616e+01
3.474526219071308878e+04 2.790116005932327070e+01
3.493433302786477725e+04 2.800457644452157169e+01
3.512340386501647299e+04 2.810799282971987978e+01
3.531247470216815418e+04 2.821140921491817721e+01
3.550154553931984992e+04 2.831482560011648530e+01
3.569061637647153839e+04 2.841824198531478629e+01
3.587968721362322685e+04 2.852165837051308728e+01
3.606875805077492259e+04 2.862507475571139537e+01
3.625782888792661106e+04 2.872849114090969636e+01
3.644689972507829953e+04 2.883190752610800089e+01
3.663597056222999527e+04 2.893532391130630543e+01
3.682504139938168373e+04 2.903874029650460997e+01
3.701411223653337220e+04 2.914215668170291096e+01
3.720318307368506794e+04 2.924557306690121905e+01
3.739225391083674913e+04 2.934898945209951648e+01
3.758132474798844487e+04 2.945240583729782458e+01
3.777039558514013333e+04 2.955582222249612556e+01
3.795946642229182180e+04 2.965923860769442655e+01
3.814853725944351754e+04 2.976265499289273464e+01
3.833760809659520601e+04 2.986607137809103563e+01
3.852667893374689447e+04 2.996948776328934017e+01
3.871574977089859021e+04 3.007290414848764470e+01
3.890482060805027140e+04 3.017632053368594569e+01
3.909389144520196714e+04 3.027973691888425023e+01
3.928296228235365561e+04 3.038315330408255477e+01
3.947203311950534408e+04 3.048656968928085575e+01
3.966110395665703982e+04 3.058998607447916029e+01
3.985017479380872828e+04 3.069340245967746483e+01
4.003924563096041675e+04 3.079681884487576582e+01
4.022831646811211249e+04 3.090023523007407391e+01
4.041738730526379368e+04 3.100365161527237134e+01
4.060645814241548942e+04 3.110706800047067944e+01
4.079552897956717788e+04 3.121048438566898042e+01
4.098459981671886635e+04 3.131390077086728496e+01
4.117367065387056209e+04 3.141731715606558950e+01
4.136274149102225056e+04 3.152073354126389049e+01
4.155181232817393902e+04 3.162414992646219503e+01
4.174088316532563476e+04 3.172756631166049957e+01
4.192995400247731595e+04 3.183098269685880055e+01
4.211902483962901169e+04 3.193439908205710509e+01
4.230809567678070016e+04 3.203781546725541318e+01
4.249716651393238863e+04 3.214123185245371417e+01
4.268623735108408437e+04 3.224464823765201515e+01
4.287530818823577283e+04 3.234806462285031614e+01
4.306437902538746130e+04 3.245148100804861713e+01
4.325344986253915704e+04 3.255489739324693232e+01
4.344252069969084550e+04 3.265831377844523331e+01
4.363159153684253397e+04 3.276173016364353430e+01
4.382066237399422971e+04 3.286514654884183528e+01
4.400973321114591090e+04 3.296856293404013627e+01
4.419880404829760664e+04 3.307197931923844436e+01
4.438787488544929511e+04 3.317539570443675245e+01
4.457694572260098357e+04 3.327881208963505344e+01
4.476601655975267931e+04 3.338222847483335443e+01
4.495508739690436778e+04 3.348564486003165541e+01
4.514415823405605624e+04 3.358906124522995640e+01
4.533322907120775199e+04 3.369247763042827160e+01
4.552229990835943318e+04 3.379589401562656548e+01
4.571137074551112892e+04 3.389931040082487357e+01
4.590044158266282466e+04 3.400272678602317455e+01
4.608951241981450585e+04 3.410614317122147554e+01
4.627858325696620159e+04 3.420955955641978363e+01
4.646765409411788278e+04 3.431297594161807751e+01
4.665672493126957852e+04 3.441639232681639271e+01
4.684579576842127426e+04 3.451980871201469370e+01
4.703486660557295545e+04 3.462322509721299468e+01
4.722393744272465119e+04 3.472664148241129567e+01
4.741300827987634693e+04 3.483005786760961087e+01
4.760207911702802812e+04 3.493347425280790475e+01
4.779114995417972386e+04 3.503689063800621284e+01
4.798022079133140505e+04 3.514030702320451383e+01
4.816929162848310079e+04 3.524372340840281481e+01
4.835836246563479654e+04 3.534713979360112290e+01
4.854743330278647773e+04 3.545055617879941678e+01
4.873650413993817347e+04 3.555397256399773198e+01
4.892557497708986921e+04 3.565738894919603297e+01
4.911464581424155040e+04 3.576080533439433395e+01
4.930371665139324614e+04 3.586422171959263494e+01
4.949278748854494188e+04 3.596763810479095014e+01
4.968185832569662307e+04 3.607105448998924402e+01
4.987092916284831881e+04 3.617447087518755211e+01
5.006000000000000000e+04 3.627788726038585310e+01
