1.004639999999999986e+03 9.278001510092103388e+00
1.017366773547094112e+03 9.329018647417342436e+00
1.030093547094188352e+03 9.379629983188440434e+00
1.042820320641282478e+03 9.429837440299905893e+00
1.055547094188376832e+03 9.479642942051832222e+00
1.068273867735470958e+03 9.529048412113217736e+00
1.081000641282565084e+03 9.578055774485267904e+00
1.093727414829659210e+03 9.626666953464731336e+00
1.106454188376753564e+03 9.674883873607218021e+00
1.119180961923847690e+03 9.722708459690556637e+00
1.131907735470942043e+03 9.770142636678052384e+00
1.144634509018036169e+03 9.817188329681883374e+00
1.157361282565130296e+03 9.863847463926376236e+00
1.170088056112224422e+03 9.910121964711336773e+00
1.182814829659318775e+03 9.956013757375391293e+00
1.195541603206412901e+03 1.000152476725930306e+01
1.208268376753507027e+03 1.004665691966929231e+01
1.220995150300601154e+03 1.009141213984035446e+01
1.233721923847695507e+03 1.013579235289960323e+01
1.246448697394789633e+03 1.017979948382957289e+01
1.259175470941883759e+03 1.022343545743156312e+01
1.271902244488977885e+03 1.026670219828894659e+01
1.284629018036072239e+03 1.030960163073049074e+01
1.297355791583166365e+03 1.035213567879369556e+01
1.310082565130260491e+03 1.039430626618811893e+01
1.322809338677354845e+03 1.043611531625868949e+01
1.335536112224448971e+03 1.047756475194902848e+01
1.348262885771543097e+03 1.051865649576477324e+01
1.360989659318637223e+03 1.055939246973693102e+01
1.373716432865731349e+03 1.059977459538515987e+01
1.386443206412825703e+03 1.063980479368111531e+01
1.399169979959920056e+03 1.067948498501177212e+01
1.411896753507014182e+03 1.071881708914275322e+01
1.424623527054108308e+03 1.075780302518163900e+01
1.437350300601202434e+03 1.079644471154129626e+01
1.450077074148296560e+03 1.083474406590322126e+01
1.462803847695390687e+03 1.087270300518084198e+01
1.475530621242484813e+03 1.091032344548282929e+01
1.488257394789579394e+03 1.094760730207647370e+01
1.500984168336673520e+03 1.098455648935094864e+01
1.513710941883767646e+03 1.102117292078067123e+01
1.526437715430861772e+03 1.105745850888861881e+01
1.539164488977955898e+03 1.109341516520964532e+01
1.551891262525050251e+03 1.112904480025380138e+01
1.564618036072144378e+03 1.116434932346969333e+01
1.577344809619238504e+03 1.119933064320775529e+01
1.590071583166332857e+03 1.123399066668361357e+01
1.602798356713426983e+03 1.126833129994138005e+01
1.615525130260521109e+03 1.130235444781701659e+01
1.628251903807615236e+03 1.133606201390160706e+01
1.640978677354709362e+03 1.136945590050472887e+01
1.653705450901803715e+03 1.140253800861775346e+01
1.666432224448897841e+03 1.143531023787715739e+01
1.679158997995991967e+03 1.146777448652787612e+01
1.691885771543086094e+03 1.149993265138661869e+01
1.704612545090180447e+03 1.153178662780518238e+01
1.717339318637274573e+03 1.156333830963376741e+01
1.730066092184368699e+03 1.159458958918433069e+01
1.742792865731462825e+03 1.162554235719388984e+01
1.755519639278556951e+03 1.165619850278785208e+01
1.768246412825651532e+03 1.168655991344334666e+01
1.780973186372745658e+03 1.171662847495251469e+01
1.793699959919839785e+03 1.174640607138587356e+01
1.806426733466933911e+03 1.177589458505562092e+01
1.819153507014028037e+03 1.180509589647898139e+01
1.831880280561122163e+03 1.183401188434147144e+01
1.844607054108216289e+03 1.186264442546032072e+01
1.857333827655310415e+03 1.189099539474768363e+01
1.870060601202404996e+03 1.191906666517405355e+01
1.882787374749499122e+03 1.194686010773152773e+01
1.895514148296593248e+03 1.197437759139718239e+01
1.908240921843687602e+03 1.200162098309635184e+01
1.920967695390781728e+03 1.202859214766597518e+01
1.933694468937875854e+03 1.205529294781791805e+01
1.946421242484969980e+03 1.208172524410227844e+01
1.959148016032064106e+03 1.210789089487075287e+01
1.971874789579158232e+03 1.213379175623992268e+01
1.984601563126252586e+03 1.215942968205457575e+01
1.997328336673346712e+03 1.218480652385106211e+01
2.010055110220440838e+03 1.220992413082058192e+01
2.022781883767535192e+03 1.223478434977254992e+01
2.035508657314629318e+03 1.225938902509787098e+01
2.048235430861723216e+03 1.228373999873231170e+01
2.060962204408817342e+03 1.230783911011978660e+01
2.073688977955911923e+03 1.233168819617570122e+01
2.086415751503006049e+03 1.235528909125028285e+01
2.099142525050100176e+03 1.237864362709188626e+01
2.111869298597194302e+03 1.240175363281032261e+01
2.124596072144288883e+03 1.242462093484018482e+01
2.137322845691383009e+03 1.244724735690417106e+01
2.150049619238477135e+03 1.246963471997644390e+01
2.162776392785571261e+03 1.249178484224585617e+01
2.175503166332665387e+03 1.251369953907941657e+01
2.188229939879759513e+03 1.253538062298547473e+01
2.200956713426853639e+03 1.255682990357713180e+01
2.213683486973947765e+03 1.257804918753554624e+01
2.226410260521042346e+03 1.259904027857323783e+01
2.239137034068136472e+03 1.261980497739743612e+01
2.251863807615230598e+03 1.264034508167337378e+01
2.264590581162324725e+03 1.266066238598766702e+01
2.277317354709418851e+03 1.268075868181156096e+01
2.290044128256512977e+03 1.270063575746434026e+01
2.302770901803607558e+03 1.272029539807655141e+01
2.315497675350701684e+03 1.273973938555343821e+01
2.328224448897795810e+03 1.275896949853816764e+01
2.340951222444889936e+03 1.277798751237525110e+01
2.353677995991984062e+03 1.279679519907373297e+01
2.366404769539078188e+03 1.281539432727067762e+01
2.379131543086172314e+03 1.283378666219437392e+01
2.391858316633266440e+03 1.285197396562768901e+01
2.404585090180360567e+03 1.286995799587142031e+01
2.417311863727455147e+03 1.288774050770759061e+01
2.430038637274549274e+03 1.290532325236276279e+01
2.442765410821643400e+03 1.292270797747142907e+01
2.455492184368737526e+03 1.293989642703923693e+01
2.468218957915831652e+03 1.295689034140639251e+01
2.480945731462925778e+03 1.297369145721095052e+01
2.493672505010019904e+03 1.299030150735213596e+01
2.506399278557114030e+03 1.300672222095369435e+01
2.519126052104208611e+03 1.302295532332717798e+01
2.531852825651302737e+03 1.303900253593528191e+01
2.544579599198396863e+03 1.305486557635519418e+01
2.557306372745490989e+03 1.307054615824189625e+01
2.570033146292585116e+03 1.308604599129150259e+01
2.582759919839679242e+03 1.310136678120453269e+01
2.595486693386773368e+03 1.311651022964931812e+01
2.608213466933867494e+03 1.313147803422526394e+01
2.620940240480962075e+03 1.314627188842620598e+01
2.633667014028056201e+03 1.316089348160370776e+01
2.646393787575150327e+03 1.317534449893038229e+01
2.659120561122244908e+03 1.318962662136327779e+01
2.671847334669339034e+03 1.320374152560711423e+01
2.684574108216433160e+03 1.321769088407766013e+01
2.697300881763527286e+03 1.323147636486507039e+01
2.710027655310621412e+03 1.324509963169715476e+01
2.722754428857715538e+03 1.325856234390272270e+01
2.735481202404809665e+03 1.327186615637494782e+01
2.748207975951903791e+03 1.328501271953465235e+01
2.760934749498998372e+03 1.329800367929362537e+01
2.773661523046092498e+03 1.331084067701797125e+01
2.786388296593186624e+03 1.332352534949142608e+01
2.799115070140280750e+03 1.333605932887866530e+01
2.811841843687374876e+03 1.334844424268865382e+01
2.824568617234469002e+03 1.336068171373795721e+01
2.837295390781563583e+03 1.337277336011404572e+01
2.850022164328657709e+03 1.338472079513867996e+01
2.862748937875751835e+03 1.339652562733114394e+01
2.875475711422845961e+03 1.340818946037164849e+01
2.888202484969940087e+03 1.341971389306459983e+01
2.900929258517034214e+03 1.343110051930199944e+01
2.913656032064128340e+03 1.344235092802665577e+01
2.926382805611222466e+03 1.345346670319560900e+01
2.939109579158316592e+03 1.346444942374339249e+01
2.951836352705410718e+03 1.347530066354539890e+01
2.964563126252504844e+03 1.348602199138116653e+01
2.977289899799599425e+03 1.349661497089774542e+01
2.990016673346693551e+03 1.350708116057296593e+01
3.002743446893787677e+03 1.351742211367883328e+01
3.015470220440881803e+03 1.352763937824475704e+01
3.028196993987975929e+03 1.353773449702099896e+01
3.040923767535070056e+03 1.354770900744188467e+01
3.053650541082164636e+03 1.355756444158915563e+01
3.066377314629258763e+03 1.356730232615538867e+01
3.079104088176352889e+03 1.357692418240712406e+01
3.091830861723447015e+03 1.358643152614838279e+01
3.104557635270541141e+03 1.359582586768393497e+01
3.117284408817635267e+03 1.360510871178253467e+01
3.130011182364729393e+03 1.361428155764031800e+01
3.142737955911823519e+03 1.362334589884418534e+01
3.155464729458918100e+03 1.363230322333501832e+01
3.168191503006012226e+03 1.364115501337100866e+01
3.180918276553106352e+03 1.364990274549107241e+01
3.193645050100200933e+03 1.365854789047812190e+01
3.206371823647295059e+03 1.366709191332235918e+01
3.219098597194389185e+03 1.367553627318464393e+01
3.231825370741483312e+03 1.368388242335980109e+01
3.244552144288577438e+03 1.369213181123992484e+01
3.257278917835671564e+03 1.370028587827777500e+01
3.270005691382765690e+03 1.370834605995002420e+01
3.282732464929859816e+03 1.371631378572057969e+01
3.295459238476953942e+03 1.372419047900396194e+01
3.308186012024048068e+03 1.373197755712860513e+01
3.320912785571142194e+03 1.373967643130018601e+01
3.333639559118236321e+03 1.374728850656489243e+01
3.346366332665330447e+03 1.375481518177288720e+01
3.359093106212424573e+03 1.376225784954143450e+01
3.371819879759518699e+03 1.376961789621839216e+01
3.384546653306613734e+03 1.377689670184543758e+01
3.397273426853707861e+03 1.378409564012146049e+01
3.410000200400801987e+03 1.379121607836584218e+01
3.422726973947896113e+03 1.379825937748177367e+01
3.435453747494990239e+03 1.380522689191963082e+01
3.448180521042084365e+03 1.381211996964021438e+01
3.460907294589178491e+03 1.381893995207815351e+01
3.473634068136272617e+03 1.382568817410520978e+01
3.486360841683366743e+03 1.383236596399355989e+01
3.499087615230461324e+03 1.383897464337918493e+01
3.511814388777555450e+03 1.384551552722511047e+01
3.524541162324649576e+03 1.385198992378484562e+01
3.537267935871743703e+03 1.385839913456557326e+01
3.549994709418837829e+03 1.386474445429161761e+01
3.562721482965931955e+03 1.387102717086763093e+01
3.575448256513026081e+03 1.387724856534198992e+01
3.588175030060120207e+03 1.388340991187012818e+01
3.600901803607214788e+03 1.388951247767781183e+01
3.613628577154308914e+03 1.389555752302453229e+01
3.626355350701403040e+03 1.390154630116675349e+01
3.639082124248497166e+03 1.390748005832129763e+01
3.651808897795591292e+03 1.391336003362863494e+01
3.664535671342685418e+03 1.391918745911623034e+01
3.677262444889779545e+03 1.392496355966180843e+01
3.689989218436873671e+03 1.393068955295676403e+01
3.702715991983968252e+03 1.393636664946946269e+01
3.715442765531062378e+03 1.394199605240851270e+01
3.728169539078156504e+03 1.394757895768610112e+01
3.740896312625250630e+03 1.395311655388137950e+01
3.753623086172344756e+03 1.395861002220377145e+01
3.766349859719438882e+03 1.396406053645619139e+01
3.779076633266533463e+03 1.396946926299853331e+01
3.791803406813627589e+03 1.397483736071087179e+01
3.804530180360721715e+03 1.398016598095684415e+01
3.817256953907815841e+03 1.398545626754692606e+01
3.829983727454909967e+03 1.399070935670180660e+01
3.842710501002004094e+03 1.399592637701570652e+01
3.855437274549098220e+03 1.400110844941966803e+01
3.868164048096192346e+03 1.400625668714484462e+01
3.880890821643286472e+03 1.401137219568601466e+01
3.893617595190380598e+03 1.401645607276467942e+01
3.906344368737474724e+03 1.402150940829241677e+01
3.919071142284569760e+03 1.402653328433439839e+01
3.931797915831663886e+03 1.403152877507248064e+01
3.944524689378758012e+03 1.403649694676867199e+01
3.957251462925852138e+03 1.404143885772842282e+01
3.969978236472946264e+03 1.404635555826389393e+01
3.982705010020040390e+03 1.405124809065735647e+01
3.995431783567134516e+03 1.405611748912449244e+01
4.008158557114228643e+03 1.406096477977769155e+01
4.020885330661322769e+03 1.406579098058940147e+01
4.033612104208416895e+03 1.407059710135546737e+01
4.046338877755511021e+03 1.407538414365841817e+01
4.059065651302605147e+03 1.408015310083077409e+01
4.071792424849699273e+03 1.408490495791843955e+01
4.084519198396793399e+03 1.408964069164400001e+01
4.097245971943887525e+03 1.409436127037002606e+01
4.109972745490982561e+03 1.409906765406238449e+01
4.122699519038076687e+03 1.410376079425359208e+01
4.135426292585170813e+03 1.410844163400616580e+01
4.148153066132264939e+03 1.411311110787590906e+01
4.160879839679359065e+03 1.411777014187521218e+01
4.173606613226453192e+03 1.412241965343638839e+01
4.186333386773547318e+03 1.412706055137507377e+01
4.199060160320641444e+03 1.413169373585344957e+01
4.211786933867735570e+03 1.413632009834360659e+01
4.224513707414829696e+03 1.414094052159089898e+01
4.237240480961923822e+03 1.414555587957720562e+01
4.249967254509017948e+03 1.415016703748434779e+01
4.262694028056112074e+03 1.415477485165728311e+01
4.275420801603206201e+03 1.415938016956752676e+01
4.288147575150300327e+03 1.416398382977645554e+01
4.300874348697394453e+03 1.416858666189865801e+01
4.313601122244488579e+03 1.417318948656508937e+01
4.326327895791582705e+03 1.417779311538676623e+01
4.339054669338676831e+03 1.418239835091760170e+01
4.351781442885771867e+03 1.418700598661814283e+01
4.364508216432865993e+03 1.419161680681875026e+01
4.377234989979960119e+03 1.419623158668277085e+01
4.389961763527054245e+03 1.420085109217012587e+01
4.402688537074148371e+03 1.420547608000044093e+01
4.415415310621242497e+03 1.421010729761647085e+01
4.428142084168336623e+03 1.421474548314733610e+01
4.440868857715431659e+03 1.421939136537197257e+01
4.453595631262525785e+03 1.422404566368233958e+01
4.466322404809619911e+03 1.422870908804680923e+01
4.479049178356714037e+03 1.423338233897340999e+01
4.491775951903808163e+03 1.423806610747325507e+01
4.504502725450902290e+03 1.424276107502383582e+01
4.517229498997996416e+03 1.424746791353231501e+01
4.529956272545090542e+03 1.425218728529883805e+01
4.542683046092184668e+03 1.425691984297989379e+01
4.555409819639278794e+03 1.426166622955168606e+01
4.568136593186372920e+03 1.426642707827330270e+01
4.580863366733467046e+03 1.427120301265022562e+01
4.593590140280561172e+03 1.427599464639749982e+01
4.606316913827655299e+03 1.428080258340315822e+01
4.619043687374749425e+03 1.428562741769151501e+01
4.631770460921843551e+03 1.429046973338648385e+01
4.644497234468937677e+03 1.429533010467491394e+01
4.657224008016031803e+03 1.430020909576983001e+01
4.669950781563126839e+03 1.430510726087391049e+01
4.682677555110220965e+03 1.431002514414275240e+01
4.695404328657315091e+03 1.431496327964810433e+01
4.708131102204409217e+03 1.431992219134123090e+01
4.720857875751503343e+03 1.432490239301640855e+01
4.733584649298597469e+03 1.432990438827390633e+01
4.746311422845691595e+03 1.433492867048376596e+01
4.759038196392785721e+03 1.433997572274862975e+01
4.771764969939880757e+03 1.434504601786742484e+01
4.784491743486974883e+03 1.435014001829854635e+01
4.797218517034069009e+03 1.435525817612317212e+01
4.809945290581163135e+03 1.436040093300871590e+01
4.822672064128257261e+03 1.436556872017188269e+01
4.835398837675351388e+03 1.437076195834235293e+01
4.848125611222445514e+03 1.437598105772578805e+01
4.860852384769539640e+03 1.438122641796730861e+01
4.873579158316633766e+03 1.438649842811481605e+01
4.886305931863727892e+03 1.439179746658223991e+01
4.899032705410822018e+03 1.439712390111301943e+01
4.911759478957916144e+03 1.440247808874315183e+01
4.924486252505010270e+03 1.440786037576488710e+01
4.937213026052104397e+03 1.441327109768975134e+01
4.949939799599198523e+03 1.441871057921188992e+01
4.962666573146292649e+03 1.442417913417161301e+01
4.975393346693386775e+03 1.442967706551852203e+01
4.988120120240480901e+03 1.443520466527489177e+01
5.000846893787575027e+03 1.444076221449898156e+01
5.013573667334669153e+03 1.444634998324835706e+01
5.026300440881763279e+03 1.445196823054328306e+01
5.039027214428857405e+03 1.445761720432994935e+01
5.051753987975951532e+03 1.446329714144387069e+01
5.064480761523045658e+03 1.446900826757311620e+01
5.077207535070139784e+03 1.447475079722174840e+01
5.089934308617233910e+03 1.448052493367308102e+01
5.102661082164328946e+03 1.448633086895303279e+01
5.115387855711423072e+03 1.449216878379339946e+01
5.128114629258517198e+03 1.449803884759522887e+01
5.140841402805611324e+03 1.450394121839216766e+01
5.153568176352705450e+03 1.450987604281358401e+01
5.166294949899799576e+03 1.451584345604832293e+01
5.179021723446893702e+03 1.452184358180752000e+01
5.191748496993987828e+03 1.452787653228827480e+01
5.204475270541082864e+03 1.453394240813689109e+01
5.217202044088176990e+03 1.454004129841207416e+01
5.229928817635271116e+03 1.454617328054842318e+01
5.242655591182365242e+03 1.455233842031976366e+01
5.255382364729459368e+03 1.455853677180223116e+01
5.268109138276553495e+03 1.456476837733791641e+01
5.280835911823647621e+03 1.457103326749791705e+01
5.293562685370741747e+03 1.457733146104579092e+01
5.306289458917835873e+03 1.458366296490093816e+01
5.319016232464929999e+03 1.459002777410180940e+01
5.331743006012024125e+03 1.459642587176930206e+01
5.344469779559118251e+03 1.460285722906996142e+01
5.357196553106212377e+03 1.460932180517956169e+01
5.369923326653306503e+03 1.461581954724608323e+01
5.382650100200400630e+03 1.462235039035340023e+01
5.395376873747494756e+03 1.462891425748429342e+01
5.408103647294588882e+03 1.463551105948387843e+01
5.420830420841683917e+03 1.464214069502316562e+01
5.433557194388778044e+03 1.464880305056201237e+01
5.446283967935872170e+03 1.465549800031259764e+01
5.459010741482966296e+03 1.466222540620278281e+01
5.471737515030060422e+03 1.466898511783945480e+01
5.484464288577154548e+03 1.467577697247178037e+01
5.497191062124248674e+03 1.468260079495464154e+01
5.509917835671342800e+03 1.468945639771164835e+01
5.522644609218437836e+03 1.469634358069885494e+01
5.535371382765531962e+03 1.470326213136793569e+01
5.548098156312626088e+03 1.471021182462945021e+01
5.560824929859720214e+03 1.471719242281624673e+01
5.573551703406814340e+03 1.472420367564660992e+01
5.586278476953908466e+03 1.473124532018785615e+01
5.599005250501002593e+03 1.473831708081946701e+01
5.611732024048096719e+03 1.474541866919654964e+01
5.624458797595190845e+03 1.475254978421299512e+01
5.637185571142284971e+03 1.475971011196486060e+01
5.649912344689379097e+03 1.476689932571382968e+01
5.662639118236473223e+03 1.477411708585031747e+01
5.675365891783567349e+03 1.478136303985700550e+01
5.688092665330661475e+03 1.478863682227203924e+01
5.700819438877755601e+03 1.479593805465226453e+01
5.713546212424849728e+03 1.480326634553686560e+01
5.726272985971943854e+03 1.481062129041026054e+01
5.738999759519037980e+03 1.481800247166590623e+01
5.751726533066132106e+03 1.482540945856910142e+01
5.764453306613226232e+03 1.483284180722073131e+01
5.777180080160320358e+03 1.484029906052046144e+01
5.789906853707414484e+03 1.484778074812999549e+01
5.802633627254508610e+03 1.485528638643644683e+01
5.815360400801602736e+03 1.486281547851558926e+01
5.828087174348696863e+03 1.487036751409532087e+01
5.840813947895790989e+03 1.487794196951889347e+01
5.853540721442885115e+03 1.488553830770842623e+01
5.866267494989980150e+03 1.489315597812770520e+01
5.878994268537074277e+03 1.490079441674616234e+01
5.891721042084169312e+03 1.490845304600170351e+01
5.904447815631263438e+03 1.491613127476455247e+01
5.917174589178357564e+03 1.492382849829987634e+01
5.929901362725451690e+03 1.493154409823166873e+01
5.942628136272545817e+03 1.493927744250587608e+01
5.955354909819639943e+03 1.494702788535374438e+01
5.968081683366734069e+03 1.495479476725513024e+01
5.980808456913828195e+03 1.496257741490180138e+01
5.993535230460922321e+03 1.497037514116078327e+01
6.006262004008016447e+03 1.497818724503780174e+01
6.018988777555110573e+03 1.498601301164033828e+01
6.031715551102204699e+03 1.499385171214118984e+01
6.044442324649298826e+03 1.500170260374172670e+01
6.057169098196392952e+03 1.500956492963521072e+01
6.069895871743487078e+03 1.501743791897000335e+01
6.082622645290581204e+03 1.502532078681315397e+01
6.095349418837675330e+03 1.503321273411343029e+01
6.108076192384769456e+03 1.504111294766486040e+01
6.120802965931863582e+03 1.504902060007000131e+01
6.133529739478957708e+03 1.505693484970313989e+01
6.146256513026051834e+03 1.506485484067381009e+01
6.158983286573145961e+03 1.507277970278997969e+01
6.171710060120240087e+03 1.508070855152133660e+01
6.184436833667334213e+03 1.508864048796284507e+01
6.197163607214429248e+03 1.509657459879784369e+01
6.209890380761523375e+03 1.510450995626139559e+01
6.222617154308617501e+03 1.511244561810370257e+01
6.235343927855711627e+03 1.512038062755347312e+01
6.248070701402805753e+03 1.512831401328097769e+01
6.260797474949899879e+03 1.513624478936173290e+01
6.273524248496994005e+03 1.514417195523947512e+01
6.286251022044088131e+03 1.515209449568987310e+01
6.298977795591183167e+03 1.516001138078335231e+01
6.311704569138277293e+03 1.516792156584896389e+01
6.324431342685371419e+03 1.517582399143724103e+01
6.337158116232465545e+03 1.518371758328395060e+01
6.349884889779559671e+03 1.519160125227291402e+01
6.362611663326653797e+03 1.519947389439990104e+01
6.375338436873747924e+03 1.520733439073544346e+01
6.388065210420842050e+03 1.521518160738854064e+01
6.400791983967936176e+03 1.522301439546972901e+01
6.413518757515030302e+03 1.523083159105439321e+01
6.426245531062124428e+03 1.523863201514650001e+01
6.438972304609218554e+03 1.524641447364133029e+01
6.451699078156312680e+03 1.525417775728921299e+01
6.464425851703406806e+03 1.526192064165869411e+01
6.477152625250500932e+03 1.526964188710001835e+01
6.489879398797595059e+03 1.527734023870806723e+01
6.502606172344689185e+03 1.528501442628622797e+01
6.515332945891783311e+03 1.529266316430926054e+01
6.528059719438877437e+03 1.530028515188682192e+01
6.540786492985971563e+03 1.530787907272680570e+01
6.553513266533066599e+03 1.531544359509867093e+01
6.566240040080160725e+03 1.532297737179652586e+01
6.578966813627254851e+03 1.533047904010275531e+01
6.591693587174348977e+03 1.533794722175139924e+01
6.604420360721443103e+03 1.534538052289100563e+01
6.617147134268538139e+03 1.535277753404850998e+01
6.629873907815632265e+03 1.536013683009212372e+01
6.642600681362726391e+03 1.536745697019505030e+01
6.655327454909820517e+03 1.537473649779837004e+01
6.668054228456914643e+03 1.538197394057481660e+01
6.680781002004008769e+03 1.538916781039165471e+01
6.693507775551102895e+03 1.539631660327445317e+01
6.706234549098197022e+03 1.540341879937002645e+01
6.718961322645291148e+03 1.541047286291000162e+01
6.731688096192385274e+03 1.541747724217401583e+01
6.744414869739479400e+03 1.542443036945315171e+01
6.757141643286573526e+03 1.543133066101315265e+01
6.769868416833667652e+03 1.543817651705763083e+01
6.782595190380761778e+03 1.544496632169189709e+01
6.795321963927855904e+03 1.545169844288560057e+01
6.808048737474950030e+03 1.545837123243655142e+01
6.820775511022044157e+03 1.546498302593383656e+01
6.833502284569138283e+03 1.547153214272121602e+01
6.846229058116232409e+03 1.547801688586041990e+01
6.858955831663326535e+03 1.548443554209449502e+01
6.871682605210420661e+03 1.549078638181092415e+01
6.884409378757514787e+03 1.549706765900538130e+01
6.897136152304608913e+03 1.550327761124464487e+01
6.909862925851703039e+03 1.550941445963023213e+01
6.922589699398797165e+03 1.551547640876138345e+01
6.935316472945892201e+03 1.552146164669860440e+01
6.948043246492986327e+03 1.552736834492709406e+01
6.960770020040080453e+03 1.553319465831987500e+01
6.973496793587174579e+03 1.553893872510115770e+01
6.986223567134268706e+03 1.554459866680974756e+01
6.998950340681362832e+03 1.555017258826216064e+01
7.011677114228456958e+03 1.555565857751626169e+01
7.024403887775551084e+03 1.556105470583427675e+01
7.037130661322645210e+03 1.556635902764630330e+01
7.049857434869740246e+03 1.557156958051369955e+01
7.062584208416834372e+03 1.557668438509214681e+01
7.075310981963928498e+03 1.558170144509522004e+01
7.088037755511022624e+03 1.558661874725763141e+01
7.100764529058116750e+03 1.559143426129844912e+01
7.113491302605210876e+03 1.559614593988469977e+01
7.126218076152305002e+03 1.560075171859408272e+01
7.138944849699399128e+03 1.560524951587927944e+01
7.151671623246493255e+03 1.560963723303031969e+01
7.164398396793587381e+03 1.561391275413844326e+01
7.177125170340681507e+03 1.561807394605926547e+01
7.189851943887775633e+03 1.562211865837599944e+01
7.202578717434869759e+03 1.562604472336326111e+01
7.215305490981963885e+03 1.562984995594947790e+01
7.228032264529058011e+03 1.563353215368136517e+01
7.240759038076152137e+03 1.563708909668619995e+01
7.253485811623246263e+03 1.564051854763568983e+01
7.266212585170341299e+03 1.564381825170940843e+01
7.278939358717435425e+03 1.564698593655761982e+01
7.291666132264529551e+03 1.565001931226513321e+01
7.304392905811623677e+03 1.568004503641781966e+01
7.415532639953274156e+03 1.573847087278216250e+01
7.526672374094923725e+03 1.579689670914650357e+01
7.637812108236574204e+03 1.585532254551084641e+01
7.748951842378224683e+03 1.591374838187518925e+01
7.860091576519874252e+03 1.597217421823953032e+01
7.971231310661524731e+03 1.603060005460387316e+01
8.082371044803174300e+03 1.608902589096821600e+01
8.193510778944824779e+03 1.614745172733255885e+01
8.304650513086475257e+03 1.620587756369690169e+01
8.415790247228125736e+03 1.626430340006124453e+01
8.526929981369776215e+03 1.632272923642558737e+01
8.638069715511424874e+03 1.638115507278993022e+01
8.749209449653075353e+03 1.643958090915427306e+01
8.860349183794725832e+03 1.649800674551861590e+01
8.971488917936376311e+03 1.655643258188295874e+01
9.082628652078026789e+03 1.661485841824730159e+01
9.193768386219675449e+03 1.667328425461164088e+01
9.304908120361325928e+03 1.673171009097598372e+01
9.416047854502976406e+03 1.679013592734032656e+01
9.527187588644626885e+03 1.684856176370466940e+01
9.638327322786277364e+03 1.690698760006901225e+01
9.749467056927926023e+03 1.696541343643335509e+01
9.860606791069576502e+03 1.702383927279769793e+01
9.971746525211226981e+03 1.708226510916204077e+01
1.008288625935287746e+04 1.714069094552638362e+01
1.019402599349452794e+04 1.719911678189072290e+01
1.030516572763617660e+04 1.725754261825506575e+01
1.041630546177782708e+04 1.731596845461940859e+01
1.052744519591947756e+04 1.737439429098375143e+01
1.063858493006112803e+04 1.743282012734809427e+01
1.074972466420277851e+04 1.749124596371243712e+01
1.086086439834442717e+04 1.754967180007677996e+01
1.097200413248607765e+04 1.760809763644112280e+01
1.108314386662772813e+04 1.766652347280546564e+01
1.119428360076937861e+04 1.772494930916980849e+01
1.130542333491102909e+04 1.778337514553415133e+01
1.141656306905267775e+04 1.784180098189849417e+01
1.152770280319433004e+04 1.790022681826283701e+01
1.163884253733597870e+04 1.795865265462717630e+01
1.174998227147762918e+04 1.801707849099151915e+01
1.186112200561927966e+04 1.807550432735586199e+01
1.197226173976092832e+04 1.813393016372020483e+01
1.208340147390258062e+04 1.819235600008454767e+01
1.219454120804422928e+04 1.825078183644889052e+01
1.230568094218587976e+04 1.830920767281323336e+01
1.241682067632753024e+04 1.836763350917757620e+01
1.252796041046917890e+04 1.842605934554191549e+01
1.263910014461083119e+04 1.848448518190626189e+01
1.275023987875247985e+04 1.854291101827060118e+01
1.286137961289413033e+04 1.860133685463494402e+01
1.297251934703578081e+04 1.865976269099928686e+01
1.308365908117742947e+04 1.871818852736362970e+01
1.319479881531908177e+04 1.877661436372797255e+01
1.330593854946073043e+04 1.883504020009231539e+01
1.341707828360238091e+04 1.889346603645665823e+01
1.352821801774403139e+04 1.895189187282100107e+01
1.363935775188568186e+04 1.901031770918534392e+01
1.375049748602733234e+04 1.906874354554968676e+01
1.386163722016898100e+04 1.912716938191402960e+01
1.397277695431063330e+04 1.918559521827837244e+01
1.408391668845228196e+04 1.924402105464271528e+01
1.419505642259393244e+04 1.930244689100705813e+01
1.430619615673558292e+04 1.936087272737140097e+01
1.441733589087723158e+04 1.941929856373574026e+01
1.452847562501888387e+04 1.947772440010008310e+01
1.463961535916053253e+04 1.953615023646442594e+01
1.475075509330218301e+04 1.959457607282876879e+01
1.486189482744383349e+04 1.965300190919311163e+01
1.497303456158548215e+04 1.971142774555745447e+01
1.508417429572713445e+04 1.976985358192179731e+01
1.519531402986878311e+04 1.982827941828613660e+01
1.530645376401043359e+04 1.988670525465047945e+01
1.541759349815208407e+04 1.994513109101482229e+01
1.552873323229373273e+04 2.000355692737916513e+01
1.563987296643538502e+04 2.006198276374350797e+01
1.575101270057703368e+04 2.012040860010785082e+01
1.586215243471868598e+04 2.017883443647219366e+01
1.597329216886033464e+04 2.023726027283653650e+01
1.608443190300198330e+04 2.029568610920087934e+01
1.619557163714363560e+04 2.035411194556522219e+01
1.630671137128528426e+04 2.041253778192956503e+01
1.641785110542693656e+04 2.047096361829390787e+01
1.652899083956858522e+04 2.052938945465825071e+01
1.664013057371023388e+04 2.058781529102259356e+01
1.675127030785188617e+04 2.064624112738693640e+01
1.686241004199353483e+04 2.070466696375127569e+01
1.697354977613518713e+04 2.076309280011562208e+01
1.708468951027683579e+04 2.082151863647996137e+01
1.719582924441848445e+04 2.087994447284430422e+01
1.730696897856013675e+04 2.093837030920864706e+01
1.741810871270178541e+04 2.099679614557298990e+01
1.752924844684343770e+04 2.105522198193733274e+01
1.764038818098508636e+04 2.111364781830167203e+01
1.775152791512673502e+04 2.117207365466601487e+01
1.786266764926838732e+04 2.123049949103035772e+01
1.797380738341003598e+04 2.128892532739470056e+01
1.808494711755168828e+04 2.134735116375904340e+01
1.819608685169333694e+04 2.140577700012338624e+01
1.830722658583498560e+04 2.146420283648772909e+01
1.841836631997663790e+04 2.152262867285207193e+01
1.852950605411828656e+04 2.158105450921641477e+01
1.864064578825993885e+04 2.163948034558075761e+01
1.875178552240158751e+04 2.169790618194510046e+01
1.886292525654323617e+04 2.175633201830944330e+01
1.897406499068488847e+04 2.181475785467378614e+01
1.908520472482653713e+04 2.187318369103812898e+01
1.919634445896818943e+04 2.193160952740247183e+01
1.930748419310983809e+04 2.199003536376681467e+01
1.941862392725149039e+04 2.204846120013115751e+01
1.952976366139313905e+04 2.210688703649550035e+01
1.964090339553478771e+04 2.216531287285983964e+01
1.975204312967644000e+04 2.222373870922418249e+01
1.986318286381808866e+04 2.228216454558852533e+01
1.997432259795974096e+04 2.234059038195286817e+01
2.008546233210138962e+04 2.239901621831721101e+01
2.019660206624303828e+04 2.245744205468155030e+01
2.030774180038469058e+04 2.251586789104589315e+01
2.041888153452633924e+04 2.257429372741023599e+01
2.053002126866799154e+04 2.263271956377457883e+01
2.064116100280964019e+04 2.269114540013892167e+01
2.075230073695128885e+04 2.274957123650326452e+01
2.086344047109294115e+04 2.280799707286760736e+01
2.097458020523458981e+04 2.286642290923195020e+01
2.108571993937624211e+04 2.292484874559629304e+01
2.119685967351789077e+04 2.298327458196063589e+01
2.130799940765953943e+04 2.304170041832497873e+01
2.141913914180119173e+04 2.310012625468932157e+01
2.153027887594284039e+04 2.315855209105366441e+01
2.164141861008449268e+04 2.321697792741800725e+01
2.175255834422614134e+04 2.327540376378235010e+01
2.186369807836779000e+04 2.333382960014668939e+01
2.197483781250944230e+04 2.339225543651103578e+01
2.208597754665109096e+04 2.345068127287537507e+01
2.219711728079274326e+04 2.350910710923972147e+01
2.230825701493439192e+04 2.356753294560406076e+01
2.241939674907604058e+04 2.362595878196840005e+01
2.253053648321769288e+04 2.368438461833274644e+01
2.264167621735934154e+04 2.374281045469708573e+01
2.275281595150099383e+04 2.380123629106143213e+01
2.286395568564264249e+04 2.385966212742577142e+01
2.297509541978429479e+04 2.391808796379011781e+01
2.308623515392594345e+04 2.397651380015445710e+01
2.319737488806759211e+04 2.403493963651879994e+01
2.330851462220924441e+04 2.409336547288314279e+01
2.341965435635089307e+04 2.415179130924748563e+01
2.353079409049254537e+04 2.421021714561182847e+01
2.364193382463419402e+04 2.426864298197617131e+01
2.375307355877584268e+04 2.432706881834051416e+01
2.386421329291749498e+04 2.438549465470485700e+01
2.397535302705914364e+04 2.444392049106919984e+01
2.408649276120079230e+04 2.450234632743354268e+01
2.419763249534244460e+04 2.456077216379788553e+01
2.430877222948409326e+04 2.461919800016222837e+01
2.441991196362574556e+04 2.467762383652657121e+01
2.453105169776739422e+04 2.473604967289091050e+01
2.464219143190904288e+04 2.479447550925525334e+01
2.475333116605069517e+04 2.485290134561959619e+01
2.486447090019234383e+04 2.491132718198393903e+01
2.497561063433399613e+04 2.496975301834828187e+01
2.508675036847564479e+04 2.502817885471262471e+01
2.519789010261729345e+04 2.508660469107696400e+01
2.530902983675894575e+04 2.514503052744130684e+01
2.542016957090059441e+04 2.520345636380564969e+01
2.553130930504224671e+04 2.526188220016999253e+01
2.564244903918389537e+04 2.532030803653433537e+01
2.575358877332554403e+04 2.537873387289867821e+01
2.586472850746719632e+04 2.543715970926302106e+01
2.597586824160884498e+04 2.549558554562736390e+01
2.608700797575049728e+04 2.555401138199170674e+01
2.619814770989214594e+04 2.561243721835604958e+01
2.630928744403379460e+04 2.567086305472039243e+01
2.642042717817544690e+04 2.572928889108473527e+01
2.653156691231709556e+04 2.578771472744907811e+01
2.664270664645874785e+04 2.584614056381342095e+01
2.675384638060039651e+04 2.590456640017776380e+01
2.686498611474204881e+04 2.596299223654210664e+01
2.697612584888369747e+04 2.602141807290644948e+01
2.708726558302534613e+04 2.607984390927078877e+01
2.719840531716699843e+04 2.613826974563513517e+01
2.730954505130864709e+04 2.619669558199947446e+01
2.742068478545029939e+04 2.625512141836381730e+01
2.753182451959194805e+04 2.631354725472816014e+01
2.764296425373359671e+04 2.637197309109249943e+01
2.775410398787524900e+04 2.643039892745684583e+01
2.786524372201689766e+04 2.648882476382118512e+01
2.797638345615854996e+04 2.654725060018553151e+01
2.808752319030019862e+04 2.660567643654987080e+01
2.819866292444184728e+04 2.666410227291421364e+01
2.830980265858349958e+04 2.672252810927855649e+01
2.842094239272514824e+04 2.678095394564289933e+01
2.853208212686680054e+04 2.683937978200724217e+01
2.864322186100844920e+04 2.689780561837158501e+01
2.875436159515009786e+04 2.695623145473592785e+01
2.886550132929175015e+04 2.701465729110027070e+01
2.897664106343339881e+04 2.707308312746461354e+01
2.908778079757505111e+04 2.713150896382895638e+01
2.919892053171669977e+04 2.718993480019329922e+01
2.931006026585834843e+04 2.724836063655763851e+01
2.942120000000000073e+04 2.730678647292198491e+01
