1.013690000000000055e+03 9.166253342049445862e+00
1.026401442885771530e+03 9.216885261289366582e+00
1.039112885771543233e+03 9.267074534870952007e+00
1.051824328657314709e+03 9.316823994395285524e+00
1.064535771543086184e+03 9.366136462374804239e+00
1.077247214428857660e+03 9.415014752236800177e+00
1.089958657314629363e+03 9.463461668326917930e+00
1.102670100200400839e+03 9.511480005912662961e+00
1.115381543086172314e+03 9.559072551186897471e+00
1.128092985971944017e+03 9.606242081271341604e+00
1.140804428857715493e+03 9.652991364220090631e+00
1.153515871743486969e+03 9.699323159023080620e+00
1.166227314629258672e+03 9.745240215609628720e+00
1.178938757515030147e+03 9.790745274851911262e+00
1.191650200400801623e+03 9.835841068568473844e+00
1.204361643286573326e+03 9.880530319527732530e+00
1.217073086172344802e+03 9.924815741451460838e+00
1.229784529058116277e+03 9.968700039018330017e+00
1.242495971943887980e+03 1.001218590786735874e+01
1.255207414829659228e+03 1.005527603460145691e+01
1.267918857715430931e+03 1.009797309679090205e+01
1.280630300601202407e+03 1.014027976297684930e+01
1.293341743486973883e+03 1.018219869267483091e+01
1.306053186372745586e+03 1.022373253637827695e+01
1.318764629258517061e+03 1.026488393556196144e+01
1.331476072144288537e+03 1.030565552268558882e+01
1.344187515030060240e+03 1.034604992119721700e+01
1.356898957915831488e+03 1.038606974553679407e+01
1.369610400801603191e+03 1.042571760113965951e+01
1.382321843687374667e+03 1.046499608444004892e+01
1.395033286573146370e+03 1.050390778287456861e+01
1.407744729458917845e+03 1.054245527488573941e+01
1.420456172344689548e+03 1.058064112992546590e+01
1.433167615230460797e+03 1.061846790845854471e+01
1.445879058116232500e+03 1.065593816196616217e+01
1.458590501002003975e+03 1.069305443294942748e+01
1.471301943887775678e+03 1.072981925493282063e+01
1.484013386773547154e+03 1.076623515246773621e+01
1.496724829659318630e+03 1.080230464113597044e+01
1.509436272545090105e+03 1.083803022755321877e+01
1.522147715430861808e+03 1.087341440937259307e+01
1.534859158316633284e+03 1.090845967528808558e+01
1.547570601202404760e+03 1.094316850503811978e+01
1.560282044088176235e+03 1.097754336940903030e+01
1.572993486973947938e+03 1.101158673023854639e+01
1.585704929859719414e+03 1.104530104041931615e+01
1.598416372745491117e+03 1.107868874390240244e+01
1.611127815631262365e+03 1.111175227570078405e+01
1.623839258517033841e+03 1.114449406189285696e+01
1.636550701402805544e+03 1.117691651962592481e+01
1.649262144288577247e+03 1.120902205711973210e+01
1.661973587174348722e+03 1.124081307366991211e+01
1.674685030060119971e+03 1.127229195965156094e+01
1.687396472945891674e+03 1.130346109652265163e+01
1.700107915831663377e+03 1.133432285682762597e+01
1.712819358717434852e+03 1.136487960420082821e+01
1.725530801603206328e+03 1.139513369337002402e+01
1.738242244488978031e+03 1.142508747015993364e+01
1.750953687374749506e+03 1.145474327149569937e+01
1.763665130260520982e+03 1.148410342540637963e+01
1.776376573146292458e+03 1.151317025102847680e+01
1.789088016032063933e+03 1.154194605860944023e+01
1.801799458917835636e+03 1.157043314951113366e+01
1.814510901803607112e+03 1.159863381621337908e+01
1.827222344689378588e+03 1.162655034231742590e+01
1.839933787575150291e+03 1.165418500254947176e+01
1.852645230460921994e+03 1.168154006276414947e+01
1.865356673346693242e+03 1.170861777994803532e+01
1.878068116232464718e+03 1.173542040222316629e+01
1.890779559118236421e+03 1.176195016885050215e+01
1.903491002004008124e+03 1.178820931023347995e+01
1.916202444889779599e+03 1.181420004792146017e+01
1.928913887775550847e+03 1.183992459461326519e+01
1.941625330661322550e+03 1.186538515416067341e+01
1.954336773547094253e+03 1.189058392157190269e+01
1.967048216432865729e+03 1.191552308301514174e+01
1.979759659318637205e+03 1.194020481582202997e+01
1.992471102204408908e+03 1.196463128849117652e+01
2.005182545090180383e+03 1.198880466069162765e+01
2.017893987975951859e+03 1.201272708326641236e+01
2.030605430861723335e+03 1.203640069823600278e+01
2.043316873747494810e+03 1.205982763880184727e+01
2.056028316633266513e+03 1.208301002934987523e+01
2.068739759519037761e+03 1.210594998545393608e+01
2.081451202404809464e+03 1.212864961387940532e+01
2.094162645290581168e+03 1.215111101258658266e+01
2.106874088176352416e+03 1.217333627073426960e+01
2.119585531062124119e+03 1.219532746868321027e+01
2.132296973947895822e+03 1.221708667799965831e+01
2.145008416833667070e+03 1.223861596145881236e+01
2.157719859719438773e+03 1.225991737304837770e+01
2.170431302605210476e+03 1.228099295797199275e+01
2.183142745490981724e+03 1.230184475265283339e+01
2.195854188376753427e+03 1.232247478473701463e+01
2.208565631262525130e+03 1.234288507309714866e+01
2.221277074148296379e+03 1.236307762783582831e+01
2.233988517034068082e+03 1.238305445028914775e+01
2.246699959919839330e+03 1.240281753303015932e+01
2.259411402805611033e+03 1.242236885987243156e+01
2.272122845691382736e+03 1.244171040587350774e+01
2.284834288577153984e+03 1.246084413733842489e+01
2.297545731462925687e+03 1.247977201182322915e+01
2.310257174348697390e+03 1.249849597813843260e+01
2.322968617234469093e+03 1.251701797635254465e+01
2.335680060120240341e+03 1.253533993779561762e+01
2.348391503006011590e+03 1.255346378506264315e+01
2.361102945891783293e+03 1.257139143201715648e+01
2.373814388777554996e+03 1.258912478379467181e+01
2.386525831663326244e+03 1.260666573680621383e+01
2.399237274549097947e+03 1.262401617874180282e+01
2.411948717434869650e+03 1.264117798857397723e+01
2.424660160320641353e+03 1.265815303656129487e+01
2.437371603206412601e+03 1.267494318425178079e+01
2.450083046092184304e+03 1.269155028448650668e+01
2.462794488977955552e+03 1.270797618140305119e+01
2.475505931863727255e+03 1.272422271043898689e+01
2.488217374749498958e+03 1.274029169833542241e+01
2.500928817635270207e+03 1.275618496314046979e+01
2.513640260521041910e+03 1.277190431421276706e+01
2.526351703406813613e+03 1.278745155222497765e+01
2.539063146292584861e+03 1.280282846916725248e+01
2.551774589178356564e+03 1.281803684835079160e+01
2.564486032064128267e+03 1.283307846441133115e+01
2.577197474949899515e+03 1.284795508331259839e+01
2.589908917835671218e+03 1.286266846234987504e+01
2.602620360721442466e+03 1.287722035015344879e+01
2.615331803607214169e+03 1.289161248669214821e+01
2.628043246492985872e+03 1.290584660327682087e+01
2.640754689378757575e+03 1.291992442256387363e+01
2.653466132264528824e+03 1.293384765855871521e+01
2.666177575150300072e+03 1.294761801661930711e+01
2.678889018036072230e+03 1.296123719345966308e+01
2.691600460921843478e+03 1.297470687715327387e+01
2.704311903807614726e+03 1.298802874713673461e+01
2.717023346693386884e+03 1.300120447421316072e+01
2.729734789579158132e+03 1.301423572055570155e+01
2.742446232464929835e+03 1.302712413971104333e+01
2.755157675350701084e+03 1.303987137660293882e+01
2.767869118236472787e+03 1.305247906753568188e+01
2.780580561122244490e+03 1.306494884019758729e+01
2.793292004008015738e+03 1.307728231366456129e+01
2.806003446893787441e+03 1.308948109840353347e+01
2.818714889779558689e+03 1.310154679627598640e+01
2.831426332665330847e+03 1.311348100054147459e+01
2.844137775551102095e+03 1.312528529586108128e+01
2.856849218436873343e+03 1.313696125830096939e+01
2.869560661322645046e+03 1.314851045533585250e+01
2.882272104208416749e+03 1.315993444585249250e+01
2.894983547094187998e+03 1.317123478015324167e+01
2.907694989979959701e+03 1.318241299995946036e+01
2.920406432865731404e+03 1.319347063841515499e+01
2.933117875751502652e+03 1.320440922009030515e+01
2.945829318637274355e+03 1.321523026098451048e+01
2.958540761523046058e+03 1.322593526853045631e+01
2.971252204408817306e+03 1.323652574159733142e+01
2.983963647294589464e+03 1.324700317049446241e+01
2.996675090180360712e+03 1.325736903697470304e+01
3.009386533066131960e+03 1.326762481423802420e+01
3.022097975951903663e+03 1.327777196693492456e+01
3.034809418837675366e+03 1.328781195117000458e+01
3.047520861723446615e+03 1.329774621450543037e+01
3.060232304609217863e+03 1.330757619596448471e+01
3.072943747494989566e+03 1.331730332603498468e+01
3.085655190380761269e+03 1.332692902667286816e+01
3.098366633266532972e+03 1.333645471130560978e+01
3.111078076152304220e+03 1.334588178483580911e+01
3.123789519038075923e+03 1.335521164364464042e+01
3.136500961923847171e+03 1.336444567559537688e+01
3.149212404809619329e+03 1.337358526003686876e+01
3.161923847695390577e+03 1.338263176780704811e+01
3.174635290581161826e+03 1.339158656123646374e+01
3.187346733466933529e+03 1.340045099415175933e+01
3.200058176352705232e+03 1.340922641187911779e+01
3.212769619238476480e+03 1.341791415124790987e+01
3.225481062124248183e+03 1.342651554059404795e+01
3.238192505010019886e+03 1.343503189976354051e+01
3.250903947895791134e+03 1.344346454011601821e+01
3.263615390781562837e+03 1.345181476452819247e+01
3.276326833667334540e+03 1.346008386739742235e+01
3.289038276553105788e+03 1.346827313464513587e+01
3.301749719438877491e+03 1.347638384372036846e+01
3.314461162324649194e+03 1.348441726360325710e+01
3.327172605210420443e+03 1.349237465480858944e+01
3.339884048096192146e+03 1.350025726938922155e+01
3.352595490981963849e+03 1.350806635093966435e+01
3.365306933867735097e+03 1.351580313459950133e+01
3.378018376753506800e+03 1.352346884705694308e+01
3.390729819639278503e+03 1.353106470655233906e+01
3.403441262525049751e+03 1.353859192288162916e+01
3.416152705410821454e+03 1.354605169739987325e+01
3.428864148296593157e+03 1.355344522302480748e+01
3.441575591182364406e+03 1.356077368424021579e+01
3.454287034068135654e+03 1.356803825709953415e+01
3.466998476953907812e+03 1.357524010922934465e+01
3.479709919839679060e+03 1.358238039983283940e+01
3.492421362725450308e+03 1.358946027969336079e+01
3.505132805611222011e+03 1.359648089117781922e+01
3.517844248496993714e+03 1.360344336824033817e+01
3.530555691382764962e+03 1.361034883642562932e+01
3.543267134268537120e+03 1.361719841287253274e+01
3.555978577154308368e+03 1.362399320631751465e+01
3.568690020040079617e+03 1.363073431709827332e+01
3.581401462925851320e+03 1.363742283715701298e+01
3.594112905811623023e+03 1.364405985004414745e+01
3.606824348697394271e+03 1.365064643092173213e+01
3.619535791583165974e+03 1.365718364656696515e+01
3.632247234468937677e+03 1.366367255537568504e+01
3.644958677354708925e+03 1.367011420736584704e+01
3.657670120240480628e+03 1.367650964418111670e+01
3.670381563126252331e+03 1.368285989909423606e+01
3.683093006012023579e+03 1.368916599701065628e+01
3.695804448897795737e+03 1.369542895447195008e+01
3.708515891783566531e+03 1.370164977965936259e+01
3.721227334669338234e+03 1.370782947239726468e+01
3.733938777555109937e+03 1.371396902415670382e+01
3.746650220440881185e+03 1.372006941805890889e+01
3.759361663326652888e+03 1.372613162887868654e+01
3.772073106212424591e+03 1.373215662304810536e+01
3.784784549098196294e+03 1.373814535865984610e+01
3.797495991983967997e+03 1.374409878547074726e+01
3.810207434869738790e+03 1.375001784490530277e+01
3.822918877755510948e+03 1.375590347005922354e+01
3.835630320641282196e+03 1.376175658570281257e+01
3.848341763527053445e+03 1.376757810828464912e+01
3.861053206412825602e+03 1.377336894593485894e+01
3.873764649298596851e+03 1.377912999846884645e+01
3.886476092184368099e+03 1.378486215739060050e+01
3.899187535070140257e+03 1.379056630589638033e+01
3.911898977955911505e+03 1.379624331887802491e+01
3.924610420841682753e+03 1.380189406292659982e+01
3.937321863727454456e+03 1.380751939633584868e+01
3.950033306613226159e+03 1.381312016910572105e+01
3.962744749498997862e+03 1.381869722294580427e+01
3.975456192384769565e+03 1.382425139127885849e+01
3.988167635270540814e+03 1.382978349924440842e+01
4.000879078156312517e+03 1.383529436370207932e+01
4.013590521042083310e+03 1.384078479323519595e+01
4.026301963927855468e+03 1.384625558815434587e+01
4.039013406813626716e+03 1.385170754050073327e+01
4.051724849699397964e+03 1.385714143404977960e+01
4.064436292585170122e+03 1.386255804431458927e+01
4.077147735470941370e+03 1.386795813854944370e+01
4.089859178356713073e+03 1.387334247575343582e+01
4.102570621242484776e+03 1.387871180667368876e+01
4.115282064128256025e+03 1.388406687380915727e+01
4.127993507014027273e+03 1.388940841141389626e+01
4.140704949899799431e+03 1.389473714550074668e+01
4.153416392785570679e+03 1.390005379384469464e+01
4.166127835671342837e+03 1.390535906598647387e+01
4.178839278557114085e+03 1.391065366323602426e+01
4.191550721442885333e+03 1.391593827867594868e+01
4.204262164328657491e+03 1.392121359716508522e+01
4.216973607214427830e+03 1.392648029534199416e+01
4.229685050100199987e+03 1.393173904162844323e+01
4.242396492985971236e+03 1.393699049623290165e+01
4.255107935871743393e+03 1.394223531115409997e+01
4.267819378757514642e+03 1.394747413018438209e+01
4.280530821643285890e+03 1.395270758891344087e+01
4.293242264529058048e+03 1.395793631473158669e+01
4.305953707414829296e+03 1.396316092683335874e+01
4.318665150300600544e+03 1.396838203622114172e+01
4.331376593186372702e+03 1.397360024570841475e+01
4.344088036072143950e+03 1.397881614992336097e+01
4.356799478957915198e+03 1.398403033531251438e+01
4.369510921843687356e+03 1.398924338014404967e+01
4.382222364729457695e+03 1.399445585451138641e+01
4.394933807615229853e+03 1.399966832033671338e+01
4.407645250501002010e+03 1.400488133137440627e+01
4.420356693386773259e+03 1.401009543321456441e+01
4.433068136272544507e+03 1.401531116328657234e+01
4.445779579158315755e+03 1.402052905086255308e+01
4.458491022044087913e+03 1.402574961706080003e+01
4.471202464929860071e+03 1.403097337484944163e+01
4.483913907815630409e+03 1.403620082904973820e+01
4.496625350701402567e+03 1.404143247633978575e+01
4.509336793587173815e+03 1.404666880525789985e+01
4.522048236472945064e+03 1.405191029620609378e+01
4.534759679358717221e+03 1.405715742145369163e+01
4.547471122244489379e+03 1.406241064514073713e+01
4.560182565130259718e+03 1.406767042328154815e+01
4.572894008016031876e+03 1.407293720376810420e+01
4.585605450901803124e+03 1.407821142637381939e+01
4.598316893787574372e+03 1.408349352275662980e+01
4.611028336673345621e+03 1.408878391646293693e+01
4.623739779559117778e+03 1.409408302293077497e+01
4.636451222444889936e+03 1.409939124949352518e+01
4.649162665330661184e+03 1.410470899538315592e+01
4.661874108216432433e+03 1.411003665173412358e+01
4.674585551102204590e+03 1.411537460158650603e+01
4.687296993987974929e+03 1.412072321988970813e+01
4.700008436873747087e+03 1.412608287350585456e+01
4.712719879759519245e+03 1.413145392121332478e+01
4.725431322645289583e+03 1.413683671371031281e+01
4.738142765531061741e+03 1.414223159361833027e+01
4.750854208416832989e+03 1.414763889548555298e+01
4.763565651302605147e+03 1.415305894579046964e+01
4.776277094188376395e+03 1.415849206294535634e+01
4.788988537074147644e+03 1.416393855729974760e+01
4.801699979959919801e+03 1.416939873114403525e+01
4.814411422845691050e+03 1.417487287871271207e+01
4.827122865731462298e+03 1.418036128618827796e+01
4.839834308617234456e+03 1.418586423170428645e+01
4.852545751503004794e+03 1.419138198534925266e+01
4.865257194388776952e+03 1.419691480916991466e+01
4.877968637274549110e+03 1.420246295717481289e+01
4.890680080160320358e+03 1.420802667533768116e+01
4.903391523046091606e+03 1.421360620160116994e+01
4.916102965931862855e+03 1.421920176588011131e+01
4.928814408817635012e+03 1.422481359006527768e+01
4.941525851703406261e+03 1.423044188802660592e+01
4.954237294589178418e+03 1.423608686561679448e+01
4.966948737474949667e+03 1.424174872067501063e+01
4.979660180360720915e+03 1.424742764303000797e+01
4.992371623246492163e+03 1.425312381450408239e+01
5.005083066132264321e+03 1.425883740891607943e+01
5.017794509018036479e+03 1.426456859208527383e+01
5.030505951903806817e+03 1.427031752183479085e+01
5.043217394789578975e+03 1.427608434799498838e+01
5.055928837675350223e+03 1.428186921240697593e+01
5.068640280561121472e+03 1.428767224892635568e+01
5.081351723446893629e+03 1.429349358342638610e+01
5.094063166332664878e+03 1.429933333380157734e+01
5.106774609218436126e+03 1.430519160997149264e+01
5.119486052104208284e+03 1.431106851388377521e+01
5.132197494989979532e+03 1.431696413951799229e+01
5.144908937875750780e+03 1.432287857288899957e+01
5.157620380761522028e+03 1.432881189205051697e+01
5.170331823647294186e+03 1.433476416709848422e+01
5.183043266533066344e+03 1.434073546017475920e+01
5.195754709418836683e+03 1.434672582547050723e+01
5.208466152304608840e+03 1.435273530922969876e+01
5.221177595190380089e+03 1.435876394975259629e+01
5.233889038076151337e+03 1.436481177739933202e+01
5.246600480961923495e+03 1.437087881459330774e+01
5.259311923847694743e+03 1.437696507582492345e+01
5.272023366733465991e+03 1.438307056765465397e+01
5.284734809619238149e+03 1.438919528871704046e+01
5.297446252505009397e+03 1.439533922972380253e+01
5.310157695390781555e+03 1.440150237346759710e+01
5.322869138276551894e+03 1.440768469482534009e+01
5.335580581162324052e+03 1.441388616076176277e+01
5.348292024048096209e+03 1.442010673033315982e+01
5.361003466933866548e+03 1.442634635469031323e+01
5.373714909819638706e+03 1.443260497708260104e+01
5.386426352705409954e+03 1.443888253286122136e+01
5.399137795591181202e+03 1.444517894948261372e+01
5.411849238476953360e+03 1.445149414651217157e+01
5.424560681362725518e+03 1.445782803562757834e+01
5.437272124248496766e+03 1.446418052062235127e+01
5.449983567134268014e+03 1.447055149740938518e+01
5.462695010020039263e+03 1.447694085402445552e+01
5.475406452905811420e+03 1.448334847062963959e+01
5.488117895791581759e+03 1.448977421951689593e+01
5.500829338677353917e+03 1.449621796511157967e+01
5.513540781563126075e+03 1.450267956397584967e+01
5.526252224448897323e+03 1.450915886481221051e+01
5.538963667334668571e+03 1.451565570846707587e+01
5.551675110220440729e+03 1.452216992793417916e+01
5.564386553106211977e+03 1.452870134835816529e+01
5.577097995991983225e+03 1.453524978703805814e+01
5.589809438877755383e+03 1.454181505343059655e+01
5.602520881763526631e+03 1.454839694915412451e+01
5.615232324649297880e+03 1.455499526799169985e+01
5.627943767535069128e+03 1.456160979589477833e+01
5.640655210420841286e+03 1.456824031098667760e+01
5.653366653306612534e+03 1.457488658356614053e+01
5.666078096192383782e+03 1.458154837611070498e+01
5.678789539078155940e+03 1.458822544328042525e+01
5.691500981963928098e+03 1.459491753192107133e+01
5.704212424849698436e+03 1.460162438106783611e+01
5.716923867735470594e+03 1.460834572194892367e+01
5.729635310621241842e+03 1.461508127798880352e+01
5.742346753507013091e+03 1.462183076481176869e+01
5.755058196392785248e+03 1.462859389024563761e+01
5.767769639278556497e+03 1.463537035432505817e+01
5.780481082164327745e+03 1.464215984929506575e+01
5.793192525050099903e+03 1.464896205961449738e+01
5.805903967935871151e+03 1.465577666195983042e+01
5.818615410821643309e+03 1.466260332522815801e+01
5.831326853707413647e+03 1.466944171054109347e+01
5.844038296593185805e+03 1.467629147124817734e+01
5.856749739478957963e+03 1.468315225293029158e+01
5.869461182364728302e+03 1.469002369340319269e+01
5.882172625250500460e+03 1.469690542272113731e+01
5.894884068136271708e+03 1.470379706318022528e+01
5.907595511022042956e+03 1.471069822932187776e+01
5.920306953907815114e+03 1.471760852793661201e+01
5.933018396793586362e+03 1.472452755806715530e+01
5.945729839679358520e+03 1.473145491101224636e+01
5.958441282565129768e+03 1.473839017033002996e+01
5.971152725450901016e+03 1.474533291184159012e+01
5.983864168336673174e+03 1.475228270363425054e+01
5.996575611222443513e+03 1.475923910606547196e+01
6.009287054108215671e+03 1.476620167176602649e+01
6.021998496993987828e+03 1.477316994564369246e+01
6.034709939879758167e+03 1.478014346488636477e+01
6.047421382765530325e+03 1.478712175896631642e+01
6.060132825651302483e+03 1.479410434964274401e+01
6.072844268537073731e+03 1.480109075096625304e+01
6.085555711422844979e+03 1.480808046928159349e+01
6.098267154308616227e+03 1.481507300323141507e+01
6.110978597194388385e+03 1.482206784375986075e+01
6.123690040080159633e+03 1.482906447411610706e+01
6.136401482965930882e+03 1.483606236985759708e+01
6.149112925851703039e+03 1.484306099885377250e+01
6.161824368737474288e+03 1.485005982128945590e+01
6.174535811623245536e+03 1.485705828966860409e+01
6.187247254509017694e+03 1.486405584881728359e+01
6.199958697394788942e+03 1.487105193588774021e+01
6.212670140280560190e+03 1.487804598036158765e+01
6.225381583166332348e+03 1.488503740405345432e+01
6.238093026052103596e+03 1.489202562111413641e+01
6.250804468937874844e+03 1.489901003803473856e+01
6.263515911823647002e+03 1.490599005364964036e+01
6.276227354709418250e+03 1.491296505914002957e+01
6.288938797595189499e+03 1.491993443803778874e+01
6.301650240480960747e+03 1.492689756622863939e+01
6.314361683366732905e+03 1.493385381195571604e+01
6.327073126252505062e+03 1.494080253582308870e+01
6.339784569138275401e+03 1.494774309079944352e+01
6.352496012024047559e+03 1.495467482222118605e+01
6.365207454909819717e+03 1.496159706779642562e+01
6.377918897795590055e+03 1.496850915760799516e+01
6.390630340681362213e+03 1.497541041411731300e+01
6.403341783567133461e+03 1.498230015216773303e+01
6.416053226452904710e+03 1.498917767898809394e+01
6.428764669338676867e+03 1.499604229419617596e+01
6.441476112224448116e+03 1.500289328980219850e+01
6.454187555110220273e+03 1.500972995021233380e+01
6.466898997995991522e+03 1.501655155223227567e+01
6.479610440881762770e+03 1.502335736507081876e+01
6.492321883767534928e+03 1.503014665034279496e+01
6.505033326653305267e+03 1.503691866207357819e+01
6.517744769539077424e+03 1.504367264670147719e+01
6.530456212424849582e+03 1.505040784308219415e+01
6.543167655310619921e+03 1.505712348249165444e+01
6.555879098196392079e+03 1.506381878862983292e+01
6.568590541082164236e+03 1.507049297762425333e+01
6.581301983967935485e+03 1.507714525803320882e+01
6.594013426853706733e+03 1.508377483084987780e+01
6.606724869739477981e+03 1.509038088950489609e+01
6.619436312625250139e+03 1.509696261987087240e+01
6.632147755511021387e+03 1.510351920026493744e+01
6.644859198396792635e+03 1.511004980145316523e+01
6.657570641282564793e+03 1.511655358665335314e+01
6.670282084168336041e+03 1.512302971153884812e+01
6.682993527054107290e+03 1.512947732424186675e+01
6.695704969939879447e+03 1.513589556535736591e+01
6.708416412825649786e+03 1.514228356794612651e+01
6.721127855711421944e+03 1.514864045753838262e+01
6.733839298597194102e+03 1.515496535213756424e+01
6.746550741482965350e+03 1.516125736222338638e+01
6.759262184368736598e+03 1.516751559075581923e+01
6.771973627254507846e+03 1.517373913317792145e+01
6.784685070140280004e+03 1.517992707742022063e+01
6.797396513026051252e+03 1.518607850390346314e+01
6.810107955911822501e+03 1.519219248554239066e+01
6.822819398797594658e+03 1.519826808774937632e+01
6.835530841683365907e+03 1.520430436843787803e+01
6.848242284569137155e+03 1.521030037802564649e+01
6.860953727454909313e+03 1.521625515943859241e+01
6.873665170340680561e+03 1.522216774811389328e+01
6.886376613226451809e+03 1.522803717200422646e+01
6.899088056112223967e+03 1.523386245158030938e+01
6.911799498997995215e+03 1.523964259983521252e+01
6.924510941883766463e+03 1.524537662228718737e+01
6.937222384769538621e+03 1.525106351698373608e+01
6.949933827655309869e+03 1.525670227450504868e+01
6.962645270541081118e+03 1.526229187796690567e+01
6.975356713426852366e+03 1.526783130302491642e+01
6.988068156312624524e+03 1.527331951787754960e+01
7.000779599198396681e+03 1.527875548327004296e+01
7.013491042084167020e+03 1.528413815249748708e+01
7.026202484969939178e+03 1.528946647140843140e+01
7.038913927855711336e+03 1.529473937840849729e+01
7.051625370741481674e+03 1.529995580446410308e+01
7.064336813627253832e+03 1.530511467310534535e+01
7.077048256513025080e+03 1.531021490043006850e+01
7.089759699398796329e+03 1.531525539510700185e+01
7.102471142284568487e+03 1.532023505837970134e+01
7.115182585170339735e+03 1.532515278406928516e+01
7.127894028056111893e+03 1.533000745857877156e+01
7.140605470941883141e+03 1.533479796089626035e+01
7.153316913827654389e+03 1.533952316259816584e+01
7.166028356713426547e+03 1.534418192785315860e+01
7.178739799599196886e+03 1.534877311342529893e+01
7.191451242484969043e+03 1.535329556867776546e+01
7.204162685370741201e+03 1.535774813557625329e+01
7.216874128256511540e+03 1.536212964869256581e+01
7.229585571142283698e+03 1.536643893520792936e+01
7.242297014028055855e+03 1.537067481491695986e+01
7.255008456913827104e+03 1.537483610023034686e+01
7.267719899799598352e+03 1.537892159617921628e+01
7.280431342685369600e+03 1.538293010041809339e+01
7.293142785571141758e+03 1.538686040322856208e+01
7.305854228456913006e+03 1.541554970399080560e+01
7.417014759972204956e+03 1.547063871688398251e+01
7.528175291487496906e+03 1.552572772977716120e+01
7.639335823002788857e+03 1.558081674267033812e+01
7.750496354518080807e+03 1.563590575556351681e+01
7.861656886033372757e+03 1.569099476845669372e+01
7.972817417548664707e+03 1.574608378134987063e+01
8.083977949063955748e+03 1.580117279424304755e+01
8.195138480579247698e+03 1.585626180713622446e+01
8.306299012094539648e+03 1.591135082002940315e+01
8.417459543609831599e+03 1.596643983292258007e+01
8.528620075125123549e+03 1.602152884581575876e+01
8.639780606640415499e+03 1.607661785870893567e+01
8.750941138155707449e+03 1.613170687160211259e+01
8.862101669670999399e+03 1.618679588449528950e+01
8.973262201186291350e+03 1.624188489738846641e+01
9.084422732701583300e+03 1.629697391028164333e+01
9.195583264216875250e+03 1.635206292317482379e+01
9.306743795732167200e+03 1.640715193606800071e+01
9.417904327247459150e+03 1.646224094896117762e+01
9.529064858762751101e+03 1.651732996185435454e+01
9.640225390278043051e+03 1.657241897474753500e+01
9.751385921793335001e+03 1.662750798764071192e+01
9.862546453308626951e+03 1.668259700053388883e+01
9.973706984823918901e+03 1.673768601342706575e+01
1.008486751633921085e+04 1.679277502632024266e+01
1.019602804785450280e+04 1.684786403921341957e+01
1.030718857936979475e+04 1.690295305210659649e+01
1.041834911088508670e+04 1.695804206499977695e+01
1.052950964240037865e+04 1.701313107789295387e+01
1.064067017391567060e+04 1.706822009078613078e+01
1.075183070543096255e+04 1.712330910367930770e+01
1.086299123694625450e+04 1.717839811657248461e+01
1.097415176846154645e+04 1.723348712946566508e+01
1.108531229997683840e+04 1.728857614235884199e+01
1.119647283149213035e+04 1.734366515525201891e+01
1.130763336300742230e+04 1.739875416814519582e+01
1.141879389452271425e+04 1.745384318103837273e+01
1.152995442603800620e+04 1.750893219393154965e+01
1.164111495755329815e+04 1.756402120682472656e+01
1.175227548906859010e+04 1.761911021971790703e+01
1.186343602058388024e+04 1.767419923261108039e+01
1.197459655209917219e+04 1.772928824550426086e+01
1.208575708361446414e+04 1.778437725839743777e+01
1.219691761512975609e+04 1.783946627129061469e+01
1.230807814664504804e+04 1.789455528418379160e+01
1.241923867816033999e+04 1.794964429707697207e+01
1.253039920967563194e+04 1.800473330997014898e+01
1.264155974119092389e+04 1.805982232286332589e+01
1.275272027270621584e+04 1.811491133575650281e+01
1.286388080422150779e+04 1.817000034864967972e+01
1.297504133573679974e+04 1.822508936154285664e+01
1.308620186725209169e+04 1.828017837443603355e+01
1.319736239876738364e+04 1.833526738732921046e+01
1.330852293028267559e+04 1.839035640022239093e+01
1.341968346179796754e+04 1.844544541311556785e+01
1.353084399331325767e+04 1.850053442600874476e+01
1.364200452482854962e+04 1.855562343890192167e+01
1.375316505634384157e+04 1.861071245179509859e+01
1.386432558785913352e+04 1.866580146468827550e+01
1.397548611937442547e+04 1.872089047758145597e+01
1.408664665088971742e+04 1.877597949047463288e+01
1.419780718240500937e+04 1.883106850336780980e+01
1.430896771392030132e+04 1.888615751626098671e+01
1.442012824543559327e+04 1.894124652915416362e+01
1.453128877695088522e+04 1.899633554204734054e+01
1.464244930846617717e+04 1.905142455494051745e+01
1.475360983998146912e+04 1.910651356783369792e+01
1.486477037149676107e+04 1.916160258072687483e+01
1.497593090301205302e+04 1.921669159362005175e+01
1.508709143452734497e+04 1.927178060651322866e+01
1.519825196604263692e+04 1.932686961940640558e+01
1.530941249755792887e+04 1.938195863229958604e+01
1.542057302907322082e+04 1.943704764519276296e+01
1.553173356058851277e+04 1.949213665808593987e+01
1.564289409210380472e+04 1.954722567097911679e+01
1.575405462361909667e+04 1.960231468387229370e+01
1.586521515513438862e+04 1.965740369676547061e+01
1.597637568664968057e+04 1.971249270965864753e+01
1.608753621816497252e+04 1.976758172255182799e+01
1.619869674968026447e+04 1.982267073544500491e+01
1.630985728119555642e+04 1.987775974833818182e+01
1.642101781271084837e+04 1.993284876123135874e+01
1.653217834422614033e+04 1.998793777412453920e+01
1.664333887574143228e+04 2.004302678701771612e+01
1.675449940725672423e+04 2.009811579991089303e+01
1.686565993877201618e+04 2.015320481280406995e+01
1.697682047028730813e+04 2.020829382569724686e+01
1.708798100180260008e+04 2.026338283859042377e+01
1.719914153331789203e+04 2.031847185148360069e+01
1.731030206483318398e+04 2.037356086437677760e+01
1.742146259634847593e+04 2.042864987726995452e+01
1.753262312786376788e+04 2.048373889016313498e+01
1.764378365937905983e+04 2.053882790305631190e+01
1.775494419089435178e+04 2.059391691594948881e+01
1.786610472240964373e+04 2.064900592884266928e+01
1.797726525392493568e+04 2.070409494173584619e+01
1.808842578544022763e+04 2.075918395462902311e+01
1.819958631695551958e+04 2.081427296752220002e+01
1.831074684847081153e+04 2.086936198041537693e+01
1.842190737998610348e+04 2.092445099330855385e+01
1.853306791150139543e+04 2.097954000620173076e+01
1.864422844301668738e+04 2.103462901909490768e+01
1.875538897453197933e+04 2.108971803198808459e+01
1.886654950604727128e+04 2.114480704488126506e+01
1.897771003756256323e+04 2.119989605777444197e+01
1.908887056907785518e+04 2.125498507066761888e+01
1.920003110059314713e+04 2.131007408356079935e+01
1.931119163210843908e+04 2.136516309645397627e+01
1.942235216362373103e+04 2.142025210934715318e+01
1.953351269513902298e+04 2.147534112224033009e+01
1.964467322665431493e+04 2.153043013513350701e+01
1.975583375816960324e+04 2.158551914802668392e+01
1.986699428968489519e+04 2.164060816091986084e+01
1.997815482120018714e+04 2.169569717381303775e+01
2.008931535271547909e+04 2.175078618670621466e+01
2.020047588423077104e+04 2.180587519959939158e+01
2.031163641574606299e+04 2.186096421249256849e+01
2.042279694726135494e+04 2.191605322538574541e+01
2.053395747877664689e+04 2.197114223827892587e+01
2.064511801029193884e+04 2.202623125117210279e+01
2.075627854180723079e+04 2.208132026406527970e+01
2.086743907332252275e+04 2.213640927695846017e+01
2.097859960483781470e+04 2.219149828985163708e+01
2.108976013635310665e+04 2.224658730274481400e+01
2.120092066786839860e+04 2.230167631563799091e+01
2.131208119938369055e+04 2.235676532853116782e+01
2.142324173089898250e+04 2.241185434142434474e+01
2.153440226241427445e+04 2.246694335431752165e+01
2.164556279392956640e+04 2.252203236721069857e+01
2.175672332544485835e+04 2.257712138010387548e+01
2.186788385696015030e+04 2.263221039299705595e+01
2.197904438847544225e+04 2.268729940589023286e+01
2.209020491999073420e+04 2.274238841878340978e+01
2.220136545150602615e+04 2.279747743167659024e+01
2.231252598302131810e+04 2.285256644456976716e+01
2.242368651453661005e+04 2.290765545746294407e+01
2.253484704605190200e+04 2.296274447035612098e+01
2.264600757756719395e+04 2.301783348324929790e+01
2.275716810908248590e+04 2.307292249614247481e+01
2.286832864059777785e+04 2.312801150903565173e+01
2.297948917211306980e+04 2.318310052192882864e+01
2.309064970362836175e+04 2.323818953482200556e+01
2.320181023514365370e+04 2.329327854771518602e+01
2.331297076665894565e+04 2.334836756060836294e+01
2.342413129817423760e+04 2.340345657350153985e+01
2.353529182968952955e+04 2.345854558639472032e+01
2.364645236120482150e+04 2.351363459928789723e+01
2.375761289272011345e+04 2.356872361218107415e+01
2.386877342423540540e+04 2.362381262507425106e+01
2.397993395575069735e+04 2.367890163796742797e+01
2.409109448726598930e+04 2.373399065086060489e+01
2.420225501878128125e+04 2.378907966375378180e+01
2.431341555029657320e+04 2.384416867664695872e+01
2.442457608181186515e+04 2.389925768954013918e+01
2.453573661332715710e+04 2.395434670243331610e+01
2.464689714484244905e+04 2.400943571532649301e+01
2.475805767635774100e+04 2.406452472821967348e+01
2.486921820787303295e+04 2.411961374111285039e+01
2.498037873938832490e+04 2.417470275400602731e+01
2.509153927090361685e+04 2.422979176689920422e+01
2.520269980241890516e+04 2.428488077979238113e+01
2.531386033393419712e+04 2.433996979268555805e+01
2.542502086544948907e+04 2.439505880557873496e+01
2.553618139696478102e+04 2.445014781847191188e+01
2.564734192848007297e+04 2.450523683136508879e+01
2.575850245999536492e+04 2.456032584425826570e+01
2.586966299151065687e+04 2.461541485715144262e+01
2.598082352302594882e+04 2.467050387004461953e+01
2.609198405454124077e+04 2.472559288293780000e+01
2.620314458605653272e+04 2.478068189583097691e+01
2.631430511757182467e+04 2.483577090872415383e+01
2.642546564908711662e+04 2.489085992161733429e+01
2.653662618060240857e+04 2.494594893451051121e+01
2.664778671211770052e+04 2.500103794740368812e+01
2.675894724363299247e+04 2.505612696029686504e+01
2.687010777514828442e+04 2.511121597319004195e+01
2.698126830666357637e+04 2.516630498608321886e+01
2.709242883817886832e+04 2.522139399897639578e+01
2.720358936969416027e+04 2.527648301186957269e+01
2.731474990120945222e+04 2.533157202476274961e+01
2.742591043272474417e+04 2.538666103765593007e+01
2.753707096424003612e+04 2.544175005054910699e+01
2.764823149575532807e+04 2.549683906344228390e+01
2.775939202727062002e+04 2.555192807633546437e+01
2.787055255878591197e+04 2.560701708922864128e+01
2.798171309030120392e+04 2.566210610212181820e+01
2.809287362181649587e+04 2.571719511501499511e+01
2.820403415333178782e+04 2.577228412790817202e+01
2.831519468484707977e+04 2.582737314080134894e+01
2.842635521636237172e+04 2.588246215369452585e+01
2.853751574787766367e+04 2.593755116658770277e+01
2.864867627939295562e+04 2.599264017948087968e+01
2.875983681090824757e+04 2.604772919237406015e+01
2.887099734242353952e+04 2.610281820526723706e+01
2.898215787393883147e+04 2.615790721816041398e+01
2.909331840545412342e+04 2.621299623105359444e+01
2.920447893696941537e+04 2.626808524394677136e+01
2.931563946848470732e+04 2.632317425683994827e+01
2.942679999999999927e+04 2.637826326973312518e+01
