6.933700000000000045e+02 3.044515692501193804e+00
7.001408016032063415e+02 3.078990411480240219e+00
7.069116032064127921e+02 3.113257853792855911e+00
7.136824048096192428e+02 3.147318520234319905e+00
7.204532064128256934e+02 3.181172916307344778e+00
7.272240080160320304e+02 3.214821552189325971e+00
7.339948096192383673e+02 3.248264942699583990e+00
7.407656112224448179e+02 3.281503607266603950e+00
7.475364128256512686e+02 3.314538069895287542e+00
7.543072144288577192e+02 3.347368859134190799e+00
7.610780160320641698e+02 3.379996508042772962e+00
7.678488176352705068e+02 3.412421554158635573e+00
7.746196192384768437e+02 3.444644539464773558e+00
7.813904208416834081e+02 3.476666010356812109e+00
7.881612224448897450e+02 3.508486517610254651e+00
7.949320240480961957e+02 3.540106616347729052e+00
8.017028256513025326e+02 3.571526866006226708e+00
8.084736272545089832e+02 3.602747830304350085e+00
8.152444288577154339e+02 3.633770077209557137e+00
8.220152304609218845e+02 3.664594178905404398e+00
8.287860320641282215e+02 3.695220711758790522e+00
8.355568336673345584e+02 3.725650256287201145e+00
8.423276352705411227e+02 3.755883397125955092e+00
8.490984368737474597e+02 3.785920722995443022e+00
8.558692384769539103e+02 3.815762826668379404e+00
8.626400400801602473e+02 3.845410304937040724e+00
8.694108416833666979e+02 3.874863758580511686e+00
8.761816432865730349e+02 3.904123792331929188e+00
8.829524448897795992e+02 3.933191014845726308e+00
8.897232464929859361e+02 3.962066038664877610e+00
8.964940480961922731e+02 3.990749480188140907e+00
9.032648496993987237e+02 4.019241959637305683e+00
9.100356513026051744e+02 4.047544101024430852e+00
9.168064529058116250e+02 4.075656532119097619e+00
9.235772545090180756e+02 4.103579884415642809e+00
9.303480561122244126e+02 4.131314793100416161e+00
9.371188577154307495e+02 4.158861897019010101e+00
9.438896593186372002e+02 4.186221838643516158e+00
9.506604609218436508e+02 4.213395264039762722e+00
9.574312625250501014e+02 4.240382822834561694e+00
9.642020641282564384e+02 4.267185168182946242e+00
9.709728657314628890e+02 4.293802956735430776e+00
9.777436673346693397e+02 4.320236848605233604e+00
9.845144689378757903e+02 4.346487507335540457e+00
9.912852705410821272e+02 4.372555599866737808e+00
9.980560721442884642e+02 4.398441796503657741e+00
1.004826873747494915e+03 4.424146770882828150e+00
1.011597675350701365e+03 4.449671199939708721e+00
1.018368476953907816e+03 4.475015763875942909e+00
1.025139278557114267e+03 4.500181146126596587e+00
1.031910080160320604e+03 4.525168033327405581e+00
1.038680881763526941e+03 4.549977115282016982e+00
1.045451683366733505e+03 4.574609084929237568e+00
1.052222484969939842e+03 4.599064638310268904e+00
1.058993286573146179e+03 4.623344474535966420e+00
1.065764088176352743e+03 4.647449295754069176e+00
1.072534889779559080e+03 4.671379807116452731e+00
1.079305691382765417e+03 4.695136716746369565e+00
1.086076492985971981e+03 4.718720735705693947e+00
1.092847294589178318e+03 4.742132577962165918e+00
1.099618096192384655e+03 4.765372960356637932e+00
1.106388897795591220e+03 4.788442602570316176e+00
1.113159699398797557e+03 4.811342227092005430e+00
1.119930501002003894e+03 4.834072559185354834e+00
1.126701302605210458e+03 4.856634326856097417e+00
1.133472104208416795e+03 4.879028260819301188e+00
1.140242905811623132e+03 4.901255094466607787e+00
1.147013707414829696e+03 4.923315563833480013e+00
1.153784509018036033e+03 4.945210407566444033e+00
1.160555310621242370e+03 4.966940366890334246e+00
1.167326112224448934e+03 4.988506185575534602e+00
1.174096913827655271e+03 5.009908609905233234e+00
1.180867715430861608e+03 5.031148388642650460e+00
1.187638517034068173e+03 5.052226272998295187e+00
1.194409318637274509e+03 5.073143016597208010e+00
1.201180120240480846e+03 5.093899375446197197e+00
1.207950921843687411e+03 5.114496107901093325e+00
1.214721723446893748e+03 5.134933974633986153e+00
1.221492525050100085e+03 5.155213738600473050e+00
1.228263326653306649e+03 5.175336165006900302e+00
1.235034128256512986e+03 5.195302021277607984e+00
1.241804929859719323e+03 5.215112077022174830e+00
1.248575731462925887e+03 5.234767104002663984e+00
1.255346533066132224e+03 5.254267876100863432e+00
1.262117334669338561e+03 5.273615169285532644e+00
1.268888136272545125e+03 5.292809761579645667e+00
1.275658937875751235e+03 5.311852433027637765e+00
1.282429739478957799e+03 5.330743965662646744e+00
1.289200541082164364e+03 5.349485143473756921e+00
1.295971342685370701e+03 5.368076752373248439e+00
1.302742144288577038e+03 5.386519580163831478e+00
1.309512945891783602e+03 5.404814416505903552e+00
1.316283747494989939e+03 5.422962052884778394e+00
1.323054549098196276e+03 5.440963282577948590e+00
1.329825350701402840e+03 5.458818900622310899e+00
1.336596152304609177e+03 5.476529703781421787e+00
1.343366953907815514e+03 5.494096490512742292e+00
1.350137755511021851e+03 5.511520060934874010e+00
1.356908557114228415e+03 5.528801216794812845e+00
1.363679358717434752e+03 5.545940761435184996e+00
1.370450160320641317e+03 5.562939499761496265e+00
1.377220961923847653e+03 5.579798238209372485e+00
1.383991763527053990e+03 5.596517784711808829e+00
1.390762565130260555e+03 5.613098948666409349e+00
1.397533366733466892e+03 5.629542540902635395e+00
1.404304168336673229e+03 5.645849373649042491e+00
1.411074969939879793e+03 5.662020260500534974e+00
1.417845771543085903e+03 5.678056016385598426e+00
1.424616573146292467e+03 5.693957457533555200e+00
1.431387374749499031e+03 5.709725401441801296e+00
1.438158176352705368e+03 5.725360666843053892e+00
1.444928977955911705e+03 5.740864073672589996e+00
1.451699779559118269e+03 5.756236443035499306e+00
1.458470581162324606e+03 5.771478597173924641e+00
1.465241382765530943e+03 5.786591359434301474e+00
1.472012184368737508e+03 5.801575554234606358e+00
1.478782985971943617e+03 5.816432007031606233e+00
1.485553787575150182e+03 5.831161544288093523e+00
1.492324589178356746e+03 5.845764993440132784e+00
1.499095390781563083e+03 5.860243182864307343e+00
1.505866192384769420e+03 5.874596941844963283e+00
1.512636993987975984e+03 5.888827100541451642e+00
1.519407795591182321e+03 5.902934489955375952e+00
1.526178597194388658e+03 5.916919941897829105e+00
1.532949398797595222e+03 5.930784288956647998e+00
1.539720200400801332e+03 5.944528364463646852e+00
1.546491002004007896e+03 5.958153002461875403e+00
1.553261803607214460e+03 5.971659037672843340e+00
1.560032605210420797e+03 5.985047305463783829e+00
1.566803406813627134e+03 5.998318641814885943e+00
1.573574208416833699e+03 6.011473883286544861e+00
1.580345010020040036e+03 6.024513866986600519e+00
1.587115811623246373e+03 6.037439430537586915e+00
1.593886613226452937e+03 6.050251412043975208e+00
1.600657414829659274e+03 6.062950650059415025e+00
1.607428216432865611e+03 6.075537983553982002e+00
1.614199018036071948e+03 6.088014251881417316e+00
1.620969819639278512e+03 6.100380294746379661e+00
1.627740621242484849e+03 6.112636952171683902e+00
1.634511422845691413e+03 6.124785064465542384e+00
1.641282224448897978e+03 6.136825472188821351e+00
1.648053026052104087e+03 6.148759016122264498e+00
1.654823827655310652e+03 6.160586537233760929e+00
1.661594629258516989e+03 6.172308876645573150e+00
1.668365430861723326e+03 6.183926875601584605e+00
1.675136232464929890e+03 6.195441375434548092e+00
1.681907034068135999e+03 6.206853217533325306e+00
1.688677835671342564e+03 6.218163243310133481e+00
1.695448637274549128e+03 6.229372294167788482e+00
1.702219438877755692e+03 6.240481211466947897e+00
1.708990240480961802e+03 6.251490836493363901e+00
1.715761042084168366e+03 6.262402010425110355e+00
1.722531843687374703e+03 6.273215574299841890e+00
1.729302645290581040e+03 6.283932368982036110e+00
1.736073446893787604e+03 6.294553235130228686e+00
1.742844248496993714e+03 6.305079013164268886e+00
1.749615050100200278e+03 6.315510543232552010e+00
1.756385851703406843e+03 6.325848665179277575e+00
1.763156653306613180e+03 6.336094218511684417e+00
1.769927454909819517e+03 6.346248042367290232e+00
1.776698256513026081e+03 6.356310975481150649e+00
1.783469058116232418e+03 6.366283856153089005e+00
1.790239859719438755e+03 6.376167522214950090e+00
1.797010661322645319e+03 6.385962810997836137e+00
1.803781462925851656e+03 6.395670559299361457e+00
1.810552264529057993e+03 6.405291603350882212e+00
1.817323066132264557e+03 6.414826778784760819e+00
1.824093867735470894e+03 6.424276920601584173e+00
1.830864669338677231e+03 6.433642863137436052e+00
1.837635470941883796e+03 6.442925440031117112e+00
1.844406272545090133e+03 6.452125484191403970e+00
1.851177074148296470e+03 6.461243827764285186e+00
1.857947875751503034e+03 6.470281302100215015e+00
1.864718677354709371e+03 6.479238737721344066e+00
1.871489478957915708e+03 6.488116964288778377e+00
1.878260280561122272e+03 6.496916810569809186e+00
1.885031082164328836e+03 6.505639104405167572e+00
1.891801883767534946e+03 6.514284672676263988e+00
1.898572685370741510e+03 6.522854341272437573e+00
1.905343486973947620e+03 6.531348935058189475e+00
1.912114288577154184e+03 6.539769277840441042e+00
1.918885090180360748e+03 6.548116192335761809e+00
1.925655891783567085e+03 6.556390500137638355e+00
1.932426693386773422e+03 6.564593021683684526e+00
1.939197494989979987e+03 6.572724576222915616e+00
1.945968296593186551e+03 6.580785981782977245e+00
1.952739098196392661e+03 6.588778055137394674e+00
1.959509899799599225e+03 6.596701611772814999e+00
1.966280701402805335e+03 6.604557465856249365e+00
1.973051503006011899e+03 6.612346430202325820e+00
1.979822304609218463e+03 6.620069316240522639e+00
1.986593106212424800e+03 6.627726933982415858e+00
1.993363907815631137e+03 6.635320091988930358e+00
2.000134709418837701e+03 6.642849597337574075e+00
2.006905511022043811e+03 6.650316255589688197e+00
2.013676312625250375e+03 6.657720870757691145e+00
2.020447114228456940e+03 6.665064245272317223e+00
2.027217915831663049e+03 6.672347179949871254e+00
2.033988717434869613e+03 6.679570473959464572e+00
2.040759519038075950e+03 6.686734924790251888e+00
2.047530320641282515e+03 6.693841328218702813e+00
2.054301122244488852e+03 6.700890478275811191e+00
2.061071923847695416e+03 6.707883167214363951e+00
2.067842725450901526e+03 6.714820185476177983e+00
2.074613527054108090e+03 6.721702321659343227e+00
2.081384328657314654e+03 6.728530362485464877e+00
2.088155130260520764e+03 6.735305092766910029e+00
2.094925931863727328e+03 6.742027295374057871e+00
2.101696733466933438e+03 6.748697751202529460e+00
2.108467535070140002e+03 6.755317239140445906e+00
2.115238336673346566e+03 6.761886536035667916e+00
2.122009138276553131e+03 6.768406416663037106e+00
2.128779939879759695e+03 6.774877653691619095e+00
2.135550741482965805e+03 6.781301017651954588e+00
2.142321543086172369e+03 6.787677276903302470e+00
2.149092344689378479e+03 6.794007197600874015e+00
2.155863146292585043e+03 6.800291543663092853e+00
2.162633947895791607e+03 6.806531076738821184e+00
2.169404749498998171e+03 6.812726556174618864e+00
2.176175551102204281e+03 6.818878738981988263e+00
2.182946352705410845e+03 6.824988379804601379e+00
2.189717154308616955e+03 6.831056230885559799e+00
2.196487955911823519e+03 6.837083042034630687e+00
2.203258757515030084e+03 6.843069560595502310e+00
2.210029559118236193e+03 6.849016531413013809e+00
2.216800360721443212e+03 6.854924696800412498e+00
2.223571162324648867e+03 6.860794796506580084e+00
2.230341963927855886e+03 6.866627567683296185e+00
2.237112765531061996e+03 6.872423744852474314e+00
2.243883567134268560e+03 6.878184059873408529e+00
2.250654368737475124e+03 6.883909241910007637e+00
2.257425170340681234e+03 6.889600017398054277e+00
2.264195971943887344e+03 6.895257110012438240e+00
2.270966773547093908e+03 6.900881240634405778e+00
2.277737575150300472e+03 6.906473127318802696e+00
2.284508376753507036e+03 6.912033485261317445e+00
2.291279178356713601e+03 6.917563026765727763e+00
2.298049979959919256e+03 6.923062461211141994e+00
2.304820781563126275e+03 6.928532495019242177e+00
2.311591583166332384e+03 6.933973831621532469e+00
2.318362384769538949e+03 6.939387171426583123e+00
2.325133186372745513e+03 6.944773211787277134e+00
2.331903987975952077e+03 6.950132646968032901e+00
2.338674789579158187e+03 6.955466168112089065e+00
2.345445591182364296e+03 6.960774463208707630e+00
2.352216392785570861e+03 6.966058217060446367e+00
2.358987194388777425e+03 6.971318111250387695e+00
2.365757995991983989e+03 6.976554824109388875e+00
2.372528797595190099e+03 6.981769030683323329e+00
2.379299599198396663e+03 6.986961402700329060e+00
2.386070400801602773e+03 6.992132608538047300e+00
2.392841202404809337e+03 6.997283313190878040e+00
2.399612004008015901e+03 7.002414178237206244e+00
2.406382805611222466e+03 7.007525861806659151e+00
2.413153607214429030e+03 7.012619018547344041e+00
2.419924408817635140e+03 7.017694299593101981e+00
2.426695210420841704e+03 7.022752352530746478e+00
2.433466012024047814e+03 7.027793821367296800e+00
2.440236813627254378e+03 7.032819346497239721e+00
2.447007615230460942e+03 7.037829564669763727e+00
2.453778416833667507e+03 7.042825108956001223e+00
2.460549218436873616e+03 7.047806608716287613e+00
2.467320020040079726e+03 7.052774689567387512e+00
2.474090821643286290e+03 7.057729973349745833e+00
2.480861623246492854e+03 7.062673078094735324e+00
2.487632424849699419e+03 7.067604617991893434e+00
2.494403226452905528e+03 7.072525203356173407e+00
2.501174028056112093e+03 7.077435440595194471e+00
2.507944829659318202e+03 7.082335932176460958e+00
2.514715631262524766e+03 7.087227276594637360e+00
2.521486432865731331e+03 7.092110068338769224e+00
2.528257234468937895e+03 7.096984897859540453e+00
2.535028036072144005e+03 7.101852351536516395e+00
2.541798837675350569e+03 7.106713011645373612e+00
2.548569639278557133e+03 7.111567456325170511e+00
2.555340440881763243e+03 7.116416259545566447e+00
2.562111242484969807e+03 7.121259991074076368e+00
2.568882044088176372e+03 7.126099216443321893e+00
2.575652845691382936e+03 7.130934496918262866e+00
2.582423647294589045e+03 7.135766389463441328e+00
2.589194448897795610e+03 7.140595446710244154e+00
2.595965250501001719e+03 7.145422216924123049e+00
2.602736052104208284e+03 7.150247243971854516e+00
2.609506853707414848e+03 7.155071067288783837e+00
2.616277655310620958e+03 7.159894221846053952e+00
2.623048456913827977e+03 7.164717238117876086e+00
2.629819258517033632e+03 7.169540642048741752e+00
2.636590060120240196e+03 7.174364955020694268e+00
2.643360861723446760e+03 7.179190693820563851e+00
2.650131663326653324e+03 7.184018370607205384e+00
2.656902464929859889e+03 7.188848492878742391e+00
2.663673266533065998e+03 7.193681563439827897e+00
2.670444068136272108e+03 7.198518080368870642e+00
2.677214869739478672e+03 7.203358536985291494e+00
2.683985671342685237e+03 7.208203421816753220e+00
2.690756472945891801e+03 7.213053218566414238e+00
2.697527274549098365e+03 7.217908406080181472e+00
2.704298076152304020e+03 7.222769458313937463e+00
2.711068877755511039e+03 7.227636844300791452e+00
2.717839679358717149e+03 7.232511028118329577e+00
2.724610480961923713e+03 7.237392468855847305e+00
2.731381282565130277e+03 7.242281620581607626e+00
2.738152084168336842e+03 7.247178932310065491e+00
2.744922885771543406e+03 7.252084847969137549e+00
2.751693687374749061e+03 7.256999806367424810e+00
2.758464488977955625e+03 7.261924241161469951e+00
2.765235290581162189e+03 7.266858580822990632e+00
2.772006092184368754e+03 7.271803248606133252e+00
2.778776893787575318e+03 7.276758662514714260e+00
2.785547695390781428e+03 7.281725235269460583e+00
2.792318496993987537e+03 7.286703374275262490e+00
2.799089298597194102e+03 7.291693481588405135e+00
2.805860100200400666e+03 7.296695953883816976e+00
2.812630901803607230e+03 7.301711182422330637e+00
2.819401703406813795e+03 7.306739553017902011e+00
2.826172505010019904e+03 7.311781446004863128e+00
2.832943306613226468e+03 7.316837236205183004e+00
2.839714108216432578e+03 7.321907292895681429e+00
2.846484909819639142e+03 7.326991979775293373e+00
2.853255711422845707e+03 7.332091654932314739e+00
2.860026513026052271e+03 7.337206670811646347e+00
2.866797314629258381e+03 7.342337374182017484e+00
2.873568116232464490e+03 7.347484106103251200e+00
2.880338917835671054e+03 7.352647201893503848e+00
2.887109719438877619e+03 7.357826991096503733e+00
2.893880521042084183e+03 7.363023797448812857e+00
2.900651322645290293e+03 7.368237938847044255e+00
2.907422124248496857e+03 7.373469727315121958e+00
2.914192925851703421e+03 7.378719468971530304e+00
2.920963727454909531e+03 7.383987463996540157e+00
2.927734529058116095e+03 7.389274006599476863e+00
2.934505330661322660e+03 7.394579384985936699e+00
2.941276132264529224e+03 7.399903881325051280e+00
2.948046933867735333e+03 7.405247771716737759e+00
2.954817735470941898e+03 7.410611326158910828e+00
2.961588537074148007e+03 7.415994808514762227e+00
2.968359338677354572e+03 7.421398476479986073e+00
2.975130140280561136e+03 7.426822581550022839e+00
2.981900941883767700e+03 7.432267368987321987e+00
2.988671743486973355e+03 7.437733077788552194e+00
2.995442545090179919e+03 7.443219940651879973e+00
3.002213346693386939e+03 7.448728183944198555e+00
3.008984148296593048e+03 7.454258027668357656e+00
3.015754949899799612e+03 7.459809685430442983e+00
3.022525751503005722e+03 7.465383364406994460e+00
3.029296553106212741e+03 7.470979265312240436e+00
3.036067354709418396e+03 7.476597582365378969e+00
3.042838156312624960e+03 7.482238503257793383e+00
3.049608957915831525e+03 7.487902209120294472e+00
3.056379759519038089e+03 7.493588874490391127e+00
3.063150561122244653e+03 7.499298667279502340e+00
3.069921362725450763e+03 7.505031748740225161e+00
3.076692164328657327e+03 7.510788273433563589e+00
3.083462965931863437e+03 7.516568389196187638e+00
3.090233767535070001e+03 7.522372237107665782e+00
3.097004569138276565e+03 7.528199951457706263e+00
3.103775370741483130e+03 7.534051659713414395e+00
3.110546172344688785e+03 7.539927482486526777e+00
3.117316973947895804e+03 7.545827533500663264e+00
3.124087775551101913e+03 7.551751919558563841e+00
3.130858577154308477e+03 7.557700740509330828e+00
3.137629378757515042e+03 7.563674089215687069e+00
3.144400180360721151e+03 7.569672051521202150e+00
3.151170981963928170e+03 7.575694706217548813e+00
3.157941783567133825e+03 7.581742125011746936e+00
3.164712585170340390e+03 7.587814372493399517e+00
3.171483386773546954e+03 7.593911506101941100e+00
3.178254188376753518e+03 7.600033576093890630e+00
3.185024989979959628e+03 7.606180625510073234e+00
3.191795791583166192e+03 7.612352690142893508e+00
3.198566593186372756e+03 7.618549798503558179e+00
3.205337394789578866e+03 7.624771971789331637e+00
3.212108196392785430e+03 7.631019223850756816e+00
3.218878997995991995e+03 7.637291561158949804e+00
3.225649799599198559e+03 7.643588982772783424e+00
3.232420601202404214e+03 7.649911480306181844e+00
3.239191402805611233e+03 7.656259037895327246e+00
3.245962204408817342e+03 7.662631632165926909e+00
3.252733006012023907e+03 7.669029232200450075e+00
3.259503807615230016e+03 7.675451799505379924e+00
3.266274609218437035e+03 7.681899287978438018e+00
3.273045410821643600e+03 7.688371643875840711e+00
3.279816212424849255e+03 7.694868805779554677e+00
3.286587014028055819e+03 7.701390704564524015e+00
3.293357815631262383e+03 7.707937263365922220e+00
3.300128617234468948e+03 7.714508397546388174e+00
3.306899418837675057e+03 7.721104014663289661e+00
3.313670220440881621e+03 7.727724014435930933e+00
3.320441022044087731e+03 7.734368288712853534e+00
3.327211823647294295e+03 7.741036721439019885e+00
3.333982625250500860e+03 7.747729188623097230e+00
3.340753426853707424e+03 7.754445558304686514e+00
3.347524228456913988e+03 7.761185690521575253e+00
3.354295030060120098e+03 7.767949437276959301e+00
3.361065831663326662e+03 7.774736642506734796e+00
3.367836633266532772e+03 7.781547142046679078e+00
3.374607434869739336e+03 7.788380763599745293e+00
3.381378236472945446e+03 7.795237326703290393e+00
3.388149038076152465e+03 7.802116642696303117e+00
3.394919839679359029e+03 7.809018514686673740e+00
3.401690641282564684e+03 7.815942737518430050e+00
3.408461442885771248e+03 7.822889097738963571e+00
3.415232244488977813e+03 7.829857373566309064e+00
3.422003046092184377e+03 7.836847334856345881e+00
3.428773847695390486e+03 7.843858743070082795e+00
3.435544649298597051e+03 7.850891351240885996e+00
3.442315450901803160e+03 7.857944903941689319e+00
3.449086252505009725e+03 7.865019137252321713e+00
3.455857054108216289e+03 7.872113778726653521e+00
3.462627855711422853e+03 7.879228547359918622e+00
3.469398657314629418e+03 7.886363153555913108e+00
3.476169458917835527e+03 7.893517299094251705e+00
3.482940260521042092e+03 7.900690677097612635e+00
3.489711062124248201e+03 7.907882971999005584e+00
3.496481863727454765e+03 7.915093859508961494e+00
3.503252665330661330e+03 7.922323006582831617e+00
3.510023466933867894e+03 7.929570071387998631e+00
3.516794268537073549e+03 7.936834703271131275e+00
3.523565070140280113e+03 7.944116542725437213e+00
3.530335871743487132e+03 7.951415221357882146e+00
3.537106673346693242e+03 7.958730361856462210e+00
3.543877474949899806e+03 7.966061577957446183e+00
3.550648276553105916e+03 7.973408474412566171e+00
3.557419078156312480e+03 7.980770646956367287e+00
3.564189879759518590e+03 7.988147682273337935e+00
3.570960681362725154e+03 7.995539157965238175e+00
3.577731482965931718e+03 8.002944642518297513e+00
3.584502284569138283e+03 8.010363695270465101e+00
3.591273086172344392e+03 8.017795866378680358e+00
3.598043887775550957e+03 8.025240696786088535e+00
3.604814689378757521e+03 8.032697718189290015e+00
3.611585490981963630e+03 8.040166453005610947e+00
3.618356292585170195e+03 8.047646414340292154e+00
3.625127094188376759e+03 8.055137105953798837e+00
3.631897895791583323e+03 8.062638022229020152e+00
3.638668697394788978e+03 8.070148648138527392e+00
3.645439498997995543e+03 8.077668459211814422e+00
3.652210300601202107e+03 8.085196921502536327e+00
3.658981102204408671e+03 8.092733491555796022e+00
3.665751903807615236e+03 8.100277616375315404e+00
3.672522705410821345e+03 8.107828733390734399e+00
3.679293507014028364e+03 8.115386270424838955e+00
3.686064308617234019e+03 8.122949645660815676e+00
3.692835110220440583e+03 8.130518267609460281e+00
3.699605911823647148e+03 8.138091535076476646e+00
3.706376713426853712e+03 8.145668837129665718e+00
3.713147515030059822e+03 8.153249553066213906e+00
3.719918316633266386e+03 8.160833052379913966e+00
3.726689118236472950e+03 8.168418694728412532e+00
3.733459919839679060e+03 8.176005829900445221e+00
3.740230721442885624e+03 8.183593797783116131e+00
3.747001523046092188e+03 8.191181928329102746e+00
3.753772324649298753e+03 8.198769541523919457e+00
3.760543126252504408e+03 8.206355947353143776e+00
3.767313927855711427e+03 8.213940445769692289e+00
3.774084729458917536e+03 8.221522326661037994e+00
3.780855531062124101e+03 8.229100869816461383e+00
3.787626332665330210e+03 8.236675344894306861e+00
3.794397134268537229e+03 8.244245011389192967e+00
3.801167935871743794e+03 8.251809118599304327e+00
3.807938737474949448e+03 8.259366905593598318e+00
3.814709539078156013e+03 8.266917601179073927e+00
3.821480340681362577e+03 8.274460423867992631e+00
3.828251142284569141e+03 8.281994581845133041e+00
3.835021943887775251e+03 8.289519272935047312e+00
3.841792745490981815e+03 8.297033684569289136e+00
3.848563547094187925e+03 8.304536993753664831e+00
3.855334348697394489e+03 8.312028367035463106e+00
3.862105150300601053e+03 8.319506960470739898e+00
3.868875951903807618e+03 8.326971919591505511e+00
3.875646753507014182e+03 8.334422379373011225e+00
3.882417555110220292e+03 8.341857464200987948e+00
3.889188356713426856e+03 8.349276287838861776e+00
3.895959158316632966e+03 8.356677953395035274e+00
3.902729959919839530e+03 8.364061553290124351e+00
3.909500761523045639e+03 8.371426169224161384e+00
3.916271563126252659e+03 8.378770872143903148e+00
3.923042364729458313e+03 8.386094722210033936e+00
3.929813166332664878e+03 8.393396768764405991e+00
3.936583967935871442e+03 8.400676050297317232e+00
3.943354769539078006e+03 8.407931594414719711e+00
3.950125571142284571e+03 8.415162417805486683e+00
3.956896372745490680e+03 8.422367526208667243e+00
3.963667174348697245e+03 8.429545914380659255e+00
3.970437975951903354e+03 8.436696566062568792e+00
3.977208777555109918e+03 8.443818453947347535e+00
3.983979579158316483e+03 8.450910539647107811e+00
3.990750380761523047e+03 8.457971773660339920e+00
3.997521182364729611e+03 8.465001095339140136e+00
4.004291983967935721e+03 8.471997432856483101e+00
4.011062785571142285e+03 8.478959703173465812e+00
4.017833587174348395e+03 8.485886812006491198e+00
4.024604388777554959e+03 8.492777653794659543e+00
4.031375190380761524e+03 8.499631111666808181e+00
4.038145991983968088e+03 8.506446057408926009e+00
4.044916793587173743e+03 8.452219167211364237e+00
4.106439824775177840e+03 8.509184023715047118e+00
4.167962855963181937e+03 8.566148880218726447e+00
4.229485887151186034e+03 8.623113736722409328e+00
4.291008918339190132e+03 8.680078593226088657e+00
4.352531949527194229e+03 8.737043449729771538e+00
4.414054980715198326e+03 8.794008306233450867e+00
4.475578011903202423e+03 8.850973162737133748e+00
4.537101043091206520e+03 8.907938019240813077e+00
4.598624074279210618e+03 8.964902875744495958e+00
4.660147105467215624e+03 9.021867732248177063e+00
4.721670136655219721e+03 9.078832588751858168e+00
4.783193167843223819e+03 9.135797445255539273e+00
4.844716199031227916e+03 9.192762301759220378e+00
4.906239230219232013e+03 9.249727158262901483e+00
4.967762261407236110e+03 9.306692014766582588e+00
5.029285292595240207e+03 9.363656871270263693e+00
5.090808323783244305e+03 9.420621727773944798e+00
5.152331354971248402e+03 9.477586584277625903e+00
5.213854386159252499e+03 9.534551440781307008e+00
5.275377417347256596e+03 9.591516297284988113e+00
5.336900448535260693e+03 9.648481153788669218e+00
5.398423479723265700e+03 9.705446010292352099e+00
5.459946510911269797e+03 9.762410866796031428e+00
5.521469542099273895e+03 9.819375723299714309e+00
5.582992573287277992e+03 9.876340579803393638e+00
5.644515604475282089e+03 9.933305436307074743e+00
5.706038635663286186e+03 9.990270292810755848e+00
5.767561666851290283e+03 1.004723514931443695e+01
5.829084698039294381e+03 1.010420000581811806e+01
5.890607729227298478e+03 1.016116486232179916e+01
5.952130760415302575e+03 1.021812971882548027e+01
6.013653791603306672e+03 1.027509457532916137e+01
6.075176822791310769e+03 1.033205943183284248e+01
6.136699853979314867e+03 1.038902428833652358e+01
6.198222885167318964e+03 1.044598914484020469e+01
6.259745916355323061e+03 1.050295400134388579e+01
6.321268947543327158e+03 1.055991885784756690e+01
6.382791978731331255e+03 1.061688371435124800e+01
6.444315009919335353e+03 1.067384857085492911e+01
6.505838041107339450e+03 1.073081342735861021e+01
6.567361072295343547e+03 1.078777828386229132e+01
6.628884103483347644e+03 1.084474314036597242e+01
6.690407134671351741e+03 1.090170799686965353e+01
6.751930165859356748e+03 1.095867285337333641e+01
6.813453197047360845e+03 1.101563770987701574e+01
6.874976228235364943e+03 1.107260256638069862e+01
6.936499259423369040e+03 1.112956742288437795e+01
6.998022290611373137e+03 1.118653227938806083e+01
7.059545321799377234e+03 1.124349713589174016e+01
7.121068352987381331e+03 1.130046199239542304e+01
7.182591384175385429e+03 1.135742684889910237e+01
7.244114415363389526e+03 1.141439170540278525e+01
7.305637446551394532e+03 1.147135656190646635e+01
7.367160477739398630e+03 1.152832141841014746e+01
7.428683508927402727e+03 1.158528627491382856e+01
7.490206540115406824e+03 1.164225113141750967e+01
7.551729571303410921e+03 1.169921598792119077e+01
7.613252602491415018e+03 1.175618084442487188e+01
7.674775633679419116e+03 1.181314570092855298e+01
7.736298664867423213e+03 1.187011055743223409e+01
7.797821696055427310e+03 1.192707541393591519e+01
7.859344727243431407e+03 1.198404027043959630e+01
7.920867758431435504e+03 1.204100512694327740e+01
7.982390789619439602e+03 1.209796998344695851e+01
8.043913820807443699e+03 1.215493483995063961e+01
8.105436851995447796e+03 1.221189969645432072e+01
8.166959883183451893e+03 1.226886455295800182e+01
8.228482914371455990e+03 1.232582940946168293e+01
8.290005945559460088e+03 1.238279426596536403e+01
8.351528976747464185e+03 1.243975912246904514e+01
8.413052007935468282e+03 1.249672397897272624e+01
8.474575039123472379e+03 1.255368883547640735e+01
8.536098070311476476e+03 1.261065369198008845e+01
8.597621101499480574e+03 1.266761854848376956e+01
8.659144132687484671e+03 1.272458340498745066e+01
8.720667163875488768e+03 1.278154826149113177e+01
8.782190195063492865e+03 1.283851311799481287e+01
8.843713226251496963e+03 1.289547797449849398e+01
8.905236257439501060e+03 1.295244283100217508e+01
8.966759288627505157e+03 1.300940768750585619e+01
9.028282319815509254e+03 1.306637254400953729e+01
9.089805351003513351e+03 1.312333740051321840e+01
9.151328382191517449e+03 1.318030225701689950e+01
9.212851413379521546e+03 1.323726711352058061e+01
9.274374444567525643e+03 1.329423197002426171e+01
9.335897475755529740e+03 1.335119682652794282e+01
9.397420506943533837e+03 1.340816168303162392e+01
9.458943538131539754e+03 1.346512653953530680e+01
9.520466569319543851e+03 1.352209139603898791e+01
9.581989600507547948e+03 1.357905625254266901e+01
9.643512631695552045e+03 1.363602110904635012e+01
9.705035662883556142e+03 1.369298596555003122e+01
9.766558694071560240e+03 1.374995082205371233e+01
9.828081725259564337e+03 1.380691567855739343e+01
9.889604756447568434e+03 1.386388053506107454e+01
9.951127787635572531e+03 1.392084539156475564e+01
1.001265081882357663e+04 1.397781024806843675e+01
1.007417385001158073e+04 1.403477510457211785e+01
1.013569688119958482e+04 1.409173996107579718e+01
1.019721991238758892e+04 1.414870481757947829e+01
1.025874294357559302e+04 1.420566967408315939e+01
1.032026597476359711e+04 1.426263453058684050e+01
1.038178900595160121e+04 1.431959938709052160e+01
1.044331203713960531e+04 1.437656424359420271e+01
1.050483506832761122e+04 1.443352910009788559e+01
1.056635809951561532e+04 1.449049395660156669e+01
1.062788113070361942e+04 1.454745881310524780e+01
1.068940416189162352e+04 1.460442366960892890e+01
1.075092719307962761e+04 1.466138852611261001e+01
1.081245022426763171e+04 1.471835338261629111e+01
1.087397325545563581e+04 1.477531823911997222e+01
1.093549628664363991e+04 1.483228309562365332e+01
1.099701931783164400e+04 1.488924795212733443e+01
1.105854234901964810e+04 1.494621280863101553e+01
1.112006538020765220e+04 1.500317766513469664e+01
1.118158841139565629e+04 1.506014252163837774e+01
1.124311144258366039e+04 1.511710737814205885e+01
1.130463447377166449e+04 1.517407223464573995e+01
1.136615750495966859e+04 1.523103709114942106e+01
1.142768053614767268e+04 1.528800194765310216e+01
1.148920356733567678e+04 1.534496680415678327e+01
1.155072659852368088e+04 1.540193166066046437e+01
1.161224962971168497e+04 1.545889651716414548e+01
1.167377266089968907e+04 1.551586137366782658e+01
1.173529569208769317e+04 1.557282623017150769e+01
1.179681872327569727e+04 1.562979108667518879e+01
1.185834175446370136e+04 1.568675594317886990e+01
1.191986478565170546e+04 1.574372079968255100e+01
1.198138781683970956e+04 1.580068565618623211e+01
1.204291084802771366e+04 1.585765051268991321e+01
1.210443387921571775e+04 1.591461536919359432e+01
1.216595691040372185e+04 1.597158022569727542e+01
1.222747994159172595e+04 1.602854508220095653e+01
1.228900297277973004e+04 1.608550993870463941e+01
1.235052600396773414e+04 1.614247479520831874e+01
1.241204903515573824e+04 1.619943965171199807e+01
1.247357206634374234e+04 1.625640450821568095e+01
1.253509509753174643e+04 1.631336936471936383e+01
1.259661812871975053e+04 1.637033422122304316e+01
1.265814115990775463e+04 1.642729907772672249e+01
1.271966419109575872e+04 1.648426393423040537e+01
1.278118722228376282e+04 1.654122879073408825e+01
1.284271025347176692e+04 1.659819364723776758e+01
1.290423328465977102e+04 1.665515850374144691e+01
1.296575631584777693e+04 1.671212336024512979e+01
1.302727934703578103e+04 1.676908821674881267e+01
1.308880237822378513e+04 1.682605307325249555e+01
1.315032540941178922e+04 1.688301792975617488e+01
1.321184844059979332e+04 1.693998278625985421e+01
1.327337147178779742e+04 1.699694764276353709e+01
1.333489450297580152e+04 1.705391249926721997e+01
1.339641753416380561e+04 1.711087735577089930e+01
1.345794056535180971e+04 1.716784221227457863e+01
1.351946359653981381e+04 1.722480706877826151e+01
1.358098662772781790e+04 1.728177192528194439e+01
1.364250965891582200e+04 1.733873678178562372e+01
1.370403269010382610e+04 1.739570163828930305e+01
1.376555572129183020e+04 1.745266649479298593e+01
1.382707875247983429e+04 1.750963135129666881e+01
1.388860178366783839e+04 1.756659620780034814e+01
1.395012481485584249e+04 1.762356106430402747e+01
1.401164784604384658e+04 1.768052592080771035e+01
1.407317087723185068e+04 1.773749077731139323e+01
1.413469390841985478e+04 1.779445563381507256e+01
1.419621693960785888e+04 1.785142049031875189e+01
1.425773997079586297e+04 1.790838534682243477e+01
1.431926300198386707e+04 1.796535020332611765e+01
1.438078603317187117e+04 1.802231505982979698e+01
1.444230906435987526e+04 1.807927991633347631e+01
1.450383209554787936e+04 1.813624477283715919e+01
1.456535512673588346e+04 1.819320962934084207e+01
1.462687815792388756e+04 1.825017448584452140e+01
1.468840118911189165e+04 1.830713934234820073e+01
1.474992422029989575e+04 1.836410419885188361e+01
1.481144725148789985e+04 1.842106905535556649e+01
1.487297028267590576e+04 1.847803391185924937e+01
1.493449331386390986e+04 1.853499876836292870e+01
1.499601634505191396e+04 1.859196362486660803e+01
1.505753937623991806e+04 1.864892848137029091e+01
1.511906240742792215e+04 1.870589333787397379e+01
1.518058543861592625e+04 1.876285819437765312e+01
1.524210846980393035e+04 1.881982305088133245e+01
1.530363150099193444e+04 1.887678790738501533e+01
1.536515453217993854e+04 1.893375276388869821e+01
1.542667756336794264e+04 1.899071762039237754e+01
1.548820059455594674e+04 1.904768247689605687e+01
1.554972362574395083e+04 1.910464733339973975e+01
1.561124665693195493e+04 1.916161218990342263e+01
1.567276968811995903e+04 1.921857704640710196e+01
1.573429271930796313e+04 1.927554190291078129e+01
1.579581575049596722e+04 1.933250675941446417e+01
1.585733878168397132e+04 1.938947161591814705e+01
1.591886181287197542e+04 1.944643647242182638e+01
1.598038484405997951e+04 1.950340132892550571e+01
1.604190787524798361e+04 1.956036618542918859e+01
1.610343090643598771e+04 1.961733104193286792e+01
1.616495393762399181e+04 1.967429589843654725e+01
1.622647696881199590e+04 1.973126075494023013e+01
1.628800000000000000e+04 1.978822561144391301e+01
