6.809850000000000136e+02 4.261125848276659411e+00
6.878004609218436372e+02 4.294354521972018723e+00
6.946159218436873743e+02 4.327467349219003445e+00
7.014313827655311115e+02 4.360463497828225954e+00
7.082468436873748487e+02 4.393342148348846621e+00
7.150623046092184723e+02 4.426102494018250511e+00
7.218777655310620958e+02 4.458743740711748060e+00
7.286932264529058330e+02 4.491265106892257997e+00
7.355086873747495702e+02 4.523665823560000909e+00
7.423241482965931937e+02 4.555945134202184832e+00
7.491396092184369309e+02 4.588102294742700593e+00
7.559550701402805544e+02 4.620136573491805621e+00
7.627705310621242916e+02 4.652047251095817515e+00
7.695859919839679151e+02 4.683833620486805849e+00
7.764014529058116523e+02 4.715494986832271529e+00
7.832169138276553895e+02 4.747030667484850142e+00
7.900323747494990130e+02 4.778439991931993092e+00
7.968478356713426365e+02 4.809722301745658513e+00
8.036632965931863737e+02 4.840876950532005729e+00
8.104787575150301109e+02 4.871903303881074621e+00
8.172942184368738481e+02 4.902800739316488965e+00
8.241096793587173579e+02 4.933568646245134026e+00
8.309251402805610951e+02 4.964206425906853681e+00
8.377406012024048323e+02 4.994713491324137777e+00
8.445560621242485695e+02 5.025089267251811265e+00
8.513715230460923067e+02 5.055333190126724219e+00
8.581869839679358165e+02 5.085444708017443638e+00
8.650024448897795537e+02 5.115423280573941689e+00
8.718179058116232909e+02 5.145268378977280399e+00
8.786333667334670281e+02 5.174979485889311448e+00
8.854488276553106516e+02 5.204556095402359084e+00
8.922642885771542751e+02 5.233997712988909257e+00
8.990797494989980123e+02 5.263303855451303193e+00
9.058952104208417495e+02 5.292474050871428304e+00
9.127106713426853730e+02 5.321507838560397552e+00
9.195261322645291102e+02 5.350404769008253680e+00
9.263415931863728474e+02 5.379164403833647690e+00
9.331570541082164709e+02 5.407786315733533300e+00
9.399725150300600944e+02 5.436270088432857861e+00
9.467879759519038316e+02 5.464615316634247932e+00
9.536034368737475688e+02 5.492821605967705523e+00
9.604188977955911923e+02 5.520888572940286565e+00
9.672343587174348158e+02 5.548815844885803372e+00
9.740498196392785530e+02 5.576603059914507554e+00
9.808652805611222902e+02 5.604249866862778262e+00
9.876807414829660274e+02 5.631755925242818428e+00
9.944962024048097646e+02 5.659120905192336792e+00
1.001311663326653274e+03 5.686344487424243255e+00
1.008127124248497012e+03 5.713426363176339784e+00
1.014942585170340749e+03 5.740366234160999781e+00
1.021758046092184486e+03 5.767163812514871424e+00
1.028573507014028110e+03 5.793818820748557030e+00
1.035388967935871733e+03 5.820330991696311074e+00
1.042204428857715357e+03 5.846700068465720435e+00
1.049019889779559207e+03 5.872925804387404192e+00
1.055835350701402831e+03 5.899007962964695650e+00
1.062650811623246682e+03 5.924946317823332365e+00
1.069466272545090305e+03 5.950740652661155039e+00
1.076281733466933929e+03 5.976390761197786006e+00
1.083097194388777552e+03 6.001896447124325462e+00
1.089912655310621176e+03 6.027257524053036164e+00
1.096728116232464799e+03 6.052473815467038776e+00
1.103543577154308650e+03 6.077545154670000116e+00
1.110359038076152274e+03 6.102471384735817850e+00
1.117174498997996125e+03 6.127252358458315840e+00
1.123989959919839748e+03 6.151887938300935943e+00
1.130805420841683372e+03 6.176377996346421817e+00
1.137620881763527223e+03 6.200722414246504499e+00
1.144436342685370619e+03 6.224921083171605751e+00
1.151251803607214470e+03 6.248973903760520976e+00
1.158067264529058320e+03 6.272880786070103909e+00
1.164882725450901944e+03 6.296641649524959305e+00
1.171698186372745567e+03 6.320256422867142732e+00
1.178513647294589191e+03 6.343725044105836375e+00
1.185329108216432815e+03 6.367047460467039066e+00
1.192144569138276665e+03 6.390223628343270512e+00
1.198960030060120289e+03 6.413253513243247994e+00
1.205775490981964140e+03 6.436137089741577277e+00
1.212590951903807763e+03 6.458874341428442634e+00
1.219406412825651387e+03 6.481465260859308408e+00
1.226221873747495010e+03 6.503909849504589502e+00
1.233037334669338634e+03 6.526208117699356492e+00
1.239852795591182257e+03 6.548360084593012331e+00
1.246668256513026108e+03 6.570365778098996579e+00
1.253483717434869732e+03 6.592225234844464765e+00
1.260299178356713583e+03 6.613938500119981079e+00
1.267114639278557206e+03 6.635505627829205721e+00
1.273930100200400830e+03 6.656926680438591148e+00
1.280745561122244681e+03 6.678201728927064984e+00
1.287561022044088304e+03 6.699330852735721820e+00
1.294376482965931928e+03 6.720314139717515900e+00
1.301191943887775551e+03 6.741151686086947592e+00
1.308007404809619175e+03 6.761843596369748965e+00
1.314822865731463025e+03 6.782389983352588025e+00
1.321638326653306649e+03 6.802790968032740970e+00
1.328453787575150272e+03 6.823046679567791095e+00
1.335269248496994123e+03 6.843157255225321478e+00
1.342084709418837747e+03 6.863122840332595231e+00
1.348900170340681598e+03 6.882943588226252629e+00
1.355715631262525221e+03 6.902619660201999352e+00
1.362531092184368845e+03 6.922151225464292956e+00
1.369346553106212468e+03 6.941538461076037336e+00
1.376162014028056092e+03 6.960781551908272746e+00
1.382977474949899715e+03 6.979880690589853387e+00
1.389792935871743566e+03 6.998836077457161409e+00
1.396608396793587190e+03 7.017647920503771175e+00
1.403423857715431041e+03 7.036316435330146390e+00
1.410239318637274664e+03 7.054841845093344332e+00
1.417054779559118288e+03 7.073224380456688110e+00
1.423870240480961911e+03 7.091464279539463789e+00
1.430685701402805535e+03 7.109561787866608640e+00
1.437501162324649385e+03 7.127517158318401158e+00
1.444316623246493009e+03 7.145330651080152862e+00
1.451132084168336633e+03 7.163002533591892984e+00
1.457947545090180483e+03 7.180533080498063825e+00
1.464763006012024107e+03 7.197922573597204554e+00
1.471578466933867730e+03 7.215171301791644787e+00
1.478393927855711581e+03 7.232279561037200821e+00
1.485209388777555205e+03 7.249247654292847898e+00
1.492024849699399056e+03 7.266075891470425319e+00
1.498840310621242679e+03 7.282764589384324694e+00
1.505655771543086303e+03 7.299314071701165751e+00
1.512471232464929926e+03 7.315724668889510340e+00
1.519286693386773550e+03 7.331996718169525806e+00
1.526102154308617173e+03 7.348130563462693665e+00
1.532917615230461024e+03 7.364126555341492519e+00
1.539733076152304648e+03 7.379985050979081862e+00
1.546548537074148499e+03 7.395706414099009862e+00
1.553363997995992122e+03 7.411291014924879406e+00
1.560179458917835746e+03 7.426739230130058544e+00
1.566994919839679369e+03 7.442051442787352755e+00
1.573810380761522993e+03 7.457228042318707395e+00
1.580625841683366616e+03 7.472269424444895058e+00
1.587441302605210467e+03 7.487175991135204711e+00
1.594256763527054090e+03 7.501948150557123718e+00
1.601072224448897941e+03 7.516586317026037634e+00
1.607887685370741565e+03 7.531090910954915785e+00
1.614703146292585188e+03 7.545462358804003067e+00
1.621518607214429039e+03 7.559701093030509966e+00
1.628334068136272663e+03 7.573807552038289259e+00
1.635149529058116514e+03 7.587782180127551790e+00
1.641964989979960137e+03 7.601625427444529848e+00
1.648780450901803761e+03 7.615337749931184064e+00
1.655595911823647384e+03 7.628919609274889879e+00
1.662411372745491008e+03 7.642371472858116022e+00
1.669226833667334631e+03 7.655693813708129625e+00
1.676042294589178482e+03 7.668887110446679145e+00
1.682857755511022106e+03 7.681951847239675502e+00
1.689673216432865956e+03 7.694888513746906966e+00
1.696488677354709580e+03 7.707697605071697211e+00
1.703304138276553203e+03 7.720379621710618423e+00
1.710119599198396827e+03 7.732935069503168002e+00
1.716935060120240450e+03 7.745364459581466576e+00
1.723750521042084301e+03 7.757668308319946249e+00
1.730565981963927925e+03 7.769847137285029959e+00
1.737381442885771548e+03 7.781901473184838380e+00
1.744196903807615399e+03 7.793831847818866621e+00
1.751012364729459023e+03 7.805638798027679570e+00
1.757827825651302646e+03 7.817322865642597485e+00
1.764643286573146497e+03 7.828884597435389558e+00
1.771458747494990121e+03 7.840324545067967499e+00
1.778274208416833972e+03 7.851643265042064002e+00
1.785089669338677595e+03 7.862841318648929878e+00
1.791905130260520991e+03 7.873919271919023188e+00
1.798720591182364842e+03 7.884877695571699263e+00
1.805536052104208466e+03 7.895717164964899837e+00
1.812351513026052089e+03 7.906438260044843069e+00
1.819166973947895940e+03 7.917041565295706462e+00
1.825982434869739564e+03 7.927527669689332868e+00
1.832797895791583414e+03 7.937897166634900081e+00
1.839613356713427038e+03 7.948150653928630405e+00
1.846428817635270661e+03 7.958288733703457574e+00
1.853244278557114285e+03 7.968312012378746090e+00
1.860059739478957908e+03 7.978221100609949268e+00
1.866875200400801759e+03 7.988016613238325903e+00
1.873690661322645383e+03 7.997699169240606309e+00
1.880506122244489006e+03 8.007269391678700998e+00
1.887321583166332857e+03 8.016727907649389806e+00
1.894137044088176481e+03 8.026075348233989715e+00
1.900952505010020104e+03 8.035312348448071518e+00
1.907767965931863955e+03 8.044439547191124973e+00
1.914583426853707579e+03 8.053457587196284351e+00
1.921398887775551202e+03 8.062367114979972271e+00
1.928214348697394826e+03 8.071168780791623476e+00
1.935029809619238449e+03 8.079863238563360639e+00
1.941845270541082300e+03 8.088451145859691493e+00
1.948660731462925924e+03 8.096933163827184643e+00
1.955476192384769547e+03 8.105309957144180899e+00
1.962291653306613398e+03 8.113582193970454881e+00
1.969107114228457021e+03 8.121750545896937012e+00
1.975922575150300872e+03 8.129815687895382226e+00
1.982738036072144496e+03 8.137778298268047550e+00
1.989553496993987892e+03 8.145639058597426541e+00
1.996368957915831743e+03 8.153398653695893117e+00
2.003184418837675366e+03 8.161057771555411122e+00
2.009999879759519217e+03 8.168617103297222570e+00
2.016815340681362841e+03 8.176077343121544772e+00
2.023630801603206464e+03 8.183439188257235486e+00
2.030446262525050315e+03 8.190703338911518472e+00
2.037261723446893939e+03 8.197870498219636204e+00
2.044077184368737562e+03 8.204941372194575422e+00
2.050892645290581640e+03 8.211916669676726954e+00
2.057708106212425264e+03 8.218797102283588174e+00
2.064523567134268887e+03 8.225583384359453021e+00
2.071339028056112511e+03 8.232276232925105575e+00
2.078154488977956134e+03 8.238876367627490538e+00
2.084969949899799758e+03 8.245384510689438784e+00
2.091785410821643381e+03 8.251801386859318299e+00
2.098600871743487005e+03 8.258127723360745520e+00
2.105416332665330629e+03 8.264364249842275356e+00
2.112231793587174252e+03 8.270511698327080552e+00
2.119047254509018330e+03 8.276570803162650591e+00
2.125862715430861954e+03 8.282542300970471061e+00
2.132678176352705123e+03 8.288426930595729658e+00
2.139493637274549201e+03 8.294225433056992003e+00
2.146309098196392824e+03 8.299938551495895211e+00
2.153124559118236903e+03 8.305567031126837918e+00
2.159940020040080526e+03 8.311111619186675625e+00
2.166755480961924150e+03 8.316573064884394739e+00
2.173570941883767773e+03 8.321952119350825683e+00
2.180386402805611397e+03 8.327249535588302720e+00
2.187201863727455020e+03 8.332466068420380623e+00
2.194017324649298644e+03 8.337602474441524691e+00
2.200832785571142267e+03 8.342659511966768804e+00
2.207648246492985891e+03 8.347637940981442739e+00
2.214463707414829514e+03 8.352538523090830225e+00
2.221279168336673138e+03 8.357362021469896263e+00
2.228094629258517216e+03 8.362109200812932741e+00
2.234910090180360839e+03 8.366780827283282207e+00
2.241725551102204463e+03 8.371377668463001243e+00
2.248541012024048541e+03 8.375900493302591343e+00
2.255356472945892165e+03 8.380350072070633871e+00
2.262171933867735788e+03 8.384727176303519158e+00
2.268987394789579412e+03 8.389032578755131198e+00
2.275802855711423035e+03 8.393267053346516349e+00
2.282618316633266659e+03 8.397431375115594676e+00
2.289433777555110282e+03 8.401526320166841089e+00
2.296249238476953906e+03 8.405552665620987796e+00
2.303064699398797529e+03 8.409511189564671696e+00
2.309880160320641153e+03 8.413402671000190125e+00
2.316695621242485231e+03 8.417227889795141138e+00
2.323511082164328855e+03 8.420987626632127743e+00
2.330326543086172478e+03 8.424682662958439039e+00
2.337142004008016556e+03 8.428313780935766886e+00
2.343957464929859725e+03 8.431881763389856843e+00
2.350772925851703803e+03 8.435387393760231944e+00
2.357588386773547427e+03 8.438831456049854296e+00
2.364403847695391050e+03 8.442214734774857732e+00
2.371219308617234674e+03 8.445538014914177438e+00
2.378034769539078297e+03 8.448802081859280833e+00
2.384850230460921921e+03 8.452007721363862913e+00
2.391665691382765544e+03 8.455155719493500754e+00
2.398481152304609168e+03 8.458246862575361291e+00
2.405296613226453246e+03 8.461281937147919763e+00
2.412112074148296415e+03 8.464261729910589338e+00
2.418927535070140038e+03 8.467187027673471533e+00
2.425742995991984117e+03 8.470058617307000048e+00
2.432558456913827740e+03 8.472877285691650329e+00
2.439373917835671818e+03 8.475643819667638468e+00
2.446189378757515442e+03 8.478359005984598795e+00
2.453004839679359065e+03 8.481023631251266792e+00
2.459820300601202689e+03 8.483638481885169114e+00
2.466635761523046313e+03 8.486204344062343807e+00
2.473451222444889936e+03 8.488722003667003690e+00
2.480266683366733560e+03 8.491192246241208608e+00
2.487082144288577183e+03 8.493615856934592756e+00
2.493897605210420807e+03 8.495993620454045825e+00
2.500713066132264430e+03 8.498326321013374596e+00
2.507528527054108054e+03 8.500614742283030267e+00
2.514343987975952132e+03 8.502859667339766503e+00
2.521159448897795755e+03 8.505061878616356097e+00
2.527974909819639379e+03 8.507222157851263233e+00
2.534790370741483457e+03 8.509341286038335284e+00
2.541605831663327081e+03 8.511420043376492828e+00
2.548421292585170249e+03 8.513459209219448098e+00
2.555236753507014328e+03 8.515459562025322171e+00
2.562052214428857951e+03 8.517421879306423804e+00
2.568867675350701575e+03 8.519346937578873735e+00
2.575683136272545198e+03 8.521235512312308913e+00
2.582498597194388822e+03 8.523088377879615152e+00
2.589314058116232445e+03 8.524906307506547876e+00
2.596129519038076069e+03 8.526690073221462995e+00
2.602944979959919692e+03 8.528440445805028247e+00
2.609760440881763770e+03 8.530158194739840383e+00
2.616575901803607394e+03 8.531844088160191575e+00
2.623391362725451017e+03 8.533498892801704372e+00
2.630206823647294641e+03 8.535123373951066128e+00
2.637022284569138264e+03 8.536718295395662182e+00
2.643837745490982343e+03 8.538284419373349365e+00
2.650653206412825966e+03 8.539822506522050105e+00
2.657468667334669590e+03 8.541333315829501061e+00
2.664284128256513213e+03 8.542817604582939595e+00
2.671099589178356837e+03 8.544276128318784913e+00
2.677915050100200460e+03 8.545709640772308546e+00
2.684730511022044084e+03 8.547118893827349240e+00
2.691545971943887707e+03 8.548504637466006528e+00
2.698361432865731331e+03 8.549867619718309442e+00
2.705176893787574954e+03 8.551208586611913631e+00
2.711992354709418578e+03 8.552528282121798497e+00
2.718807815631262656e+03 8.553827448119951882e+00
2.725623276553106280e+03 8.555106824325058312e+00
2.732438737474950358e+03 8.556367148252189025e+00
2.739254198396793981e+03 8.557609155162499093e+00
2.746069659318637605e+03 8.558833578012890797e+00
2.752885120240481228e+03 8.560041147405755169e+00
2.759700581162324852e+03 8.561232591538612269e+00
2.766516042084168475e+03 8.562408636153797659e+00
2.773331503006012099e+03 8.563570004488228804e+00
2.780146963927855722e+03 8.564717417222993845e+00
2.786962424849699346e+03 8.565851592433084249e+00
2.793777885771542969e+03 8.566973245537113257e+00
2.800593346693386593e+03 8.568083089246954387e+00
2.807408807615230671e+03 8.569181833517488300e+00
2.814224268537074295e+03 8.570270185496227100e+00
2.821039729458918373e+03 8.571348849473043430e+00
2.827855190380761542e+03 8.572418526829874708e+00
2.834670651302605165e+03 8.573479915990382949e+00
2.841486112224449244e+03 8.574533712369627025e+00
2.848301573146292867e+03 8.575580608323814857e+00
2.855117034068136491e+03 8.576621293099933041e+00
2.861932494989980114e+03 8.577656452785479502e+00
2.868747955911823738e+03 8.578686770258128647e+00
2.875563416833667361e+03 8.579712925135400070e+00
2.882378877755510985e+03 8.580735593724430288e+00
2.889194338677354608e+03 8.581755448971554401e+00
2.896009799599198686e+03 8.582773160412079605e+00
2.902825260521041855e+03 8.583789394119929028e+00
2.909640721442885933e+03 8.584804812657353068e+00
2.916456182364729557e+03 8.585820075024599873e+00
2.923271643286573180e+03 8.586835836609647998e+00
2.930087104208417259e+03 8.587852749137825370e+00
2.936902565130260882e+03 8.588871460621575693e+00
2.943718026052104506e+03 8.589892615310098734e+00
2.950533486973948129e+03 8.590916853639040340e+00
2.957348947895791753e+03 8.591944812180203783e+00
2.964164408817635376e+03 8.592977123591239774e+00
2.970979869739479000e+03 8.594014416565309844e+00
2.977795330661322623e+03 8.595057315780813667e+00
2.984610791583166247e+03 8.596106441851043556e+00
2.991426252505009870e+03 8.597162411273881588e+00
2.998241713426853494e+03 8.598225836381530485e+00
3.005057174348697572e+03 8.599297325290139682e+00
3.011872635270541195e+03 8.600377481849518446e+00
3.018688096192385274e+03 8.601466905592850765e+00
3.025503557114228443e+03 8.602566191686374708e+00
3.032319018036072066e+03 8.603675930879045808e+00
3.039134478957916144e+03 8.604796709452248393e+00
3.045949939879759768e+03 8.605929109169469626e+00
3.052765400801603391e+03 8.607073707226037484e+00
3.059580861723447015e+03 8.608231076198748610e+00
3.066396322645290638e+03 8.609401783995570767e+00
3.073211783567134262e+03 8.610586393805387928e+00
3.080027244488977885e+03 8.611785464047578387e+00
3.086842705410821509e+03 8.612999548321862875e+00
3.093658166332665132e+03 8.614229195357831159e+00
3.100473627254508756e+03 8.615474948964749302e+00
3.107289088176352834e+03 8.616737347981171524e+00
3.114104549098196458e+03 8.618016926224710161e+00
3.120920010020040081e+03 8.619314212441629763e+00
3.127735470941884159e+03 8.620629730256613499e+00
3.134550931863727783e+03 8.621963998122419426e+00
3.141366392785571406e+03 8.623317529269591830e+00
3.148181853707415030e+03 8.624690831656103285e+00
3.154997314629258653e+03 8.626084407917089081e+00
3.161812775551102277e+03 8.627498755314569223e+00
3.168628236472945900e+03 8.628934365687022989e+00
3.175443697394789524e+03 8.630391725399192637e+00
3.182259158316633147e+03 8.631871315291723690e+00
3.189074619238476771e+03 8.633373610630840744e+00
3.195890080160320849e+03 8.634899081058073023e+00
3.202705541082164473e+03 8.636448190539951497e+00
3.209521002004008096e+03 8.638021397317613648e+00
3.216336462925852175e+03 8.639619153856630263e+00
3.223151923847695798e+03 8.641241906796572891e+00
3.229967384769538967e+03 8.642890096900739394e+00
3.236782845691383045e+03 8.644564159005895476e+00
3.243598306613226669e+03 8.646264521971890105e+00
3.250413767535070292e+03 8.647991608631397042e+00
3.257229228456913916e+03 8.649745835739580002e+00
3.264044689378757539e+03 8.651527613923803983e+00
3.270860150300601163e+03 8.653337347633266674e+00
3.277675611222444786e+03 8.655175435088782621e+00
3.284491072144288410e+03 8.657042268232405746e+00
3.291306533066132488e+03 8.658938232677098057e+00
3.298121993987975657e+03 8.660863707656506705e+00
3.304937454909819735e+03 8.662819065974566968e+00
3.311752915831663358e+03 8.664804673955259773e+00
3.318568376753506982e+03 8.666820891392253756e+00
3.325383837675351060e+03 8.668868071498581074e+00
3.332199298597194684e+03 8.670946560856434004e+00
3.339014759519038307e+03 8.673056699366695099e+00
3.345830220440881931e+03 8.675198820198755101e+00
3.352645681362725554e+03 8.677373249740149674e+00
3.359461142284569178e+03 8.679580307546235218e+00
3.366276603206412801e+03 8.681820306289946387e+00
3.373092064128256425e+03 8.684093551711384862e+00
3.379907525050100048e+03 8.686400342567605293e+00
3.386722985971943672e+03 8.688740970582241374e+00
3.393538446893787750e+03 8.691115720395227839e+00
3.400353907815631374e+03 8.693524869512483377e+00
3.407169368737474997e+03 8.695968688255568679e+00
3.413984829659319075e+03 8.698447439711415541e+00
3.420800290581162699e+03 8.700961379682054186e+00
3.427615751503006322e+03 8.703510756634184276e+00
3.434431212424849946e+03 8.706095811648950189e+00
3.441246673346693569e+03 8.708716778371668354e+00
3.448062134268537193e+03 8.711373882961414239e+00
3.454877595190380816e+03 8.714067344040746121e+00
3.461693056112224440e+03 8.716797372645455511e+00
3.468508517034068063e+03 8.719564172174170125e+00
3.475323977955911687e+03 8.722367938338145166e+00
3.482139438877755765e+03 8.725208859110816562e+00
3.488954899799599389e+03 8.728087114677599345e+00
3.495770360721443012e+03 8.731002877385584782e+00
3.502585821643287090e+03 8.733956311693129138e+00
3.509401282565130259e+03 8.736947574119643178e+00
3.516216743486973883e+03 8.739976813195223571e+00
3.523032204408817961e+03 8.743044169410364219e+00
3.529847665330661584e+03 8.746149775165640960e+00
3.536663126252505208e+03 8.749293754721431782e+00
3.543478587174348831e+03 8.752476224147549999e+00
3.550294048096192455e+03 8.755697291272973359e+00
3.557109509018036078e+03 8.758957055635519851e+00
3.563924969939879702e+03 8.762255608431548382e+00
3.570740430861723326e+03 8.765593032465634593e+00
3.577555891783566949e+03 8.768969402100267985e+00
3.584371352705410573e+03 8.772384783205531278e+00
3.591186813627254651e+03 8.775839233108834847e+00
3.598002274549098274e+03 8.779332800544532134e+00
3.604817735470941898e+03 8.782865525603634538e+00
3.611633196392785976e+03 8.786437439683595585e+00
3.618448657314629600e+03 8.790048565437860617e+00
3.625264118236473223e+03 8.793698916725585235e+00
3.632079579158316847e+03 8.797388498561423020e+00
3.638895040080160470e+03 8.801117307065087658e+00
3.645710501002004094e+03 8.804885329411177963e+00
3.652525961923847717e+03 8.808692543778722239e+00
3.659341422845691341e+03 8.812538919300966000e+00
3.666156883767534964e+03 8.816424416015044230e+00
3.672972344689378588e+03 8.820348984811655413e+00
3.679787805611222666e+03 8.824312567384746231e+00
3.686603266533066289e+03 8.828315096181196253e+00
3.693418727454909913e+03 8.832356494350543485e+00
3.700234188376753991e+03 8.836436675694693932e+00
3.707049649298597615e+03 8.840555544617515693e+00
3.713865110220441238e+03 8.844712996074555633e+00
3.720680571142284862e+03 8.848908915522873286e+00
3.727496032064128485e+03 8.853143178870514163e+00
3.734311492985972109e+03 8.857415652426311681e+00
3.741126953907815732e+03 8.861726192849600281e+00
3.747942414829659356e+03 8.866074647099853934e+00
3.754757875751502979e+03 8.870460852386397477e+00
3.761573336673346603e+03 8.874884636118089531e+00
3.768388797595190681e+03 8.879345815852985879e+00
3.775204258517034305e+03 8.883844199248112972e+00
3.782019719438877928e+03 8.888379584009060252e+00
3.788835180360721552e+03 8.892951757839719917e+00
3.795650641282565175e+03 8.897560498391968054e+00
3.802466102204408799e+03 8.902205573215354661e+00
3.809281563126252877e+03 8.906886739706786571e+00
3.816097024048096500e+03 8.911603745060268977e+00
3.822912484969940124e+03 8.916356326216469341e+00
3.829727945891783747e+03 8.921144209812572612e+00
3.836543406813627371e+03 8.925967112131829140e+00
3.843358867735470994e+03 8.930824739053317529e+00
3.850174328657314618e+03 8.935716786001609790e+00
3.856989789579158241e+03 8.940642937896477349e+00
3.863805250501001865e+03 8.945602869102568633e+00
3.870620711422845488e+03 8.950596243379150607e+00
3.877436172344689567e+03 8.955622713829662018e+00
3.884251633266533190e+03 8.960681922851534864e+00
3.891067094188376814e+03 8.965773502085873758e+00
3.897882555110220892e+03 8.970897072367096214e+00
3.904698016032064515e+03 8.976052243672590691e+00
3.911513476953908139e+03 8.981238615072513198e+00
3.918328937875751762e+03 8.986455774679347641e+00
3.925144398797595386e+03 8.991703299597791244e+00
3.931959859719439009e+03 8.996980755874197655e+00
3.938775320641282633e+03 9.002287698446441055e+00
3.945590781563126257e+03 9.007623671093545781e+00
3.952406242484969880e+03 9.012988206385401213e+00
3.959221703406813504e+03 9.018380825632412723e+00
3.966037164328657582e+03 9.023801038835195243e+00
3.972852625250501205e+03 9.029248344634329015e+00
3.979668086172344829e+03 9.034722230259983888e+00
3.986483547094188907e+03 9.040222171481588020e+00
3.993299008016032531e+03 9.045747632557574747e+00
4.000114468937875699e+03 9.051298066185111679e+00
4.006929929859719778e+03 9.056872913449637963e+00
4.013745390781563401e+03 9.062471603774714168e+00
4.020560851703407025e+03 9.068093554871621720e+00
4.027376312625250648e+03 9.073738172689072456e+00
4.034191773547094272e+03 9.079404851362914641e+00
4.041007234468937895e+03 9.085092973165799890e+00
4.047822695390781519e+03 9.090801908456882074e+00
4.054638156312625597e+03 8.976630217771022657e+00
4.116311331406532190e+03 8.997445291213946206e+00
4.177984506500438329e+03 9.018260364656869754e+00
4.239657681594344467e+03 9.039075438099791526e+00
4.301330856688251515e+03 9.059890511542715075e+00
4.363004031782157654e+03 9.080705584985638623e+00
4.424677206876063792e+03 9.101520658428562172e+00
4.486350381969970840e+03 9.122335731871485720e+00
4.548023557063876979e+03 9.143150805314409268e+00
4.609696732157783117e+03 9.163965878757331041e+00
4.671369907251690165e+03 9.184780952200254589e+00
4.733043082345596304e+03 9.205596025643178137e+00
4.794716257439502442e+03 9.226411099086101686e+00
4.856389432533408581e+03 9.247226172529025234e+00
4.918062607627315629e+03 9.268041245971947006e+00
4.979735782721221767e+03 9.288856319414870555e+00
5.041408957815127906e+03 9.309671392857794103e+00
5.103082132909034044e+03 9.330486466300717652e+00
5.164755308002941092e+03 9.351301539743641200e+00
5.226428483096847231e+03 9.372116613186562972e+00
5.288101658190753369e+03 9.392931686629486521e+00
5.349774833284660417e+03 9.413746760072410069e+00
5.411448008378566556e+03 9.434561833515333618e+00
5.473121183472472694e+03 9.455376906958257166e+00
5.534794358566379742e+03 9.476191980401180714e+00
5.596467533660285881e+03 9.497007053844102487e+00
5.658140708754192019e+03 9.517822127287026035e+00
5.719813883848099067e+03 9.538637200729949583e+00
5.781487058942005206e+03 9.559452274172873132e+00
5.843160234035911344e+03 9.580267347615796680e+00
5.904833409129818392e+03 9.601082421058720229e+00
5.966506584223724531e+03 9.621897494501642001e+00
6.028179759317630669e+03 9.642712567944565549e+00
6.089852934411536808e+03 9.663527641387489098e+00
6.151526109505442946e+03 9.684342714830410870e+00
6.213199284599349994e+03 9.705157788273336195e+00
6.274872459693256133e+03 9.725972861716257967e+00
6.336545634787162271e+03 9.746787935159181515e+00
6.398218809881069319e+03 9.767603008602105064e+00
6.459891984974975458e+03 9.788418082045028612e+00
6.521565160068881596e+03 9.809233155487952160e+00
6.583238335162788644e+03 9.830048228930873933e+00
6.644911510256694783e+03 9.850863302373797481e+00
6.706584685350600921e+03 9.871678375816721029e+00
6.768257860444507969e+03 9.892493449259644578e+00
6.829931035538414108e+03 9.913308522702568126e+00
6.891604210632320246e+03 9.934123596145489898e+00
6.953277385726227294e+03 9.954938669588415223e+00
7.014950560820132523e+03 9.975753743031336995e+00
7.076623735914039571e+03 9.996568816474260544e+00
7.138296911007946619e+03 1.001738388991718409e+01
7.199970086101851848e+03 1.003819896336010586e+01
7.261643261195758896e+03 1.005901403680303119e+01
7.323316436289665035e+03 1.007982911024595296e+01
7.384989611383571173e+03 1.010064418368887651e+01
7.446662786477478221e+03 1.012145925713180006e+01
7.508335961571384360e+03 1.014227433057472183e+01
7.570009136665290498e+03 1.016308940401764538e+01
7.631682311759197546e+03 1.018390447746056893e+01
7.693355486853103685e+03 1.020471955090349248e+01
7.755028661947009823e+03 1.022553462434641602e+01
7.816701837040916871e+03 1.024634969778933957e+01
7.878375012134823010e+03 1.026716477123226312e+01
7.940048187228729148e+03 1.028797984467518489e+01
8.001721362322636196e+03 1.030879491811810844e+01
8.063394537416542335e+03 1.032960999156103199e+01
8.125067712510448473e+03 1.035042506500395554e+01
8.186740887604355521e+03 1.037124013844687909e+01
8.248414062698260750e+03 1.039205521188980086e+01
8.310087237792167798e+03 1.041287028533272441e+01
8.371760412886074846e+03 1.043368535877564796e+01
8.433433587979980075e+03 1.045450043221857150e+01
8.495106763073887123e+03 1.047531550566149505e+01
8.556779938167794171e+03 1.049613057910441682e+01
8.618453113261699400e+03 1.051694565254734037e+01
8.680126288355606448e+03 1.053776072599026392e+01
8.741799463449513496e+03 1.055857579943318747e+01
8.803472638543418725e+03 1.057939087287611102e+01
8.865145813637325773e+03 1.060020594631903279e+01
8.926818988731231002e+03 1.062102101976195634e+01
8.988492163825138050e+03 1.064183609320487989e+01
9.050165338919045098e+03 1.066265116664780344e+01
9.111838514012950327e+03 1.068346624009072698e+01
9.173511689106857375e+03 1.070428131353364876e+01
9.235184864200764423e+03 1.072509638697657408e+01
9.296858039294669652e+03 1.074591146041949585e+01
9.358531214388576700e+03 1.076672653386241940e+01
9.420204389482483748e+03 1.078754160730534295e+01
9.481877564576388977e+03 1.080835668074826472e+01
9.543550739670296025e+03 1.082917175419119005e+01
9.605223914764203073e+03 1.084998682763411182e+01
9.666897089858108302e+03 1.087080190107703537e+01
9.728570264952015350e+03 1.089161697451995892e+01
9.790243440045922398e+03 1.091243204796288246e+01
9.851916615139827627e+03 1.093324712140580601e+01
9.913589790233734675e+03 1.095406219484872778e+01
9.975262965327639904e+03 1.097487726829165133e+01
1.003693614042154695e+04 1.099569234173457488e+01
1.009860931551545400e+04 1.101650741517749843e+01
1.016028249060935923e+04 1.103732248862042198e+01
1.022195566570326628e+04 1.105813756206334375e+01
1.028362884079717332e+04 1.107895263550626730e+01
1.034530201589107855e+04 1.109976770894919085e+01
1.040697519098498560e+04 1.112058278239211440e+01
1.046864836607889265e+04 1.114139785583503794e+01
1.053032154117279788e+04 1.116221292927795972e+01
1.059199471626670493e+04 1.118302800272088326e+01
1.065366789136061197e+04 1.120384307616380681e+01
1.071534106645451720e+04 1.122465814960673036e+01
1.077701424154842425e+04 1.124547322304965391e+01
1.083868741664233130e+04 1.126628829649257746e+01
1.090036059173623653e+04 1.128710336993549923e+01
1.096203376683014358e+04 1.130791844337842278e+01
1.102370694192405062e+04 1.132873351682134633e+01
1.108538011701795585e+04 1.134954859026426988e+01
1.114705329211186290e+04 1.137036366370719342e+01
1.120872646720576813e+04 1.139117873715011520e+01
1.127039964229967518e+04 1.141199381059303875e+01
1.133207281739358223e+04 1.143280888403596229e+01
1.139374599248748746e+04 1.145362395747888584e+01
1.145541916758139450e+04 1.147443903092180939e+01
1.151709234267530155e+04 1.149525410436473294e+01
1.157876551776920678e+04 1.151606917780765471e+01
1.164043869286311383e+04 1.153688425125057826e+01
1.170211186795702088e+04 1.155769932469350181e+01
1.176378504305092611e+04 1.157851439813642536e+01
1.182545821814483315e+04 1.159932947157934890e+01
1.188713139323874020e+04 1.162014454502227068e+01
1.194880456833264543e+04 1.164095961846519423e+01
1.201047774342655248e+04 1.166177469190811777e+01
1.207215091852045953e+04 1.168258976535104132e+01
1.213382409361436476e+04 1.170340483879396487e+01
1.219549726870827180e+04 1.172421991223688664e+01
1.225717044380217703e+04 1.174503498567981019e+01
1.231884361889608408e+04 1.176585005912273374e+01
1.238051679398999113e+04 1.178666513256565729e+01
1.244218996908389636e+04 1.180748020600858084e+01
1.250386314417780341e+04 1.182829527945150261e+01
1.256553631927170863e+04 1.184911035289442616e+01
1.262720949436561568e+04 1.186992542633734971e+01
1.268888266945952273e+04 1.189074049978027325e+01
1.275055584455342796e+04 1.191155557322319680e+01
1.281222901964733501e+04 1.193237064666611857e+01
1.287390219474124206e+04 1.195318572010904390e+01
1.293557536983514728e+04 1.197400079355196567e+01
1.299724854492905433e+04 1.199481586699488922e+01
1.305892172002296138e+04 1.201563094043781277e+01
1.312059489511686661e+04 1.203644601388073454e+01
1.318226807021077366e+04 1.205726108732365986e+01
1.324394124530468071e+04 1.207807616076658164e+01
1.330561442039858593e+04 1.209889123420950519e+01
1.336728759549249298e+04 1.211970630765242873e+01
1.342896077058640003e+04 1.214052138109535228e+01
1.349063394568030526e+04 1.216133645453827583e+01
1.355230712077421231e+04 1.218215152798119760e+01
1.361398029586811936e+04 1.220296660142412293e+01
1.367565347096202458e+04 1.222378167486704470e+01
1.373732664605593163e+04 1.224459674830996825e+01
1.379899982114983686e+04 1.226541182175289180e+01
1.386067299624374391e+04 1.228622689519581357e+01
1.392234617133765096e+04 1.230704196863873889e+01
1.398401934643155619e+04 1.232785704208166067e+01
1.404569252152546323e+04 1.234867211552458421e+01
1.410736569661937028e+04 1.236948718896750776e+01
1.416903887171327551e+04 1.239030226241042953e+01
1.423071204680718256e+04 1.241111733585335308e+01
1.429238522190108961e+04 1.243193240929627663e+01
1.435405839699499484e+04 1.245274748273920018e+01
1.441573157208890188e+04 1.247356255618212373e+01
1.447740474718280893e+04 1.249437762962504550e+01
1.453907792227671416e+04 1.251519270306796905e+01
1.460075109737062121e+04 1.253600777651089260e+01
1.466242427246452826e+04 1.255682284995381615e+01
1.472409744755843349e+04 1.257763792339673969e+01
1.478577062265234053e+04 1.259845299683966147e+01
1.484744379774624576e+04 1.261926807028258501e+01
1.490911697284015281e+04 1.264008314372550856e+01
1.497079014793405986e+04 1.266089821716843211e+01
1.503246332302796509e+04 1.268171329061135566e+01
1.509413649812187214e+04 1.270252836405427743e+01
1.515580967321577918e+04 1.272334343749720276e+01
1.521748284830968441e+04 1.274415851094012453e+01
1.527915602340359146e+04 1.276497358438304808e+01
1.534082919849749851e+04 1.278578865782597163e+01
1.540250237359140374e+04 1.280660373126889340e+01
1.546417554868531079e+04 1.282741880471181872e+01
1.552584872377921783e+04 1.284823387815474049e+01
1.558752189887312306e+04 1.286904895159766404e+01
1.564919507396703011e+04 1.288986402504058759e+01
1.571086824906093716e+04 1.291067909848351114e+01
1.577254142415484239e+04 1.293149417192643469e+01
1.583421459924874944e+04 1.295230924536935646e+01
1.589588777434265467e+04 1.297312431881228001e+01
1.595756094943656171e+04 1.299393939225520356e+01
1.601923412453046876e+04 1.301475446569812711e+01
1.608090729962437399e+04 1.303556953914105065e+01
1.614258047471828104e+04 1.305638461258397243e+01
1.620425364981218809e+04 1.307719968602689775e+01
1.626592682490609332e+04 1.309801475946981952e+01
1.632760000000000036e+04 1.311882983291274307e+01
