6.637799999999999727e+02 6.294132704599430639e+00
6.706383567134269015e+02 6.331483364787653834e+00
6.774967134268537166e+02 6.368605720578717211e+00
6.843550701402805316e+02 6.405500047599339553e+00
6.912134268537074604e+02 6.442166631234304219e+00
6.980717835671342755e+02 6.478605766564976776e+00
7.049301402805610905e+02 6.514817758307833273e+00
7.117884969939880193e+02 6.550802920752989422e+00
7.186468537074148344e+02 6.586561577702710224e+00
7.255052104208416495e+02 6.622094062409934700e+00
7.323635671342684645e+02 6.657400717516813948e+00
7.392219238476955070e+02 6.692481894993212777e+00
7.460802805611222084e+02 6.727337956075247760e+00
7.529386372745491371e+02 6.761969271203808418e+00
7.597969939879759522e+02 6.796376219963070398e+00
7.666553507014027673e+02 6.830559191019028198e+00
7.735137074148296961e+02 6.864518582058015461e+00
7.803720641282565111e+02 6.898254799725231479e+00
7.872304208416833262e+02 6.931768259563247270e+00
7.940887775551102550e+02 6.965059385950555182e+00
8.009471342685369564e+02 6.998128612040069640e+00
8.078054909819638851e+02 7.030976379697662537e+00
8.146638476953908139e+02 7.063603139440677303e+00
8.215222044088177427e+02 7.096009350376460745e+00
8.283805611222444441e+02 7.128195480140879781e+00
8.352389178356713728e+02 7.160162004836842620e+00
8.420972745490981879e+02 7.191909408972835038e+00
8.489556312625250030e+02 7.223438185401423794e+00
8.558139879759519317e+02 7.254748835257792017e+00
8.626723446893787468e+02 7.285841867898261270e+00
8.695307014028055619e+02 7.316717800838810071e+00
8.763890581162324906e+02 7.347377159693597726e+00
8.832474148296594194e+02 7.377820478113495284e+00
8.901057715430862345e+02 7.408048297724597830e+00
8.969641282565130496e+02 7.438061168066745665e+00
9.038224849699398646e+02 7.467859646532066797e+00
9.106808416833666797e+02 7.497444298303470589e+00
9.175391983967936085e+02 7.526815696293200020e+00
9.243975551102204236e+02 7.555974421081327996e+00
9.312559118236472386e+02 7.584921060854301622e+00
9.381142685370741674e+02 7.613656211343453606e+00
9.449726252505009825e+02 7.642180475763531433e+00
9.518309819639279112e+02 7.670494464751211439e+00
9.586893386773547263e+02 7.698598796303629754e+00
9.655476953907816551e+02 7.726494095716901711e+00
9.724060521042084702e+02 7.754180995524648345e+00
9.792644088176352852e+02 7.781660135436512249e+00
9.861227655310621003e+02 7.808932162276687627e+00
9.929811222444889154e+02 7.835997729922444144e+00
9.998394789579158441e+02 7.862857499242633885e+00
1.006697835671342659e+03 7.889512138036240962e+00
1.013556192384769588e+03 7.915962320970883148e+00
1.020414549098196289e+03 7.942208729521340160e+00
1.027272905811623332e+03 7.968252051908080169e+00
1.034131262525050261e+03 7.994092983035782751e+00
1.040989619238476962e+03 8.019732224431852075e+00
1.047847975951903663e+03 8.045170484184957616e+00
1.054706332665330592e+03 8.070408476883539350e+00
1.061564689378757521e+03 8.095446923554337815e+00
1.068423046092184450e+03 8.120286551600925051e+00
1.075281402805611151e+03 8.144928094742207136e+00
1.082139759519038080e+03 8.169372292950974668e+00
1.088998116232465009e+03 8.193619892392399962e+00
1.095856472945891710e+03 8.217671645362571553e+00
1.102714829659318639e+03 8.241528310227021592e+00
1.109573186372745567e+03 8.265190651359237251e+00
1.116431543086172496e+03 8.288659439079200553e+00
1.123289899799599198e+03 8.311935449591883796e+00
1.130148256513025899e+03 8.335019464925805366e+00
1.137006613226452828e+03 8.357912272871523385e+00
1.143864969939879757e+03 8.380614666920182643e+00
1.150723326653306685e+03 8.403127446202020678e+00
1.157581683366733387e+03 8.425451415424893398e+00
1.164440040080160315e+03 8.447587384812813127e+00
1.171298396793587244e+03 8.469536170044445811e+00
1.178156753507013946e+03 8.491298592191661498e+00
1.185015110220440874e+03 8.512875477658024437e+00
1.191873466933867803e+03 8.534267658117355992e+00
1.198731823647294732e+03 8.555475970452224743e+00
1.205590180360721433e+03 8.576501256692479203e+00
1.212448537074148135e+03 8.597344363953784097e+00
1.219306893787575063e+03 8.618006144376117561e+00
1.226165250501001992e+03 8.638487455062323406e+00
1.233023607214428921e+03 8.658789158016604759e+00
1.239881963927855850e+03 8.678912120083069226e+00
1.246740320641282551e+03 8.698857212884243850e+00
1.253598677354709480e+03 8.718625312759598955e+00
1.260457034068136181e+03 8.738217300704061330e+00
1.267315390781563110e+03 8.757634062306557610e+00
1.274173747494990039e+03 8.776876487688515027e+00
1.281032104208416968e+03 8.795945471442408348e+00
1.287890460921843896e+03 8.814841912570255289e+00
1.294748817635270370e+03 8.833566714422154575e+00
1.301607174348697299e+03 8.852120784634818662e+00
1.308465531062124228e+03 8.870505035070078037e+00
1.315323887775551157e+03 8.888720381753406841e+00
1.322182244488978085e+03 8.906767744812459142e+00
1.329040601202404787e+03 8.924648048415583901e+00
1.335898957915831488e+03 8.942362220710341703e+00
1.342757314629258417e+03 8.959911193762037485e+00
1.349615671342685346e+03 8.977295903492230167e+00
1.356474028056112274e+03 8.994517289617276035e+00
1.363332384769539203e+03 9.011576295586836594e+00
1.370190741482965905e+03 9.028473868522404189e+00
1.377049098196392833e+03 9.045210959155824071e+00
1.383907454909819535e+03 9.061788521767820015e+00
1.390765811623246464e+03 9.078207514126521716e+00
1.397624168336673392e+03 9.094468897425979748e+00
1.404482525050100321e+03 9.110573636224678751e+00
1.411340881763527022e+03 9.126522698384095023e+00
1.418199238476953724e+03 9.142317055007177728e+00
1.425057595190380880e+03 9.157957680376895837e+00
1.431915951903807581e+03 9.173445551894772620e+00
1.438774308617234510e+03 9.188781650019361535e+00
1.445632665330661212e+03 9.203966958204828686e+00
1.452491022044088368e+03 9.219002462839425149e+00
1.459349378757515069e+03 9.233889153184053455e+00
1.466207735470941770e+03 9.248628021310747016e+00
1.473066092184368699e+03 9.263220062041229497e+00
1.479924448897795628e+03 9.277666272885413790e+00
1.486782805611222557e+03 9.291967653979940067e+00
1.493641162324649258e+03 9.306125208026692519e+00
1.500499519038076187e+03 9.320139940231317865e+00
1.507357875751502888e+03 9.334012858241756305e+00
1.514216232464929817e+03 9.347744972086756476e+00
1.521074589178356746e+03 9.361337294114413510e+00
1.527932945891783675e+03 9.374790838930671555e+00
1.534791302605210603e+03 9.388106623337854728e+00
1.541649659318637305e+03 9.401285666273198061e+00
1.548508016032064006e+03 9.414328988747364235e+00
1.555366372745490935e+03 9.427237613782963876e+00
1.562224729458917864e+03 9.440012566353075840e+00
1.569083086172344792e+03 9.452654873319787043e+00
1.575941442885771721e+03 9.465165563372691437e+00
1.582799799599198195e+03 9.477545666967436944e+00
1.589658156312625124e+03 9.489796216264219098e+00
1.596516513026052053e+03 9.501918245066340418e+00
1.603374869739478982e+03 9.513912788758705830e+00
1.610233226452905910e+03 9.525780884246341174e+00
1.617091583166332839e+03 9.537523569892957909e+00
1.623949939879759540e+03 9.549141885459428991e+00
1.630808296593186242e+03 9.560636872042314494e+00
1.637666653306613171e+03 9.572009572012431633e+00
1.644525010020040099e+03 9.583261028953327099e+00
1.651383366733467028e+03 9.594392287599815106e+00
1.658241723446893729e+03 9.605404393776524330e+00
1.665100080160320658e+03 9.616298394336372013e+00
1.671958436873747587e+03 9.627075337099137542e+00
1.678816793587174288e+03 9.637736270789957871e+00
1.685675150300601217e+03 9.648282244977849587e+00
1.692533507014028146e+03 9.658714310014245186e+00
1.699391863727455075e+03 9.669033516971497377e+00
1.706250220440881776e+03 9.679240917581431347e+00
1.713108577154308705e+03 9.689337564173825967e+00
1.719966933867735406e+03 9.699324509614985601e+00
1.726825290581162335e+03 9.709202807246219535e+00
1.733683647294589264e+03 9.718973510822390693e+00
1.740542004008016193e+03 9.728637674450427042e+00
1.747400360721442894e+03 9.738196352527854316e+00
1.754258717434869823e+03 9.747650599681303873e+00
1.761117074148296524e+03 9.757001470705057855e+00
1.767975430861723453e+03 9.766250020499546380e+00
1.774833787575150382e+03 9.775397304009882049e+00
1.781692144288577083e+03 9.784444376164405099e+00
1.788550501002004239e+03 9.793392291813150408e+00
1.795408857715430713e+03 9.802242105666442384e+00
1.802267214428857642e+03 9.810994872233351316e+00
1.809125571142284571e+03 9.819651645760258063e+00
1.815983927855711499e+03 9.828213480169369021e+00
1.822842284569138428e+03 9.836681428997220422e+00
1.829700641282565130e+03 9.845056545333228826e+00
1.836558997995992058e+03 9.853339881758195418e+00
1.843417354709418760e+03 9.861532490282826302e+00
1.850275711422845689e+03 9.869635422286274107e+00
1.857134068136272617e+03 9.877649728454649392e+00
1.863992424849699546e+03 9.885576458719533832e+00
1.870850781563126247e+03 9.893416662196528932e+00
1.877709138276553176e+03 9.901171387123742562e+00
1.884567494989979878e+03 9.908841680800358986e+00
1.891425851703406806e+03 9.916428589525102311e+00
1.898284208416833735e+03 9.923933158534829602e+00
1.905142565130260664e+03 9.931356431942994334e+00
1.912000921843687593e+03 9.938699452678182666e+00
1.918859278557114067e+03 9.945963262422667484e+00
1.925717635270541223e+03 9.953148901550902039e+00
1.932575991983967924e+03 9.960257409068047352e+00
1.939434348697394853e+03 9.967289822548492495e+00
1.946292705410821554e+03 9.974247178074389097e+00
1.953151062124248710e+03 9.981130510174171633e+00
1.960009418837675184e+03 9.987940851761074157e+00
1.966867775551102113e+03 9.994679234071641716e+00
1.973726132264529042e+03 1.000134668660429149e+01
1.980584488977955971e+03 1.000794423705779934e+01
1.987442845691382900e+03 1.001447291126982719e+01
1.994301202404809601e+03 1.002093373315546110e+01
2.001159559118236530e+03 1.002732772464572797e+01
2.008017915831663231e+03 1.003365590562611942e+01
2.014876272545090160e+03 1.003991929387510851e+01
2.021734629258517089e+03 1.004611890500267535e+01
2.028592985971944017e+03 1.005225575238882740e+01
2.035451342685370946e+03 1.005833084712213754e+01
2.042309699398797648e+03 1.006434519793824656e+01
2.049168056112224804e+03 1.007029981115840300e+01
2.056026412825651278e+03 1.007619569062795506e+01
2.062884769539078206e+03 1.008203383765494898e+01
2.069743126252505135e+03 1.008781525094852682e+01
2.076601482965932064e+03 1.009354092655758350e+01
2.083459839679358538e+03 1.009921185780920183e+01
2.090318196392785467e+03 1.010482903524720300e+01
2.097176553106212396e+03 1.011039344657067396e+01
2.104034909819639324e+03 1.011590607657247176e+01
2.110893266533066253e+03 1.012136790707778466e+01
2.117751623246493182e+03 1.012677991688261159e+01
2.124609979959920111e+03 1.013214308169229660e+01
2.131468336673346585e+03 1.013745837406006522e+01
2.138326693386773513e+03 1.014272676332556244e+01
2.145185050100200442e+03 1.014794921555332863e+01
2.152043406813627371e+03 1.015312669347134999e+01
2.158901763527053845e+03 1.015826015640958424e+01
2.165760120240481228e+03 1.016335056023848082e+01
2.172618476953907702e+03 1.016839885730749238e+01
2.179476833667334631e+03 1.017340599638362697e+01
2.186335190380761560e+03 1.017837292258991155e+01
2.193193547094188489e+03 1.018330057734400285e+01
2.200051903807615417e+03 1.018818989829663124e+01
2.206910260521041891e+03 1.019304181927015307e+01
2.213768617234469275e+03 1.019785727019708332e+01
2.220626973947895749e+03 1.020263717705861772e+01
2.227485330661322678e+03 1.020738246182312814e+01
2.234343687374749607e+03 1.021209404238471663e+01
2.241202044088176081e+03 1.021677283250172152e+01
2.248060400801603464e+03 1.022141974173525369e+01
2.254918757515029938e+03 1.022603567538770086e+01
2.261777114228456867e+03 1.023062153444126920e+01
2.268635470941883796e+03 1.023517821549650009e+01
2.275493827655310724e+03 1.023970661071076194e+01
2.282352184368737653e+03 1.024420760773686467e+01
2.289210541082164127e+03 1.024868208966143257e+01
2.296068897795591056e+03 1.025313093494359507e+01
2.302927254509017985e+03 1.025755501735340225e+01
2.309785611222444459e+03 1.026195520591032917e+01
2.316643967935871842e+03 1.026633236482192402e+01
2.323502324649298771e+03 1.027068735342220052e+01
2.330360681362725700e+03 1.027502102611020973e+01
2.337219038076152174e+03 1.027933423228858345e+01
2.344077394789579103e+03 1.028362781630204026e+01
2.350935751503006031e+03 1.028790261737589340e+01
2.357794108216432505e+03 1.029215946955459060e+01
2.364652464929859889e+03 1.029639920164023259e+01
2.371510821643286363e+03 1.030062263713109871e+01
2.378369178356713746e+03 1.030483059416017788e+01
2.385227535070140220e+03 1.030902388543365866e+01
2.392085891783567149e+03 1.031320331816950819e+01
2.398944248496994078e+03 1.031736969403591253e+01
2.405802605210420552e+03 1.032152380908989997e+01
2.412660961923847935e+03 1.032566645371577607e+01
2.419519318637274409e+03 1.032979841256371500e+01
2.426377675350701338e+03 1.033392046448821944e+01
2.433236032064128267e+03 1.033803338248670300e+01
2.440094388777555196e+03 1.034213793363795908e+01
2.446952745490982124e+03 1.034623487904073613e+01
2.453811102204408598e+03 1.035032497375220650e+01
2.460669458917835982e+03 1.035440896672654176e+01
2.467527815631262456e+03 1.035848760075339392e+01
2.474386172344689385e+03 1.036256161239644946e+01
2.481244529058116314e+03 1.036663173193190346e+01
2.488102885771542788e+03 1.037069868328708289e+01
2.494961242484970171e+03 1.037476318397882835e+01
2.501819599198396645e+03 1.037882594505215650e+01
2.508677955911823574e+03 1.038288767101866306e+01
2.515536312625250503e+03 1.038694905979516925e+01
2.522394669338676977e+03 1.039101080264209287e+01
2.529253026052104360e+03 1.039507358410211779e+01
2.536111382765530834e+03 1.039913808193865030e+01
2.542969739478957763e+03 1.040320496707430920e+01
2.549828096192384692e+03 1.040727490352952422e+01
2.556686452905811166e+03 1.041134854836098711e+01
2.563544809619238549e+03 1.041542655160023578e+01
2.570403166332665023e+03 1.041950955619214625e+01
2.577261523046092407e+03 1.042359819793342446e+01
2.584119879759518881e+03 1.042769310541121186e+01
2.590978236472945810e+03 1.043179489994153286e+01
2.597836593186372738e+03 1.043590419550785242e+01
2.604694949899799212e+03 1.044002159869956969e+01
2.611553306613226596e+03 1.044414770865058806e+01
2.618411663326653070e+03 1.044828311697781409e+01
2.625270020040080453e+03 1.045242840771966897e+01
2.632128376753506927e+03 1.045658415727459278e+01
2.638986733466933856e+03 1.046075093433965897e+01
2.645845090180360785e+03 1.046492929984897025e+01
2.652703446893787259e+03 1.046911980691230504e+01
2.659561803607214188e+03 1.047332300075352052e+01
2.666420160320641116e+03 1.047753941864916705e+01
2.673278517034068045e+03 1.048176958986698892e+01
2.680136873747494974e+03 1.048601403560442868e+01
2.686995230460921903e+03 1.049027326892714207e+01
2.693853587174348831e+03 1.049454779470757337e+01
2.700711943887775305e+03 1.049883810956339225e+01
2.707570300601202234e+03 1.050314470179612059e+01
2.714428657314629163e+03 1.050746805132957817e+01
2.721287014028055637e+03 1.051180862964844032e+01
2.728145370741483021e+03 1.051616689973672436e+01
2.735003727454909495e+03 1.052054331601634019e+01
2.741862084168336878e+03 1.052493832428567622e+01
2.748720440881763352e+03 1.052935236165796340e+01
2.755578797595190281e+03 1.053378585649996424e+01
2.762437154308617210e+03 1.053823922837036342e+01
2.769295511022043684e+03 1.054271288795842842e+01
2.776153867735471067e+03 1.054720723702238239e+01
2.783012224448897541e+03 1.055172266832802919e+01
2.789870581162324925e+03 1.055625956558726486e+01
2.796728937875751399e+03 1.056081830339653926e+01
2.803587294589178327e+03 1.056539924717547407e+01
2.810445651302605256e+03 1.057000275310526405e+01
2.817304008016031730e+03 1.057462916806735720e+01
2.824162364729459114e+03 1.057927882958182231e+01
2.831020721442885588e+03 1.058395206574595626e+01
2.837879078156312517e+03 1.058864919517281322e+01
2.844737434869739445e+03 1.059337052692968228e+01
2.851595791583166374e+03 1.059811636047661842e+01
2.858454148296593303e+03 1.060288698560502851e+01
2.865312505010019777e+03 1.060768268237610812e+01
2.872170861723446706e+03 1.061250372105940265e+01
2.879029218436873634e+03 1.061735036207135252e+01
2.885887575150300563e+03 1.062222285591376725e+01
2.892745931863727492e+03 1.062712144311239015e+01
2.899604288577153966e+03 1.063204635415539201e+01
2.906462645290581349e+03 1.063699780943193041e+01
2.913321002004007823e+03 1.064197601917060254e+01
2.920179358717434752e+03 1.064698118337809163e+01
2.927037715430861681e+03 1.065201349177755397e+01
2.933896072144288155e+03 1.065707312374720139e+01
2.940754428857715538e+03 1.066216024825883935e+01
2.947612785571142012e+03 1.066727502381637649e+01
2.954471142284568941e+03 1.067241759839435566e+01
2.961329498997995870e+03 1.067758810937642799e+01
2.968187855711422799e+03 1.068278668349396732e+01
2.975046212424849728e+03 1.068801343676448745e+01
2.981904569138276656e+03 1.069326847443027617e+01
2.988762925851703585e+03 1.069855189089678760e+01
2.995621282565130059e+03 1.070386376967127973e+01
3.002479639278556988e+03 1.070920418330131696e+01
3.009337995991983917e+03 1.071457319331324598e+01
3.016196352705410845e+03 1.071997085015070361e+01
3.023054709418837774e+03 1.072539719311326145e+01
3.029913066132264248e+03 1.073085225029480405e+01
3.036771422845691632e+03 1.073633603852214158e+01
3.043629779559118106e+03 1.074184856329348925e+01
3.050488136272545034e+03 1.074738981871704269e+01
3.057346492985971963e+03 1.075295978744940939e+01
3.064204849699398437e+03 1.075855844063423739e+01
3.071063206412825821e+03 1.076418573784063781e+01
3.077921563126252295e+03 1.076984162700184733e+01
3.084779919839679678e+03 1.077552604435356365e+01
3.091638276553106152e+03 1.078123891437262216e+01
3.098496633266533081e+03 1.078698014971542207e+01
3.105354989979960010e+03 1.079274965115654794e+01
3.112213346693386484e+03 1.079854730752718339e+01
3.119071703406813413e+03 1.080437299565370957e+01
3.125930060120240341e+03 1.081022658029621297e+01
3.132788416833667725e+03 1.081610791408697914e+01
3.139646773547094199e+03 1.082201683746904308e+01
3.146505130260521128e+03 1.082795317863471141e+01
3.153363486973948056e+03 1.083391675346404526e+01
3.160221843687374530e+03 1.083990736546350853e+01
3.167080200400801459e+03 1.084592480570427853e+01
3.173938557114228388e+03 1.085196885276099721e+01
3.180796913827654862e+03 1.085803927265010138e+01
3.187655270541082245e+03 1.086413581876846024e+01
3.194513627254509174e+03 1.087025823183191342e+01
3.201371983967936103e+03 1.087640623981368115e+01
3.208230340681362577e+03 1.088257955788298403e+01
3.215088697394789506e+03 1.088877788834356686e+01
3.221947054108216435e+03 1.089500092057215852e+01
3.228805410821642909e+03 1.090124833095700296e+01
3.235663767535070292e+03 1.090751978283647716e+01
3.242522124248496766e+03 1.091381492643744622e+01
3.249380480961924150e+03 1.092013339881402345e+01
3.256238837675350624e+03 1.092647482378583135e+01
3.263097194388777552e+03 1.093283881187664974e+01
3.269955551102204481e+03 1.093922496025305335e+01
3.276813907815630955e+03 1.094563285266271002e+01
3.283672264529058339e+03 1.095206205937304311e+01
3.290530621242484813e+03 1.095851213710968608e+01
3.297388977955911741e+03 1.096498262899513243e+01
3.304247334669338670e+03 1.097147306448707482e+01
3.311105691382765599e+03 1.097798295931706747e+01
3.317964048096192528e+03 1.098451181542901089e+01
3.324822404809619002e+03 1.099105912091765447e+01
3.331680761523045931e+03 1.099762434996708826e+01
3.338539118236472859e+03 1.100420696278938593e+01
3.345397474949899788e+03 1.101080640556302015e+01
3.352255831663326717e+03 1.101742211037134744e+01
3.359114188376753646e+03 1.102405349514134691e+01
3.365972545090180574e+03 1.103069996358183680e+01
3.372830901803607048e+03 1.103736090512228074e+01
3.379689258517033977e+03 1.104403569485111980e+01
3.386547615230460906e+03 1.105072369345439398e+01
3.393405971943887380e+03 1.105742424715419503e+01
3.400264328657314763e+03 1.106413668764727731e+01
3.407122685370741237e+03 1.107086033204347864e+01
3.413981042084168621e+03 1.107759448280435066e+01
3.420839398797595095e+03 1.108433842768160993e+01
3.427697755511022024e+03 1.109109143965561906e+01
3.434556112224448952e+03 1.109785277687407401e+01
3.441414468937875426e+03 1.110462168259032012e+01
3.448272825651302810e+03 1.111139738510201624e+01
3.455131182364729284e+03 1.111817909768966217e+01
3.461989539078156213e+03 1.112496601855501055e+01
3.468847895791583142e+03 1.113175733075970264e+01
3.475706252505010070e+03 1.113855220216369091e+01
3.482564609218436999e+03 1.114534978536389431e+01
3.489422965931863473e+03 1.115214921763253564e+01
3.496281322645290857e+03 1.115894962085591402e+01
3.503139679358717331e+03 1.116575010147260372e+01
3.509998036072144259e+03 1.117254975041236165e+01
3.516856392785571188e+03 1.117934764303431905e+01
3.523714749498997662e+03 1.118614283906559592e+01
3.530573106212425046e+03 1.119293438254002027e+01
3.537431462925851520e+03 1.119972130173630553e+01
3.544289819639278903e+03 1.120650260911691554e+01
3.551148176352705377e+03 1.121327730126632716e+01
3.558006533066132306e+03 1.122004435882969098e+01
3.564864889779559235e+03 1.122680274645136045e+01
3.571723246492985709e+03 1.123355141271333402e+01
3.578581603206412638e+03 1.124028929007378252e+01
3.585439959919839566e+03 1.124701529480568496e+01
3.592298316633266495e+03 1.125372832693522973e+01
3.599156673346693424e+03 1.126042727018039358e+01
3.606015030060119898e+03 1.126711099188946719e+01
3.612873386773547281e+03 1.127377834297953108e+01
3.619731743486973755e+03 1.128042815787503983e+01
3.626590100200400684e+03 1.128705925444628022e+01
3.633448456913827613e+03 1.129367043394801584e+01
3.640306813627254542e+03 1.130026048095782976e+01
3.647165170340681470e+03 1.130682816331478691e+01
3.654023527054107944e+03 1.131337223205793130e+01
3.660881883767535328e+03 1.131989142136472104e+01
3.667740240480961802e+03 1.132638444848972448e+01
3.674598597194388731e+03 1.133285001370293621e+01
3.681456953907815659e+03 1.133928680022847857e+01
3.688315310621242133e+03 1.134569347418300644e+01
3.695173667334669517e+03 1.135206868451426665e+01
3.702032024048095991e+03 1.135841106293969460e+01
3.708890380761523375e+03 1.136471922388478539e+01
3.715748737474949849e+03 1.137099176442175796e+01
3.722607094188376777e+03 1.137722726420797237e+01
3.729465450901803706e+03 1.138342428542455131e+01
3.736323807615230180e+03 1.138958137271484539e+01
3.743182164328657109e+03 1.139569705312292314e+01
3.750040521042084038e+03 1.140176983603218730e+01
3.756898877755511421e+03 1.140779821310380271e+01
3.763757234468937895e+03 1.141378065821528232e+01
3.770615591182364824e+03 1.141971562739899682e+01
3.777473947895791753e+03 1.142560155878066119e+01
3.784332304609218227e+03 1.143143687251789942e+01
3.791190661322645155e+03 1.143721997073878782e+01
3.798049018036072084e+03 1.144294923748029369e+01
3.804907374749498558e+03 1.144862303862688790e+01
3.811765731462925942e+03 1.145423972184900840e+01
3.818624088176352416e+03 1.145979761654158935e+01
3.825482444889779799e+03 1.146529503376263115e+01
3.832340801603206273e+03 1.147073026617167457e+01
3.839199158316633202e+03 1.147610158796834767e+01
3.846057515030060131e+03 1.148140725483087721e+01
3.852915871743486605e+03 1.148664550385460359e+01
3.859774228456913988e+03 1.149181455349053849e+01
3.866632585170340462e+03 1.149691260348380872e+01
3.873490941883767846e+03 1.150193783481232757e+01
3.880349298597194320e+03 1.150688840962513027e+01
3.887207655310621249e+03 1.151176247118109863e+01
3.894066012024048177e+03 1.151655814378726639e+01
3.900924368737474651e+03 1.152127353273748334e+01
3.907782725450902035e+03 1.152590672425099605e+01
3.914641082164328509e+03 1.153045578541073368e+01
3.921499438877755892e+03 1.153491876410210537e+01
3.928357795591182366e+03 1.153929368895133045e+01
3.935216152304609295e+03 1.154357856926406889e+01
3.942074509018036224e+03 1.154777139496386873e+01
3.948932865731462698e+03 1.155187013653072725e+01
3.955791222444889627e+03 1.155587274493963790e+01
3.962649579158316556e+03 1.155977715159905195e+01
3.969507935871743484e+03 1.156358126828947341e+01
3.976366292585170413e+03 1.156728298710190295e+01
3.983224649298597342e+03 1.157088018037642385e+01
3.990083006012024271e+03 1.157437070064071705e+01
3.996941362725450745e+03 1.157775238054855471e+01
4.003799719438877673e+03 1.158102303281830814e+01
4.010658076152304602e+03 1.158418045017154263e+01
4.017516432865731076e+03 1.158722240527147740e+01
4.024374789579158460e+03 1.159014665066158045e+01
4.031233146292584934e+03 1.159295091870394145e+01
4.038091503006012317e+03 1.159563292151798208e+01
4.044949859719438791e+03 1.159819035091884487e+01
4.051808216432865720e+03 1.160062087835598099e+01
4.058666573146292649e+03 1.162320474959595984e+01
4.120403927050079801e+03 1.167425720968901004e+01
4.182141280953867863e+03 1.172530966978206024e+01
4.243878634857655015e+03 1.177636212987511044e+01
4.305615988761442168e+03 1.182741458996816064e+01
4.367353342665230230e+03 1.187846705006121262e+01
4.429090696569017382e+03 1.192951951015426282e+01
4.490828050472804534e+03 1.198057197024731302e+01
4.552565404376592596e+03 1.203162443034036322e+01
4.614302758280379749e+03 1.208267689043341342e+01
4.676040112184167810e+03 1.213372935052646540e+01
4.737777466087954963e+03 1.218478181061951560e+01
4.799514819991742115e+03 1.223583427071256580e+01
4.861252173895530177e+03 1.228688673080561600e+01
4.922989527799317329e+03 1.233793919089866620e+01
4.984726881703104482e+03 1.238899165099171640e+01
5.046464235606892544e+03 1.244004411108476660e+01
5.108201589510679696e+03 1.249109657117781680e+01
5.169938943414466848e+03 1.254214903127086700e+01
5.231676297318254910e+03 1.259320149136391720e+01
5.293413651222042063e+03 1.264425395145696740e+01
5.355151005125830125e+03 1.269530641155001938e+01
5.416888359029617277e+03 1.274635887164306958e+01
5.478625712933404429e+03 1.279741133173611978e+01
5.540363066837191582e+03 1.284846379182916998e+01
5.602100420740979644e+03 1.289951625192222195e+01
5.663837774644766796e+03 1.295056871201527038e+01
5.725575128548554858e+03 1.300162117210832236e+01
5.787312482452342010e+03 1.305267363220137256e+01
5.849049836356129163e+03 1.310372609229442276e+01
5.910787190259916315e+03 1.315477855238747296e+01
5.972524544163704377e+03 1.320583101248052316e+01
6.034261898067491529e+03 1.325688347257357336e+01
6.095999251971279591e+03 1.330793593266662356e+01
6.157736605875066743e+03 1.335898839275967376e+01
6.219473959778853896e+03 1.341004085285272396e+01
6.281211313682641048e+03 1.346109331294577416e+01
6.342948667586429110e+03 1.351214577303882436e+01
6.404686021490217172e+03 1.356319823313187634e+01
6.466423375394004324e+03 1.361425069322492654e+01
6.528160729297791477e+03 1.366530315331797674e+01
6.589898083201578629e+03 1.371635561341102694e+01
6.651635437105366691e+03 1.376740807350407891e+01
6.713372791009153843e+03 1.381846053359712911e+01
6.775110144912941905e+03 1.386951299369017931e+01
6.836847498816729058e+03 1.392056545378322951e+01
6.898584852720516210e+03 1.397161791387627972e+01
6.960322206624303362e+03 1.402267037396932992e+01
7.022059560528091424e+03 1.407372283406238012e+01
7.083796914431878577e+03 1.412477529415543032e+01
7.145534268335666638e+03 1.417582775424848052e+01
7.207271622239453791e+03 1.422688021434153072e+01
7.269008976143240943e+03 1.427793267443458092e+01
7.330746330047028096e+03 1.432898513452763112e+01
7.392483683950816157e+03 1.438003759462068309e+01
7.454221037854604219e+03 1.443109005471373329e+01
7.515958391758391372e+03 1.448214251480678350e+01
7.577695745662178524e+03 1.453319497489983370e+01
7.639433099565965676e+03 1.458424743499288390e+01
7.701170453469752829e+03 1.463529989508593410e+01
7.762907807373540891e+03 1.468635235517898607e+01
7.824645161277328953e+03 1.473740481527203627e+01
7.886382515181116105e+03 1.478845727536508647e+01
7.948119869084903257e+03 1.483950973545813667e+01
8.009857222988690410e+03 1.489056219555118687e+01
8.071594576892478472e+03 1.494161465564423708e+01
8.133331930796265624e+03 1.499266711573728728e+01
8.195069284700053686e+03 1.504371957583033748e+01
8.256806638603840838e+03 1.509477203592338768e+01
8.318543992507627991e+03 1.514582449601643788e+01
8.380281346411415143e+03 1.519687695610948808e+01
8.442018700315202295e+03 1.524792941620253828e+01
8.503756054218989448e+03 1.529898187629558848e+01
8.565493408122778419e+03 1.535003433638864223e+01
8.627230762026565571e+03 1.540108679648169243e+01
8.688968115930352724e+03 1.545213925657474263e+01
8.750705469834141695e+03 1.550319171666779283e+01
8.812442823737928848e+03 1.555424417676084303e+01
8.874180177641716000e+03 1.560529663685389323e+01
8.935917531545503152e+03 1.565634909694694343e+01
8.997654885449290305e+03 1.570740155703999363e+01
9.059392239353077457e+03 1.575845401713304383e+01
9.121129593256864609e+03 1.580950647722609403e+01
9.182866947160651762e+03 1.586055893731914423e+01
9.244604301064440733e+03 1.591161139741219621e+01
9.306341654968227886e+03 1.596266385750524464e+01
9.368079008872015038e+03 1.601371631759829484e+01
9.429816362775804009e+03 1.606476877769134859e+01
9.491553716679591162e+03 1.611582123778439879e+01
9.553291070583378314e+03 1.616687369787744899e+01
9.615028424487165466e+03 1.621792615797049919e+01
9.676765778390952619e+03 1.626897861806354939e+01
9.738503132294739771e+03 1.632003107815659604e+01
9.800240486198526924e+03 1.637108353824964979e+01
9.861977840102314076e+03 1.642213599834269644e+01
9.923715194006101228e+03 1.647318845843575019e+01
9.985452547909890200e+03 1.652424091852880039e+01
1.004718990181367735e+04 1.657529337862185059e+01
1.010892725571746450e+04 1.662634583871490079e+01
1.017066460962125348e+04 1.667739829880795099e+01
1.023240196352504063e+04 1.672845075890100475e+01
1.029413931742882778e+04 1.677950321899405139e+01
1.035587667133261493e+04 1.683055567908710515e+01
1.041761402523640209e+04 1.688160813918015180e+01
1.047935137914018924e+04 1.693266059927320555e+01
1.054108873304397639e+04 1.698371305936625220e+01
1.060282608694776354e+04 1.703476551945930595e+01
1.066456344085155251e+04 1.708581797955235615e+01
1.072630079475533967e+04 1.713687043964540635e+01
1.078803814865912682e+04 1.718792289973845655e+01
1.084977550256291579e+04 1.723897535983150675e+01
1.091151285646670294e+04 1.729002781992455695e+01
1.097325021037049009e+04 1.734108028001760715e+01
1.103498756427427725e+04 1.739213274011065735e+01
1.109672491817806440e+04 1.744318520020370755e+01
1.115846227208185155e+04 1.749423766029675775e+01
1.122019962598563870e+04 1.754529012038980795e+01
1.128193697988942586e+04 1.759634258048285815e+01
1.134367433379321301e+04 1.764739504057590835e+01
1.140541168769700198e+04 1.769844750066896211e+01
1.146714904160078913e+04 1.774949996076200875e+01
1.152888639550457810e+04 1.780055242085506251e+01
1.159062374940836526e+04 1.785160488094811271e+01
1.165236110331215241e+04 1.790265734104116291e+01
1.171409845721593956e+04 1.795370980113421311e+01
1.177583581111972671e+04 1.800476226122726331e+01
1.183757316502351387e+04 1.805581472132031351e+01
1.189931051892730102e+04 1.810686718141336371e+01
1.196104787283108817e+04 1.815791964150641391e+01
1.202278522673487532e+04 1.820897210159946411e+01
1.208452258063866429e+04 1.826002456169251431e+01
1.214625993454245145e+04 1.831107702178556451e+01
1.220799728844623860e+04 1.836212948187861471e+01
1.226973464235002575e+04 1.841318194197166491e+01
1.233147199625381472e+04 1.846423440206471867e+01
1.239320935015760188e+04 1.851528686215776531e+01
1.245494670406138903e+04 1.856633932225081907e+01
1.251668405796517618e+04 1.861739178234386571e+01
1.257842141186896333e+04 1.866844424243691947e+01
1.264015876577275048e+04 1.871949670252996611e+01
1.270189611967653946e+04 1.877054916262301987e+01
1.276363347358032661e+04 1.882160162271607007e+01
1.282537082748411376e+04 1.887265408280912027e+01
1.288710818138790091e+04 1.892370654290217047e+01
1.294884553529168807e+04 1.897475900299522067e+01
1.301058288919547522e+04 1.902581146308827087e+01
1.307232024309926419e+04 1.907686392318132107e+01
1.313405759700305134e+04 1.912791638327437482e+01
1.319579495090683849e+04 1.917896884336742147e+01
1.325753230481062565e+04 1.923002130346047522e+01
1.331926965871441280e+04 1.928107376355352187e+01
1.338100701261820177e+04 1.933212622364657562e+01
1.344274436652198892e+04 1.938317868373962227e+01
1.350448172042577607e+04 1.943423114383267603e+01
1.356621907432956323e+04 1.948528360392572267e+01
1.362795642823335038e+04 1.953633606401877643e+01
1.368969378213713753e+04 1.958738852411182307e+01
1.375143113604092650e+04 1.963844098420487683e+01
1.381316848994471366e+04 1.968949344429792703e+01
1.387490584384850081e+04 1.974054590439097723e+01
1.393664319775228796e+04 1.979159836448402743e+01
1.399838055165607511e+04 1.984265082457707763e+01
1.406011790555986227e+04 1.989370328467012783e+01
1.412185525946365124e+04 1.994475574476317803e+01
1.418359261336743839e+04 1.999580820485623178e+01
1.424532996727122554e+04 2.004686066494927843e+01
1.430706732117501269e+04 2.009791312504233218e+01
1.436880467507879985e+04 2.014896558513537883e+01
1.443054202898258882e+04 2.020001804522843258e+01
1.449227938288637597e+04 2.025107050532147923e+01
1.455401673679016312e+04 2.030212296541453298e+01
1.461575409069395027e+04 2.035317542550757963e+01
1.467749144459773743e+04 2.040422788560063339e+01
1.473922879850152458e+04 2.045528034569368003e+01
1.480096615240531355e+04 2.050633280578673379e+01
1.486270350630910070e+04 2.055738526587978399e+01
1.492444086021288786e+04 2.060843772597283419e+01
1.498617821411667501e+04 2.065949018606588439e+01
1.504791556802046216e+04 2.071054264615893459e+01
1.510965292192424931e+04 2.076159510625198479e+01
1.517139027582803828e+04 2.081264756634503499e+01
1.523312762973182544e+04 2.086370002643808874e+01
1.529486498363561259e+04 2.091475248653113539e+01
1.535660233753939974e+04 2.096580494662418914e+01
1.541833969144318689e+04 2.101685740671723579e+01
1.548007704534697586e+04 2.106790986681028954e+01
1.554181439925076302e+04 2.111896232690333974e+01
1.560355175315455017e+04 2.117001478699638994e+01
1.566528910705833732e+04 2.122106724708944014e+01
1.572702646096212447e+04 2.127211970718249034e+01
1.578876381486591163e+04 2.132317216727553699e+01
1.585050116876970060e+04 2.137422462736859075e+01
1.591223852267348775e+04 2.142527708746164095e+01
1.597397587657727490e+04 2.147632954755469115e+01
1.603571323048106206e+04 2.152738200764774135e+01
1.609745058438484921e+04 2.157843446774079155e+01
1.615918793828863636e+04 2.162948692783384175e+01
1.622092529219242533e+04 2.168053938792689195e+01
1.628266264609621248e+04 2.173159184801994570e+01
1.634439999999999964e+04 2.178264430811299235e+01
