5.872500000000000000e+02 8.465011033217791692e+00
5.942683366733466528e+02 8.501396465726685392e+00
6.012866733466933056e+02 8.537606039860865081e+00
6.083050100200400720e+02 8.573639123382314153e+00
6.153233466933868385e+02 8.609495102058936311e+00
6.223416833667333776e+02 8.645173379570943339e+00
6.293600200400802578e+02 8.680673377417274850e+00
6.363783567134269106e+02 8.715994534821994932e+00
6.433966933867735634e+02 8.751136308640690586e+00
6.504150300601202161e+02 8.786098173266891465e+00
6.574333667334669826e+02 8.820879620538459420e+00
6.644517034068136354e+02 8.855480159643995819e+00
6.714700400801602882e+02 8.889899317029243520e+00
6.784883767535070547e+02 8.924136636303504844e+00
6.855067134268537075e+02 8.958191678146025794e+00
6.925250501002003602e+02 8.992064020212412245e+00
6.995433867735470130e+02 9.025753257041024824e+00
7.065617234468938932e+02 9.059258999959400427e+00
7.135800601202405460e+02 9.092580876990631111e+00
7.205983967935871988e+02 9.125718532759789170e+00
7.276167334669338516e+02 9.158671628400313125e+00
7.346350701402805043e+02 9.191439841460436355e+00
7.416534068136272708e+02 9.224022865809564209e+00
7.486717434869739236e+02 9.256420411544691973e+00
7.556900801603205764e+02 9.288632204896808631e+00
7.627084168336673429e+02 9.320657988137295291e+00
7.697267535070141093e+02 9.352497519484336053e+00
7.767450901803606484e+02 9.384150573009314655e+00
7.837634268537074149e+02 9.415616938543220016e+00
7.907817635270541814e+02 9.446896421583062420e+00
7.978001002004008342e+02 9.477988843198254187e+00
8.048184368737474870e+02 9.508894039937032971e+00
8.118367735470942534e+02 9.539611863732860186e+00
8.188551102204409062e+02 9.570142181810815885e+00
8.258734468937875590e+02 9.600484876594020278e+00
8.328917835671342118e+02 9.630639845610019734e+00
8.399101202404808646e+02 9.660607001397204741e+00
8.469284569138277448e+02 9.690386271411204788e+00
8.539467935871742839e+02 9.719977597931297453e+00
8.609651302605210503e+02 9.749380937966803273e+00
8.679834669338677031e+02 9.778596263163509050e+00
8.750018036072144696e+02 9.807623559710046734e+00
8.820201402805611224e+02 9.836462828244316725e+00
8.890384769539077752e+02 9.865114083759879193e+00
8.960568136272545416e+02 9.893577355512372051e+00
9.030751503006011944e+02 9.921852686925896947e+00
9.100934869739478472e+02 9.949940135499444338e+00
9.171118236472946137e+02 9.977839772713267052e+00
9.241301603206413802e+02 1.000555168393532668e+01
9.311484969939879193e+02 1.003307596832765114e+01
9.381668336673346857e+02 1.006041273875277575e+01
9.451851703406814522e+02 1.008756212168012212e+01
9.522035070140281050e+02 1.011452425709241787e+01
9.592218436873747578e+02 1.014129929839210220e+01
9.662401803607214106e+02 1.016788741230771009e+01
9.732585170340680634e+02 1.019428877880029027e+01
9.802768537074148298e+02 1.022050359096981254e+01
9.872951903807614826e+02 1.024653205496156261e+01
9.943135270541081354e+02 1.027237438987255302e+01
1.001331863727455016e+03 1.029803082765792510e+01
1.008350200400801555e+03 1.032350161303734026e+01
1.015368537074148321e+03 1.034878700340141400e+01
1.022386873747494974e+03 1.037388726871808586e+01
1.029405210420841740e+03 1.039880269143904279e+01
1.036423547094188507e+03 1.042353356640612461e+01
1.043441883767535046e+03 1.044808020075771182e+01
1.050460220440881812e+03 1.047244291383514891e+01
1.057478557114228352e+03 1.049662203708913211e+01
1.064496893787575118e+03 1.052061791398613622e+01
1.071515230460921885e+03 1.054443089991476512e+01
1.078533567134268651e+03 1.056806136209224078e+01
1.085551903807615417e+03 1.059150967947072708e+01
1.092570240480961957e+03 1.061477624264377795e+01
1.099588577154308723e+03 1.063786145375272341e+01
1.106606913827655262e+03 1.066076572639309106e+01
1.113625250501002029e+03 1.068348948552098143e+01
1.120643587174348795e+03 1.070603316735950372e+01
1.127661923847695334e+03 1.072839721930515999e+01
1.134680260521042101e+03 1.075058209983424362e+01
1.141698597194388867e+03 1.077258827840927680e+01
1.148716933867735406e+03 1.079441623538536099e+01
1.155735270541082173e+03 1.081606646191664467e+01
1.162753607214428939e+03 1.083753945986266132e+01
1.169771943887775706e+03 1.085883574169478294e+01
1.176790280561122245e+03 1.087995583040260783e+01
1.183808617234469011e+03 1.090090025940034835e+01
1.190826953907815550e+03 1.092166957243327374e+01
1.197845290581162317e+03 1.094226432348406242e+01
1.204863627254509083e+03 1.096268507667925718e+01
1.211881963927855622e+03 1.098293240619562638e+01
1.218900300601202616e+03 1.100300689616660144e+01
1.225918637274548928e+03 1.102290914058865212e+01
1.232936973947895922e+03 1.104263974322771702e+01
1.239955310621242461e+03 1.106219931752558416e+01
1.246973647294589227e+03 1.108158848650631612e+01
1.253991983967935994e+03 1.110080788268262886e+01
1.261010320641282533e+03 1.111985814796232575e+01
1.268028657314629299e+03 1.113873993355467640e+01
1.275046993987975839e+03 1.115745389987682934e+01
1.282065330661322832e+03 1.117600071646021931e+01
1.289083667334669371e+03 1.119438106185696924e+01
1.296102004008016138e+03 1.121259562354628692e+01
1.303120340681362677e+03 1.123064509784088472e+01
1.310138677354709444e+03 1.124853018979336738e+01
1.317157014028056210e+03 1.126625161310264644e+01
1.324175350701402749e+03 1.128381009002032798e+01
1.331193687374749516e+03 1.130120635125714479e+01
1.338212024048096282e+03 1.131844113588933709e+01
1.345230360721443049e+03 1.133551519126506157e+01
1.352248697394789588e+03 1.135242927291079695e+01
1.359267034068136354e+03 1.136918414443775482e+01
1.366285370741482893e+03 1.138578057744826744e+01
1.373303707414829660e+03 1.140221935144220922e+01
1.380322044088176426e+03 1.141850125372338276e+01
1.387340380761523193e+03 1.143462707930594391e+01
1.394358717434869959e+03 1.145059763082078597e+01
1.401377054108216498e+03 1.146641371842195767e+01
1.408395390781563037e+03 1.148207615969305095e+01
1.415413727454909804e+03 1.149758577955362071e+01
1.422432064128256570e+03 1.151294341016559208e+01
1.429450400801603337e+03 1.152814989083963582e+01
1.436468737474950103e+03 1.154320606794161108e+01
1.443487074148296642e+03 1.155811279479893194e+01
1.450505410821643409e+03 1.157287093160701019e+01
1.457523747494989948e+03 1.158748134533561291e+01
1.464542084168336714e+03 1.160194490963531244e+01
1.471560420841683481e+03 1.161626250474386346e+01
1.478578757515030020e+03 1.163043501739260854e+01
1.485597094188376786e+03 1.164446334071288724e+01
1.492615430861723553e+03 1.165834837414244340e+01
1.499633767535070092e+03 1.167209102333182358e+01
1.506652104208416858e+03 1.168569220005077725e+01
1.513670440881763625e+03 1.169915282209467300e+01
1.520688777555110164e+03 1.171247381319088987e+01
1.527707114228457158e+03 1.172565610290522287e+01
1.534725450901803470e+03 1.173870062654829916e+01
1.541743787575150236e+03 1.175160832508197473e+01
1.548762124248497003e+03 1.176438014502572216e+01
1.555780460921843769e+03 1.177701703836306635e+01
1.562798797595190536e+03 1.178951996244795630e+01
1.569817134268537075e+03 1.180188987991118843e+01
1.576835470941883614e+03 1.181412775856681563e+01
1.583853807615230380e+03 1.182623457131852795e+01
1.590872144288577147e+03 1.183821129606607769e+01
1.597890480961923913e+03 1.185005891561167424e+01
1.604908817635270680e+03 1.186177841756638429e+01
1.611927154308617219e+03 1.187337079425654451e+01
1.618945490981963985e+03 1.188483704263016882e+01
1.625963827655310524e+03 1.189617816416333262e+01
1.632982164328657291e+03 1.190739516476659610e+01
1.640000501002004057e+03 1.191848905469139730e+01
1.647018837675350824e+03 1.192946084843646837e+01
1.654037174348697363e+03 1.194031156465422328e+01
1.661055511022044129e+03 1.195104222605716160e+01
1.668073847695390896e+03 1.196165385932430070e+01
1.675092184368737435e+03 1.197214749500754216e+01
1.682110521042084201e+03 1.198252416743810045e+01
1.689128857715430968e+03 1.199278491463289953e+01
1.696147194388777734e+03 1.200293077820097309e+01
1.703165531062124273e+03 1.201296280324986299e+01
1.710183867735470812e+03 1.202288203829205315e+01
1.717202204408817579e+03 1.203268953515132900e+01
1.724220541082164345e+03 1.204238634886922910e+01
1.731238877755511112e+03 1.205197353761139567e+01
1.738257214428857878e+03 1.206145216257403163e+01
1.745275551102204645e+03 1.207082328789027059e+01
1.752293887775551184e+03 1.208008798053657884e+01
1.759312224448897723e+03 1.208924731023919463e+01
1.766330561122244490e+03 1.209830234938048577e+01
1.773348897795591256e+03 1.210725417290539063e+01
1.780367234468938022e+03 1.211610385822779357e+01
1.787385571142284562e+03 1.212485248513696590e+01
1.794403907815631101e+03 1.213350113570391287e+01
1.801422244488977867e+03 1.214205089418783601e+01
1.808440581162324634e+03 1.215050284694250493e+01
1.815458917835671400e+03 1.215885808232266641e+01
1.822477254509017939e+03 1.216711769059045523e+01
1.829495591182364706e+03 1.217528276382178376e+01
1.836513927855711472e+03 1.218335439581275992e+01
1.843532264529058466e+03 1.219133368198609801e+01
1.850550601202404778e+03 1.219922171929749055e+01
1.857568937875751544e+03 1.220701960614203863e+01
1.864587274549098311e+03 1.221472844226065746e+01
1.871605611222445077e+03 1.222234932864646595e+01
1.878623947895791616e+03 1.222988336745120286e+01
1.885642284569138155e+03 1.223733166189161281e+01
1.892660621242484922e+03 1.224469531615587492e+01
1.899678957915831688e+03 1.225197543530998878e+01
1.906697294589178455e+03 1.225917312520418712e+01
1.913715631262525221e+03 1.226628949237932176e+01
1.920733967935871533e+03 1.227332564397330117e+01
1.927752304609218527e+03 1.228028268762746933e+01
1.934770641282565293e+03 1.228716173139300238e+01
1.941788977955911832e+03 1.229396388363735149e+01
1.948807314629258599e+03 1.230069025295058793e+01
1.955825651302605365e+03 1.230734194805187087e+01
1.962843987975952132e+03 1.231392007769579777e+01
1.969862324649298444e+03 1.232042575057884726e+01
1.976880661322645437e+03 1.232686007524575444e+01
1.983898997995991976e+03 1.233322415999593957e+01
1.990917334669338743e+03 1.233951911278986913e+01
1.997935671342685509e+03 1.234574604115553420e+01
2.004954008016032276e+03 1.235190605209476900e+01
2.011972344689378588e+03 1.235800025198972740e+01
2.018990681362725354e+03 1.236402974650924058e+01
2.026009018036072121e+03 1.236999564051522782e+01
2.033027354709418887e+03 1.237589903796912161e+01
2.040045691382765426e+03 1.238174104183825364e+01
2.047064028056112193e+03 1.238752275400226033e+01
2.054082364729459186e+03 1.239324527515950081e+01
2.061100701402805953e+03 1.239890970473342158e+01
2.068119038076152265e+03 1.240451714077902068e+01
2.075137374749499031e+03 1.241006867988919637e+01
2.082155711422845798e+03 1.241556541710120243e+01
2.089174048096192564e+03 1.242100844580298258e+01
2.096192384769538876e+03 1.242639885763963647e+01
2.103210721442885642e+03 1.243173774241980567e+01
2.110229058116232409e+03 1.243702618802208271e+01
2.117247394789579175e+03 1.244226528030138113e+01
2.124265731462925942e+03 1.244745610299538008e+01
2.131284068136272708e+03 1.245259973763091743e+01
2.138302404809619475e+03 1.245769726343037220e+01
2.145320741482965786e+03 1.246274975721810030e+01
2.152339078156313008e+03 1.246775829332681340e+01
2.159357414829659319e+03 1.247272394350400582e+01
2.166375751503006086e+03 1.247764777681833337e+01
2.173394088176352852e+03 1.248253085956603314e+01
2.180412424849699619e+03 1.248737425517732902e+01
2.187430761523046385e+03 1.249217902412281767e+01
2.194449098196392697e+03 1.249694622381989895e+01
2.201467434869739463e+03 1.250167690853915836e+01
2.208485771543086230e+03 1.250637212931076903e+01
2.215504108216432996e+03 1.251103293383091675e+01
2.222522444889779763e+03 1.251566036636821089e+01
2.229540781563126075e+03 1.252025546767002417e+01
2.236559118236472841e+03 1.252481927486898527e+01
2.243577454909819608e+03 1.252935282138930617e+01
2.250595791583166374e+03 1.253385713685323211e+01
2.257614128256513141e+03 1.253833324698745422e+01
2.264632464929859452e+03 1.254278217352944580e+01
2.271650801603206673e+03 1.254720493413394600e+01
2.278669138276553440e+03 1.255160254227932626e+01
2.285687474949900206e+03 1.255597600717399054e+01
2.292705811623246518e+03 1.256032633366278262e+01
2.299724148296593285e+03 1.256465452213340761e+01
2.306742484969940051e+03 1.256896156842281798e+01
2.313760821643286363e+03 1.257324846372359950e+01
2.320779158316633129e+03 1.257751619449043901e+01
2.327797494989979896e+03 1.258176574234644107e+01
2.334815831663326662e+03 1.258599808398961528e+01
2.341834168336673429e+03 1.259021419109921602e+01
2.348852505010020195e+03 1.259441503024217113e+01
2.355870841683366962e+03 1.259860156277952115e+01
2.362889178356713273e+03 1.260277474477276627e+01
2.369907515030060495e+03 1.260693552689027896e+01
2.376925851703406806e+03 1.261108485431373794e+01
2.383944188376753573e+03 1.261522366664450878e+01
2.390962525050100339e+03 1.261935289781008329e+01
2.397980861723447106e+03 1.262347347597039970e+01
2.404999198396793872e+03 1.262758632342435838e+01
2.412017535070140184e+03 1.263169235651613498e+01
2.419035871743486950e+03 1.263579248554163925e+01
2.426054208416833717e+03 1.263988761465488153e+01
2.433072545090180483e+03 1.264397864177441022e+01
2.440090881763527250e+03 1.264806645848968003e+01
2.447109218436873562e+03 1.265215194996748593e+01
2.454127555110220328e+03 1.265623599485835804e+01
2.461145891783567095e+03 1.266031946520294582e+01
2.468164228456914316e+03 1.266440322633848403e+01
2.475182565130260627e+03 1.266848813680509878e+01
2.482200901803607394e+03 1.267257504825230185e+01
2.489219238476954160e+03 1.267666480534532170e+01
2.496237575150300927e+03 1.268075824567159060e+01
2.503255911823647693e+03 1.268485619964707567e+01
2.510274248496994005e+03 1.268895949042269855e+01
2.517292585170340772e+03 1.269306893379074985e+01
2.524310921843687538e+03 1.269718533809132133e+01
2.531329258517033850e+03 1.270130950411864568e+01
2.538347595190380616e+03 1.270544222502755716e+01
2.545365931863727383e+03 1.270958428623987402e+01
2.552384268537074149e+03 1.271373646535078805e+01
2.559402605210420916e+03 1.271789953203528256e+01
2.566420941883767227e+03 1.272207424795457165e+01
2.573439278557114449e+03 1.272626136666240626e+01
2.580457615230461215e+03 1.273046163351159166e+01
2.587475951903807982e+03 1.273467578556032187e+01
2.594494288577154293e+03 1.273890455147859946e+01
2.601512625250501060e+03 1.274314865145465525e+01
2.608530961923847826e+03 1.274740879710131836e+01
2.615549298597194593e+03 1.275168569136246077e+01
2.622567635270541359e+03 1.275598002841936029e+01
2.629585971943887671e+03 1.276029249359714335e+01
2.636604308617234437e+03 1.276462376327117987e+01
2.643622645290581204e+03 1.276897450477340890e+01
2.650640981963927970e+03 1.277334537629894129e+01
2.657659318637274737e+03 1.277773702681219348e+01
2.664677655310621049e+03 1.278215009595351859e+01
2.671695991983967815e+03 1.278658521394551251e+01
2.678714328657315036e+03 1.279104300149940343e+01
2.685732665330661803e+03 1.279552406972148404e+01
2.692751002004008114e+03 1.280002902001954190e+01
2.699769338677354881e+03 1.280455844400920817e+01
2.706787675350701647e+03 1.280911292342038266e+01
2.713806012024047959e+03 1.281369303000367310e+01
2.720824348697394726e+03 1.281829932543672612e+01
2.727842685370741492e+03 1.282293236123072155e+01
2.734861022044088259e+03 1.282759267863667851e+01
2.741879358717435025e+03 1.283228080855194264e+01
2.748897695390781337e+03 1.283699727142655078e+01
2.755916032064128103e+03 1.284174257716963474e+01
2.762934368737474870e+03 1.284651722505580729e+01
2.769952705410821636e+03 1.285132170363164050e+01
2.776971042084168403e+03 1.285615649062196297e+01
2.783989378757515169e+03 1.286102205283639499e+01
2.791007715430861936e+03 1.286591884607557290e+01
2.798026052104208702e+03 1.287084731503775004e+01
2.805044388777555469e+03 1.287580789322508323e+01
2.812062725450901780e+03 1.288080100285000285e+01
2.819081062124248547e+03 1.288582705474175327e+01
2.826099398797595313e+03 1.289088644825266883e+01
2.833117735470942080e+03 1.289597957116465743e+01
2.840136072144288846e+03 1.290110679959554574e+01
2.847154408817635158e+03 1.290626849790555397e+01
2.854172745490981924e+03 1.291146501860356821e+01
2.861191082164328691e+03 1.291669670225376976e+01
2.868209418837675003e+03 1.292196387738178132e+01
2.875227755511022224e+03 1.292726686038123951e+01
2.882246092184368536e+03 1.293260595542016667e+01
2.889264428857715757e+03 1.293798145434733904e+01
2.896282765531062523e+03 1.294339363659869591e+01
2.903301102204409290e+03 1.294884276910380194e+01
2.910319438877755601e+03 1.295432910619216393e+01
2.917337775551102368e+03 1.295985288949973580e+01
2.924356112224449134e+03 1.296541434787516600e+01
2.931374448897795901e+03 1.297101369728641274e+01
2.938392785571142213e+03 1.297665114072697534e+01
2.945411122244488979e+03 1.298232686812234959e+01
2.952429458917835746e+03 1.298804105623649718e+01
2.959447795591182512e+03 1.299379386857811802e+01
2.966466132264528824e+03 1.299958545530718723e+01
2.973484468937875590e+03 1.300541595314127896e+01
2.980502805611222357e+03 1.301128548526195416e+01
2.987521142284569123e+03 1.301719416122130468e+01
2.994539478957916344e+03 1.302314207684818115e+01
3.001557815631262656e+03 1.302912931415465181e+01
3.008576152304609423e+03 1.303515594124247379e+01
3.015594488977956189e+03 1.304122201220943111e+01
3.022612825651302956e+03 1.304732756705578112e+01
3.029631162324649267e+03 1.305347263159056759e+01
3.036649498997996034e+03 1.305965721733814533e+01
3.043667835671342800e+03 1.306588132144450398e+01
3.050686172344689567e+03 1.307214492658374105e+01
3.057704509018035878e+03 1.307844800086434667e+01
3.064722845691382645e+03 1.308479049773579028e+01
3.071741182364729411e+03 1.309117235589467398e+01
3.078759519038076178e+03 1.309759349919139737e+01
3.085777855711422944e+03 1.310405383653642453e+01
3.092796192384769256e+03 1.311055326180663094e+01
3.099814529058116477e+03 1.311709165375186004e+01
3.106832865731463244e+03 1.312366887590124875e+01
3.113851202404810010e+03 1.313028477646959225e+01
3.120869539078156322e+03 1.313693918826381868e+01
3.127887875751503088e+03 1.314363192858933083e+01
3.134906212424849855e+03 1.315036279915649509e+01
3.141924549098196621e+03 1.315713158598694221e+01
3.148942885771543388e+03 1.316393805932002437e+01
3.155961222444889700e+03 1.317078197351924018e+01
3.162979559118236466e+03 1.317766306697865275e+01
3.169997895791583232e+03 1.318458106202915303e+01
3.177016232464929999e+03 1.319153566484501461e+01
3.184034569138276311e+03 1.319852656535030988e+01
3.191052905811623077e+03 1.320555343712514862e+01
3.198071242484969844e+03 1.321261593731226824e+01
3.205089579158317065e+03 1.321971370652328481e+01
3.212107915831663831e+03 1.322684636874523356e+01
3.219126252505010143e+03 1.323401353124690871e+01
3.226144589178356910e+03 1.324121478448518019e+01
3.233162925851703676e+03 1.324844970201156436e+01
3.240181262525050442e+03 1.325571784037852652e+01
3.247199599198396754e+03 1.326301873904588646e+01
3.254217935871743521e+03 1.327035192028728439e+01
3.261236272545090287e+03 1.327771688909645142e+01
3.268254609218437054e+03 1.328511313309382658e+01
3.275272945891783365e+03 1.329254012243275973e+01
3.282291282565130132e+03 1.329999730970593852e+01
3.289309619238476898e+03 1.330748412985200702e+01
3.296327955911823665e+03 1.331500000006170481e+01
3.303346292585170431e+03 1.332254431968433117e+01
3.310364629258517198e+03 1.333011647013430512e+01
3.317382965931863964e+03 1.333771581479735069e+01
3.324401302605210731e+03 1.334534169893709077e+01
3.331419639278557497e+03 1.335299344960134604e+01
3.338437975951903809e+03 1.336067037552853343e+01
3.345456312625250575e+03 1.336837176705413199e+01
3.352474649298597342e+03 1.337609689601700680e+01
3.359492985971944108e+03 1.338384501566593698e+01
3.366511322645290875e+03 1.339161536056580459e+01
3.373529659318637187e+03 1.339940714650427722e+01
3.380547995991983953e+03 1.340721957039799150e+01
3.387566332665330719e+03 1.341505181019910253e+01
3.394584669338677486e+03 1.342290302480151354e+01
3.401603006012023798e+03 1.343077235394747149e+01
3.408621342685370564e+03 1.343865891813387670e+01
3.415639679358717785e+03 1.344656181851862620e+01
3.422658016032064552e+03 1.345448013682716137e+01
3.429676352705410864e+03 1.346241293525877580e+01
3.436694689378757630e+03 1.347035925639305809e+01
3.443713026052104397e+03 1.347831812309627608e+01
3.450731362725451163e+03 1.348628853842768827e+01
3.457749699398797929e+03 1.349426948554620687e+01
3.464768036072144241e+03 1.350225992761651383e+01
3.471786372745491008e+03 1.351025880771563337e+01
3.478804709418837774e+03 1.351826504873929302e+01
3.485823046092184541e+03 1.352627755330832748e+01
3.492841382765530852e+03 1.353429520367499173e+01
3.499859719438877619e+03 1.354231686162967030e+01
3.506878056112224385e+03 1.355034136840682812e+01
3.513896392785571152e+03 1.355836754459176063e+01
3.520914729458918373e+03 1.356639419002689451e+01
3.527933066132264685e+03 1.357442008371817366e+01
3.534951402805611451e+03 1.358244398374145234e+01
3.541969739478958218e+03 1.359046462714896641e+01
3.548988076152304984e+03 1.359848072987560208e+01
3.556006412825651296e+03 1.360649098664550749e+01
3.563024749498998062e+03 1.361449407087828867e+01
3.570043086172344829e+03 1.362248863459556603e+01
3.577061422845691595e+03 1.363047330832722892e+01
3.584079759519038362e+03 1.363844670101802947e+01
3.591098096192384673e+03 1.364640739993385310e+01
3.598116432865731440e+03 1.365435397056810984e+01
3.605134769539078206e+03 1.366228495654822872e+01
3.612153106212424973e+03 1.367019887954191404e+01
3.619171442885771285e+03 1.367809423916382272e+01
3.626189779559118506e+03 1.368596951288166963e+01
3.633208116232465272e+03 1.369382315592278587e+01
3.640226452905812039e+03 1.370165360118049236e+01
3.647244789579158351e+03 1.370945925912046448e+01
3.654263126252505117e+03 1.371723851768728508e+01
3.661281462925851883e+03 1.372498974221063150e+01
3.668299799599198650e+03 1.373271127531188185e+01
3.675318136272545416e+03 1.374040143681030379e+01
3.682336472945891728e+03 1.374805852362967151e+01
3.689354809619238495e+03 1.375568080970456109e+01
3.696373146292585261e+03 1.376326654588673470e+01
3.703391482965932028e+03 1.377081395985165457e+01
3.710409819639278339e+03 1.377832125600473567e+01
3.717428156312625106e+03 1.378578661538783123e+01
3.724446492985971872e+03 1.379320819558570754e+01
3.731464829659319093e+03 1.380058413063227718e+01
3.738483166332665860e+03 1.380791253091720172e+01
3.745501503006012172e+03 1.381519148309205569e+01
3.752519839679358938e+03 1.382241904997699677e+01
3.759538176352705705e+03 1.382959327046691911e+01
3.766556513026052471e+03 1.383671215943816257e+01
3.773574849699398783e+03 1.384377370765450266e+01
3.780593186372745549e+03 1.385077588167394858e+01
3.787611523046092316e+03 1.385771662375489832e+01
3.794629859719439082e+03 1.386459385176269876e+01
3.801648196392785394e+03 1.387140545907589662e+01
3.808666533066132160e+03 1.387814931449277012e+01
3.815684869739478927e+03 1.388482326213765283e+01
3.822703206412825693e+03 1.389142512136745822e+01
3.829721543086172460e+03 1.389795268667788974e+01
3.836739879759518772e+03 1.390440372760994414e+01
3.843758216432865993e+03 1.391077598865643239e+01
3.850776553106212759e+03 1.391706718916818630e+01
3.857794889779559526e+03 1.392327502326063282e+01
3.864813226452905838e+03 1.392939715971994019e+01
3.871831563126252604e+03 1.393543124190977167e+01
3.878849899799599370e+03 1.394137488767745481e+01
3.885868236472946137e+03 1.394722568926041717e+01
3.892886573146292903e+03 1.395298121319265405e+01
3.899904909819639215e+03 1.395863900021111625e+01
3.906923246492985982e+03 1.396419656516198593e+01
3.913941583166332748e+03 1.396965139690735924e+01
3.920959919839679515e+03 1.397500095823128774e+01
3.927978256513025826e+03 1.398024268574644857e+01
3.934996593186372593e+03 1.398537398980058555e+01
3.942014929859719359e+03 1.399039225438264822e+01
3.949033266533066580e+03 1.399529483702938037e+01
3.956051603206412892e+03 1.400007906873178598e+01
3.963069939879759659e+03 1.400474225384131088e+01
3.970088276553106425e+03 1.400928166997650237e+01
3.977106613226453192e+03 1.401369456792912338e+01
3.984124949899799958e+03 1.401797817157083159e+01
3.991143286573146270e+03 1.402212967775954056e+01
3.998161623246493036e+03 1.402614625624553923e+01
4.005179959919839803e+03 1.403002504957832031e+01
4.012198296593186569e+03 1.403376317301264109e+01
4.019216633266532881e+03 1.403735771441507652e+01
4.026234969939879647e+03 1.404080573417052236e+01
4.033253306613226414e+03 1.404410426508826859e+01
4.040271643286573180e+03 1.404725031230888099e+01
4.047289979959919947e+03 1.405024085321010219e+01
4.054308316633266713e+03 1.405307283731363377e+01
4.061326653306613480e+03 1.406215540081230841e+01
4.123116971631706292e+03 1.411890423476345191e+01
4.184907289956798195e+03 1.417565306871459541e+01
4.246697608281891007e+03 1.423240190266573890e+01
4.308487926606982910e+03 1.428915073661688240e+01
4.370278244932075722e+03 1.434589957056802589e+01
4.432068563257167625e+03 1.440264840451916939e+01
4.493858881582260437e+03 1.445939723847031289e+01
4.555649199907352340e+03 1.451614607242145638e+01
4.617439518232445153e+03 1.457289490637259988e+01
4.679229836557537055e+03 1.462964374032374337e+01
4.741020154882629868e+03 1.468639257427488687e+01
4.802810473207722680e+03 1.474314140822603036e+01
4.864600791532814583e+03 1.479989024217717386e+01
4.926391109857906486e+03 1.485663907612831558e+01
4.988181428182999298e+03 1.491338791007945908e+01
5.049971746508092110e+03 1.497013674403060435e+01
5.111762064833184013e+03 1.502688557798174607e+01
5.173552383158276825e+03 1.508363441193288956e+01
5.235342701483368728e+03 1.514038324588403306e+01
5.297133019808461540e+03 1.519713207983517655e+01
5.358923338133553443e+03 1.525388091378631827e+01
5.420713656458646255e+03 1.531062974773746355e+01
5.482503974783738158e+03 1.536737858168860527e+01
5.544294293108830971e+03 1.542412741563974876e+01
5.606084611433923783e+03 1.548087624959089403e+01
5.667874929759015686e+03 1.553762508354203575e+01
5.729665248084107589e+03 1.559437391749317925e+01
5.791455566409200401e+03 1.565112275144432274e+01
5.853245884734293213e+03 1.570787158539546624e+01
5.915036203059385116e+03 1.576462041934660974e+01
5.976826521384477928e+03 1.582136925329775323e+01
6.038616839709569831e+03 1.587811808724889673e+01
6.100407158034662643e+03 1.593486692120004022e+01
6.162197476359755456e+03 1.599161575515118372e+01
6.223987794684847358e+03 1.604836458910232722e+01
6.285778113009939261e+03 1.610511342305347071e+01
6.347568431335032074e+03 1.616186225700461421e+01
6.409358749660124886e+03 1.621861109095575770e+01
6.471149067985216789e+03 1.627535992490690120e+01
6.532939386310308691e+03 1.633210875885804114e+01
6.594729704635401504e+03 1.638885759280918819e+01
6.656520022960494316e+03 1.644560642676033169e+01
6.718310341285586219e+03 1.650235526071147518e+01
6.780100659610678122e+03 1.655910409466261513e+01
6.841890977935770934e+03 1.661585292861376217e+01
6.903681296260863746e+03 1.667260176256490212e+01
6.965471614585956559e+03 1.672935059651604917e+01
7.027261932911048461e+03 1.678609943046718911e+01
7.089052251236140364e+03 1.684284826441833260e+01
7.150842569561233177e+03 1.689959709836947610e+01
7.212632887886325989e+03 1.695634593232062315e+01
7.274423206211417892e+03 1.701309476627176309e+01
7.336213524536509794e+03 1.706984360022290659e+01
7.398003842861602607e+03 1.712659243417405008e+01
7.459794161186695419e+03 1.718334126812519358e+01
7.521584479511787322e+03 1.724009010207633708e+01
7.583374797836879225e+03 1.729683893602748057e+01
7.645165116161972037e+03 1.735358776997862407e+01
7.706955434487064849e+03 1.741033660392976756e+01
7.768745752812157662e+03 1.746708543788091106e+01
7.830536071137249564e+03 1.752383427183205455e+01
7.892326389462341467e+03 1.758058310578319805e+01
7.954116707787434279e+03 1.763733193973434155e+01
8.015907026112527092e+03 1.769408077368548504e+01
8.077697344437618995e+03 1.775082960763662854e+01
8.139487662762710897e+03 1.780757844158777203e+01
8.201277981087803710e+03 1.786432727553891553e+01
8.263068299412896522e+03 1.792107610949005903e+01
8.324858617737987515e+03 1.797782494344119897e+01
8.386648936063080328e+03 1.803457377739234602e+01
8.448439254388173140e+03 1.809132261134348596e+01
8.510229572713265952e+03 1.814807144529463301e+01
8.572019891038358764e+03 1.820482027924577650e+01
8.633810209363451577e+03 1.826156911319692000e+01
8.695600527688542570e+03 1.831831794714805994e+01
8.757390846013635382e+03 1.837506678109920699e+01
8.819181164338728195e+03 1.843181561505034693e+01
8.880971482663819188e+03 1.848856444900149043e+01
8.942761800988912000e+03 1.854531328295263393e+01
9.004552119314004813e+03 1.860206211690378098e+01
9.066342437639097625e+03 1.865881095085492092e+01
9.128132755964190437e+03 1.871555978480606797e+01
9.189923074289283250e+03 1.877230861875720791e+01
9.251713392614374243e+03 1.882905745270835141e+01
9.313503710939467055e+03 1.888580628665949490e+01
9.375294029264558048e+03 1.894255512061063840e+01
9.437084347589650861e+03 1.899930395456178189e+01
9.498874665914743673e+03 1.905605278851292539e+01
9.560664984239836485e+03 1.911280162246406888e+01
9.622455302564929298e+03 1.916955045641521238e+01
9.684245620890022110e+03 1.922629929036635588e+01
9.746035939215114922e+03 1.928304812431749937e+01
9.807826257540205916e+03 1.933979695826864287e+01
9.869616575865298728e+03 1.939654579221978636e+01
9.931406894190389721e+03 1.945329462617092986e+01
9.993197212515482533e+03 1.951004346012206980e+01
1.005498753084057535e+04 1.956679229407321685e+01
1.011677784916566816e+04 1.962354112802435679e+01
1.017856816749076097e+04 1.968028996197550384e+01
1.024035848581585378e+04 1.973703879592664734e+01
1.030214880414094478e+04 1.979378762987779083e+01
1.036393912246603759e+04 1.985053646382893078e+01
1.042572944079113040e+04 1.990728529778007783e+01
1.048751975911622139e+04 1.996403413173121777e+01
1.054931007744131421e+04 2.002078296568236482e+01
1.061110039576640702e+04 2.007753179963350476e+01
1.067289071409149983e+04 2.013428063358465181e+01
1.073468103241659264e+04 2.019102946753579175e+01
1.079647135074168546e+04 2.024777830148693880e+01
1.085826166906677645e+04 2.030452713543807874e+01
1.092005198739186926e+04 2.036127596938922224e+01
1.098184230571696025e+04 2.041802480334036574e+01
1.104363262404205307e+04 2.047477363729150923e+01
1.110542294236714588e+04 2.053152247124265273e+01
1.116721326069223869e+04 2.058827130519379622e+01
1.122900357901733150e+04 2.064502013914493972e+01
1.129079389734242432e+04 2.070176897309608322e+01
1.135258421566751713e+04 2.075851780704722671e+01
1.141437453399260812e+04 2.081526664099837021e+01
1.147616485231770093e+04 2.087201547494951370e+01
1.153795517064279193e+04 2.092876430890065365e+01
1.159974548896788474e+04 2.098551314285180069e+01
1.166153580729297755e+04 2.104226197680294064e+01
1.172332612561807036e+04 2.109901081075408769e+01
1.178511644394316318e+04 2.115575964470523118e+01
1.184690676226825599e+04 2.121250847865637468e+01
1.190869708059334698e+04 2.126925731260751462e+01
1.197048739891843979e+04 2.132600614655866167e+01
1.203227771724353261e+04 2.138275498050980161e+01
1.209406803556862360e+04 2.143950381446094866e+01
1.215585835389371641e+04 2.149625264841208860e+01
1.221764867221880922e+04 2.155300148236323565e+01
1.227943899054390204e+04 2.160975031631437560e+01
1.234122930886899485e+04 2.166649915026552264e+01
1.240301962719408766e+04 2.172324798421666259e+01
1.246480994551918047e+04 2.177999681816780964e+01
1.252660026384426965e+04 2.183674565211894958e+01
1.258839058216936246e+04 2.189349448607009307e+01
1.265018090049445527e+04 2.195024332002123657e+01
1.271197121881954808e+04 2.200699215397238007e+01
1.277376153714464090e+04 2.206374098792352356e+01
1.283555185546973371e+04 2.212048982187466706e+01
1.289734217379482652e+04 2.217723865582581055e+01
1.295913249211991933e+04 2.223398748977695760e+01
1.302092281044501215e+04 2.229073632372809755e+01
1.308271312877010132e+04 2.234748515767923749e+01
1.314450344709519413e+04 2.240423399163038454e+01
1.320629376542028695e+04 2.246098282558152448e+01
1.326808408374537976e+04 2.251773165953267153e+01
1.332987440207047257e+04 2.257448049348381502e+01
1.339166472039556538e+04 2.263122932743495852e+01
1.345345503872065819e+04 2.268797816138610202e+01
1.351524535704575101e+04 2.274472699533724551e+01
1.357703567537084382e+04 2.280147582928838901e+01
1.363882599369593299e+04 2.285822466323953250e+01
1.370061631202102581e+04 2.291497349719067245e+01
1.376240663034611862e+04 2.297172233114181950e+01
1.382419694867121143e+04 2.302847116509295944e+01
1.388598726699630424e+04 2.308521999904410649e+01
1.394777758532139705e+04 2.314196883299524643e+01
1.400956790364648987e+04 2.319871766694639348e+01
1.407135822197158268e+04 2.325546650089753697e+01
1.413314854029667185e+04 2.331221533484867692e+01
1.419493885862176467e+04 2.336896416879982041e+01
1.425672917694685748e+04 2.342571300275096391e+01
1.431851949527195029e+04 2.348246183670210741e+01
1.438030981359704310e+04 2.353921067065325090e+01
1.444210013192213592e+04 2.359595950460439440e+01
1.450389045024722873e+04 2.365270833855554145e+01
1.456568076857232154e+04 2.370945717250668139e+01
1.462747108689741435e+04 2.376620600645782844e+01
1.468926140522250353e+04 2.382295484040896838e+01
1.475105172354759634e+04 2.387970367436010832e+01
1.481284204187268915e+04 2.393645250831125537e+01
1.487463236019778196e+04 2.399320134226239887e+01
1.493642267852287478e+04 2.404995017621354236e+01
1.499821299684796759e+04 2.410669901016468586e+01
1.506000331517306040e+04 2.416344784411582935e+01
1.512179363349815321e+04 2.422019667806697285e+01
1.518358395182324603e+04 2.427694551201811635e+01
1.524537427014833520e+04 2.433369434596925629e+01
1.530716458847342801e+04 2.439044317992040334e+01
1.536895490679852082e+04 2.444719201387154328e+01
1.543074522512361364e+04 2.450394084782269033e+01
1.549253554344870645e+04 2.456068968177383027e+01
1.555432586177379926e+04 2.461743851572497732e+01
1.561611618009889207e+04 2.467418734967612082e+01
1.567790649842398489e+04 2.473093618362726431e+01
1.573969681674907406e+04 2.478768501757840426e+01
1.580148713507416687e+04 2.484443385152954775e+01
1.586327745339925968e+04 2.490118268548069125e+01
1.592506777172435250e+04 2.495793151943183474e+01
1.598685809004944531e+04 2.501468035338297824e+01
1.604864840837453812e+04 2.507142918733412529e+01
1.611043872669963093e+04 2.512817802128526523e+01
1.617222904502472375e+04 2.518492685523641228e+01
1.623401936334981656e+04 2.524167568918755222e+01
1.629580968167490573e+04 2.529842452313869217e+01
1.635760000000000036e+04 2.535517335708983921e+01
