6.724850000000000136e+02 5.388864196891178793e+00
6.793229058116232864e+02 5.425316900138701826e+00
6.861608116232464454e+02 5.461572812959675005e+00
6.929987174348697181e+02 5.497632183371373493e+00
6.998366232464929908e+02 5.533495265763386683e+00
7.066745290581161498e+02 5.569162320859378568e+00
7.135124348697395362e+02 5.604633615678872971e+00
7.203503406813626952e+02 5.639909423499013919e+00
7.271882464929859680e+02 5.674990023816334883e+00
7.340261523046092407e+02 5.709875702308536916e+00
7.408640581162325134e+02 5.744566750796256116e+00
7.477019639278556724e+02 5.779063467204830218e+00
7.545398697394789451e+02 5.813366155526077605e+00
7.613777755511021041e+02 5.847475125780058569e+00
7.682156813627254905e+02 5.881390693976850770e+00
7.750535871743486496e+02 5.915113182078320264e+00
7.818914929859720360e+02 5.948642917959892529e+00
7.887293987975951950e+02 5.981980235372317267e+00
7.955673046092184677e+02 6.015125473903447428e+00
8.024052104208417404e+02 6.048078978940003125e+00
8.092431162324648994e+02 6.080841101629349765e+00
8.160810220440881722e+02 6.113412198841254863e+00
8.229189278557114449e+02 6.145792633129675053e+00
8.297568336673346039e+02 6.177982772694516456e+00
8.365947394789579903e+02 6.209982991343405700e+00
8.434326452905811493e+02 6.241793668453464505e+00
8.502705511022044220e+02 6.273415188933080699e+00
8.571084569138276947e+02 6.304847943183673031e+00
8.639463627254508538e+02 6.336092327061466634e+00
8.707842685370741265e+02 6.367148741839262271e+00
8.776221743486973992e+02 6.398017594168207367e+00
8.844600801603206719e+02 6.428699296039562583e+00
8.912979859719438309e+02 6.459194264746480840e+00
8.981358917835671036e+02 6.489502922845773014e+00
9.049737975951904900e+02 6.519625698119673629e+00
9.118117034068136491e+02 6.549563023537618989e+00
9.186496092184368081e+02 6.579315337218014648e+00
9.254875150300601945e+02 6.608883082390008212e+00
9.323254208416833535e+02 6.638266707355257701e+00
9.391633266533066262e+02 6.667466665449699015e+00
9.460012324649297852e+02 6.696483415005324957e+00
9.528391382765530579e+02 6.725317419311947376e+00
9.596770440881763307e+02 6.753969146578973515e+00
9.665149498997996034e+02 6.782439069897171713e+00
9.733528557114227624e+02 6.810727667200449531e+00
9.801907615230461488e+02 6.838835421227614120e+00
9.870286673346693078e+02 6.866762819484147684e+00
9.938665731462925805e+02 6.894510354203987390e+00
1.000704478957915853e+03 6.922078522311277737e+00
1.007542384769539126e+03 6.949467825382154018e+00
1.014380290581162285e+03 6.976678769606508013e+00
1.021218196392785558e+03 7.003711865749763454e+00
1.028056102204408717e+03 7.030567629114638173e+00
1.034894008016032103e+03 7.057246579502924000e+00
1.041731913827655262e+03 7.083749241177250688e+00
1.048569819639278649e+03 7.110076142822857825e+00
1.055407725450901808e+03 7.136227817509370297e+00
1.062245631262524967e+03 7.162204802652560431e+00
1.069083537074148353e+03 7.188007639976127017e+00
1.075921442885771512e+03 7.213636875473460108e+00
1.082759348697394671e+03 7.239093059369411165e+00
1.089597254509018057e+03 7.264376746082069403e+00
1.096435160320641216e+03 7.289488494184527489e+00
1.103273066132264603e+03 7.314428866366655235e+00
1.110110971943887762e+03 7.339198429396866175e+00
1.116948877755510921e+03 7.363797754083891256e+00
1.123786783567134307e+03 7.388227415238550755e+00
1.130624689378757466e+03 7.412487991635517304e+00
1.137462595190380853e+03 7.436580065975097575e+00
1.144300501002004012e+03 7.460504224844997978e+00
1.151138406813627171e+03 7.484261058682086798e+00
1.157976312625250557e+03 7.507851161734181211e+00
1.164814218436873716e+03 7.531275132021801433e+00
1.171652124248496875e+03 7.554533571299956840e+00
1.178490030060120262e+03 7.577627085019903674e+00
1.185327935871743421e+03 7.600556282290922283e+00
1.192165841683366807e+03 7.623321775842083703e+00
1.199003747494989966e+03 7.645924181984025125e+00
1.205841653306613352e+03 7.668364120570719145e+00
1.212679559118236284e+03 7.690642214961239453e+00
1.219517464929859671e+03 7.712759091981539861e+00
1.226355370741483057e+03 7.734715381886213770e+00
1.233193276553106216e+03 7.756511718320279414e+00
1.240031182364729375e+03 7.778148738280934893e+00
1.246869088176352761e+03 7.799627082079338969e+00
1.253706993987975920e+03 7.820947393302381201e+00
1.260544899799599079e+03 7.842110318774444977e+00
1.267382805611222466e+03 7.863116508519188308e+00
1.274220711422845852e+03 7.883966615721305971e+00
1.281058617234468784e+03 7.904661296688303196e+00
1.287896523046092170e+03 7.925201210812267583e+00
1.294734428857715329e+03 7.945587020531640121e+00
1.301572334669338716e+03 7.965819391292985330e+00
1.308410240480961875e+03 7.985898991512754286e+00
1.315248146292585034e+03 8.005826492539064532e+00
1.322086052104208193e+03 8.025602568613475540e+00
1.328923957915831579e+03 8.045227896832738423e+00
1.335761863727454966e+03 8.064703157110589160e+00
1.342599769539078125e+03 8.084029032139508075e+00
1.349437675350701284e+03 8.103206207352490864e+00
1.356275581162324670e+03 8.122235370884819616e+00
1.363113486973947829e+03 8.141117213535830288e+00
1.369951392785570988e+03 8.159852428730697937e+00
1.376789298597194374e+03 8.178441712482188208e+00
1.383627204408817761e+03 8.196885763352439014e+00
1.390465110220440920e+03 8.215185282414726231e+00
1.397303016032064079e+03 8.233340973215240055e+00
1.404140921843687465e+03 8.251353541734847141e+00
1.410978827655310624e+03 8.269223696350870512e+00
1.417816733466933783e+03 8.286952147798851698e+00
1.424654639278557170e+03 8.304539609134328870e+00
1.431492545090180329e+03 8.321986795694602534e+00
1.438330450901803488e+03 8.339294425060504778e+00
1.445168356713426874e+03 8.356463217018177403e+00
1.452006262525050033e+03 8.373493893520830511e+00
1.458844168336673192e+03 8.390387178650527744e+00
1.465682074148296579e+03 8.407143798579944871e+00
1.472519979959919965e+03 8.423764481534146142e+00
1.479357885771542897e+03 8.440249957752353538e+00
1.486195791583166283e+03 8.456600959449716015e+00
1.493033697394789669e+03 8.472818220779082310e+00
1.499871603206412829e+03 8.488902477792770185e+00
1.506709509018035988e+03 8.504854468404339229e+00
1.513547414829659147e+03 8.520674932350356556e+00
1.520385320641282533e+03 8.536364611152171378e+00
1.527223226452905692e+03 8.551924248077687807e+00
1.534061132264529078e+03 8.567354588103128776e+00
1.540899038076152237e+03 8.582656377874808840e+00
1.547736943887775396e+03 8.597830365670914077e+00
1.554574849699398783e+03 8.612877301363255356e+00
1.561412755511021942e+03 8.627797936379050014e+00
1.568250661322645101e+03 8.642593023662698215e+00
1.575088567134268487e+03 8.657263317637539757e+00
1.581926472945891874e+03 8.671809574167625101e+00
1.588764378757515033e+03 8.686232550519504159e+00
1.595602284569138192e+03 8.700533005323977775e+00
1.602440190380761578e+03 8.714711698537875861e+00
1.609278096192384965e+03 8.728769391405826639e+00
1.616116002004007896e+03 8.742706846422031219e+00
1.622953907815631283e+03 8.756524827292018642e+00
1.629791813627254442e+03 8.770224098894448872e+00
1.636629719438877828e+03 8.783805427242842967e+00
1.643467625250500987e+03 8.797269579447389631e+00
1.650305531062124146e+03 8.810617323676686041e+00
1.657143436873747305e+03 8.823849429119533738e+00
1.663981342685370691e+03 8.836966665946690114e+00
1.670819248496994078e+03 8.849969805272653645e+00
1.677657154308617010e+03 8.862859619117415377e+00
1.684495060120240396e+03 8.875636880368258375e+00
1.691332965931863782e+03 8.888302362741498541e+00
1.698170871743486941e+03 8.900856840744271636e+00
1.705008777555110100e+03 8.913301089636302521e+00
1.711846683366733487e+03 8.925635885391672630e+00
1.718684589178356646e+03 8.937862004660590998e+00
1.725522494989979805e+03 8.949980224731163503e+00
1.732360400801603191e+03 8.961991323491171002e+00
1.739198306613226350e+03 8.973896079389829694e+00
1.746036212424849509e+03 8.985695271399563921e+00
1.752874118236472896e+03 8.997389678977786076e+00
1.759712024048096282e+03 9.008980082028658742e+00
1.766549929859719214e+03 9.020467260864860393e+00
1.773387835671342600e+03 9.031851996169368846e+00
1.780225741482965987e+03 9.043135068957223410e+00
1.787063647294589146e+03 9.054317260537295908e+00
1.793901553106212305e+03 9.065399352474063477e+00
1.800739458917835691e+03 9.076382126549383145e+00
1.807577364729459077e+03 9.087266364724250423e+00
1.814415270541082009e+03 9.098052849100580985e+00
1.821253176352705395e+03 9.108742361882978145e+00
1.828091082164328554e+03 9.119335685340502096e+00
1.834928987975951941e+03 9.129833601768435614e+00
1.841766893787575100e+03 9.140236893450072841e+00
1.848604799599198259e+03 9.150546342618460116e+00
1.855442705410821873e+03 9.160762731418202520e+00
1.862280611222444804e+03 9.170886841867201156e+00
1.869118517034068191e+03 9.180919455818445485e+00
1.875956422845691350e+03 9.190861354921771920e+00
1.882794328657314509e+03 9.200713320585641952e+00
1.889632234468937895e+03 9.210476133938914955e+00
1.896470140280561054e+03 9.220150575792597891e+00
1.903308046092184213e+03 9.229737426601651862e+00
1.910145951903807600e+03 9.239237466426725831e+00
1.916983857715430531e+03 9.248651474895954294e+00
1.923821763527053918e+03 9.257980231166715868e+00
1.930659669338677304e+03 9.267224513887397208e+00
1.937497575150300463e+03 9.276385101159183577e+00
1.944335480961923849e+03 9.285462770497812102e+00
1.951173386773547008e+03 9.294458298795344575e+00
1.958011292585170395e+03 9.303372462281949140e+00
1.964849198396793781e+03 9.312206036487658878e+00
1.971687104208416713e+03 9.320959796204142833e+00
1.978525010020040099e+03 9.329634515446491250e+00
1.985362915831663258e+03 9.338230967414963501e+00
1.992200821643286417e+03 9.346749924456780434e+00
1.999038727454909804e+03 9.355192158027875848e+00
2.005876633266532735e+03 9.363558438654681737e+00
2.012714539078156122e+03 9.371849535895899308e+00
2.019552444889779508e+03 9.380066218304246917e+00
2.026390350701402667e+03 9.388209253388266617e+00
2.033228256513026054e+03 9.396279407574059661e+00
2.040066162324649213e+03 9.404277446167085941e+00
2.046904068136272599e+03 9.412204133313906596e+00
2.053741973947895985e+03 9.420060231963990560e+00
2.060579879759518917e+03 9.427846503831442959e+00
2.067417785571142304e+03 9.435563709356809881e+00
2.074255691382765690e+03 9.443212607668833414e+00
2.081093597194388622e+03 9.450793956546222674e+00
2.087931503006012008e+03 9.458308512379424826e+00
2.094769408817634940e+03 9.465757030132408545e+00
2.101607314629258326e+03 9.473140263304404840e+00
2.108445220440881712e+03 9.480458963891715385e+00
2.115283126252504644e+03 9.487713882349449790e+00
2.122121032064128485e+03 9.494905767553319720e+00
2.128958937875751417e+03 9.502035366761390378e+00
2.135796843687374349e+03 9.509103425575874624e+00
2.142634749498997735e+03 9.516110687904877352e+00
2.149472655310621121e+03 9.523057895924182503e+00
2.156310561122244508e+03 9.529945790039022313e+00
2.163148466933867894e+03 9.536775108845841231e+00
2.169986372745490826e+03 9.543546589094074051e+00
2.176824278557114212e+03 9.550260965647911604e+00
2.183662184368737144e+03 9.556918971448073563e+00
2.190500090180360530e+03 9.563521337473574135e+00
2.197337995991983917e+03 9.570068792703501970e+00
2.204175901803606848e+03 9.576562064078782299e+00
2.211013807615230235e+03 9.583001876463951518e+00
2.217851713426853621e+03 9.589388952608928207e+00
2.224689619238476553e+03 9.595724013110778827e+00
2.231527525050099939e+03 9.602007776375495851e+00
2.238365430861723326e+03 9.608240958579763458e+00
2.245203336673346712e+03 9.614424273632725004e+00
2.252041242484970098e+03 9.620558433137766485e+00
2.258879148296593030e+03 9.626644146354269793e+00
2.265717054108216416e+03 9.632682120159397954e+00
2.272554959919839348e+03 9.638673059009851940e+00
2.279392865731462734e+03 9.644617664903655907e+00
2.286230771543086121e+03 9.650516637341921111e+00
2.293068677354709507e+03 9.656370673290608053e+00
2.299906583166332439e+03 9.662180467142317042e+00
2.306744488977955825e+03 9.667946710678037903e+00
2.313582394789578757e+03 9.673670093028929884e+00
2.320420300601202143e+03 9.679351300638098010e+00
2.327258206412825530e+03 9.684991017222349896e+00
2.334096112224448916e+03 9.690589923733984534e+00
2.340934018036072302e+03 9.696148698322538451e+00
2.347771923847695689e+03 9.701668016296583374e+00
2.354609829659318621e+03 9.707148550085472394e+00
2.361447735470942007e+03 9.712590969201132296e+00
2.368285641282564939e+03 9.717995940199813276e+00
2.375123547094188325e+03 9.723364126643883054e+00
2.381961452905811711e+03 9.728696189063573030e+00
2.388799358717434643e+03 9.733992784918758190e+00
2.395637264529058029e+03 9.739254568560744119e+00
2.402475170340680961e+03 9.744482191194009602e+00
2.409313076152304347e+03 9.749676300837993637e+00
2.416150981963927734e+03 9.754837542288868235e+00
2.422988887775551120e+03 9.759966557081297012e+00
2.429826793587174507e+03 9.765063983450218643e+00
2.436664699398797893e+03 9.770130456292609011e+00
2.443502605210420825e+03 9.775166607129254004e+00
2.450340511022044211e+03 9.780173064066516986e+00
2.457178416833667143e+03 9.785150451758124035e+00
2.464016322645290529e+03 9.790099391366906545e+00
2.470854228456913916e+03 9.795020500526600671e+00
2.477692134268536847e+03 9.799914393303605920e+00
2.484530040080160234e+03 9.804781680158747292e+00
2.491367945891783165e+03 9.809622967909060520e+00
2.498205851703406552e+03 9.814438859689552430e+00
2.505043757515029938e+03 9.819229954914980851e+00
2.511881663326653324e+03 9.823996849241614981e+00
2.518719569138276711e+03 9.828740134529009964e+00
2.525557474949899643e+03 9.833460398801785018e+00
2.532395380761522574e+03 9.838158226211378476e+00
2.539233286573145961e+03 9.842834196997831242e+00
2.546071192384769347e+03 9.847488887451557815e+00
2.552909098196392733e+03 9.852122869875103106e+00
2.559747004008016120e+03 9.856736712544922341e+00
2.566584909819639051e+03 9.861330979673164521e+00
2.573422815631262438e+03 9.865906231369418578e+00
2.580260721442885369e+03 9.870463023602496833e+00
2.587098627254508756e+03 9.875001908162207798e+00
2.593936533066132142e+03 9.879523432621114765e+00
2.600774438877755529e+03 9.884028140296326370e+00
2.607612344689378915e+03 9.888516570211248080e+00
2.614450250501002301e+03 9.892989257057365649e+00
2.621288156312624778e+03 9.897446731156001931e+00
2.628126062124248165e+03 9.901889518420098568e+00
2.634963967935871551e+03 9.906318140315994114e+00
2.641801873747494938e+03 9.910733113825170193e+00
2.648639779559118324e+03 9.915134951406043839e+00
2.655477685370741256e+03 9.919524160955726089e+00
2.662315591182364642e+03 9.923901245771801882e+00
2.669153496993987574e+03 9.928266704514093988e+00
2.675991402805610960e+03 9.932621031166434022e+00
2.682829308617234346e+03 9.936964714998433479e+00
2.689667214428857733e+03 9.941298240527261854e+00
2.696505120240481119e+03 9.945622087479399909e+00
2.703343026052104506e+03 9.949936730752426683e+00
2.710180931863726983e+03 9.954242640376786966e+00
2.717018837675350369e+03 9.958540281477555212e+00
2.723856743486973755e+03 9.962830114236211898e+00
2.730694649298597142e+03 9.967112593852407443e+00
2.737532555110220528e+03 9.971388170505747439e+00
2.744370460921843915e+03 9.975657289317545917e+00
2.751208366733466846e+03 9.979920390312607026e+00
2.758046272545090233e+03 9.984177908380981847e+00
2.764884178356713164e+03 9.988430273239769619e+00
2.771722084168336551e+03 9.992677909394849678e+00
2.778559989979959937e+03 9.996921236102679131e+00
2.785397895791582869e+03 1.000116066733204789e+01
2.792235801603206710e+03 1.000539661172586747e+01
2.799073707414829641e+03 1.000962947256291358e+01
2.805911613226452573e+03 1.001385964771963266e+01
2.812749519038075960e+03 1.001808752963187743e+01
2.819587424849699346e+03 1.002231350525670095e+01
2.826425330661322732e+03 1.002653795603411169e+01
2.833263236472945664e+03 1.003076125784885875e+01
2.840101142284569050e+03 1.003498378099219579e+01
2.846939048096192437e+03 1.003920589012365028e+01
2.853776953907815368e+03 1.004342794423279273e+01
2.860614859719438755e+03 1.004765029660100595e+01
2.867452765531062141e+03 1.005187329476327029e+01
2.874290671342685073e+03 1.005609728046991336e+01
2.881128577154308459e+03 1.006032258964839343e+01
2.887966482965931846e+03 1.006454955236506876e+01
2.894804388777554777e+03 1.006877849278696857e+01
2.901642294589178164e+03 1.007300972914355341e+01
2.908480200400801550e+03 1.007724357368849866e+01
2.915318106212424937e+03 1.008148033266146726e+01
2.922156012024047868e+03 1.008572030624985771e+01
2.928993917835670800e+03 1.008996378855060705e+01
2.935831823647294641e+03 1.009421106753192987e+01
2.942669729458917573e+03 1.009846242499511781e+01
2.949507635270540959e+03 1.010271813653628215e+01
2.956345541082164345e+03 1.010697847150815321e+01
2.963183446893787277e+03 1.011124369298181946e+01
2.970021352705410663e+03 1.011551405770852519e+01
2.976859258517034050e+03 1.011978981608143613e+01
2.983697164328656982e+03 1.012407121209738392e+01
2.990535070140280368e+03 1.012835848331868505e+01
2.997372975951903754e+03 1.013265186083485503e+01
3.004210881763527141e+03 1.013695156922443452e+01
3.011048787575150527e+03 1.014125782651670704e+01
3.017886693386773004e+03 1.014557084415351973e+01
3.024724599198396390e+03 1.014989082695100819e+01
3.031562505010020232e+03 1.015421797306141372e+01
3.038400410821643163e+03 1.015855247393479743e+01
3.045238316633266550e+03 1.016289451428086643e+01
3.052076222444889481e+03 1.016724427203071457e+01
3.058914128256512868e+03 1.017160191829859883e+01
3.065752034068136254e+03 1.017596761734369792e+01
3.072589939879759186e+03 1.018034152653190816e+01
3.079427845691382572e+03 1.018472379629760027e+01
3.086265751503005959e+03 1.018911457010538513e+01
3.093103657314629345e+03 1.019351398441188650e+01
3.099941563126252731e+03 1.019792216862752454e+01
3.106779468937875208e+03 1.020233924507826728e+01
3.113617374749498595e+03 1.020676532896741406e+01
3.120455280561121981e+03 1.021120052833736658e+01
3.127293186372745367e+03 1.021564494403138745e+01
3.134131092184368754e+03 1.022009866965538194e+01
3.140968997995991685e+03 1.022456179153966360e+01
3.147806903807615072e+03 1.022903438870073067e+01
3.154644809619238458e+03 1.023351653280304063e+01
3.161482715430861390e+03 1.023800828812074393e+01
3.168320621242484776e+03 1.024250971149951361e+01
3.175158527054108163e+03 1.024702085231827198e+01
3.181996432865731549e+03 1.025154175245097399e+01
3.188834338677354935e+03 1.025607244622838188e+01
3.195672244488977412e+03 1.026061296039983262e+01
3.202510150300600799e+03 1.026516331409501248e+01
3.209348056112224185e+03 1.026972351878570855e+01
3.216185961923847572e+03 1.027429357824761169e+01
3.223023867735470958e+03 1.027887348852206095e+01
3.229861773547094344e+03 1.028346323787782879e+01
3.236699679358717276e+03 1.028806280677287610e+01
3.243537585170340662e+03 1.029267216781613570e+01
3.250375490981963594e+03 1.029729128572928509e+01
3.257213396793586980e+03 1.030192011730851043e+01
3.264051302605210367e+03 1.030655861138627571e+01
3.270889208416833299e+03 1.031120670879309742e+01
3.277727114228457140e+03 1.031586434231931548e+01
3.284565020040080526e+03 1.032053143667684836e+01
3.291402925851703003e+03 1.032520790846100667e+01
3.298240831663326389e+03 1.032989366611219850e+01
3.305078737474949776e+03 1.033458860987776262e+01
3.311916643286573162e+03 1.033929263177370927e+01
3.318754549098196549e+03 1.034400561554647879e+01
3.325592454909819480e+03 1.034872743663473926e+01
3.332430360721442867e+03 1.035345796213114689e+01
3.339268266533065798e+03 1.035819705074410102e+01
3.346106172344689185e+03 1.036294455275955073e+01
3.352944078156312571e+03 1.036770031000272496e+01
3.359781983967935503e+03 1.037246415579992309e+01
3.366619889779558889e+03 1.037723591494029129e+01
3.373457795591182730e+03 1.038201540363758468e+01
3.380295701402805207e+03 1.038680242949192944e+01
3.387133607214428594e+03 1.039159679145161341e+01
3.393971513026051980e+03 1.039639827977484288e+01
3.400809418837675366e+03 1.040120667599151716e+01
3.407647324649298753e+03 1.040602175286499076e+01
3.414485230460921230e+03 1.041084327435385504e+01
3.421323136272545071e+03 1.041567099557372167e+01
3.428161042084168457e+03 1.042050466275895104e+01
3.434998947895791389e+03 1.042534401322446591e+01
3.441836853707414775e+03 1.043018877532749400e+01
3.448674759519037707e+03 1.043503866842936745e+01
3.455512665330661093e+03 1.043989340285724410e+01
3.462350571142284480e+03 1.044475267986594247e+01
3.469188476953907411e+03 1.044961619159965949e+01
3.476026382765530798e+03 1.045448362105376283e+01
3.482864288577154184e+03 1.045935464203656551e+01
3.489702194388777571e+03 1.046422891913108799e+01
3.496540100200400957e+03 1.046910610765683103e+01
3.503378006012023434e+03 1.047398585363153956e+01
3.510215911823646820e+03 1.047886779373299149e+01
3.517053817635270207e+03 1.048375155526075453e+01
3.523891723446893593e+03 1.048863675609795010e+01
3.530729629258516979e+03 1.049352300467303678e+01
3.537567535070139911e+03 1.049840989992158313e+01
3.544405440881763298e+03 1.050329703124803160e+01
3.551243346693386684e+03 1.050818397848746244e+01
3.558081252505009616e+03 1.051307031186737895e+01
3.564919158316633002e+03 1.051795559196946073e+01
3.571757064128256388e+03 1.052283936969135603e+01
3.578594969939879775e+03 1.052772118620843855e+01
3.585432875751503161e+03 1.053260057293556429e+01
3.592270781563125638e+03 1.053747705148888514e+01
3.599108687374749024e+03 1.054235013364756846e+01
3.605946593186372411e+03 1.054721932131560003e+01
3.612784498997995797e+03 1.055208410648355155e+01
3.619622404809619184e+03 1.055694397119033567e+01
3.626460310621242570e+03 1.056179838748499478e+01
3.633298216432865502e+03 1.056664681738845957e+01
3.640136122244488888e+03 1.057148871285531833e+01
3.646974028056111820e+03 1.057632351573560925e+01
3.653811933867735206e+03 1.058115065773654706e+01
3.660649839679358593e+03 1.058596956038434556e+01
3.667487745490981979e+03 1.059077963498596020e+01
3.674325651302605365e+03 1.059558028259085560e+01
3.681163557114228752e+03 1.060037089395277121e+01
3.688001462925851229e+03 1.060515084949152786e+01
3.694839368737474615e+03 1.060991951925476151e+01
3.701677274549098001e+03 1.061467626287970134e+01
3.708515180360721388e+03 1.061942042955494969e+01
3.715353086172344774e+03 1.062415135798225307e+01
3.722190991983967706e+03 1.062886837633826431e+01
3.729028897795591092e+03 1.063357080223631002e+01
3.735866803607214024e+03 1.063825794268817226e+01
3.742704709418837410e+03 1.064292909406586674e+01
3.749542615230460797e+03 1.064758354206337643e+01
3.756380521042083728e+03 1.065222056165846887e+01
3.763218426853707570e+03 1.065683941707442983e+01
3.770056332665330956e+03 1.066143936174185924e+01
3.776894238476953433e+03 1.066601963826042443e+01
3.783732144288576819e+03 1.067057947836065068e+01
3.790570050100200206e+03 1.067511810286565321e+01
3.797407955911823592e+03 1.067963472165296679e+01
3.804245861723446978e+03 1.068412853361624926e+01
3.811083767535069910e+03 1.068859872662711652e+01
3.817921673346693296e+03 1.069304447749685316e+01
3.824759579158316683e+03 1.069746495193824032e+01
3.831597484969939615e+03 1.070185930452727163e+01
3.838435390781563001e+03 1.070622667866497757e+01
3.845273296593185933e+03 1.071056620653913782e+01
3.852111202404809319e+03 1.071487700908612872e+01
3.858949108216433160e+03 1.071915819595258412e+01
3.865787014028055637e+03 1.072340886545729077e+01
3.872624919839679023e+03 1.072762810455285987e+01
3.879462825651302410e+03 1.073181498878755313e+01
3.886300731462925796e+03 1.073596858226702722e+01
3.893138637274549183e+03 1.074008793761611535e+01
3.899976543086171660e+03 1.074417209594060907e+01
3.906814448897795501e+03 1.074822008678899543e+01
3.913652354709418887e+03 1.075223092811425474e+01
3.920490260521041819e+03 1.075620362623562798e+01
3.927328166332665205e+03 1.076013717580038076e+01
3.934166072144288592e+03 1.076403055974557788e+01
3.941003977955911523e+03 1.076788274925984368e+01
3.947841883767534910e+03 1.077169270374515975e+01
3.954679789579157841e+03 1.077545937077860216e+01
3.961517695390781228e+03 1.077918168607412497e+01
3.968355601202404614e+03 1.078285857344434717e+01
3.975193507014028000e+03 1.078648894476230424e+01
3.982031412825651387e+03 1.079007169992321380e+01
3.988869318637273864e+03 1.079360572680626795e+01
3.995707224448897250e+03 1.079708990123638657e+01
4.002545130260520637e+03 1.080052308694599716e+01
4.009383036072144023e+03 1.080390413553678641e+01
4.016220941883767409e+03 1.080723188644150667e+01
4.023058847695390796e+03 1.081050516688572216e+01
4.029896753507013727e+03 1.081372279184957108e+01
4.036734659318637114e+03 1.081688356402955087e+01
4.043572565130260045e+03 1.081998627380030342e+01
4.050410470941883432e+03 1.082302969917634350e+01
4.057248376753506818e+03 1.084037054577476944e+01
4.118962706518565028e+03 1.088119616032953019e+01
4.180677036283622328e+03 1.092202177488429271e+01
4.242391366048679629e+03 1.096284738943905346e+01
4.304105695813737839e+03 1.100367300399381421e+01
4.365820025578796049e+03 1.104449861854857673e+01
4.427534355343853349e+03 1.108532423310333748e+01
4.489248685108910649e+03 1.112614984765809822e+01
4.550963014873968859e+03 1.116697546221286075e+01
4.612677344639027069e+03 1.120780107676762150e+01
4.674391674404084370e+03 1.124862669132238224e+01
4.736106004169141670e+03 1.128945230587714299e+01
4.797820333934199880e+03 1.133027792043190374e+01
4.859534663699258090e+03 1.137110353498666626e+01
4.921248993464315390e+03 1.141192914954142701e+01
4.982963323229372691e+03 1.145275476409618776e+01
5.044677652994430900e+03 1.149358037865095028e+01
5.106391982759489110e+03 1.153440599320571103e+01
5.168106312524546411e+03 1.157523160776047177e+01
5.229820642289603711e+03 1.161605722231523430e+01
5.291534972054661921e+03 1.165688283686999505e+01
5.353249301819720131e+03 1.169770845142475579e+01
5.414963631584777431e+03 1.173853406597951832e+01
5.476677961349834732e+03 1.177935968053427729e+01
5.538392291114892942e+03 1.182018529508903981e+01
5.600106620879951151e+03 1.186101090964380234e+01
5.661820950645008452e+03 1.190183652419856131e+01
5.723535280410065752e+03 1.194266213875332383e+01
5.785249610175123962e+03 1.198348775330808458e+01
5.846963939940182172e+03 1.202431336786284710e+01
5.908678269705239472e+03 1.206513898241760785e+01
5.970392599470296773e+03 1.210596459697236860e+01
6.032106929235354983e+03 1.214679021152712934e+01
6.093821259000413193e+03 1.218761582608189187e+01
6.155535588765470493e+03 1.222844144063665262e+01
6.217249918530527793e+03 1.226926705519141336e+01
6.278964248295586003e+03 1.231009266974617589e+01
6.340678578060644213e+03 1.235091828430093663e+01
6.402392907825701514e+03 1.239174389885569738e+01
6.464107237590758814e+03 1.243256951341045813e+01
6.525821567355817024e+03 1.247339512796521888e+01
6.587535897120875234e+03 1.251422074251998140e+01
6.649250226885932534e+03 1.255504635707474215e+01
6.710964556650989834e+03 1.259587197162950289e+01
6.772678886416048044e+03 1.263669758618426542e+01
6.834393216181106254e+03 1.267752320073902794e+01
6.896107545946163555e+03 1.271834881529378691e+01
6.957821875711220855e+03 1.275917442984854944e+01
7.019536205476279065e+03 1.280000004440331018e+01
7.081250535241337275e+03 1.284082565895807093e+01
7.142964865006394575e+03 1.288165127351283346e+01
7.204679194771451876e+03 1.292247688806759243e+01
7.266393524536510085e+03 1.296330250262235495e+01
7.328107854301568295e+03 1.300412811717711747e+01
7.389822184066625596e+03 1.304495373173187645e+01
7.451536513831682896e+03 1.308577934628663897e+01
7.513250843596741106e+03 1.312660496084140149e+01
7.574965173361799316e+03 1.316743057539616046e+01
7.636679503126856616e+03 1.320825618995092299e+01
7.698393832891913917e+03 1.324908180450568373e+01
7.760108162656972127e+03 1.328990741906044448e+01
7.821822492422030336e+03 1.333073303361520701e+01
7.883536822187087637e+03 1.337155864816996775e+01
7.945251151952144937e+03 1.341238426272472850e+01
8.006965481717203147e+03 1.345320987727949102e+01
8.068679811482261357e+03 1.349403549183425177e+01
8.130394141247318657e+03 1.353486110638901252e+01
8.192108471012375958e+03 1.357568672094377504e+01
8.253822800777434168e+03 1.361651233549853401e+01
8.315537130542492378e+03 1.365733795005329654e+01
8.377251460307550587e+03 1.369816356460805906e+01
8.438965790072606978e+03 1.373898917916281803e+01
8.500680119837665188e+03 1.377981479371758056e+01
8.562394449602723398e+03 1.382064040827234308e+01
8.624108779367779789e+03 1.386146602282710205e+01
8.685823109132837999e+03 1.390229163738186458e+01
8.747537438897896209e+03 1.394311725193662532e+01
8.809251768662954419e+03 1.398394286649138607e+01
8.870966098428012629e+03 1.402476848104614859e+01
8.932680428193069019e+03 1.406559409560090756e+01
8.994394757958127229e+03 1.410641971015567009e+01
9.056109087723185439e+03 1.414724532471043261e+01
9.117823417488241830e+03 1.418807093926519158e+01
9.179537747253300040e+03 1.422889655381995411e+01
9.241252077018358250e+03 1.426972216837471663e+01
9.302966406783416460e+03 1.431054778292947738e+01
9.364680736548474670e+03 1.435137339748423813e+01
9.426395066313531061e+03 1.439219901203899887e+01
9.488109396078589270e+03 1.443302462659375962e+01
9.549823725843647480e+03 1.447385024114852214e+01
9.611538055608703871e+03 1.451467585570328289e+01
9.673252385373762081e+03 1.455550147025804364e+01
9.734966715138820291e+03 1.459632708481280616e+01
9.796681044903878501e+03 1.463715269936756691e+01
9.858395374668936711e+03 1.467797831392232766e+01
9.920109704433993102e+03 1.471880392847709018e+01
9.981824034199051312e+03 1.475962954303185093e+01
1.004353836396410952e+04 1.480045515758661168e+01
1.010525269372916591e+04 1.484128077214137242e+01
1.016696702349422412e+04 1.488210638669613317e+01
1.022868135325928233e+04 1.492293200125089569e+01
1.029039568302434054e+04 1.496375761580565822e+01
1.035211001278939875e+04 1.500458323036041897e+01
1.041382434255445514e+04 1.504540884491517971e+01
1.047553867231951335e+04 1.508623445946994046e+01
1.053725300208457156e+04 1.512706007402470121e+01
1.059896733184962795e+04 1.516788568857946373e+01
1.066068166161468616e+04 1.520871130313422448e+01
1.072239599137974437e+04 1.524953691768898523e+01
1.078411032114480258e+04 1.529036253224374775e+01
1.084582465090986079e+04 1.533118814679850850e+01
1.090753898067491718e+04 1.537201376135326925e+01
1.096925331043997539e+04 1.541283937590803177e+01
1.103096764020503360e+04 1.545366499046279252e+01
1.109268196997008999e+04 1.549449060501755326e+01
1.115439629973514820e+04 1.553531621957231401e+01
1.121611062950020641e+04 1.557614183412707476e+01
1.127782495926526462e+04 1.561696744868183728e+01
1.133953928903032283e+04 1.565779306323659981e+01
1.140125361879537923e+04 1.569861867779135878e+01
1.146296794856043743e+04 1.573944429234612130e+01
1.152468227832549564e+04 1.578026990690088205e+01
1.158639660809055204e+04 1.582109552145564280e+01
1.164811093785561025e+04 1.586192113601040532e+01
1.170982526762066846e+04 1.590274675056516607e+01
1.177153959738572667e+04 1.594357236511992681e+01
1.183325392715078488e+04 1.598439797967468934e+01
1.189496825691584127e+04 1.602522359422944831e+01
1.195668258668089948e+04 1.606604920878421083e+01
1.201839691644595769e+04 1.610687482333897336e+01
1.208011124621101408e+04 1.614770043789373233e+01
1.214182557597607229e+04 1.618852605244849485e+01
1.220353990574113050e+04 1.622935166700325738e+01
1.226525423550618871e+04 1.627017728155801990e+01
1.232696856527124510e+04 1.631100289611277532e+01
1.238868289503630331e+04 1.635182851066753784e+01
1.245039722480136152e+04 1.639265412522230037e+01
1.251211155456641973e+04 1.643347973977706289e+01
1.257382588433147794e+04 1.647430535433182541e+01
1.263554021409653433e+04 1.651513096888658438e+01
1.269725454386159254e+04 1.655595658344134691e+01
1.275896887362665075e+04 1.659678219799610588e+01
1.282068320339170714e+04 1.663760781255086840e+01
1.288239753315676535e+04 1.667843342710563093e+01
1.294411186292182356e+04 1.671925904166039345e+01
1.300582619268688177e+04 1.676008465621515242e+01
1.306754052245193998e+04 1.680091027076991494e+01
1.312925485221699637e+04 1.684173588532467392e+01
1.319096918198205458e+04 1.688256149987943644e+01
1.325268351174711279e+04 1.692338711443419896e+01
1.331439784151216918e+04 1.696421272898895793e+01
1.337611217127722739e+04 1.700503834354372046e+01
1.343782650104228560e+04 1.704586395809847943e+01
1.349954083080734381e+04 1.708668957265324195e+01
1.356125516057240202e+04 1.712751518720800448e+01
1.362296949033745841e+04 1.716834080176276700e+01
1.368468382010251662e+04 1.720916641631752597e+01
1.374639814986757483e+04 1.724999203087228850e+01
1.380811247963263122e+04 1.729081764542704747e+01
1.386982680939768943e+04 1.733164325998180999e+01
1.393154113916274764e+04 1.737246887453657251e+01
1.399325546892780585e+04 1.741329448909133504e+01
1.405496979869286406e+04 1.745412010364609401e+01
1.411668412845792045e+04 1.749494571820085298e+01
1.417839845822297866e+04 1.753577133275561550e+01
1.424011278798803687e+04 1.757659694731037803e+01
1.430182711775309326e+04 1.761742256186514055e+01
1.436354144751815147e+04 1.765824817641989952e+01
1.442525577728320968e+04 1.769907379097466205e+01
1.448697010704826789e+04 1.773989940552942102e+01
1.454868443681332610e+04 1.778072502008418354e+01
1.461039876657838249e+04 1.782155063463894606e+01
1.467211309634344070e+04 1.786237624919370859e+01
1.473382742610849891e+04 1.790320186374846756e+01
1.479554175587355530e+04 1.794402747830322653e+01
1.485725608563861351e+04 1.798485309285798905e+01
1.491897041540367172e+04 1.802567870741275158e+01
1.498068474516872993e+04 1.806650432196751410e+01
1.504239907493378814e+04 1.810732993652227663e+01
1.510411340469884453e+04 1.814815555107703560e+01
1.516582773446390274e+04 1.818898116563179457e+01
1.522754206422896095e+04 1.822980678018655709e+01
1.528925639399401734e+04 1.827063239474131962e+01
1.535097072375907555e+04 1.831145800929608214e+01
1.541268505352413376e+04 1.835228362385084111e+01
1.547439938328919197e+04 1.839310923840560363e+01
1.553611371305425018e+04 1.843393485296036260e+01
1.559782804281930657e+04 1.847476046751512513e+01
1.565954237258436478e+04 1.851558608206988765e+01
1.572125670234942299e+04 1.855641169662465018e+01
1.578297103211447939e+04 1.859723731117940915e+01
1.584468536187953760e+04 1.863806292573416812e+01
1.590639969164459580e+04 1.867888854028893064e+01
1.596811402140965401e+04 1.871971415484369317e+01
1.602982835117471222e+04 1.876053976939845569e+01
1.609154268093976862e+04 1.880136538395321466e+01
1.615325701070482683e+04 1.884219099850797718e+01
1.621497134046988504e+04 1.888301661306273616e+01
1.627668567023494143e+04 1.892384222761749868e+01
1.633839999999999964e+04 1.896466784217226120e+01
