6.000750000000000455e+02 -6.229723014621060262e-01
6.070161322645290056e+02 -5.602653712908658434e-01
6.139572645290581931e+02 -4.985040326447511827e-01
6.208983967935871533e+02 -4.376772257953003287e-01
6.278395290581162271e+02 -3.777739698850575145e-01
6.347806613226453010e+02 -3.187833626653291397e-01
6.417217935871743748e+02 -2.606945802339337703e-01
6.486629258517034486e+02 -2.034968767729561367e-01
6.556040581162325225e+02 -1.471795842865035731e-01
6.625451903807615963e+02 -9.173211233845202095e-02
6.694863226452906702e+02 -3.714394779020624426e-02
6.764274549098197440e+02 1.659534546154928236e-02
6.833685871743487041e+02 6.949612674709970683e-02
6.903097194388776643e+02 1.215686788859449141e-01
6.972508517034067381e+02 1.728232084490435305e-01
7.041919839679358120e+02 2.232698460210653657e-01
7.111331162324648858e+02 2.729186464626343067e-01
7.180742484969939596e+02 3.217795891725756530e-01
7.250153807615230335e+02 3.698625783501647835e-01
7.319565130260521073e+02 4.171774432573722713e-01
7.388976452905811811e+02 4.637339384811105525e-01
7.458387775551102550e+02 5.095417441954817050e-01
7.527799098196392151e+02 5.546104664240267823e-01
7.597210420841684027e+02 5.989496373019669306e-01
7.666621743486973628e+02 6.425687153384544992e-01
7.736033066132264366e+02 6.854770856788174882e-01
7.805444388777555105e+02 7.276840603668106588e-01
7.874855711422845843e+02 7.691988786068568729e-01
7.944267034068136581e+02 8.100307070262973141e-01
8.013678356713427320e+02 8.501886399376379355e-01
8.083089679358718058e+02 8.896816996007959055e-01
8.152501002004007660e+02 9.285188364853447229e-01
8.221912324649297261e+02 9.667089295327662146e-01
8.291323647294589136e+02 1.004260786418690765e+00
8.360734969939878738e+02 1.041183143815149759e+00
8.430146292585170613e+02 1.077484667652818695e+00
8.499557615230460215e+02 1.113173953383265857e+00
8.568968937875750953e+02 1.148259526241200978e+00
8.638380260521041691e+02 1.182749841506716360e+00
8.707791583166332430e+02 1.216653284767539533e+00
8.777202905811623168e+02 1.249978172181277269e+00
8.846614228456913906e+02 1.282732750737663352e+00
8.916025551102204645e+02 1.314925198520805250e+00
8.985436873747494246e+02 1.346563624971431228e+00
9.054848196392786122e+02 1.377656071149135464e+00
9.124259519038075723e+02 1.408210509994628046e+00
9.193670841683367598e+02 1.438234846591979643e+00
9.263082164328657200e+02 1.467736918430867954e+00
9.332493486973947938e+02 1.496724495668827037e+00
9.401904809619238677e+02 1.525205281393491097e+00
9.471316132264529415e+02 1.553186911884843369e+00
9.540727454909820153e+02 1.580676956877463901e+00
9.610138777555109755e+02 1.607682919822773115e+00
9.679550100200401630e+02 1.634212238151279806e+00
9.748961422845691231e+02 1.660272283534832471e+00
9.818372745490983107e+02 1.685870362148859991e+00
9.887784068136272708e+02 1.711013714934619623e+00
9.957195390781562310e+02 1.735709517861448115e+00
1.002660671342685305e+03 1.759964882189002378e+00
1.009601803607214379e+03 1.783786854729513704e+00
1.016542935871743452e+03 1.807182418110027999e+00
1.023484068136272526e+03 1.830158491034654444e+00
1.030425200400801714e+03 1.852721928546815722e+00
1.037366332665330674e+03 1.874879522291489575e+00
1.044307464929859634e+03 1.896638000777459476e+00
1.051248597194388822e+03 1.918004029639562846e+00
1.058189729458917782e+03 1.938984211900930399e+00
1.065130861723446742e+03 1.959585088235242578e+00
1.072071993987975929e+03 1.979813137228969344e+00
1.079013126252505117e+03 1.999674775643620617e+00
1.085954258517034077e+03 2.019176358677992056e+00
1.092895390781563037e+03 2.038324180230412175e+00
1.099836523046091997e+03 2.057124473160988121e+00
1.106777655310621185e+03 2.075583409553854342e+00
1.113718787575150145e+03 2.093707100979418811e+00
1.120659919839679333e+03 2.111501598756607923e+00
1.127601052104208293e+03 2.128972894215117151e+00
1.134542184368737480e+03 2.146126918957654617e+00
1.141483316633266440e+03 2.162969545122188642e+00
1.148424448897795628e+03 2.179506585644197969e+00
1.155365581162324588e+03 2.195743794518913106e+00
1.162306713426853548e+03 2.211686867063564321e+00
1.169247845691382736e+03 2.227341440179634979e+00
1.176188977955911696e+03 2.242713092615099768e+00
1.183130110220440883e+03 2.257807345226677143e+00
1.190071242484969844e+03 2.272629661242071109e+00
1.197012374749499031e+03 2.287185446522226329e+00
1.203953507014027991e+03 2.301480049823566354e+00
1.210894639278557179e+03 2.315518763060244289e+00
1.217835771543086139e+03 2.329306821566391683e+00
1.224776903807615327e+03 2.342849404358360310e+00
1.231718036072144287e+03 2.356151634396974615e+00
1.238659168336673247e+03 2.369218578849774381e+00
1.245600300601202434e+03 2.382055249353261850e+00
1.252541432865731394e+03 2.394666602275152378e+00
1.259482565130260582e+03 2.407057538976618005e+00
1.266423697394789542e+03 2.419232906074532785e+00
1.273364829659318730e+03 2.431197495703727007e+00
1.280305961923847690e+03 2.442956045779220986e+00
1.287247094188376650e+03 2.454513240258488160e+00
1.294188226452905838e+03 2.465873709403689773e+00
1.301129358717435025e+03 2.477042030043925092e+00
1.308070490981963758e+03 2.488022725837480742e+00
1.315011623246492945e+03 2.498820267534072048e+00
1.321952755511021905e+03 2.509439073237099027e+00
1.328893887775551093e+03 2.519883508665885508e+00
1.335835020040080053e+03 2.530157887417924023e+00
1.342776152304609241e+03 2.540266471231132250e+00
1.349717284569138201e+03 2.550213470246094349e+00
1.356658416833667388e+03 2.560003043268304523e+00
1.363599549098196348e+03 2.569639298030418573e+00
1.370540681362725536e+03 2.579126291454502340e+00
1.377481813627254496e+03 2.588468029914271717e+00
1.384422945891783456e+03 2.597668469497344645e+00
1.391364078156312644e+03 2.606731516267490889e+00
1.398305210420841604e+03 2.615661026526866273e+00
1.405246342685370564e+03 2.624460807078280222e+00
1.412187474949899752e+03 2.633134615487419339e+00
1.419128607214428939e+03 2.641686160345111389e+00
1.426069739478957899e+03 2.650119101529562649e+00
1.433010871743486859e+03 2.658437050468614782e+00
1.439952004008016047e+03 2.666643570401976859e+00
1.446893136272545007e+03 2.674742176643490676e+00
1.453834268537073967e+03 2.682736336843355662e+00
1.460775400801603155e+03 2.690629471250398197e+00
1.467716533066132342e+03 2.698424952974302293e+00
1.474657665330661303e+03 2.706126108247862483e+00
1.481598797595190263e+03 2.713736216689235370e+00
1.488539929859719450e+03 2.721258511564174309e+00
1.495481062124248638e+03 2.728696180048286735e+00
1.502422194388777598e+03 2.736052363489278605e+00
1.509363326653306558e+03 2.743330157669199298e+00
1.516304458917835746e+03 2.750532613066691390e+00
1.523245591182364933e+03 2.757662735119231989e+00
1.530186723446893666e+03 2.764723484485385185e+00
1.537127855711422853e+03 2.771717777307049602e+00
1.544068987975952041e+03 2.778648485471698848e+00
1.551010120240481001e+03 2.785518436874633075e+00
1.557951252505009961e+03 2.792330415681226974e+00
1.564892384769539149e+03 2.799087162589172451e+00
1.571833517034068336e+03 2.805791375090729289e+00
1.578774649298597296e+03 2.812445707734967382e+00
1.585715781563126257e+03 2.819052772390021389e+00
1.592656913827655444e+03 2.825615138505329860e+00
1.599598046092184177e+03 2.832135333373886343e+00
1.606539178356713364e+03 2.838615842394482058e+00
1.613480310621242552e+03 2.845059109333957892e+00
1.620421442885771512e+03 2.851467536589451512e+00
1.627362575150300472e+03 2.857843485450637822e+00
1.634303707414829660e+03 2.864189276361982728e+00
1.641244839679358847e+03 2.870507189184981378e+00
1.648185971943887807e+03 2.876799463460422146e+00
1.655127104208416768e+03 2.883068298670606655e+00
1.662068236472945955e+03 2.889315854501624425e+00
1.669009368737475143e+03 2.895544251105585332e+00
1.675950501002003875e+03 2.901755569362861831e+00
1.682891633266533063e+03 2.907951851144347621e+00
1.689832765531062023e+03 2.914135099573701204e+00
1.696773897795590983e+03 2.920307279289586333e+00
1.703715030060120171e+03 2.926470316707925790e+00
1.710656162324649358e+03 2.932626100284148052e+00
1.717597294589178318e+03 2.938776480775425082e+00
1.724538426853707278e+03 2.944923271502934536e+00
1.731479559118236466e+03 2.951068248614093115e+00
1.738420691382765654e+03 2.957213151344808555e+00
1.745361823647294614e+03 2.963359682281729413e+00
1.752302955911823574e+03 2.969509507624486400e+00
1.759244088176352761e+03 2.975664257447943939e+00
1.766185220440881722e+03 2.981825525964438839e+00
1.773126352705410682e+03 2.987994871786043838e+00
1.780067484969939869e+03 2.994173818186795621e+00
1.787008617234469057e+03 3.000363853364953926e+00
1.793949749498998017e+03 3.006566430705238879e+00
1.800890881763526977e+03 3.012782969041091441e+00
1.807832014028056165e+03 3.019014852916908076e+00
1.814773146292585352e+03 3.025263432850287870e+00
1.821714278557114312e+03 3.031530025594293853e+00
1.828655410821643272e+03 3.037815914399674799e+00
1.835596543086172460e+03 3.044122349277143424e+00
1.842537675350701420e+03 3.050450547259589307e+00
1.849478807615230380e+03 3.056801692664357084e+00
1.856419939879759568e+03 3.063176937355464702e+00
1.863361072144288755e+03 3.069577401005886053e+00
1.870302204408817715e+03 3.076004171359752792e+00
1.877243336673346676e+03 3.082458304494638313e+00
1.884184468937875863e+03 3.088940825083788866e+00
1.891125601202405051e+03 3.095452726658372455e+00
1.898066733466933783e+03 3.101994971869728168e+00
1.905007865731462971e+03 3.108568492751603962e+00
1.911948997995992158e+03 3.115174190982416214e+00
1.918890130260521119e+03 3.121812938147490613e+00
1.925831262525050079e+03 3.128485576001306168e+00
1.932772394789579266e+03 3.135192916729752088e+00
1.939713527054108454e+03 3.141935743212351806e+00
1.946654659318637414e+03 3.148714809284545169e+00
1.953595791583166374e+03 3.155530839999906689e+00
1.960536923847695562e+03 3.162384531892397987e+00
1.967478056112224749e+03 3.169276553238625116e+00
1.974419188376753482e+03 3.176207544320076348e+00
1.981360320641282669e+03 3.183178117685362629e+00
1.988301452905811857e+03 3.190188858412486450e+00
1.995242585170340817e+03 3.197240324371072973e+00
2.002183717434869777e+03 3.204333046484611813e+00
2.009124849699398737e+03 3.211467528992711706e+00
2.016065981963927698e+03 3.218644249713358718e+00
2.023007114228456885e+03 3.225863660305134495e+00
2.029948246492986073e+03 3.233126186529493573e+00
2.036889378757515033e+03 3.240432228512986956e+00
2.043830511022043993e+03 3.247782161009531876e+00
2.050771643286573180e+03 3.255176333662633148e+00
2.057712775551101913e+03 3.262615071267640943e+00
2.064653907815631101e+03 3.270098674034007669e+00
2.071595040080160288e+03 3.277627417847527092e+00
2.078536172344689476e+03 3.285201554532568125e+00
2.085477304609218663e+03 3.292821312114348586e+00
2.092418436873747396e+03 3.300486895081155225e+00
2.099359569138276584e+03 3.308198484646612592e+00
2.106300701402805771e+03 3.315956239011911055e+00
2.113241833667334504e+03 3.323760293628071238e+00
2.120182965931863691e+03 3.331610761458176917e+00
2.127124098196392879e+03 3.339507733239628351e+00
2.134065230460922066e+03 3.347451277746384068e+00
2.141006362725450799e+03 3.355441442051222634e+00
2.147947494989979987e+03 3.363478251787966666e+00
2.154888627254509174e+03 3.371561711413749052e+00
2.161829759519037907e+03 3.379691804471247174e+00
2.168770891783567095e+03 3.387868493850941576e+00
2.175712024048096282e+03 3.396091722053349748e+00
2.182653156312625015e+03 3.404361411451284347e+00
2.189594288577154202e+03 3.412677464552094087e+00
2.196535420841682935e+03 3.421039764259905525e+00
2.203476553106212123e+03 3.429448174137886163e+00
2.210417685370741310e+03 3.437902538670477348e+00
2.217358817635270498e+03 3.446402683525638722e+00
2.224299949899799685e+03 3.454948415817107765e+00
2.231241082164328418e+03 3.463539524366643363e+00
2.238182214428857606e+03 3.472175779966256925e+00
2.245123346693386793e+03 3.480856935640495919e+00
2.252064478957915526e+03 3.489582726908639465e+00
2.259005611222444713e+03 3.498352872046987194e+00
2.265946743486973901e+03 3.507167072351090376e+00
2.272887875751503088e+03 3.516025012397991922e+00
2.279829008016031821e+03 3.524926360308493933e+00
2.286770140280561009e+03 3.533870768009387042e+00
2.293711272545089741e+03 3.542857871495694422e+00
2.300652404809618929e+03 3.551887291092929111e+00
2.307593537074148117e+03 3.560958631719346457e+00
2.314534669338677304e+03 3.570071483148175240e+00
2.321475801603206492e+03 3.579225420269871005e+00
2.328416933867735679e+03 3.588420003354370280e+00
2.335358066132264412e+03 3.597654778313331470e+00
2.342299198396793145e+03 3.606929276962368647e+00
2.349240330661322332e+03 3.616243017283309324e+00
2.356181462925851520e+03 3.625595503686475762e+00
2.363122595190380707e+03 3.634986227272850812e+00
2.370063727454909895e+03 3.644414666096418731e+00
2.377004859719439082e+03 3.653880285426335472e+00
2.383945991983967815e+03 3.663382538009212652e+00
2.390887124248497003e+03 3.672920864331368662e+00
2.397828256513025735e+03 3.682494692881051801e+00
2.404769388777554923e+03 3.692103440410711812e+00
2.411710521042084110e+03 3.701746512199222128e+00
2.418651653306613298e+03 3.711423302314156292e+00
2.425592785571142485e+03 3.721133193874007983e+00
2.432533917835671673e+03 3.730875559310435463e+00
2.439475050100200406e+03 3.740649760630560650e+00
2.446416182364729593e+03 3.750455149679135403e+00
2.453357314629258326e+03 3.760291068400839709e+00
2.460298446893787514e+03 3.770156849102548335e+00
2.467239579158316701e+03 3.780051814715497560e+00
2.474180711422845889e+03 3.789975279057617552e+00
2.481121843687375076e+03 3.799926547095743956e+00
2.488062975951903809e+03 3.809904915207846798e+00
2.495004108216432996e+03 3.819909671445306021e+00
2.501945240480961729e+03 3.829940095795151933e+00
2.508886372745490917e+03 3.839995460442288344e+00
2.515827505010020104e+03 3.850075030031772538e+00
2.522768637274549292e+03 3.860178061931069493e+00
2.529709769539078479e+03 3.870303806492235044e+00
2.536650901803607212e+03 3.880451507314226500e+00
2.543592034068136400e+03 3.890620401505145320e+00
2.550533166332665132e+03 3.900809719944429599e+00
2.557474298597194320e+03 3.911018687545178008e+00
2.564415430861723507e+03 3.921246523516322746e+00
2.571356563126252695e+03 3.931492441624928613e+00
2.578297695390781882e+03 3.941755650458426352e+00
2.585238827655311070e+03 3.952035353686840669e+00
2.592179959919839803e+03 3.962330750325055551e+00
2.599121092184368536e+03 3.972641034995074261e+00
2.606062224448897723e+03 3.982965398188226036e+00
2.613003356713426911e+03 3.993303026527443844e+00
2.619944488977956098e+03 4.003653103029501281e+00
2.626885621242484831e+03 4.014014807367274784e+00
2.633826753507014018e+03 4.024387316131967651e+00
2.640767885771542751e+03 4.034769803095361596e+00
2.647709018036071939e+03 4.045161439472063414e+00
2.654650150300601126e+03 4.055561394181781409e+00
2.661591282565130314e+03 4.065968834111524544e+00
2.668532414829659501e+03 4.076382924377885075e+00
2.675473547094188234e+03 4.086802828589266134e+00
2.682414679358717422e+03 4.097227709108143046e+00
2.689355811623246154e+03 4.107656727313289124e+00
2.696296943887775342e+03 4.118089043862044107e+00
2.703238076152304529e+03 4.128523818952562152e+00
2.710179208416833717e+03 4.138960212586041187e+00
2.717120340681362904e+03 4.149397384828963808e+00
2.724061472945892092e+03 4.159834496075378141e+00
2.731002605210420825e+03 4.170270707309116531e+00
2.737943737474950012e+03 4.180705180366055984e+00
2.744884869739478745e+03 4.191137078196357280e+00
2.751826002004007933e+03 4.201565565126706758e+00
2.758767134268537120e+03 4.211989807122580309e+00
2.765708266533065853e+03 4.222408972050478937e+00
2.772649398797595040e+03 4.232822229940171432e+00
2.779590531062123773e+03 4.243228753246965468e+00
2.786531663326652961e+03 4.253627717113904083e+00
2.793472795591182148e+03 4.264018299634070530e+00
2.800413927855711336e+03 4.274399682112806964e+00
2.807355060120240523e+03 4.284771049329942016e+00
2.814296192384769711e+03 4.295131589802087646e+00
2.821237324649298444e+03 4.305480496044846284e+00
2.828178456913827176e+03 4.315816964835070380e+00
2.835119589178356364e+03 4.326140197473089977e+00
2.842060721442885551e+03 4.336449400045016667e+00
2.849001853707414739e+03 4.346743783684916096e+00
2.855942985971943926e+03 4.357022564837089718e+00
2.862884118236473114e+03 4.367284965518352990e+00
2.869825250501001847e+03 4.377530213580222096e+00
2.876766382765531034e+03 4.387757542971202795e+00
2.883707515030059767e+03 4.397966193999023332e+00
2.890648647294588955e+03 4.408155413592869998e+00
2.897589779559118142e+03 4.418324455565667996e+00
2.904530911823647330e+03 4.428472580876297471e+00
2.911472044088176517e+03 4.438599057891831734e+00
2.918413176352705250e+03 4.448703162649836784e+00
2.925354308617234437e+03 4.458784179120552693e+00
2.932295440881763170e+03 4.468841399469182463e+00
2.939236573146292358e+03 4.478874124318136474e+00
2.946177705410821545e+03 4.488881663009261835e+00
2.953118837675350733e+03 4.498863333866079728e+00
2.960059969939879920e+03 4.508818464456078701e+00
2.967001102204409108e+03 4.518746391852952016e+00
2.973942234468937841e+03 4.528646462898748837e+00
2.980883366733466573e+03 4.538518034466266116e+00
2.987824498997995761e+03 4.548360473721220210e+00
2.994765631262524948e+03 4.558173158384475343e+00
3.001706763527054136e+03 4.567955476994338682e+00
3.008647895791583323e+03 4.577706829168744385e+00
3.015589028056112511e+03 4.587426625867594865e+00
3.022530160320641244e+03 4.597114289654941288e+00
3.029471292585170431e+03 4.606769254961204041e+00
3.036412424849699164e+03 4.616390968345490009e+00
3.043353557114228352e+03 4.625978888757814822e+00
3.050294689378757539e+03 4.635532487801304669e+00
3.057235821643286727e+03 4.645051249994524234e+00
3.064176953907815914e+03 4.654534673033663417e+00
3.071118086172344647e+03 4.663982268054795099e+00
3.078059218436873834e+03 4.673393559896108940e+00
3.085000350701402567e+03 4.682768087360250853e+00
3.091941482965931755e+03 4.692105403476390713e+00
3.098882615230460942e+03 4.701405075762663088e+00
3.105823747494990130e+03 4.710666686488282018e+00
3.112764879759519317e+03 4.719889832935832530e+00
3.119706012024047595e+03 4.729074127663544402e+00
3.126647144288576783e+03 4.738219198767486873e+00
3.133588276553105970e+03 4.747324690143834403e+00
3.140529408817635158e+03 4.756390261751130666e+00
3.147470541082164345e+03 4.765415589872535662e+00
3.154411673346693533e+03 4.774400367378047072e+00
3.161352805611222266e+03 4.783344303986748258e+00
3.168293937875751453e+03 4.792247126529087353e+00
3.175235070140280186e+03 4.801108579209103056e+00
3.182176202404809374e+03 4.809928423866656644e+00
3.189117334669338561e+03 4.818706440239719058e+00
3.196058466933867749e+03 4.827442426226570049e+00
3.202999599198396936e+03 4.836136198148086152e+00
3.209940731462925669e+03 4.844787591009947825e+00
3.216881863727454856e+03 4.853396458764930088e+00
3.223822995991983589e+03 4.861962674575144305e+00
3.230764128256512777e+03 4.870486131074207137e+00
3.237705260521041964e+03 4.878966740629630650e+00
3.244646392785571152e+03 4.887404435604900677e+00
3.251587525050100339e+03 4.895799168621874031e+00
3.258528657314629527e+03 4.904150912822943020e+00
3.265469789579158260e+03 4.912459662133311866e+00
3.272410921843686992e+03 4.920725431523194970e+00
3.279352054108216180e+03 4.928948257270141298e+00
3.286293186372745367e+03 4.937128197221216652e+00
3.293234318637274555e+03 4.945265331055293423e+00
3.300175450901803742e+03 4.953359760545275492e+00
3.307116583166332930e+03 4.961411609820331137e+00
3.314057715430861663e+03 4.969421025628192545e+00
3.320998847695390850e+03 4.977388177597322994e+00
3.327939979959919583e+03 4.985313258499258104e+00
3.334881112224448771e+03 4.993196484510744604e+00
3.341822244488977958e+03 5.001038095476109113e+00
3.348763376753507146e+03 5.008838355169396017e+00
3.355704509018036333e+03 5.016597551556678525e+00
3.362645641282565066e+03 5.024315997058305783e+00
3.369586773547094253e+03 5.031994028811063835e+00
3.376527905811622986e+03 5.039632008930580831e+00
3.383469038076152174e+03 5.047230324773400056e+00
3.390410170340681361e+03 5.054789389199356719e+00
3.397351302605210549e+03 5.062309640833797530e+00
3.404292434869739736e+03 5.069791544329725674e+00
3.411233567134268924e+03 5.077235590630212236e+00
3.418174699398797202e+03 5.084642297230542951e+00
3.425115831663326389e+03 5.092012208440423571e+00
3.432056963927855577e+03 5.099345895646361981e+00
3.438998096192384764e+03 5.106643957573805181e+00
3.445939228456913952e+03 5.113907020549406823e+00
3.452880360721442685e+03 5.121135738763326728e+00
3.459821492985971872e+03 5.128330794531390069e+00
3.466762625250500605e+03 5.135492898557401986e+00
3.473703757515029793e+03 5.142622790195402693e+00
3.480644889779558980e+03 5.149721237711846200e+00
3.487586022044088168e+03 5.156789038547879400e+00
3.494527154308617355e+03 5.163827019581675337e+00
3.501468286573146088e+03 5.170836037390488471e+00
3.508409418837675275e+03 5.177816978513113177e+00
3.515350551102204008e+03 5.184770759711964772e+00
3.522291683366733196e+03 5.191698328235442084e+00
3.529232815631262383e+03 5.198600662080074208e+00
3.536173947895791571e+03 5.205478770252870646e+00
3.543115080160320758e+03 5.212333693033476045e+00
3.550056212424849946e+03 5.219166502236482152e+00
3.556997344689378679e+03 5.225978301473681142e+00
3.563938476953907411e+03 5.232770226416183945e+00
3.570879609218436599e+03 5.239543445056852988e+00
3.577820741482965786e+03 5.246299157972430294e+00
3.584761873747494974e+03 5.253038598585810348e+00
3.591703006012024161e+03 5.259763033428311196e+00
3.598644138276553349e+03 5.266473762401861158e+00
3.605585270541082082e+03 5.273172119041349859e+00
3.612526402805611269e+03 5.279859470776742114e+00
3.619467535070140002e+03 5.286537219195423631e+00
3.626408667334669190e+03 5.293206800304428583e+00
3.633349799599198377e+03 5.299869684792678726e+00
3.640290931863727565e+03 5.306527378293192321e+00
3.647232064128256752e+03 5.313181421645426283e+00
3.654173196392785485e+03 5.319833391157379410e+00
3.661114328657314672e+03 5.326484898867988704e+00
3.668055460921843405e+03 5.333137592809325866e+00
3.674996593186372593e+03 5.339793157268740487e+00
3.681937725450901780e+03 5.346453313051258149e+00
3.688878857715430968e+03 5.353119817741811559e+00
3.695819989979960155e+03 5.359794465967299359e+00
3.702761122244489343e+03 5.366479089659121016e+00
3.709702254509018076e+03 5.373175558315173461e+00
3.716643386773546808e+03 5.379885779262284728e+00
3.723584519038075996e+03 5.386611697918281649e+00
3.730525651302605183e+03 5.393355298054419933e+00
3.737466783567134371e+03 5.400118602057469630e+00
3.744407915831663104e+03 5.406903671192122118e+00
3.751349048096192291e+03 5.413712605863045368e+00
3.758290180360721024e+03 5.420547545877322904e+00
3.765231312625250212e+03 5.427410670706585449e+00
3.772172444889779399e+03 5.434304199749260711e+00
3.779113577154308587e+03 5.441230392592868448e+00
3.786054709418837774e+03 5.448191549276258705e+00
3.792995841683366507e+03 5.455190010551797641e+00
3.799936973947895694e+03 5.462228158147700796e+00
3.806878106212424427e+03 5.469308415030273984e+00
3.813819238476953615e+03 5.476433245666020966e+00
3.820760370741482802e+03 5.483605156284120596e+00
3.827701503006011990e+03 5.490826695138407487e+00
3.834642635270541177e+03 5.498100452769874025e+00
3.841583767535070365e+03 5.505429062268783369e+00
3.848524899799599098e+03 5.512815199536913013e+00
3.855466032064128285e+03 5.520261583549817885e+00
3.862407164328657018e+03 5.527770976619116539e+00
3.869348296593186205e+03 5.535346184654674317e+00
3.876289428857715393e+03 5.542990057426917083e+00
3.883230561122244580e+03 5.550705488828962864e+00
3.890171693386773768e+03 5.558495417139067030e+00
3.897112825651302501e+03 5.566362825282682891e+00
3.904053957915831688e+03 5.574310741094754107e+00
3.910995090180360421e+03 5.582342237582013311e+00
3.917936222444889609e+03 5.590460433185210576e+00
3.924877354709418796e+03 5.598668492041353417e+00
3.931818486973947984e+03 5.606969624245910389e+00
3.938759619238477171e+03 5.615367086115146122e+00
3.945700751503005904e+03 5.623864180448247652e+00
3.952641883767535091e+03 5.632464256789695867e+00
3.959583016032063824e+03 5.641170711691502859e+00
3.966524148296593012e+03 5.649986988975332025e+00
3.973465280561122199e+03 5.658916579994825113e+00
3.980406412825651387e+03 5.667963023897954145e+00
3.987347545090180574e+03 5.677129907889030491e+00
3.994288677354709762e+03 5.686420867491166931e+00
4.001229809619238495e+03 5.695839586808489230e+00
4.008170941883767227e+03 5.705389798788232270e+00
4.015112074148296415e+03 5.715075285483116829e+00
4.022053206412825602e+03 5.724899878313671309e+00
4.028994338677354790e+03 5.734867458330279888e+00
4.035935470941883523e+03 5.803998980448000999e+00
4.097336800233632857e+03 5.880645882655196388e+00
4.158738129525381737e+03 5.957292784862390889e+00
4.220139458817131526e+03 6.033939687069587166e+00
4.281540788108880406e+03 6.110586589276781666e+00
4.342942117400630195e+03 6.187233491483977055e+00
4.404343446692379075e+03 6.263880393691171555e+00
4.465744775984128864e+03 6.340527295898367832e+00
4.527146105275877744e+03 6.417174198105562333e+00
4.588547434567627533e+03 6.493821100312757721e+00
4.649948763859376413e+03 6.570468002519952222e+00
4.711350093151126202e+03 6.647114904727148499e+00
4.772751422442875082e+03 6.723761806934342999e+00
4.834152751734624871e+03 6.800408709141538388e+00
4.895554081026373751e+03 6.877055611348732889e+00
4.956955410318123540e+03 6.953702513555929166e+00
5.018356739609872420e+03 7.030349415763123666e+00
5.079758068901622210e+03 7.106996317970319055e+00
5.141159398193371089e+03 7.183643220177513555e+00
5.202560727485120879e+03 7.260290122384709832e+00
5.263962056776869758e+03 7.336937024591904333e+00
5.325363386068619548e+03 7.413583926799099721e+00
5.386764715360368427e+03 7.490230829006294222e+00
5.448166044652118217e+03 7.566877731213490499e+00
5.509567373943867096e+03 7.643524633420684999e+00
5.570968703235615976e+03 7.720171535627879500e+00
5.632370032527365765e+03 7.796818437835074889e+00
5.693771361819115555e+03 7.873465340042271166e+00
5.755172691110864434e+03 7.950112242249465666e+00
5.816574020402613314e+03 8.026759144456660167e+00
5.877975349694363103e+03 8.103406046663854667e+00
5.939376678986112893e+03 8.180052948871050944e+00
6.000778008277861773e+03 8.256699851078245445e+00
6.062179337569610652e+03 8.333346753285439945e+00
6.123580666861360442e+03 8.409993655492636222e+00
6.184981996153110231e+03 8.486640557699832499e+00
6.246383325444859111e+03 8.563287459907026999e+00
6.307784654736607990e+03 8.639934362114221500e+00
6.369185984028357780e+03 8.716581264321416000e+00
6.430587313320107569e+03 8.793228166528612277e+00
6.491988642611856449e+03 8.869875068735806778e+00
6.553389971903605328e+03 8.946521970943001278e+00
6.614791301195355118e+03 9.023168873150197555e+00
6.676192630487104907e+03 9.099815775357393832e+00
6.737593959778853787e+03 9.176462677564588333e+00
6.798995289070602666e+03 9.253109579771782833e+00
6.860396618362352456e+03 9.329756481978979110e+00
6.921797947654102245e+03 9.406403384186173611e+00
6.983199276945850215e+03 9.483050286393368111e+00
7.044600606237600005e+03 9.559697188600562612e+00
7.106001935529349794e+03 9.636344090807758889e+00
7.167403264821098674e+03 9.712990993014953389e+00
7.228804594112847553e+03 9.789637895222147890e+00
7.290205923404597343e+03 9.866284797429344167e+00
7.351607252696347132e+03 9.942931699636540444e+00
7.413008581988096012e+03 1.001957860184373494e+01
7.474409911279844891e+03 1.009622550405092944e+01
7.535811240571594681e+03 1.017287240625812395e+01
7.597212569863344470e+03 1.024951930846532022e+01
7.658613899155093350e+03 1.032616621067251472e+01
7.720015228446842229e+03 1.040281311287970922e+01
7.781416557738592019e+03 1.047946001508690550e+01
7.842817887030341808e+03 1.055610691729410178e+01
7.904219216322090688e+03 1.063275381950129628e+01
7.965620545613839568e+03 1.070940072170849078e+01
8.027021874905589357e+03 1.078604762391568528e+01
8.088423204197339146e+03 1.086269452612288156e+01
8.149824533489087116e+03 1.093934142833007606e+01
8.211225862780836906e+03 1.101598833053727056e+01
8.272627192072586695e+03 1.109263523274446683e+01
8.334028521364336484e+03 1.116928213495166311e+01
8.395429850656084454e+03 1.124592903715885583e+01
8.456831179947834244e+03 1.132257593936605211e+01
8.518232509239584033e+03 1.139922284157324661e+01
8.579633838531333822e+03 1.147586974378044289e+01
8.641035167823081792e+03 1.155251664598763739e+01
8.702436497114831582e+03 1.162916354819483189e+01
8.763837826406581371e+03 1.170581045040202817e+01
8.825239155698331160e+03 1.178245735260922444e+01
8.886640484990079131e+03 1.185910425481641717e+01
8.948041814281828920e+03 1.193575115702361344e+01
9.009443143573578709e+03 1.201239805923080795e+01
9.070844472865328498e+03 1.208904496143800422e+01
9.132245802157076469e+03 1.216569186364519872e+01
9.193647131448826258e+03 1.224233876585239322e+01
9.255048460740576047e+03 1.231898566805958950e+01
9.316449790032325836e+03 1.239563257026678578e+01
9.377851119324073807e+03 1.247227947247397850e+01
9.439252448615823596e+03 1.254892637468117478e+01
9.500653777907573385e+03 1.262557327688836928e+01
9.562055107199323174e+03 1.270222017909556556e+01
9.623456436491071145e+03 1.277886708130276006e+01
9.684857765782820934e+03 1.285551398350995456e+01
9.746259095074570723e+03 1.293216088571715083e+01
9.807660424366320512e+03 1.300880778792434711e+01
9.869061753658068483e+03 1.308545469013153983e+01
9.930463082949818272e+03 1.316210159233873611e+01
9.991864412241568061e+03 1.323874849454593061e+01
1.005326574153331603e+04 1.331539539675312511e+01
1.011466707082506582e+04 1.339204229896032139e+01
1.017606840011681561e+04 1.346868920116751589e+01
1.023746972940856540e+04 1.354533610337471217e+01
1.029887105870031337e+04 1.362198300558190489e+01
1.036027238799206316e+04 1.369862990778910117e+01
1.042167371728381295e+04 1.377527680999629744e+01
1.048307504657556274e+04 1.385192371220349195e+01
1.054447637586731071e+04 1.392857061441068645e+01
1.060587770515906050e+04 1.400521751661788272e+01
1.066727903445081029e+04 1.408186441882507722e+01
1.072868036374256008e+04 1.415851132103227350e+01
1.079008169303430805e+04 1.423515822323946622e+01
1.085148302232605784e+04 1.431180512544666250e+01
1.091288435161780762e+04 1.438845202765385878e+01
1.097428568090955741e+04 1.446509892986105328e+01
1.103568701020130538e+04 1.454174583206824778e+01
1.109708833949305517e+04 1.461839273427544406e+01
1.115848966878480496e+04 1.469503963648263856e+01
1.121989099807655475e+04 1.477168653868983483e+01
1.128129232736830272e+04 1.484833344089702756e+01
1.134269365666005251e+04 1.492498034310422383e+01
1.140409498595180230e+04 1.500162724531142011e+01
1.146549631524355209e+04 1.507827414751861461e+01
1.152689764453530006e+04 1.515492104972580911e+01
1.158829897382704985e+04 1.523156795193300539e+01
1.164970030311879964e+04 1.530821485414019989e+01
1.171110163241054943e+04 1.538486175634739617e+01
1.177250296170229740e+04 1.546150865855458889e+01
1.183390429099404719e+04 1.553815556076178517e+01
1.189530562028579698e+04 1.561480246296898144e+01
1.195670694957754495e+04 1.569144936517617417e+01
1.201810827886929474e+04 1.576809626738337045e+01
1.207950960816104453e+04 1.584474316959056495e+01
1.214091093745279431e+04 1.592139007179776122e+01
1.220231226674454228e+04 1.599803697400495572e+01
1.226371359603629207e+04 1.607468387621214845e+01
1.232511492532804186e+04 1.615133077841934650e+01
1.238651625461979165e+04 1.622797768062654100e+01
1.244791758391154144e+04 1.630462458283373550e+01
1.250931891320328941e+04 1.638127148504093000e+01
1.257072024249503920e+04 1.645791838724812450e+01
1.263212157178678899e+04 1.653456528945532256e+01
1.269352290107853878e+04 1.661121219166251706e+01
1.275492423037028675e+04 1.668785909386971156e+01
1.281632555966203654e+04 1.676450599607690606e+01
1.287772688895378633e+04 1.684115289828410056e+01
1.293912821824553612e+04 1.691779980049129861e+01
1.300052954753728409e+04 1.699444670269848956e+01
1.306193087682903388e+04 1.707109360490568761e+01
1.312333220612078367e+04 1.714774050711288211e+01
1.318473353541253346e+04 1.722438740932007661e+01
1.324613486470428143e+04 1.730103431152727111e+01
1.330753619399603122e+04 1.737768121373446562e+01
1.336893752328778100e+04 1.745432811594166367e+01
1.343033885257953079e+04 1.753097501814885817e+01
1.349174018187127876e+04 1.760762192035605267e+01
1.355314151116302855e+04 1.768426882256324717e+01
1.361454284045477834e+04 1.776091572477044522e+01
1.367594416974652813e+04 1.783756262697763972e+01
1.373734549903827610e+04 1.791420952918483422e+01
1.379874682833002589e+04 1.799085643139202872e+01
1.386014815762177568e+04 1.806750333359922323e+01
1.392154948691352365e+04 1.814415023580641773e+01
1.398295081620527344e+04 1.822079713801361223e+01
1.404435214549702323e+04 1.829744404022081028e+01
1.410575347478877302e+04 1.837409094242800478e+01
1.416715480408052099e+04 1.845073784463519928e+01
1.422855613337227078e+04 1.852738474684239378e+01
1.428995746266402057e+04 1.860403164904958828e+01
1.435135879195577036e+04 1.868067855125678633e+01
1.441276012124751833e+04 1.875732545346398084e+01
1.447416145053926812e+04 1.883397235567117534e+01
1.453556277983101791e+04 1.891061925787836984e+01
1.459696410912276770e+04 1.898726616008556789e+01
1.465836543841451567e+04 1.906391306229275884e+01
1.471976676770626545e+04 1.914055996449995689e+01
1.478116809699801524e+04 1.921720686670715139e+01
1.484256942628976503e+04 1.929385376891434589e+01
1.490397075558151300e+04 1.937050067112154039e+01
1.496537208487326279e+04 1.944714757332873489e+01
1.502677341416501258e+04 1.952379447553593295e+01
1.508817474345676237e+04 1.960044137774312745e+01
1.514957607274851034e+04 1.967708827995032195e+01
1.521097740204026013e+04 1.975373518215751645e+01
1.527237873133200992e+04 1.983038208436471095e+01
1.533378006062375971e+04 1.990702898657190900e+01
1.539518138991550768e+04 1.998367588877910350e+01
1.545658271920725747e+04 2.006032279098629800e+01
1.551798404849900726e+04 2.013696969319349250e+01
1.557938537779075705e+04 2.021361659540069056e+01
1.564078670708250502e+04 2.029026349760788150e+01
1.570218803637425481e+04 2.036691039981507956e+01
1.576358936566600460e+04 2.044355730202227406e+01
1.582499069495775257e+04 2.052020420422946856e+01
1.588639202424950236e+04 2.059685110643666306e+01
1.594779335354125215e+04 2.067349800864385756e+01
1.600919468283300193e+04 2.075014491085105561e+01
1.607059601212474990e+04 2.082679181305824656e+01
1.613199734141649969e+04 2.090343871526544461e+01
1.619339867070824948e+04 2.098008561747263911e+01
1.625479999999999927e+04 2.105673251967983362e+01
