6.114850000000000136e+02 9.731519911502710674e-01
6.184126853707415421e+02 1.021280800550675938e+00
6.253403707414829569e+02 1.068996773685771728e+00
6.322680561122244853e+02 1.116302177853691235e+00
6.391957414829660138e+02 1.163199278126017422e+00
6.461234268537074286e+02 1.209690337318714226e+00
6.530511122244489570e+02 1.255777615963052929e+00
6.599787975951904855e+02 1.301463372276528974e+00
6.669064829659319003e+02 1.346749862133791664e+00
6.738341683366734287e+02 1.391639339037568313e+00
6.807618537074148435e+02 1.436134054089584611e+00
6.876895390781563719e+02 1.480236255961493219e+00
6.946172244488979004e+02 1.523948190865796137e+00
7.015449098196393152e+02 1.567272102526767297e+00
7.084725951903808436e+02 1.610210232151378262e+00
7.154002805611223721e+02 1.652764818400225044e+00
7.223279659318636732e+02 1.694938097358446472e+00
7.292556513026052016e+02 1.736732302506654335e+00
7.361833366733467301e+02 1.778149664691854204e+00
7.431110220440882586e+02 1.819192412098368239e+00
7.500387074148297870e+02 1.859862770218765338e+00
7.569663927855710881e+02 1.900162961824777952e+00
7.638940781563126166e+02 1.940095206938232231e+00
7.708217635270541450e+02 1.979661722801968615e+00
7.777494488977955598e+02 2.018864723850767540e+00
7.846771342685370882e+02 2.057706421682275799e+00
7.916048196392786167e+02 2.096189025027923147e+00
7.985325050100200315e+02 2.134314739723856214e+00
8.054601903807615599e+02 2.172085768681856877e+00
8.123878757515030884e+02 2.209504311860268189e+00
8.193155611222445032e+02 2.246572566234915413e+00
8.262432464929860316e+02 2.283292725770037723e+00
8.331709318637274464e+02 2.319666981389204796e+00
8.400986172344689749e+02 2.355697520946244072e+00
8.470263026052105033e+02 2.391386529196166233e+00
8.539539879759519181e+02 2.426736187766085351e+00
8.608816733466934465e+02 2.461748675126147923e+00
8.678093587174349750e+02 2.496426166560455684e+00
8.747370440881763898e+02 2.530770834137986203e+00
8.816647294589179182e+02 2.564784846683522801e+00
8.885924148296594467e+02 2.598470369748573372e+00
8.955201002004008615e+02 2.631829565582298969e+00
9.024477855711422762e+02 2.664864593102436618e+00
9.093754709418838047e+02 2.697577607866219473e+00
9.163031563126253332e+02 2.729970762041309396e+00
9.232308416833668616e+02 2.762046204376711778e+00
9.301585270541083901e+02 2.793806080173709461e+00
9.370862124248496912e+02 2.825252531256776667e+00
9.440138977955912196e+02 2.856387695944511584e+00
9.509415831663326344e+02 2.887213709020557406e+00
9.578692685370741629e+02 2.917732701704523368e+00
9.647969539078156913e+02 2.947946801622916002e+00
9.717246392785571061e+02 2.977858132780058398e+00
9.786523246492986345e+02 3.007468815529012574e+00
9.855800100200400493e+02 3.036780966542509841e+00
9.925076953907815778e+02 3.065796698783870511e+00
9.994353807615231062e+02 3.094518121477931150e+00
1.006363066132264635e+03 3.122947340081963397e+00
1.013290751503006049e+03 3.151086456256602553e+00
1.020218436873747578e+03 3.178937567836773503e+00
1.027146122244489106e+03 3.206502768802612202e+00
1.034073807615230635e+03 3.233784149250385820e+00
1.041001492985972163e+03 3.260783795363425774e+00
1.047929178356713464e+03 3.287503789383046993e+00
1.054856863727454993e+03 3.313946209579467617e+00
1.061784549098196521e+03 3.340113130222745141e+00
1.068712234468937822e+03 3.366006621553688127e+00
1.075639919839679351e+03 3.391628749754787897e+00
1.082567605210420879e+03 3.416981576921141794e+00
1.089495290581162408e+03 3.442067161031372891e+00
1.096422975951903936e+03 3.466887555918563013e+00
1.103350661322645237e+03 3.491444811241164015e+00
1.110278346693386766e+03 3.515740972453937907e+00
1.117206032064128294e+03 3.539778080778866798e+00
1.124133717434869823e+03 3.563558173176084143e+00
1.131061402805611124e+03 3.587083282314800670e+00
1.137989088176352652e+03 3.610355436544219199e+00
1.144916773547094181e+03 3.633376659864473446e+00
1.151844458917835709e+03 3.656148971897537958e+00
1.158772144288577238e+03 3.678674387858162476e+00
1.165699829659318766e+03 3.700954918524788084e+00
1.172627515030060295e+03 3.722992570210479801e+00
1.179555200400801596e+03 3.744789344733843173e+00
1.186482885771543124e+03 3.766347239389954638e+00
1.193410571142284653e+03 3.787668246921278570e+00
1.200338256513026181e+03 3.808754355488602972e+00
1.207265941883767482e+03 3.829607548641947190e+00
1.214193627254509011e+03 3.850229805291502938e+00
1.221121312625250539e+03 3.870623099678548673e+00
1.228048997995992067e+03 3.890789401346374188e+00
1.234976683366733596e+03 3.910730675111210530e+00
1.241904368737475124e+03 3.930448881033147046e+00
1.248832054108216653e+03 3.949945974387061742e+00
1.255759739478957954e+03 3.969223905633538774e+00
1.262687424849699482e+03 3.988284620389801916e+00
1.269615110220441011e+03 4.007130059400630273e+00
1.276542795591182312e+03 4.025762158509284205e+00
1.283470480961923840e+03 4.044182848628432581e+00
1.290398166332665369e+03 4.062394055711081364e+00
1.297325851703406897e+03 4.080397700721480447e+00
1.304253537074148426e+03 4.098195699606068665e+00
1.311181222444889954e+03 4.115789963264383289e+00
1.318108907815631483e+03 4.133182397519992612e+00
1.325036593186372784e+03 4.150374903091416101e+00
1.331964278557114085e+03 4.167369375563048095e+00
1.338891963927855613e+03 4.184167705356086842e+00
1.345819649298597142e+03 4.200771777699452869e+00
1.352747334669338670e+03 4.217183472600715355e+00
1.359675020040080199e+03 4.233404664817021157e+00
1.366602705410821727e+03 4.249437223826006971e+00
1.373530390781563256e+03 4.265283013796738132e+00
1.380458076152304784e+03 4.280943893560622548e+00
1.387385761523046313e+03 4.296421716582338846e+00
1.394313446893787841e+03 4.311718330930760068e+00
1.401241132264529142e+03 4.326835579249877384e+00
1.408168817635270443e+03 4.341775298729722898e+00
1.415096503006011972e+03 4.356539321077302240e+00
1.422024188376753500e+03 4.371129472487503165e+00
1.428951873747495029e+03 4.385547573614035244e+00
1.435879559118236557e+03 4.399795439540345576e+00
1.442807244488978085e+03 4.413874879750542490e+00
1.449734929859719614e+03 4.427787698100328129e+00
1.456662615230460915e+03 4.441535692787908829e+00
1.463590300601202443e+03 4.455120656324937478e+00
1.470517985971943972e+03 4.468544375507416788e+00
1.477445671342685273e+03 4.481808631386643427e+00
1.484373356713426801e+03 4.494915199240114845e+00
1.491301042084168330e+03 4.507865848542468967e+00
1.498228727454909858e+03 4.520662342936395461e+00
1.505156412825651387e+03 4.533306440203569210e+00
1.512084098196392915e+03 4.545799892235571349e+00
1.519011783567134444e+03 4.558144445004808532e+00
1.525939468937875745e+03 4.570341838535445511e+00
1.532867154308617273e+03 4.582393806874326181e+00
1.539794839679358802e+03 4.594302078061893724e+00
1.546722525050100330e+03 4.606068374103120533e+00
1.553650210420841631e+03 4.617694410938430138e+00
1.560577895791583160e+03 4.629181898414618246e+00
1.567505581162324688e+03 4.640532540255786209e+00
1.574433266533066217e+03 4.651748034034252299e+00
1.581360951903807745e+03 4.662830071141486954e+00
1.588288637274549274e+03 4.673780336759032039e+00
1.595216322645290575e+03 4.684600509829424553e+00
1.602144008016031876e+03 4.695292263027123880e+00
1.609071693386773404e+03 4.705857262729429280e+00
1.615999378757514933e+03 4.716297168987416910e+00
1.622927064128256461e+03 4.726613635496850208e+00
1.629854749498997990e+03 4.736808309569109809e+00
1.636782434869739518e+03 4.746882832102122585e+00
1.643710120240481046e+03 4.756838837551276455e+00
1.650637805611222575e+03 4.766677953900353870e+00
1.657565490981964103e+03 4.776401802632444848e+00
1.664493176352705632e+03 4.786011998700882231e+00
1.671420861723446933e+03 4.795510150500163604e+00
1.678348547094188234e+03 4.804897859836871454e+00
1.685276232464929763e+03 4.814176721900592426e+00
1.692203917835671291e+03 4.823348325234860567e+00
1.699131603206412819e+03 4.832414251708062380e+00
1.706059288577154348e+03 4.841376076484366742e+00
1.712986973947895876e+03 4.850235367994653046e+00
1.719914659318637405e+03 4.858993687907434023e+00
1.726842344689378933e+03 4.867652591099776771e+00
1.733770030060120462e+03 4.876213625628226467e+00
1.740697715430861990e+03 4.884678332699738945e+00
1.747625400801603291e+03 4.893048246642592858e+00
1.754553086172344592e+03 4.901324894877325811e+00
1.761480771543086121e+03 4.909509797887646521e+00
1.768408456913827649e+03 4.917604469191369176e+00
1.775336142284569178e+03 4.925610415311334478e+00
1.782263827655310479e+03 4.933529135746328897e+00
1.789191513026052007e+03 4.941362122942019042e+00
1.796119198396793536e+03 4.949110862261862032e+00
1.803046883767535064e+03 4.956776831958046081e+00
1.809974569138276593e+03 4.964361503142398213e+00
1.816902254509018121e+03 4.971866339757323949e+00
1.823829939879759650e+03 4.979292798546718579e+00
1.830757625250501178e+03 4.986642329026897968e+00
1.837685310621242479e+03 4.993916373457522262e+00
1.844612995991984008e+03 5.001116366812520475e+00
1.851540681362725536e+03 5.008243736751009756e+00
1.858468366733466837e+03 5.015299903588230634e+00
1.865396052104208366e+03 5.022286280266457403e+00
1.872323737474949894e+03 5.029204272325930702e+00
1.879251422845691422e+03 5.036055277875780334e+00
1.886179108216432951e+03 5.042840687564948965e+00
1.893106793587174479e+03 5.049561884553119384e+00
1.900034478957916008e+03 5.056220244481631987e+00
1.906962164328657536e+03 5.062817135444413807e+00
1.913889849699398837e+03 5.069353917958903111e+00
1.920817535070140366e+03 5.075831944936971318e+00
1.927745220440881894e+03 5.082252561655847600e+00
1.934672905811623195e+03 5.088617105729046131e+00
1.941600591182364496e+03 5.094926907077283573e+00
1.948528276553106025e+03 5.101183287899410779e+00
1.955455961923847553e+03 5.107387562643332934e+00
1.962383647294589082e+03 5.113541037976936821e+00
1.969311332665330610e+03 5.119645012759008296e+00
1.976239018036072139e+03 5.125700778010161329e+00
1.983166703406813667e+03 5.131709616883767033e+00
1.990094388777555196e+03 5.137672804636869373e+00
1.997022074148296724e+03 5.143591608601110643e+00
2.003949759519038253e+03 5.149467288153660505e+00
2.010877444889779326e+03 5.155301094688138797e+00
2.017805130260520855e+03 5.161094271585532134e+00
2.024732815631262383e+03 5.166848054185133599e+00
2.031660501002003912e+03 5.172563669755450455e+00
2.038588186372745440e+03 5.178242337465136735e+00
2.045515871743486969e+03 5.183885268353918718e+00
2.052443557114228497e+03 5.189493665303513303e+00
2.059371242484970026e+03 5.195068723008560596e+00
2.066298927855711554e+03 5.200611627947541393e+00
2.073226613226453082e+03 5.206123558353699110e+00
2.080154298597194611e+03 5.211605684185970588e+00
2.087081983967935685e+03 5.217059167099912464e+00
2.094009669338677213e+03 5.222485160418610661e+00
2.100937354709418742e+03 5.227884809103624519e+00
2.107865040080160270e+03 5.233259249725899842e+00
2.114792725450901798e+03 5.238609610436683717e+00
2.121720410821643327e+03 5.243937010938473975e+00
2.128648096192384855e+03 5.249242562455917138e+00
2.135575781563126384e+03 5.254527367706754326e+00
2.142503466933867912e+03 5.259792520872723642e+00
2.149431152304608986e+03 5.265039107570510524e+00
2.156358837675350514e+03 5.270268204822646574e+00
2.163286523046092043e+03 5.275480881028445701e+00
2.170214208416833571e+03 5.280678195934932262e+00
2.177141893787575100e+03 5.285861200607755883e+00
2.184069579158316628e+03 5.291030937402126710e+00
2.190997264529058157e+03 5.296188439933723124e+00
2.197924949899799685e+03 5.301334733049634984e+00
2.204852635270541214e+03 5.306470832799274895e+00
2.211780320641282742e+03 5.311597746405306353e+00
2.218708006012024271e+03 5.316716472234567448e+00
2.225635691382765799e+03 5.321827999768996342e+00
2.232563376753507328e+03 5.326933309576555864e+00
2.239491062124248856e+03 5.332033373282154542e+00
2.246418747494989930e+03 5.337129153538575643e+00
2.253346432865731458e+03 5.342221603997391099e+00
2.260274118236472987e+03 5.347311669279904756e+00
2.267201803607214515e+03 5.352400284948055642e+00
2.274129488977956044e+03 5.357488377475354113e+00
2.281057174348697572e+03 5.362576864217803774e+00
2.287984859719439100e+03 5.367666653384828734e+00
2.294912545090180629e+03 5.372758644010188434e+00
2.301840230460921703e+03 5.377853725922908446e+00
2.308767915831663231e+03 5.382952779718210401e+00
2.315695601202404760e+03 5.388056676728425032e+00
2.322623286573146288e+03 5.393166278993921203e+00
2.329550971943887816e+03 5.398282439234029617e+00
2.336478657314629345e+03 5.403406000817973620e+00
2.343406342685370873e+03 5.408537797735773367e+00
2.350334028056112402e+03 5.413678654569205939e+00
2.357261713426853930e+03 5.418829386462686415e+00
2.364189398797595459e+03 5.423990799094223547e+00
2.371117084168336987e+03 5.429163688646332808e+00
2.378044769539078516e+03 5.434348841776960981e+00
2.384972454909820044e+03 5.439547035590406310e+00
2.391900140280561573e+03 5.444759037608260854e+00
2.398827825651302646e+03 5.449985605740303107e+00
2.405755511022044175e+03 5.455227488255454560e+00
2.412683196392785703e+03 5.460485423752683865e+00
2.419610881763527232e+03 5.465760141131932315e+00
2.426538567134268760e+03 5.471052359565049095e+00
2.433466252505010289e+03 5.476362788466710541e+00
2.440393937875751817e+03 5.481692127465334963e+00
2.447321623246493346e+03 5.487041066374025000e+00
2.454249308617234419e+03 5.492410285161468231e+00
2.461176993987975948e+03 5.497800453922882191e+00
2.468104679358717476e+03 5.503212232850935415e+00
2.475032364729459005e+03 5.508646272206658701e+00
2.481960050100200533e+03 5.514103212290380363e+00
2.488887735470942062e+03 5.519583683412649933e+00
2.495815420841683590e+03 5.525088305865160088e+00
2.502743106212425118e+03 5.530617689891668576e+00
2.509670791583166647e+03 5.536172435658925473e+00
2.516598476953908175e+03 5.541753133227600436e+00
2.523526162324649704e+03 5.547360362523200195e+00
2.530453847695391232e+03 5.552994693306997576e+00
2.537381533066132761e+03 5.558656685146949883e+00
2.544309218436874289e+03 5.564346887388634144e+00
2.551236903807615363e+03 5.570065839126153939e+00
2.558164589178356891e+03 5.575814069173088861e+00
2.565092274549097965e+03 5.581592096033393346e+00
2.572019959919839494e+03 5.587400427872331043e+00
2.578947645290581022e+03 5.593239562487404726e+00
2.585875330661322550e+03 5.599109987279272005e+00
2.592803016032064079e+03 5.605012179222677027e+00
2.599730701402805607e+03 5.610946604837362628e+00
2.606658386773547136e+03 5.616913720159010914e+00
2.613586072144288664e+03 5.622913970710151865e+00
2.620513757515030193e+03 5.628947791471096807e+00
2.627441442885771721e+03 5.635015606850864778e+00
2.634369128256513250e+03 5.641117830658095578e+00
2.641296813627254778e+03 5.647254866071988566e+00
2.648224498997996307e+03 5.653427105613209491e+00
2.655152184368737835e+03 5.659634931114832845e+00
2.662079869739479363e+03 5.665878713693246915e+00
2.669007555110220892e+03 5.672158813719105908e+00
2.675935240480962420e+03 5.678475580788221677e+00
2.682862925851703949e+03 5.684829353692505194e+00
2.689790611222445023e+03 5.691220460390897351e+00
2.696718296593186551e+03 5.697649217980271352e+00
2.703645981963927625e+03 5.704115932666383060e+00
2.710573667334669153e+03 5.710620899734775158e+00
2.717501352705410682e+03 5.717164403521703520e+00
2.724429038076152210e+03 5.723746717385078675e+00
2.731356723446893739e+03 5.730368103675371749e+00
2.738284408817635267e+03 5.737028813706538166e+00
2.745212094188376796e+03 5.743729087726960891e+00
2.752139779559118324e+03 5.750469154890347490e+00
2.759067464929859852e+03 5.757249233226680474e+00
2.765995150300601381e+03 5.764069529613124132e+00
2.772922835671342909e+03 5.770930239744958001e+00
2.779850521042084438e+03 5.777831548106498794e+00
2.786778206412825966e+03 5.784773627942010776e+00
2.793705891783567495e+03 5.791756641226661451e+00
2.800633577154309023e+03 5.798780738637409726e+00
2.807561262525050552e+03 5.805846059523962488e+00
2.814488947895792080e+03 5.812952731879668988e+00
2.821416633266533609e+03 5.820100872312467644e+00
2.828344318637275137e+03 5.827290586015803520e+00
2.835272004008016665e+03 5.834521966739549370e+00
2.842199689378757739e+03 5.841795096760930228e+00
2.849127374749499268e+03 5.849110046855449774e+00
2.856055060120240796e+03 5.856466876267816701e+00
2.862982745490981870e+03 5.863865632682858653e+00
2.869910430861723398e+03 5.871306352196462797e+00
2.876838116232464927e+03 5.878789059286486207e+00
2.883765801603206455e+03 5.886313766783689339e+00
2.890693486973947984e+03 5.893880475842647293e+00
2.897621172344689512e+03 5.901489175912691287e+00
2.904548857715431041e+03 5.909139844708813705e+00
2.911476543086172569e+03 5.916832448182625548e+00
2.918404228456914097e+03 5.924566940493223299e+00
2.925331913827655626e+03 5.932343263978179237e+00
2.932259599198397154e+03 5.940161349124421619e+00
2.939187284569138228e+03 5.948021114539167264e+00
2.946114969939879757e+03 5.955922466920855918e+00
2.953042655310621285e+03 5.963865301030067734e+00
2.959970340681362813e+03 5.971849499660444316e+00
2.966898026052104342e+03 5.979874933609613308e+00
2.973825711422845870e+03 5.987941461650138741e+00
2.980753396793587399e+03 5.996048930500387009e+00
2.987681082164328473e+03 6.004197174795526060e+00
2.994608767535070001e+03 6.012386017058368282e+00
3.001536452905811529e+03 6.020615267670378579e+00
3.008464138276553058e+03 6.028884724842523468e+00
3.015391823647294586e+03 6.037194174586248963e+00
3.022319509018036115e+03 6.045543390684364304e+00
3.029247194388777643e+03 6.053932134662014519e+00
3.036174879759519172e+03 6.062360155757553493e+00
3.043102565130260700e+03 6.070827190893488101e+00
3.050030250501002229e+03 6.079332964647436555e+00
3.056957935871743757e+03 6.087877189222979268e+00
3.063885621242485286e+03 6.096459564420650068e+00
3.070813306613226814e+03 6.105079777608835911e+00
3.077740991983968343e+03 6.113737503694697928e+00
3.084668677354709871e+03 6.122432405095088015e+00
3.091596362725451399e+03 6.131164131707492082e+00
3.098524048096192473e+03 6.139932320880944872e+00
3.105451733466934002e+03 6.148736597386968761e+00
3.112379418837675530e+03 6.157576573390445063e+00
3.119307104208417059e+03 6.166451848420615889e+00
3.126234789579158587e+03 6.175362009341960778e+00
3.133162474949900115e+03 6.184306630325118626e+00
3.140090160320641189e+03 6.193285272817825593e+00
3.147017845691382718e+03 6.202297485515843256e+00
3.153945531062124246e+03 6.211342804333876977e+00
3.160873216432865775e+03 6.220420752376491613e+00
3.167800901803607303e+03 6.229530839909055651e+00
3.174728587174348831e+03 6.238672564328634706e+00
3.181656272545090360e+03 6.247845410134951649e+00
3.188583957915831888e+03 6.257048848901285432e+00
3.195511643286573417e+03 6.266282339245403676e+00
3.202439328657314945e+03 6.275545326800503254e+00
3.209367014028056474e+03 6.284837244186078031e+00
3.216294699398798002e+03 6.294157510978926062e+00
3.223222384769539531e+03 6.303505533684002238e+00
3.230150070140281059e+03 6.312880705705389950e+00
3.237077755511022588e+03 6.322282407317181274e+00
3.244005440881764116e+03 6.331710005634465510e+00
3.250933126252505645e+03 6.341162854584175612e+00
3.257860811623246718e+03 6.350640294876059855e+00
3.264788496993988247e+03 6.360141653973621523e+00
3.271716182364729320e+03 6.369666246064983106e+00
3.278643867735470849e+03 6.379213372033874840e+00
3.285571553106212377e+03 6.388782319430506007e+00
3.292499238476953906e+03 6.398372362442535710e+00
3.299426923847695434e+03 6.407982761865963717e+00
3.306354609218436963e+03 6.417612765076055048e+00
3.313282294589178491e+03 6.427261605998302763e+00
3.320209979959920020e+03 6.436928505079293039e+00
3.327137665330661548e+03 6.446612669257680395e+00
3.334065350701403077e+03 6.456313291935082077e+00
3.340993036072144605e+03 6.466029552947017756e+00
3.347920721442886133e+03 6.475760618533828783e+00
3.354848406813627662e+03 6.485505641311601899e+00
3.361776092184369190e+03 6.495263760243077833e+00
3.368703777555110264e+03 6.505034100608610537e+00
3.375631462925851793e+03 6.514815773977065128e+00
3.382559148296593321e+03 6.524607878176748699e+00
3.389486833667334849e+03 6.534409497266341127e+00
3.396414519038076378e+03 6.544219701505797460e+00
3.403342204408817906e+03 6.554037547327293822e+00
3.410269889779558980e+03 6.563862077306146681e+00
3.417197575150300509e+03 6.573692320131744538e+00
3.424125260521042037e+03 6.583527290578445879e+00
3.431052945891783565e+03 6.593365989476543731e+00
3.437980631262525094e+03 6.603207403683126309e+00
3.444908316633266622e+03 6.613050506053096633e+00
3.451836002004008151e+03 6.622894255409992326e+00
3.458763687374749679e+03 6.632737596516989242e+00
3.465691372745491208e+03 6.642579460047791429e+00
3.472619058116232736e+03 6.652418762557544163e+00
3.479546743486974265e+03 6.662254406453794076e+00
3.486474428857715793e+03 6.672085279967370219e+00
3.493402114228457322e+03 6.681910257123360175e+00
3.500329799599198850e+03 6.691728197711968917e+00
3.507257484969940379e+03 6.701537947259525119e+00
3.514185170340681907e+03 6.711338336999311593e+00
3.521112855711423435e+03 6.721128183842573378e+00
3.528040541082164509e+03 6.730906290349381926e+00
3.534968226452906038e+03 6.740671444699603221e+00
3.541895911823647566e+03 6.750422420663783285e+00
3.548823597194389095e+03 6.760157977574101196e+00
3.555751282565130623e+03 6.769876860295275911e+00
3.562678967935871697e+03 6.779577799195514842e+00
3.569606653306613225e+03 6.789259510117412688e+00
3.576534338677354754e+03 6.798920694348866256e+00
3.583462024048096282e+03 6.808560038594047015e+00
3.590389709418837811e+03 6.818176214944260849e+00
3.597317394789579339e+03 6.827767880848950810e+00
3.604245080160320867e+03 6.837333679086520455e+00
3.611172765531062396e+03 6.846872237735370348e+00
3.618100450901803924e+03 6.856382170144726729e+00
3.625028136272545453e+03 6.865862074905615842e+00
3.631955821643286981e+03 6.875310535821788527e+00
3.638883507014028055e+03 6.884726121880622607e+00
3.645811192384769583e+03 6.894107387224047478e+00
3.652738877755511112e+03 6.903452871119496237e+00
3.659666563126252640e+03 6.912761097930832932e+00
3.666594248496994169e+03 6.922030577089197223e+00
3.673521933867735697e+03 6.931259803064036440e+00
3.680449619238476771e+03 6.940447255333955567e+00
3.687377304609218299e+03 6.949591398357688021e+00
3.694304989979959828e+03 6.958690681544982937e+00
3.701232675350701356e+03 6.967743539227546634e+00
3.708160360721442885e+03 6.976748390629976093e+00
3.715088046092184413e+03 6.985703639840642687e+00
3.722015731462925942e+03 6.994607675782693157e+00
3.728943416833667470e+03 7.003458872184875617e+00
3.735871102204408999e+03 7.012255587552566283e+00
3.742798787575150527e+03 7.020996165138596368e+00
3.749726472945892056e+03 7.029678932914246836e+00
3.756654158316633584e+03 7.038302203540149016e+00
3.763581843687375112e+03 7.046864274337200307e+00
3.770509529058116641e+03 7.055363427257486109e+00
3.777437214428858169e+03 7.063797928855234609e+00
3.784364899799599698e+03 7.072166030257700520e+00
3.791292585170341226e+03 7.080465967136140293e+00
3.798220270541082300e+03 7.088695959676655001e+00
3.805147955911823829e+03 7.096854212551202856e+00
3.812075641282565357e+03 7.104938914888483836e+00
3.819003326653306885e+03 7.112948240244853615e+00
3.825931012024048414e+03 7.120880346575237496e+00
3.832858697394789488e+03 7.128733376204134942e+00
3.839786382765531016e+03 7.136505455796424258e+00
3.846714068136272545e+03 7.144194696328387550e+00
3.853641753507014073e+03 7.151799193058585580e+00
3.860569438877755601e+03 7.159317025498770803e+00
3.867497124248497130e+03 7.166746257384855490e+00
3.874424809619238658e+03 7.174084936647817656e+00
3.881352494989980187e+03 7.181331095384586582e+00
3.888280180360721715e+03 7.188482749829051777e+00
3.895207865731463244e+03 7.195537900322875657e+00
3.902135551102204772e+03 7.202494531286522950e+00
3.909063236472946301e+03 7.209350611190138203e+00
3.915990921843687829e+03 7.216104092524450841e+00
3.922918607214429358e+03 7.222752911771731732e+00
3.929846292585170886e+03 7.229294989376699121e+00
3.936773977955912414e+03 7.235728229717469873e+00
3.943701663326653943e+03 7.242050521076435210e+00
3.950629348697395017e+03 7.248259735611238597e+00
3.957557034068136545e+03 7.254353729325659472e+00
3.964484719438878074e+03 7.260330342040571594e+00
3.971412404809619602e+03 7.266187397364793021e+00
3.978340090180361130e+03 7.271922702666147487e+00
3.985267775551102204e+03 7.277534049042255759e+00
3.992195460921843733e+03 7.283019211291534845e+00
3.999123146292585261e+03 7.288375947884049744e+00
4.006050831663326790e+03 7.293602000932552620e+00
4.012978517034068318e+03 7.298695096163294593e+00
4.019906202404809846e+03 7.303652942887010724e+00
4.026833887775551375e+03 7.308473233969834837e+00
4.033761573146292903e+03 7.313153645804229441e+00
4.040689258517034432e+03 7.335558537320284955e+00
4.102161171790818116e+03 7.409737424840040276e+00
4.163633085064601801e+03 7.483916312359795597e+00
4.225104998338385485e+03 7.558095199879550918e+00
4.286576911612169170e+03 7.632274087399306239e+00
4.348048824885952854e+03 7.706452974919061560e+00
4.409520738159737448e+03 7.780631862438818658e+00
4.470992651433521132e+03 7.854810749958573979e+00
4.532464564707304817e+03 7.928989637478329300e+00
4.593936477981088501e+03 8.003168524998082844e+00
4.655408391254872186e+03 8.077347412517838166e+00
4.716880304528655870e+03 8.151526300037593487e+00
4.778352217802439554e+03 8.225705187557348808e+00
4.839824131076223239e+03 8.299884075077104129e+00
4.901296044350006923e+03 8.374062962596859450e+00
4.962767957623790608e+03 8.448241850116614771e+00
5.024239870897574292e+03 8.522420737636370092e+00
5.085711784171357976e+03 8.596599625156125413e+00
5.147183697445141661e+03 8.670778512675880734e+00
5.208655610718926255e+03 8.744957400195637831e+00
5.270127523992709030e+03 8.819136287715391376e+00
5.331599437266493624e+03 8.893315175235148473e+00
5.393071350540277308e+03 8.967494062754903794e+00
5.454543263814060992e+03 9.041672950274657339e+00
5.516015177087844677e+03 9.115851837794412660e+00
5.577487090361628361e+03 9.190030725314167981e+00
5.638959003635412046e+03 9.264209612833923302e+00
5.700430916909195730e+03 9.338388500353678623e+00
5.761902830182979415e+03 9.412567387873433944e+00
5.823374743456763099e+03 9.486746275393189265e+00
5.884846656730546783e+03 9.560925162912944586e+00
5.946318570004330468e+03 9.635104050432699907e+00
6.007790483278115062e+03 9.709282937952457004e+00
6.069262396551897837e+03 9.783461825472210549e+00
6.130734309825682431e+03 9.857640712991967646e+00
6.192206223099465205e+03 9.931819600511721191e+00
6.253678136373249799e+03 1.000599848803147829e+01
6.315150049647033484e+03 1.008017737555123361e+01
6.376621962920817168e+03 1.015435626307098715e+01
6.438093876194600853e+03 1.022853515059074248e+01
6.499565789468384537e+03 1.030271403811049780e+01
6.561037702742168221e+03 1.037689292563025312e+01
6.622509616015951906e+03 1.045107181315000844e+01
6.683981529289736500e+03 1.052525070066976554e+01
6.745453442563519275e+03 1.059942958818951908e+01
6.806925355837303869e+03 1.067360847570927618e+01
6.868397269111086644e+03 1.074778736322902972e+01
6.929869182384871237e+03 1.082196625074878682e+01
6.991341095658654922e+03 1.089614513826854214e+01
7.052813008932438606e+03 1.097032402578829746e+01
7.114284922206222291e+03 1.104450291330805278e+01
7.175756835480005975e+03 1.111868180082780810e+01
7.237228748753789660e+03 1.119286068834756342e+01
7.298700662027573344e+03 1.126703957586731875e+01
7.360172575301357028e+03 1.134121846338707407e+01
7.421644488575140713e+03 1.141539735090682939e+01
7.483116401848925307e+03 1.148957623842658471e+01
7.544588315122708082e+03 1.156375512594634003e+01
7.606060228396492676e+03 1.163793401346609535e+01
7.667532141670275450e+03 1.171211290098584890e+01
7.729004054944060044e+03 1.178629178850560599e+01
7.790475968217843729e+03 1.186047067602536131e+01
7.851947881491627413e+03 1.193464956354511664e+01
7.913419794765411098e+03 1.200882845106487196e+01
7.974891708039194782e+03 1.208300733858462728e+01
8.036363621312978466e+03 1.215718622610438260e+01
8.097835534586762151e+03 1.223136511362413792e+01
8.159307447860545835e+03 1.230554400114389324e+01
8.220779361134329520e+03 1.237972288866364856e+01
8.282251274408114114e+03 1.245390177618340388e+01
8.343723187681896889e+03 1.252808066370315920e+01
8.405195100955681482e+03 1.260225955122291452e+01
8.466667014229464257e+03 1.267643843874266985e+01
8.528138927503248851e+03 1.275061732626242517e+01
8.589610840777033445e+03 1.282479621378218226e+01
8.651082754050816220e+03 1.289897510130193581e+01
8.712554667324598995e+03 1.297315398882168935e+01
8.774026580598383589e+03 1.304733287634144645e+01
8.835498493872168183e+03 1.312151176386120355e+01
8.896970407145950958e+03 1.319569065138095709e+01
8.958442320419733733e+03 1.326986953890071064e+01
9.019914233693518327e+03 1.334404842642046773e+01
9.081386146967302921e+03 1.341822731394022306e+01
9.142858060241085695e+03 1.349240620145997838e+01
9.204329973514870289e+03 1.356658508897973370e+01
9.265801886788653064e+03 1.364076397649948902e+01
9.327273800062437658e+03 1.371494286401924434e+01
9.388745713336222252e+03 1.378912175153900144e+01
9.450217626610005027e+03 1.386330063905875498e+01
9.511689539883787802e+03 1.393747952657850853e+01
9.573161453157572396e+03 1.401165841409826562e+01
9.634633366431356990e+03 1.408583730161802272e+01
9.696105279705139765e+03 1.416001618913777627e+01
9.757577192978922540e+03 1.423419507665752981e+01
9.819049106252707134e+03 1.430837396417728691e+01
9.880521019526491727e+03 1.438255285169704223e+01
9.941992932800276321e+03 1.445673173921679933e+01
1.000346484607405910e+04 1.453091062673655287e+01
1.006493675934784187e+04 1.460508951425630819e+01
1.012640867262162647e+04 1.467926840177606351e+01
1.018788058589541106e+04 1.475344728929582061e+01
1.024935249916919383e+04 1.482762617681557415e+01
1.031082441244297661e+04 1.490180506433532948e+01
1.037229632571676120e+04 1.497598395185508480e+01
1.043376823899054580e+04 1.505016283937484189e+01
1.049524015226432857e+04 1.512434172689459544e+01
1.055671206553811135e+04 1.519852061441434898e+01
1.061818397881189594e+04 1.527269950193410608e+01
1.067965589208568053e+04 1.534687838945386140e+01
1.074112780535946513e+04 1.542105727697361850e+01
1.080259971863324790e+04 1.549523616449337204e+01
1.086407163190703068e+04 1.556941505201312737e+01
1.092554354518081527e+04 1.564359393953288269e+01
1.098701545845459987e+04 1.571777282705263978e+01
1.104848737172838264e+04 1.579195171457239333e+01
1.110995928500216542e+04 1.586613060209214865e+01
1.117143119827595001e+04 1.594030948961190397e+01
1.123290311154973460e+04 1.601448837713165929e+01
1.129437502482351738e+04 1.608866726465141284e+01
1.135584693809730015e+04 1.616284615217116638e+01
1.141731885137108475e+04 1.623702503969092348e+01
1.147879076464486934e+04 1.631120392721068058e+01
1.154026267791865394e+04 1.638538281473043767e+01
1.160173459119243671e+04 1.645956170225019122e+01
1.166320650446621949e+04 1.653374058976994476e+01
1.172467841774000408e+04 1.660791947728970186e+01
1.178615033101378867e+04 1.668209836480945896e+01
1.184762224428757145e+04 1.675627725232921250e+01
1.190909415756135422e+04 1.683045613984896605e+01
1.197056607083513882e+04 1.690463502736872314e+01
1.203203798410892341e+04 1.697881391488848024e+01
1.209350989738270619e+04 1.705299280240823379e+01
1.215498181065648896e+04 1.712717168992798733e+01
1.221645372393027355e+04 1.720135057744774443e+01
1.227792563720405815e+04 1.727552946496750153e+01
1.233939755047784274e+04 1.734970835248725507e+01
1.240086946375162370e+04 1.742388724000700861e+01
1.246234137702540829e+04 1.749806612752676571e+01
1.252381329029919289e+04 1.757224501504651926e+01
1.258528520357297748e+04 1.764642390256627635e+01
1.264675711684675844e+04 1.772060279008602990e+01
1.270822903012054303e+04 1.779478167760578700e+01
1.276970094339432762e+04 1.786896056512554054e+01
1.283117285666811222e+04 1.794313945264529764e+01
1.289264476994189681e+04 1.801731834016505474e+01
1.295411668321567777e+04 1.809149722768480828e+01
1.301558859648946236e+04 1.816567611520456182e+01
1.307706050976324696e+04 1.823985500272431892e+01
1.313853242303703155e+04 1.831403389024407602e+01
1.320000433631081250e+04 1.838821277776382601e+01
1.326147624958459710e+04 1.846239166528358311e+01
1.332294816285838169e+04 1.853657055280334021e+01
1.338442007613216629e+04 1.861074944032309730e+01
1.344589198940594724e+04 1.868492832784285085e+01
1.350736390267973184e+04 1.875910721536260439e+01
1.356883581595351643e+04 1.883328610288236149e+01
1.363030772922730102e+04 1.890746499040211859e+01
1.369177964250108562e+04 1.898164387792187568e+01
1.375325155577486657e+04 1.905582276544162568e+01
1.381472346904865117e+04 1.913000165296138277e+01
1.387619538232243576e+04 1.920418054048113987e+01
1.393766729559622036e+04 1.927835942800089697e+01
1.399913920887000131e+04 1.935253831552064696e+01
1.406061112214378591e+04 1.942671720304040406e+01
1.412208303541757050e+04 1.950089609056016116e+01
1.418355494869135509e+04 1.957507497807991825e+01
1.424502686196513605e+04 1.964925386559966825e+01
1.430649877523892064e+04 1.972343275311942534e+01
1.436797068851270524e+04 1.979761164063918244e+01
1.442944260178648983e+04 1.987179052815893954e+01
1.449091451506027443e+04 1.994596941567869308e+01
1.455238642833405538e+04 2.002014830319844663e+01
1.461385834160783998e+04 2.009432719071820372e+01
1.467533025488162457e+04 2.016850607823795727e+01
1.473680216815540916e+04 2.024268496575771437e+01
1.479827408142919012e+04 2.031686385327746791e+01
1.485974599470297471e+04 2.039104274079722501e+01
1.492121790797675931e+04 2.046522162831697855e+01
1.498268982125054390e+04 2.053940051583673565e+01
1.504416173452432486e+04 2.061357940335648919e+01
1.510563364779810945e+04 2.068775829087624274e+01
1.516710556107189404e+04 2.076193717839599984e+01
1.522857747434567864e+04 2.083611606591575693e+01
1.529004938761946323e+04 2.091029495343551403e+01
1.535152130089324419e+04 2.098447384095526402e+01
1.541299321416702878e+04 2.105865272847502112e+01
1.547446512744081338e+04 2.113283161599477822e+01
1.553593704071459797e+04 2.120701050351453532e+01
1.559740895398837893e+04 2.128118939103428531e+01
1.565888086726216352e+04 2.135536827855404240e+01
1.572035278053594811e+04 2.142954716607379950e+01
1.578182469380973271e+04 2.150372605359355660e+01
1.584329660708351730e+04 2.157790494111331014e+01
1.590476852035729826e+04 2.165208382863306369e+01
1.596624043363108285e+04 2.172626271615282079e+01
1.602771234690486745e+04 2.180044160367257788e+01
1.608918426017865204e+04 2.187462049119233143e+01
1.615065617345243299e+04 2.194879937871208497e+01
1.621212808672621759e+04 2.202297826623184207e+01
1.627360000000000036e+04 2.209715715375159562e+01
