6.121999999999999318e+02 2.629507379574502757e-02
6.191210420841682662e+02 8.327452860584094729e-02
6.260420841683367144e+02 1.395931088495798722e-01
6.329631262525050488e+02 1.952570154853661144e-01
6.398841683366732696e+02 2.502724129854387858e-01
6.468052104208416040e+02 3.046454294381413241e-01
6.537262525050100521e+02 3.583821566502025657e-01
6.606472945891783866e+02 4.114886502490056053e-01
6.675683366733466073e+02 4.639709297848726433e-01
6.744893787575149418e+02 5.158349788333325137e-01
6.814104208416833899e+02 5.670867450974026447e-01
6.883314629258517243e+02 6.177321405098608054e-01
6.952525050100200588e+02 6.677770413355246237e-01
7.021735470941882795e+02 7.172272882735244437e-01
7.090945891783567276e+02 7.660886865595795125e-01
7.160156312625250621e+02 8.143670060682768330e-01
7.229366733466933965e+02 8.620679814153449083e-01
7.298577154308616173e+02 9.091973120599279312e-01
7.367787575150300654e+02 9.557606624068664125e-01
7.436997995991983998e+02 1.001763661908966041e+00
7.506208416833667343e+02 1.047211905169282087e+00
7.575418837675350687e+02 1.092110952043388927e+00
7.644629258517034032e+02 1.136466327741657345e+00
7.713839679358717376e+02 1.180283522931533158e+00
7.783050100200400720e+02 1.223567993839809853e+00
7.852260521042084065e+02 1.266325162354905443e+00
7.921470941883767409e+02 1.308560416129137316e+00
7.990681362725450754e+02 1.350279108681003981e+00
8.059891783567134098e+02 1.391486559497451481e+00
8.129102204408817443e+02 1.432188054136156907e+00
8.198312625250500787e+02 1.472388844327802371e+00
8.267523046092184131e+02 1.512094148078345857e+00
8.336733466933867476e+02 1.551309149771307849e+00
8.405943887775551957e+02 1.590039000270035530e+00
8.475154308617234165e+02 1.628288817019986734e+00
8.544364729458917509e+02 1.666063684151001700e+00
8.613575150300600853e+02 1.703368652579581255e+00
8.682785571142285335e+02 1.740208740111162777e+00
8.751995991983967542e+02 1.776588931542392391e+00
8.821206412825650887e+02 1.812514178763406480e+00
8.890416833667334231e+02 1.847989400860103437e+00
8.959627254509018712e+02 1.883019484216421624e+00
9.028837675350700920e+02 1.917609282616611344e+00
9.098048096192385401e+02 1.951763617347521684e+00
9.167258517034067609e+02 1.985487277300859166e+00
9.236468937875752090e+02 2.018785019075479248e+00
9.305679358717434297e+02 2.051661567079655413e+00
9.374889779559117642e+02 2.084121613633355352e+00
9.444100200400800986e+02 2.116169819070515157e+00
9.513310621242485468e+02 2.147810811841321943e+00
9.582521042084167675e+02 2.179049188614478272e+00
9.651731462925852156e+02 2.209889514379493658e+00
9.720941883767534364e+02 2.240336322548945436e+00
9.790152304609218845e+02 2.270394115060763163e+00
9.859362725450901053e+02 2.300067362480503697e+00
9.928573146292584397e+02 2.329360504103620499e+00
9.997783567134267741e+02 2.358277948057753814e+00
1.006699398797595222e+03 2.386824071404989311e+00
1.013620440881763443e+03 2.415003220244146043e+00
1.020541482965931891e+03 2.442819709813050189e+00
1.027462525050100112e+03 2.470277824590803473e+00
1.034383567134268560e+03 2.497381818400073339e+00
1.041304609218436781e+03 2.524135914509351153e+00
1.048225651302605229e+03 2.550544305735246375e+00
1.055146693386773450e+03 2.576611154544745652e+00
1.062067735470941898e+03 2.602340593157502990e+00
1.068988777555110119e+03 2.627736723648103734e+00
1.075909819639278567e+03 2.652803618048352519e+00
1.082830861723447015e+03 2.677545318449536360e+00
1.089751903807615236e+03 2.701965837104709500e+00
1.096672945891783684e+03 2.726069156530966708e+00
1.103593987975951904e+03 2.749859229611719691e+00
1.110515030060120353e+03 2.773339979698971725e+00
1.117436072144288573e+03 2.796515300715593177e+00
1.124357114228457021e+03 2.819389057257599696e+00
1.131278156312625242e+03 2.841965084696428612e+00
1.138199198396793690e+03 2.864247189281209138e+00
1.145120240480961911e+03 2.886239148241046326e+00
1.152041282565130359e+03 2.907944709887290813e+00
1.158962324649298580e+03 2.929367593715814344e+00
1.165883366733467028e+03 2.950511490509296397e+00
1.172804408817635249e+03 2.971380062439481939e+00
1.179725450901803697e+03 2.991976943169475156e+00
1.186646492985971918e+03 3.012305737956001206e+00
1.193567535070140366e+03 3.032370023751691956e+00
1.200488577154308587e+03 3.052173349307360173e+00
1.207409619238477035e+03 3.071719235274268378e+00
1.214330661322645255e+03 3.091011174306415032e+00
1.221251703406813704e+03 3.110052631162800729e+00
1.228172745490981924e+03 3.128847042809710821e+00
1.235093787575150373e+03 3.147397818522992274e+00
1.242014829659318593e+03 3.165708339990320752e+00
1.248935871743487041e+03 3.183781961413487238e+00
1.255856913827655262e+03 3.201622009610665565e+00
1.262777955911823710e+03 3.219231784118693263e+00
1.269698997995991931e+03 3.236614557295344419e+00
1.276620040080160379e+03 3.253773574421611414e+00
1.283541082164328600e+03 3.270712053803974229e+00
1.290462124248497048e+03 3.287433186876675517e+00
1.297383166332665269e+03 3.303940138304000573e+00
1.304304208416833717e+03 3.320236046082559067e+00
1.311225250501001938e+03 3.336324021643541915e+00
1.318146292585170386e+03 3.352207149955023890e+00
1.325067334669338834e+03 3.367888489624212944e+00
1.331988376753507055e+03 3.383371072999743490e+00
1.338909418837675275e+03 3.398657906273950591e+00
1.345830460921843724e+03 3.413751969585131718e+00
1.352751503006011944e+03 3.428656217119844030e+00
1.359672545090180392e+03 3.443373577215164794e+00
1.366593587174348613e+03 3.457906952460974903e+00
1.373514629258516834e+03 3.472259219802223740e+00
1.380435671342685509e+03 3.486433230641226899e+00
1.387356713426853730e+03 3.500431810939913735e+00
1.394277755511021951e+03 3.514257761322127305e+00
1.401198797595190399e+03 3.527913857175891010e+00
1.408119839679358620e+03 3.541402848755679234e+00
1.415040881763527068e+03 3.554727461284702184e+00
1.421961923847695289e+03 3.567890395057174757e+00
1.428882965931863509e+03 3.580894325540602718e+00
1.435804008016032185e+03 3.593741903478041788e+00
1.442725050100200406e+03 3.606435754990391374e+00
1.449646092184368626e+03 3.618978481678657655e+00
1.456567134268537075e+03 3.631372660726237545e+00
1.463488176352705295e+03 3.643620845001191988e+00
1.470409218436873743e+03 3.655725563158513935e+00
1.477330260521041964e+03 3.667689319742425180e+00
1.484251302605210185e+03 3.679514595288621237e+00
1.491172344689378860e+03 3.691203846426580615e+00
1.498093386773547081e+03 3.702759505981815469e+00
1.505014428857715302e+03 3.714183983078158224e+00
1.511935470941883750e+03 3.725479663240036654e+00
1.518856513026052198e+03 3.736648908494753396e+00
1.525777555110220419e+03 3.747694057474750817e+00
1.532698597194388640e+03 3.758617425519896749e+00
1.539619639278556861e+03 3.769421304779759563e+00
1.546540681362725536e+03 3.780107964315876146e+00
1.553461723446893757e+03 3.790679650204039408e+00
1.560382765531061978e+03 3.801138585636565814e+00
1.567303807615230426e+03 3.811486971024572679e+00
1.574224849699398874e+03 3.821726984100258129e+00
1.581145891783567095e+03 3.831860780019174406e+00
1.588066933867735315e+03 3.841890491462496282e+00
1.594987975951903536e+03 3.851818228739313899e+00
1.601909018036072212e+03 3.861646079888891858e+00
1.608830060120240432e+03 3.871376110782954960e+00
1.615751102204408653e+03 3.881010365227958392e+00
1.622672144288577101e+03 3.890550865067375241e+00
1.629593186372745549e+03 3.899999610283954699e+00
1.636514228456913770e+03 3.909358579102010012e+00
1.643435270541081991e+03 3.918629728089686903e+00
1.650356312625250439e+03 3.927814992261254634e+00
1.657277354709418887e+03 3.936916285179363317e+00
1.664198396793587108e+03 3.945935499057325657e+00
1.671119438877755329e+03 3.954874504861401796e+00
1.678040480961923777e+03 3.963735152413060625e+00
1.684961523046092225e+03 3.972519270491272625e+00
1.691882565130260446e+03 3.981228666934769844e+00
1.698803607214428666e+03 3.989865128744327638e+00
1.705724649298597114e+03 3.998430422185051736e+00
1.712645691382765563e+03 4.006926292888623564e+00
1.719566733466933783e+03 4.015354465955619290e+00
1.726487775551102004e+03 4.023716646057749813e+00
1.733408817635270452e+03 4.032014517540151388e+00
1.740329859719438900e+03 4.040249744523658038e+00
1.747250901803607121e+03 4.048423971007089506e+00
1.754171943887775342e+03 4.056538820969500136e+00
1.761092985971943790e+03 4.064595898472486368e+00
1.768014028056112238e+03 4.072596787762444492e+00
1.774935070140280459e+03 4.080543053372843509e+00
1.781856112224448680e+03 4.088436240226517526e+00
1.788777154308617128e+03 4.096277873737912856e+00
1.795698196392785576e+03 4.104069459915411500e+00
1.802619238476953797e+03 4.111812485463550715e+00
1.809540280561122017e+03 4.119508417885340279e+00
1.816461322645290693e+03 4.127158705584525578e+00
1.823382364729458914e+03 4.134764777967859573e+00
1.830303406813627134e+03 4.142328045547374771e+00
1.837224448897795583e+03 4.149849900042672957e+00
1.844145490981963803e+03 4.157331714483198937e+00
1.851066533066132251e+03 4.164774843310505403e+00
1.857987575150300700e+03 4.172180622480527568e+00
1.864908617234468693e+03 4.179550369565879109e+00
1.871829659318636914e+03 4.186885383858111709e+00
1.878750701402805589e+03 4.194186946469994126e+00
1.885671743486973810e+03 4.201456320437781500e+00
1.892592785571142031e+03 4.208694750823513075e+00
1.899513827655310479e+03 4.215903464817262858e+00
1.906434869739478927e+03 4.223083671839429343e+00
1.913355911823647148e+03 4.230236563643003933e+00
1.920276953907815368e+03 4.237363314415860671e+00
1.927197995991984044e+03 4.244465080883013997e+00
1.934119038076152265e+03 4.251543002408906702e+00
1.941040080160320485e+03 4.258598201099677460e+00
1.947961122244489161e+03 4.265631781905454112e+00
1.954882164328657154e+03 4.272644832722599872e+00
1.961803206412825602e+03 4.279638424496022608e+00
1.968724248496994051e+03 4.286613611321424600e+00
1.975645290581162271e+03 4.293571430547590495e+00
1.982566332665330719e+03 4.300512902878665500e+00
1.989487374749498940e+03 4.307439032476418461e+00
1.996408416833667161e+03 4.314350807062534265e+00
2.003329458917835382e+03 4.321249198020879589e+00
2.010250501002004057e+03 4.328135160499780199e+00
2.017171543086172278e+03 4.335009633514296468e+00
2.024092585170340499e+03 4.341873540048496238e+00
2.031013627254508947e+03 4.348727787157750768e+00
2.037934669338677395e+03 4.355573266070981830e+00
2.044855711422845616e+03 4.362410852292942565e+00
2.051776753507013836e+03 4.369241405706524972e+00
2.058697795591182512e+03 4.376065770674989253e+00
2.065618837675350733e+03 4.382884776144274852e+00
2.072539879759518954e+03 4.389699235745267103e+00
2.079460921843687174e+03 4.396509947896058534e+00
2.086381963927855395e+03 4.403317695904247486e+00
2.093303006012024071e+03 4.410123248069194979e+00
2.100224048096192291e+03 4.416927357784311781e+00
2.107145090180360512e+03 4.423730763639335706e+00
2.114066132264529188e+03 4.430534189522600030e+00
2.120987174348697408e+03 4.437338344723301020e+00
2.127908216432865629e+03 4.444143924033799209e+00
2.134829258517033850e+03 4.450951607851882486e+00
2.141750300601202525e+03 4.457762062283030957e+00
2.148671342685370746e+03 4.464575939242706681e+00
2.155592384769538967e+03 4.471393876558630964e+00
2.162513426853707642e+03 4.478216498073043894e+00
2.169434468937875863e+03 4.485044413744995850e+00
2.176355511022044084e+03 4.491878219752624801e+00
2.183276553106212305e+03 4.498718498595430049e+00
2.190197595190380525e+03 4.505565819196519328e+00
2.197118637274548746e+03 4.512420737004934068e+00
2.204039679358717422e+03 4.519283794097889384e+00
2.210960721442885642e+03 4.526155519283067363e+00
2.217881763527053863e+03 4.533036428200887258e+00
2.224802805611222539e+03 4.539927023426773900e+00
2.231723847695390759e+03 4.546827794573445658e+00
2.238644889779558980e+03 4.553739218393195287e+00
2.245565931863727201e+03 4.560661758880131700e+00
2.252486973947895876e+03 4.567595867372496343e+00
2.259408016032064097e+03 4.574541982654936945e+00
2.266329058116232318e+03 4.581500531060735071e+00
2.273250100200400993e+03 4.588471926574154480e+00
2.280171142284569214e+03 4.595456570932647367e+00
2.287092184368737435e+03 4.602454853729172513e+00
2.294013226452905656e+03 4.609467152514464594e+00
2.300934268537073876e+03 4.616493832899314143e+00
2.307855310621242097e+03 4.623535248656823526e+00
2.314776352705410773e+03 4.630591741824689578e+00
2.321697394789579448e+03 4.637663642807495989e+00
2.328618436873747669e+03 4.644751270478973737e+00
2.335539478957915890e+03 4.651854932284278377e+00
2.342460521042084110e+03 4.658974924342274448e+00
2.349381563126252331e+03 4.666111531547807445e+00
2.356302605210420552e+03 4.673265027673963345e+00
2.363223647294589227e+03 4.680435675474372559e+00
2.370144689378757448e+03 4.687623726785481892e+00
2.377065731462926124e+03 4.694829422628783888e+00
2.383986773547094344e+03 4.702052993313172280e+00
2.390907815631262565e+03 4.709294658537146461e+00
2.397828857715430786e+03 4.716554627491140295e+00
2.404749899799599007e+03 4.723833098959747900e+00
2.411670941883767227e+03 4.731130261424040917e+00
2.418591983967935448e+03 4.738446293163831591e+00
2.425513026052104578e+03 4.745781362359932309e+00
2.432434068136272799e+03 4.753135627196463986e+00
2.439355110220441020e+03 4.760509235963096941e+00
2.446276152304609241e+03 4.767902327157349518e+00
2.453197194388777461e+03 4.775315029586867155e+00
2.460118236472945682e+03 4.782747462471672151e+00
2.467039278557113903e+03 4.790199735546470272e+00
2.473960320641282578e+03 4.797671949162904070e+00
2.480881362725450799e+03 4.805164194391840837e+00
2.487802404809619475e+03 4.812676553125637469e+00
2.494723446893787695e+03 4.820209098180443519e+00
2.501644488977955916e+03 4.827761893398438531e+00
2.508565531062124137e+03 4.835334993750132426e+00
2.515486573146292358e+03 4.842928445436636586e+00
2.522407615230460578e+03 4.850542285991944702e+00
2.529328657314629254e+03 4.858176544385197637e+00
2.536249699398797929e+03 4.865831241122959838e+00
2.543170741482966150e+03 4.873506388351513507e+00
2.550091783567134371e+03 4.881201989959098597e+00
2.557012825651302592e+03 4.888918041678241622e+00
2.563933867735470812e+03 4.896654531187982329e+00
2.570854909819639033e+03 4.904411438216170538e+00
2.577775951903807254e+03 4.912188734641741661e+00
2.584696993987975929e+03 4.919986384596997553e+00
2.591618036072144150e+03 4.927804344569858941e+00
2.598539078156312826e+03 4.935642563506167591e+00
2.605460120240481046e+03 4.943500982911963604e+00
2.612381162324649267e+03 4.951379536955736960e+00
2.619302204408817488e+03 4.959278152570719911e+00
2.626223246492985709e+03 4.967196749557158952e+00
2.633144288577153930e+03 4.975135240684599225e+00
2.640065330661322605e+03 4.983093531794142272e+00
2.646986372745491281e+03 4.991071521900750874e+00
2.653907414829659501e+03 4.999069103295475713e+00
2.660828456913827722e+03 5.007086161647791300e+00
2.667749498997995943e+03 5.015122576107835073e+00
2.674670541082164164e+03 5.023178219408681144e+00
2.681591583166332384e+03 5.031252957968632700e+00
2.688512625250501060e+03 5.039346651993492188e+00
2.695433667334669281e+03 5.047459155578847501e+00
2.702354709418837501e+03 5.055590316812322627e+00
2.709275751503006177e+03 5.063739977875851395e+00
2.716196793587174398e+03 5.071907975148011616e+00
2.723117835671342618e+03 5.080094139306227774e+00
2.730038877755510839e+03 5.088298295429085627e+00
2.736959919839679060e+03 5.096520263098605952e+00
2.743880961923847281e+03 5.104759856502511184e+00
2.750802004008015956e+03 5.113016884536512485e+00
2.757723046092184632e+03 5.121291150906550627e+00
2.764644088176352852e+03 5.129582454231137234e+00
2.771565130260521073e+03 5.137890588143570803e+00
2.778486172344689294e+03 5.146215341394240639e+00
2.785407214428857515e+03 5.154556497952908600e+00
2.792328256513025735e+03 5.162913837110954418e+00
2.799249298597194411e+03 5.171287133583680529e+00
2.806170340681362632e+03 5.179676157612563614e+00
2.813091382765530852e+03 5.188080675067572756e+00
2.820012424849699528e+03 5.196500447549405877e+00
2.826933466933867749e+03 5.204935232491763486e+00
2.833854509018035969e+03 5.213384783263649069e+00
2.840775551102204190e+03 5.221848849271656157e+00
2.847696593186372411e+03 5.230327176062168348e+00
2.854617635270540632e+03 5.238819505423753853e+00
2.861538677354709307e+03 5.247325575489330873e+00
2.868459719438877983e+03 5.255845120838493756e+00
2.875380761523046203e+03 5.264377872599807162e+00
2.882301803607214424e+03 5.272923558553061163e+00
2.889222845691382645e+03 5.281481903231500574e+00
2.896143887775550866e+03 5.290052628024207060e+00
2.903064929859719086e+03 5.298635451278267183e+00
2.909985971943887762e+03 5.307230088401118984e+00
2.916907014028055983e+03 5.315836251962789305e+00
2.923828056112224658e+03 5.324453651798195963e+00
2.930749098196392879e+03 5.333081995109408169e+00
2.937670140280561100e+03 5.341720986567930041e+00
2.944591182364729320e+03 5.350370328416959254e+00
2.951512224448897541e+03 5.359029720573683875e+00
2.958433266533065762e+03 5.367698860731563215e+00
2.965354308617233983e+03 5.376377444462564270e+00
2.972275350701403113e+03 5.385065165319492309e+00
2.979196392785571334e+03 5.393761714938232643e+00
2.986117434869739554e+03 5.402466783140008388e+00
2.993038476953907775e+03 5.411180058033705720e+00
2.999959519038075996e+03 5.419901226118126303e+00
3.006880561122244217e+03 5.428629972384252156e+00
3.013801603206412892e+03 5.437365980417531830e+00
3.020722645290581113e+03 5.446108932500152378e+00
3.027643687374749334e+03 5.454858509713337966e+00
3.034564729458917554e+03 5.463614392039579215e+00
3.041485771543086230e+03 5.472376258464948684e+00
3.048406813627254451e+03 5.481143787081375507e+00
3.055327855711422671e+03 5.489916655188901373e+00
3.062248897795590892e+03 5.498694539397941838e+00
3.069169939879759113e+03 5.507477115731630235e+00
3.076090981963927334e+03 5.516264059728023028e+00
3.083012024048096464e+03 5.525055046542398429e+00
3.089933066132264685e+03 5.533849751049534582e+00
3.096854108216432905e+03 5.542647847946015283e+00
3.103775150300601126e+03 5.551449011852453097e+00
3.110696192384769347e+03 5.560252917415761331e+00
3.117617234468937568e+03 5.569059239411522810e+00
3.124538276553106243e+03 5.577867652846151714e+00
3.131459318637274464e+03 5.586677833059233933e+00
3.138380360721442685e+03 5.595489455825784830e+00
3.145301402805611360e+03 5.604302197458553181e+00
3.152222444889779581e+03 5.613115734910207877e+00
3.159143486973947802e+03 5.621929745875739570e+00
3.166064529058116477e+03 5.630743908894668692e+00
3.172985571142284243e+03 5.639557903453290777e+00
3.179906613226452464e+03 5.648371410087007050e+00
3.186827655310620685e+03 5.657184110482615935e+00
3.193748697394789815e+03 5.665995687580503315e+00
3.200669739478958036e+03 5.674805825676978444e+00
3.207590781563126257e+03 5.683614210526579669e+00
3.214511823647294477e+03 5.692420529444286004e+00
3.221432865731462698e+03 5.701224471407833505e+00
3.228353907815630919e+03 5.710025727159924180e+00
3.235274949899799594e+03 5.718823989310632072e+00
3.242195991983967815e+03 5.727618952439565092e+00
3.249117034068136036e+03 5.736410313198174293e+00
3.256038076152304711e+03 5.745197770412024951e+00
3.262959118236472932e+03 5.753981025183124487e+00
3.269880160320641153e+03 5.762759780992089631e+00
3.276801202404809828e+03 5.771533743800555172e+00
3.283722244488978049e+03 5.780302622153330461e+00
3.290643286573145815e+03 5.789066127280749541e+00
3.297564328657314945e+03 5.797823973200911141e+00
3.304485370741483166e+03 5.806575876821996829e+00
3.311406412825651387e+03 5.815321558044495909e+00
3.318327454909819608e+03 5.824060739863501368e+00
3.325248496993987828e+03 5.832793148470987177e+00
3.332169539078156049e+03 5.841518513358099796e+00
3.339090581162324270e+03 5.850236567417424816e+00
3.346011623246492945e+03 5.858947047045196754e+00
3.352932665330661166e+03 5.867649692243722903e+00
3.359853707414829387e+03 5.876344246723530063e+00
3.366774749498998062e+03 5.885030458005648057e+00
3.373695791583166283e+03 5.893708077523980293e+00
3.380616833667334504e+03 5.902376860727491348e+00
3.387537875751503179e+03 5.911036567182506474e+00
3.394458917835671400e+03 5.919686960675011989e+00
3.401379959919839166e+03 5.928327809312852636e+00
3.408301002004008296e+03 5.936958885628166982e+00
3.415222044088176517e+03 5.945579966679452433e+00
3.422143086172344738e+03 5.954190834154038825e+00
3.429064128256512959e+03 5.962791274470222724e+00
3.435985170340681179e+03 5.971381078879611337e+00
3.442906212424849400e+03 5.979960043569398920e+00
3.449827254509017621e+03 5.988527969764611214e+00
3.456748296593186296e+03 5.997084663830383633e+00
3.463669338677354517e+03 6.005629937374290961e+00
3.470590380761522738e+03 6.014163607348550045e+00
3.477511422845691413e+03 6.022685496152352158e+00
3.484432464929859634e+03 6.031195431734089674e+00
3.491353507014027855e+03 6.039693247693694644e+00
3.498274549098196530e+03 6.048178783384839718e+00
3.505195591182364751e+03 6.056651884017268728e+00
3.512116633266532517e+03 6.065112400759078426e+00
3.519037675350701647e+03 6.073560190838936279e+00
3.525958717434869868e+03 6.081995117648399507e+00
3.532879759519038089e+03 6.090417050844221691e+00
3.539800801603206310e+03 6.098825866450553690e+00
3.546721843687374530e+03 6.107221446961245803e+00
3.553642885771542751e+03 6.115603681442150830e+00
3.560563927855711881e+03 6.123972465633428897e+00
3.567484969939879647e+03 6.132327702051714624e+00
3.574406012024047868e+03 6.140669300092476135e+00
3.581327054108216089e+03 6.148997176132269260e+00
3.588248096192384764e+03 6.157311253631064574e+00
3.595169138276552985e+03 6.165611463234379919e+00
3.602090180360721206e+03 6.173897742875709582e+00
3.609011222444889881e+03 6.182170037878778501e+00
3.615932264529058102e+03 6.190428301059700544e+00
3.622853306613225868e+03 6.198672492829366831e+00
3.629774348697394998e+03 6.206902581295720367e+00
3.636695390781563219e+03 6.215118542365981824e+00
3.643616432865731440e+03 6.223320359848902861e+00
3.650537474949899661e+03 6.231508025557149111e+00
3.657458517034067881e+03 6.239681539409479782e+00
3.664379559118236102e+03 6.247840909533053377e+00
3.671300601202405232e+03 6.255986152365710318e+00
3.678221643286572998e+03 6.264117292758259126e+00
3.685142685370741219e+03 6.272234364076732405e+00
3.692063727454909895e+03 6.280337408304601965e+00
3.698984769539078115e+03 6.288426476145225763e+00
3.705905811623246336e+03 6.296501627123967992e+00
3.712826853707415012e+03 6.304562929690495920e+00
3.719747895791583232e+03 6.312610461321101596e+00
3.726668937875751453e+03 6.320644308621032437e+00
3.733589979959919674e+03 6.328664567426621979e+00
3.740511022044088350e+03 6.336671342907594706e+00
3.747432064128256570e+03 6.344664749669504111e+00
3.754353106212424791e+03 6.352644911855833243e+00
3.761274148296593012e+03 6.360611963250297762e+00
3.768195190380761233e+03 6.368566047379207617e+00
3.775116232464929453e+03 6.376507317613686610e+00
3.782037274549098584e+03 6.384435937271877748e+00
3.788958316633266804e+03 6.392352079721383973e+00
3.795879358717434570e+03 6.400255928481378476e+00
3.802800400801603246e+03 6.408147677325018776e+00
3.809721442885771467e+03 6.416027530381571253e+00
3.816642484969939687e+03 6.423895702238876737e+00
3.823563527054108363e+03 6.431752418045475039e+00
3.830484569138276584e+03 6.439597913612894686e+00
3.837405611222444804e+03 6.447432435517990612e+00
3.844326653306613480e+03 6.455256241205201917e+00
3.851247695390781701e+03 6.463069599088834494e+00
3.858168737474949921e+03 6.470872788655251284e+00
3.865089779559118142e+03 6.478666100565302344e+00
3.872010821643286363e+03 6.486449836756479570e+00
3.878931863727454584e+03 6.494224310545197554e+00
3.885852905811622804e+03 6.501989846729129496e+00
3.892773947895791935e+03 6.509746781689475625e+00
3.899694989979960155e+03 6.517495463493196084e+00
3.906616032064127921e+03 6.525236251995279346e+00
3.913537074148296597e+03 6.532969518941108333e+00
3.920458116232464818e+03 6.540695648068629353e+00
3.927379158316633038e+03 6.548415035210689794e+00
3.934300200400801714e+03 6.556128088397292331e+00
3.941221242484969935e+03 6.563835227957888208e+00
3.948142284569138155e+03 6.571536886623656315e+00
3.955063326653306831e+03 6.579233509629693444e+00
3.961984368737475052e+03 6.586925554817465667e+00
3.968905410821643272e+03 6.594613492736902671e+00
3.975826452905811493e+03 6.602297806748726572e+00
3.982747494989979714e+03 6.609978993126880198e+00
3.989668537074147935e+03 6.617657561160559254e+00
3.996589579158316155e+03 6.625334033256637056e+00
4.003510621242485286e+03 6.633008945041861892e+00
4.010431663326653506e+03 6.640682845465297746e+00
4.017352705410821272e+03 6.648356296900386653e+00
4.024273747494989948e+03 6.656029875247291727e+00
4.031194789579158169e+03 6.663704170035311236e+00
4.038115831663326389e+03 6.690799085000312729e+00
4.099548415423812003e+03 6.765439040695172324e+00
4.160980999184297616e+03 6.840078996390031918e+00
4.222413582944784139e+03 6.914718952084893289e+00
4.283846166705269752e+03 6.989358907779752883e+00
4.345278750465755365e+03 7.063998863474612477e+00
4.406711334226240979e+03 7.138638819169472072e+00
4.468143917986726592e+03 7.213278774864331666e+00
4.529576501747213115e+03 7.287918730559193037e+00
4.591009085507698728e+03 7.362558686254052631e+00
4.652441669268184341e+03 7.437198641948912226e+00
4.713874253028669955e+03 7.511838597643771820e+00
4.775306836789155568e+03 7.586478553338631414e+00
4.836739420549642091e+03 7.661118509033492785e+00
4.898172004310127704e+03 7.735758464728352379e+00
4.959604588070613318e+03 7.810398420423211974e+00
5.021037171831098931e+03 7.885038376118071568e+00
5.082469755591584544e+03 7.959678331812931162e+00
5.143902339352071067e+03 8.034318287507792533e+00
5.205334923112556680e+03 8.108958243202652127e+00
5.266767506873042294e+03 8.183598198897511722e+00
5.328200090633527907e+03 8.258238154592371316e+00
5.389632674394013520e+03 8.332878110287230911e+00
5.451065258154500043e+03 8.407518065982092281e+00
5.512497841914985656e+03 8.482158021676951876e+00
5.573930425675471270e+03 8.556797977371811470e+00
5.635363009435956883e+03 8.631437933066671064e+00
5.696795593196442496e+03 8.706077888761530659e+00
5.758228176956929019e+03 8.780717844456392029e+00
5.819660760717414632e+03 8.855357800151251624e+00
5.881093344477900246e+03 8.929997755846111218e+00
5.942525928238385859e+03 9.004637711540970813e+00
6.003958511998871472e+03 9.079277667235830407e+00
6.065391095759357995e+03 9.153917622930691778e+00
6.126823679519843608e+03 9.228557578625551372e+00
6.188256263280329222e+03 9.303197534320410966e+00
6.249688847040815745e+03 9.377837490015272337e+00
6.311121430801300448e+03 9.452477445710130155e+00
6.372554014561786971e+03 9.527117401404991526e+00
6.433986598322272584e+03 9.601757357099851120e+00
6.495419182082758198e+03 9.676397312794710714e+00
6.556851765843244721e+03 9.751037268489572085e+00
6.618284349603729424e+03 9.825677224184429903e+00
6.679716933364215947e+03 9.900317179879289498e+00
6.741149517124701561e+03 9.974957135574150868e+00
6.802582100885187174e+03 1.004959709126901046e+01
6.864014684645673697e+03 1.012423704696387006e+01
6.925447268406158400e+03 1.019887700265872965e+01
6.986879852166644923e+03 1.027351695835359102e+01
7.048312435927130537e+03 1.034815691404845062e+01
7.109745019687616150e+03 1.042279686974331021e+01
7.171177603448102673e+03 1.049743682543816981e+01
7.232610187208587377e+03 1.057207678113302940e+01
7.294042770969073899e+03 1.064671673682789077e+01
7.355475354729559513e+03 1.072135669252275036e+01
7.416907938490045126e+03 1.079599664821760996e+01
7.478340522250531649e+03 1.087063660391246955e+01
7.539773106011016353e+03 1.094527655960732915e+01
7.601205689771502875e+03 1.101991651530219052e+01
7.662638273531988489e+03 1.109455647099705011e+01
7.724070857292474102e+03 1.116919642669190971e+01
7.785503441052960625e+03 1.124383638238676930e+01
7.846936024813445329e+03 1.131847633808162890e+01
7.908368608573931851e+03 1.139311629377649027e+01
7.969801192334417465e+03 1.146775624947134986e+01
8.031233776094903078e+03 1.154239620516620946e+01
8.092666359855389601e+03 1.161703616086106905e+01
8.154098943615875214e+03 1.169167611655592864e+01
8.215531527376360827e+03 1.176631607225079001e+01
8.276964111136847350e+03 1.184095602794564961e+01
8.338396694897332054e+03 1.191559598364050920e+01
8.399829278657816758e+03 1.199023593933536702e+01
8.461261862418305100e+03 1.206487589503023017e+01
8.522694446178789804e+03 1.213951585072508976e+01
8.584127029939274507e+03 1.221415580641994758e+01
8.645559613699761030e+03 1.228879576211480895e+01
8.706992197460247553e+03 1.236343571780966855e+01
8.768424781220732257e+03 1.243807567350452814e+01
8.829857364981218780e+03 1.251271562919938951e+01
8.891289948741705302e+03 1.258735558489424911e+01
8.952722532502190006e+03 1.266199554058910870e+01
9.014155116262674710e+03 1.273663549628396652e+01
9.075587700023163052e+03 1.281127545197882966e+01
9.137020283783647756e+03 1.288591540767368926e+01
9.198452867544132459e+03 1.296055536336854708e+01
9.259885451304618982e+03 1.303519531906340845e+01
9.321318035065105505e+03 1.310983527475826804e+01
9.382750618825590209e+03 1.318447523045312764e+01
9.444183202586076732e+03 1.325911518614798901e+01
9.505615786346563254e+03 1.333375514184284860e+01
9.567048370107047958e+03 1.340839509753770820e+01
9.628480953867532662e+03 1.348303505323256601e+01
9.689913537628021004e+03 1.355767500892742916e+01
9.751346121388505708e+03 1.363231496462228876e+01
9.812778705148990412e+03 1.370695492031714657e+01
9.874211288909476934e+03 1.378159487601200794e+01
9.935643872669963457e+03 1.385623483170686754e+01
9.997076456430448161e+03 1.393087478740172713e+01
1.005850904019093468e+04 1.400551474309658850e+01
1.011994162395142121e+04 1.408015469879144810e+01
1.018137420771190591e+04 1.415479465448630769e+01
1.024280679147239243e+04 1.422943461018116729e+01
1.030423937523287896e+04 1.430407456587602866e+01
1.036567195899336366e+04 1.437871452157088825e+01
1.042710454275384836e+04 1.445335447726574607e+01
1.048853712651433489e+04 1.452799443296060744e+01
1.054996971027482141e+04 1.460263438865546703e+01
1.061140229403530611e+04 1.467727434435032663e+01
1.067283487779579264e+04 1.475191430004518800e+01
1.073426746155627916e+04 1.482655425574004759e+01
1.079570004531676386e+04 1.490119421143490719e+01
1.085713262907725039e+04 1.497583416712976678e+01
1.091856521283773691e+04 1.505047412282462815e+01
1.097999779659822161e+04 1.512511407851948775e+01
1.104143038035870632e+04 1.519975403421434557e+01
1.110286296411919284e+04 1.527439398990920694e+01
1.116429554787967936e+04 1.534903394560406653e+01
1.122572813164016407e+04 1.542367390129892613e+01
1.128716071540065059e+04 1.549831385699378750e+01
1.134859329916113711e+04 1.557295381268864709e+01
1.141002588292162181e+04 1.564759376838350668e+01
1.147145846668210834e+04 1.572223372407836628e+01
1.153289105044259486e+04 1.579687367977322765e+01
1.159432363420307956e+04 1.587151363546808724e+01
1.165575621796356427e+04 1.594615359116294506e+01
1.171718880172405079e+04 1.602079354685780643e+01
1.177862138548453731e+04 1.609543350255266603e+01
1.184005396924502202e+04 1.617007345824752562e+01
1.190148655300550854e+04 1.624471341394238877e+01
1.196291913676599506e+04 1.631935336963724836e+01
1.202435172052647977e+04 1.639399332533210796e+01
1.208578430428696629e+04 1.646863328102696755e+01
1.214721688804745281e+04 1.654327323672182715e+01
1.220864947180793752e+04 1.661791319241668674e+01
1.227008205556842404e+04 1.669255314811154634e+01
1.233151463932890874e+04 1.676719310380640593e+01
1.239294722308939527e+04 1.684183305950126908e+01
1.245437980684987997e+04 1.691647301519612512e+01
1.251581239061036649e+04 1.699111297089098827e+01
1.257724497437085301e+04 1.706575292658584786e+01
1.263867755813133772e+04 1.714039288228070745e+01
1.270011014189182424e+04 1.721503283797556705e+01
1.276154272565230895e+04 1.728967279367042664e+01
1.282297530941279547e+04 1.736431274936528624e+01
1.288440789317328199e+04 1.743895270506014583e+01
1.294584047693376669e+04 1.751359266075500543e+01
1.300727306069425322e+04 1.758823261644986857e+01
1.306870564445473792e+04 1.766287257214472461e+01
1.313013822821522444e+04 1.773751252783958776e+01
1.319157081197571097e+04 1.781215248353444736e+01
1.325300339573619567e+04 1.788679243922930695e+01
1.331443597949668219e+04 1.796143239492416654e+01
1.337586856325716690e+04 1.803607235061902614e+01
1.343730114701765342e+04 1.811071230631388573e+01
1.349873373077813994e+04 1.818535226200874888e+01
1.356016631453862465e+04 1.825999221770360492e+01
1.362159889829911117e+04 1.833463217339846807e+01
1.368303148205959587e+04 1.840927212909332766e+01
1.374446406582008240e+04 1.848391208478818726e+01
1.380589664958056892e+04 1.855855204048304685e+01
1.386732923334105362e+04 1.863319199617790645e+01
1.392876181710154015e+04 1.870783195187276604e+01
1.399019440086202485e+04 1.878247190756762564e+01
1.405162698462251137e+04 1.885711186326248523e+01
1.411305956838299790e+04 1.893175181895734838e+01
1.417449215214348260e+04 1.900639177465220442e+01
1.423592473590396912e+04 1.908103173034706757e+01
1.429735731966445383e+04 1.915567168604192716e+01
1.435878990342494035e+04 1.923031164173678675e+01
1.442022248718542687e+04 1.930495159743164635e+01
1.448165507094591158e+04 1.937959155312650594e+01
1.454308765470639810e+04 1.945423150882136554e+01
1.460452023846688280e+04 1.952887146451622513e+01
1.466595282222736932e+04 1.960351142021108473e+01
1.472738540598785585e+04 1.967815137590594787e+01
1.478881798974834055e+04 1.975279133160080391e+01
1.485025057350882707e+04 1.982743128729566706e+01
1.491168315726931178e+04 1.990207124299052666e+01
1.497311574102979830e+04 1.997671119868538625e+01
1.503454832479028482e+04 2.005135115438024584e+01
1.509598090855076953e+04 2.012599111007510544e+01
1.515741349231125605e+04 2.020063106576996503e+01
1.521884607607174075e+04 2.027527102146482463e+01
1.528027865983222728e+04 2.034991097715968422e+01
1.534171124359271380e+04 2.042455093285454737e+01
1.540314382735319850e+04 2.049919088854940341e+01
1.546457641111368503e+04 2.057383084424426656e+01
1.552600899487416973e+04 2.064847079993912615e+01
1.558744157863465625e+04 2.072311075563398575e+01
1.564887416239514278e+04 2.079775071132884534e+01
1.571030674615562748e+04 2.087239066702370494e+01
1.577173932991611400e+04 2.094703062271856453e+01
1.583317191367660052e+04 2.102167057841342768e+01
1.589460449743708523e+04 2.109631053410828372e+01
1.595603708119757175e+04 2.117095048980314687e+01
1.601746966495805646e+04 2.124559044549800291e+01
1.607890224871854298e+04 2.132023040119286605e+01
1.614033483247902950e+04 2.139487035688772565e+01
1.620176741623951420e+04 2.146951031258258524e+01
1.626320000000000073e+04 2.154415026827744484e+01
