6.002450000000000045e+02 8.060806494550121215e-02
6.071918036072145242e+02 1.373716253834820211e-01
6.141386072144288164e+02 1.935580962619678491e-01
6.210854108216432223e+02 2.491719124612956637e-01
6.280322144288577420e+02 3.042174895342422136e-01
6.349790180360721479e+02 3.586992237386246174e-01
6.419258216432865538e+02 4.126214920698936250e-01
6.488726252505009597e+02 4.659886522937317643e-01
6.558194288577154794e+02 5.188050429786486006e-01
6.627662324649298853e+02 5.710749835285759968e-01
6.697130360721442912e+02 6.228027742154649271e-01
6.766598396793586971e+02 6.739926962118845122e-01
6.836066432865732168e+02 7.246490116236126156e-01
6.905534468937875090e+02 7.747759635222370989e-01
6.975002505010020286e+02 8.243777759777497494e-01
7.044470541082164345e+02 8.734586540911410957e-01
7.113938577154308405e+02 9.220227840270001085e-01
7.183406613226452464e+02 9.700743330461076841e-01
7.252874649298596523e+02 1.017617449538033458e+00
7.322342685370741719e+02 1.064656263053732843e+00
7.391810721442884642e+02 1.111194884338141176e+00
7.461278757515029838e+02 1.157237405362772975e+00
7.530746793587175034e+02 1.202787899358316093e+00
7.600214829659319093e+02 1.247850420847226083e+00
7.669682865731463153e+02 1.292429005676326792e+00
7.739150901803607212e+02 1.336527671049403621e+00
7.808618937875751271e+02 1.380150415559799670e+00
7.878086973947896468e+02 1.423301219223014336e+00
7.947555010020039390e+02 1.465984043509297008e+00
8.017023046092184586e+02 1.508202831376241448e+00
8.086491082164328645e+02 1.549961507301389485e+00
8.155959118236473842e+02 1.591263977314817168e+00
8.225427154308616764e+02 1.632114129031740246e+00
8.294895190380761960e+02 1.672515831685103427e+00
8.364363226452906019e+02 1.712472936158180081e+00
8.433831262525050079e+02 1.751989275017168390e+00
8.503299298597194138e+02 1.791068662543785273e+00
8.572767334669338197e+02 1.829714894767866085e+00
8.642235370741483393e+02 1.867931749499955885e+00
8.711703406813626316e+02 1.905722986363910909e+00
8.781171442885771512e+02 1.943092346829492278e+00
8.850639478957916708e+02 1.980043554244960813e+00
8.920107515030059631e+02 2.016580313869676733e+00
8.989575551102203690e+02 2.052706312906690478e+00
9.059043587174348886e+02 2.088425220535348181e+00
9.128511623246492945e+02 2.123740687943873162e+00
9.197979659318638141e+02 2.158656348361980282e+00
9.267447695390781064e+02 2.193175817093453883e+00
9.336915731462926260e+02 2.227302691548759928e+00
9.406383767535069182e+02 2.261040551277629262e+00
9.475851803607214379e+02 2.294392958001666205e+00
9.545319839679358438e+02 2.327363455646930035e+00
9.614787875751503634e+02 2.359955570376547573e+00
9.684255911823647693e+02 2.392172810623293344e+00
9.753723947895791753e+02 2.424018667122199489e+00
9.823191983967935812e+02 2.455496612943141255e+00
9.892660020040079871e+02 2.486610103523441140e+00
9.962128056112223931e+02 2.517362576700459265e+00
1.003159609218436799e+03 2.547757452744194850e+00
1.010106412825651319e+03 2.577798134389878371e+00
1.017053216432865725e+03 2.607488006870567254e+00
1.024000020040080017e+03 2.636830437949745143e+00
1.030946823647294423e+03 2.665828777953918038e+00
1.037893627254509056e+03 2.694486359805207787e+00
1.044840430861723235e+03 2.722806499053948670e+00
1.051787234468937868e+03 2.750792493911287107e+00
1.058734038076152274e+03 2.778447625281773803e+00
1.065680841683366680e+03 2.805775156795959902e+00
1.072627645290581313e+03 2.832778334842998014e+00
1.079574448897795492e+03 2.859460388603231262e+00
1.086521252505010125e+03 2.885824530080798311e+00
1.093468056112224303e+03 2.911873954136220188e+00
1.100414859719438937e+03 2.937611838519002649e+00
1.107361663326653343e+03 2.963041343900230551e+00
1.114308466933867749e+03 2.988165613905163109e+00
1.121255270541082155e+03 3.012987775145830049e+00
1.128202074148296560e+03 3.037510937253633525e+00
1.135148877755510966e+03 3.061738192911932277e+00
1.142095681362725372e+03 3.085672617888651992e+00
1.149042484969939778e+03 3.109317271068871680e+00
1.155989288577154184e+03 3.132675194487420711e+00
1.162936092184368817e+03 3.155749413361479849e+00
1.169882895791583223e+03 3.178542936123174734e+00
1.176829699398797402e+03 3.201058754452167143e+00
1.183776503006012035e+03 3.223299843308262247e+00
1.190723306613226441e+03 3.245269160963997646e+00
1.197670110220440847e+03 3.266969649037235968e+00
1.204616913827655253e+03 3.288404232523769011e+00
1.211563717434869659e+03 3.309575819829909893e+00
1.218510521042084292e+03 3.330487302805090533e+00
1.225457324649298698e+03 3.351141556774455577e+00
1.232404128256513104e+03 3.371541440571459880e+00
1.239350931863727510e+03 3.391689796570465543e+00
1.246297735470941916e+03 3.411589450719338057e+00
1.253244539078156322e+03 3.431243212572042012e+00
1.260191342685370728e+03 3.450653875321232800e+00
1.267138146292585134e+03 3.469824215830867864e+00
1.274084949899799540e+03 3.488756994668779310e+00
1.281031753507013946e+03 3.507454956139291369e+00
1.287978557114228352e+03 3.525920828315802780e+00
1.294925360721442757e+03 3.544157323073396260e+00
1.301872164328657163e+03 3.562167136121418221e+00
1.308818967935871569e+03 3.579952947036086019e+00
1.315765771543086203e+03 3.597517419293086771e+00
1.322712575150300609e+03 3.614863200300158841e+00
1.329659378757515015e+03 3.631992921429708865e+00
1.336606182364729420e+03 3.648909198051387026e+00
1.343552985971943826e+03 3.665614629564696969e+00
1.350499789579158232e+03 3.682111799431587063e+00
1.357446593186372638e+03 3.698403275209049657e+00
1.364393396793587272e+03 3.714491608581715010e+00
1.371340200400801677e+03 3.730379335394445217e+00
1.378287004008016083e+03 3.746068975684929026e+00
1.385233807615230489e+03 3.761563033716289084e+00
1.392180611222444895e+03 3.776863998009666545e+00
1.399127414829659301e+03 3.791974341376823432e+00
1.406074218436873707e+03 3.806896520952735674e+00
1.413021022044088113e+03 3.821632978228191480e+00
1.419967825651302519e+03 3.836186139082383928e+00
1.426914629258516925e+03 3.850558413815512449e+00
1.433861432865731331e+03 3.864752197181373639e+00
1.440808236472945737e+03 3.878769868419964073e+00
1.447755040080160143e+03 3.892613791290064462e+00
1.454701843687374549e+03 3.906286314101855783e+00
1.461648647294589182e+03 3.919789769749494113e+00
1.468595450901803588e+03 3.933126475743720984e+00
1.475542254509017994e+03 3.946298734244450657e+00
1.482489058116232627e+03 3.959308832093373365e+00
1.489435861723447033e+03 3.972159040846550138e+00
1.496382665330661212e+03 3.984851616807004948e+00
1.503329468937875617e+03 3.997388801057319085e+00
1.510276272545090251e+03 4.009772819492242846e+00
1.517223076152304657e+03 4.022005882851271252e+00
1.524169879759519063e+03 4.034090186751252638e+00
1.531116683366733469e+03 4.046027911718980796e+00
1.538063486973947875e+03 4.057821223223793794e+00
1.545010290581162280e+03 4.069472271710163014e+00
1.551957094188376686e+03 4.080983192630307954e+00
1.558903897795591092e+03 4.092356106476763067e+00
1.565850701402805498e+03 4.103593118815000551e+00
1.572797505010019904e+03 4.114696320316011402e+00
1.579744308617234537e+03 4.125667786788911329e+00
1.586691112224448716e+03 4.136509579213523580e+00
1.593637915831663349e+03 4.147223743772990190e+00
1.600584719438877528e+03 4.157812311886356582e+00
1.607531523046092161e+03 4.168277300241184591e+00
1.614478326653306567e+03 4.178620710826118412e+00
1.621425130260520973e+03 4.188844530963509172e+00
1.628371933867735606e+03 4.198950733342003971e+00
1.635318737474950012e+03 4.208941276049133151e+00
1.642265541082164418e+03 4.218818102603915321e+00
1.649212344689378597e+03 4.228583141989446403e+00
1.656159148296593230e+03 4.238238308685506439e+00
1.663105951903807636e+03 4.247785502701145077e+00
1.670052755511022042e+03 4.257226609607279499e+00
1.676999559118236448e+03 4.266563500569303891e+00
1.683946362725450854e+03 4.275798032379661606e+00
1.690893166332665260e+03 4.284932047490461748e+00
1.697839969939879666e+03 4.293967374046070873e+00
1.704786773547094072e+03 4.302905825915702920e+00
1.711733577154308477e+03 4.311749202726009145e+00
1.718680380761522883e+03 4.320499289893705352e+00
1.725627184368737517e+03 4.329157858658131630e+00
1.732573987975951923e+03 4.337726666113860929e+00
1.739520791583166329e+03 4.346207455243318307e+00
1.746467595190380734e+03 4.354601954949336218e+00
1.753414398797594913e+03 4.362911880087777305e+00
1.760361202404809546e+03 4.371138931500127001e+00
1.767308006012023952e+03 4.379284796046087003e+00
1.774254809619238586e+03 4.387351146636171428e+00
1.781201613226452992e+03 4.395339642264304736e+00
1.788148416833667170e+03 4.403251928040411656e+00
1.795095220440881576e+03 4.411089635223024885e+00
1.802042024048096209e+03 4.418854381251870578e+00
1.808988827655310615e+03 4.426547769780471597e+00
1.815935631262525021e+03 4.434171390708737448e+00
1.822882434869739427e+03 4.441726820215562199e+00
1.829829238476953833e+03 4.449215620791433068e+00
1.836776042084168239e+03 4.456639341270999921e+00
1.843722845691382872e+03 4.463999516865703399e+00
1.850669649298597278e+03 4.471297669196337310e+00
1.857616452905811911e+03 4.478535306325678533e+00
1.864563256513025863e+03 4.485713922791061847e+00
1.871510060120240269e+03 4.492834999636976079e+00
1.878456863727454902e+03 4.499900004447676238e+00
1.885403667334669080e+03 4.506910391379760128e+00
1.892350470941883486e+03 4.513867601194771595e+00
1.899297274549097892e+03 4.520773061291812667e+00
1.906244078156312526e+03 4.527628185740106836e+00
1.913190881763526932e+03 4.534434375311636956e+00
1.920137685370741565e+03 4.541193017513691643e+00
1.927084488977955971e+03 4.547905486621509397e+00
1.934031292585170377e+03 4.554573143710847205e+00
1.940978096192384783e+03 4.561197336690581139e+00
1.947924899799599189e+03 4.567779400335311379e+00
1.954871703406813594e+03 4.574320656317937051e+00
1.961818507014028000e+03 4.580822413242287894e+00
1.968765310621242406e+03 4.587285966675683113e+00
1.975712114228456812e+03 4.593712599181548839e+00
1.982658917835671218e+03 4.600103580352010724e+00
1.989605721442885624e+03 4.606460166840493642e+00
1.996552525050100030e+03 4.612783602394305404e+00
2.003499328657314436e+03 4.619075117887243564e+00
2.010446132264528842e+03 4.625335931352189789e+00
2.017392935871743248e+03 4.631567248013707783e+00
2.024339739478957881e+03 4.637770260320625226e+00
2.031286543086172287e+03 4.643946147978649464e+00
2.038233346693386920e+03 4.650096077982967202e+00
2.045180150300601326e+03 4.656221204650812240e+00
2.052126953907815732e+03 4.662322669654081153e+00
2.059073757515030138e+03 4.668401602051933885e+00
2.066020561122244544e+03 4.674459118323376572e+00
2.072967364729458950e+03 4.680496322399868347e+00
2.079914168336673356e+03 4.686514305697913052e+00
2.086860971943887307e+03 4.692514147151646497e+00
2.093807775551102168e+03 4.698496913245465478e+00
2.100754579158316574e+03 4.704463658046570629e+00
2.107701382765530980e+03 4.710415423237612309e+00
2.114648186372745386e+03 4.716353238149256555e+00
2.121594989979959792e+03 4.722278119792803430e+00
2.128541793587174197e+03 4.728191072892759195e+00
2.135488597194388603e+03 4.734093089919443997e+00
2.142435400801603464e+03 4.739985151121603124e+00
2.149382204408817415e+03 4.745868224558972059e+00
2.156329008016032276e+03 4.751743266134903720e+00
2.163275811623246227e+03 4.757611219628934407e+00
2.170222615230461088e+03 4.763473016729413700e+00
2.177169418837675039e+03 4.769329577066063308e+00
2.184116222444889900e+03 4.775181808242609627e+00
2.191063026052103851e+03 4.781030605869354133e+00
2.198009829659318711e+03 4.786876853595785519e+00
2.204956633266532663e+03 4.792721423143155413e+00
2.211903436873747523e+03 4.798565174337101169e+00
2.218850240480961929e+03 4.804408955140226034e+00
2.225797044088176335e+03 4.810253601684694402e+00
2.232743847695390741e+03 4.816099938304835959e+00
2.239690651302605147e+03 4.821948777569721400e+00
2.246637454909819553e+03 4.827800920315807431e+00
2.253584258517033959e+03 4.833657155679475181e+00
2.260531062124248820e+03 4.839518261129652998e+00
2.267477865731462771e+03 4.845385002500416149e+00
2.274424669338677631e+03 4.851258134023587409e+00
2.281371472945891583e+03 4.857138398361309228e+00
2.288318276553106443e+03 4.863026526638655866e+00
2.295265080160320394e+03 4.868923238476240201e+00
2.302211883767534800e+03 4.874829242022787668e+00
2.309158687374749206e+03 4.880745233987742182e+00
2.316105490981964067e+03 4.886671899673867614e+00
2.323052294589178018e+03 4.892609913009833278e+00
2.329999098196392879e+03 4.898559936582834951e+00
2.336945901803607285e+03 4.904522621671148386e+00
2.343892705410821691e+03 4.910498608276755661e+00
2.350839509018036097e+03 4.916488525157944878e+00
2.357786312625250503e+03 4.922492989861890322e+00
2.364733116232464909e+03 4.928512608757246838e+00
2.371679919839679314e+03 4.934547977066767288e+00
2.378626723446893720e+03 4.940599678899882718e+00
2.385573527054108126e+03 4.946668287285294952e+00
2.392520330661322532e+03 4.952754364203583393e+00
2.399467134268536938e+03 4.958858460619799402e+00
2.406413937875751344e+03 4.964981116516048232e+00
2.413360741482965750e+03 4.971122860924118037e+00
2.420307545090180156e+03 4.977284211958035165e+00
2.427254348697394562e+03 4.983465676846684289e+00
2.434201152304608968e+03 4.989667751966412546e+00
2.441147955911823829e+03 4.995890922873597262e+00
2.448094759519038234e+03 5.002135664337277632e+00
2.455041563126252640e+03 5.008402440371709119e+00
2.461988366733467046e+03 5.014691704268999572e+00
2.468935170340680997e+03 5.021003898631683171e+00
2.475881973947895858e+03 5.027339455405313018e+00
2.482828777555109809e+03 5.033698795911082158e+00
2.489775581162324670e+03 5.040082330878394856e+00
2.496722384769539076e+03 5.046490460477472517e+00
2.503669188376753482e+03 5.052923574351945391e+00
2.510615991983967888e+03 5.059382051651454937e+00
2.517562795591182294e+03 5.065866261064249088e+00
2.524509599198396700e+03 5.072376560849767735e+00
2.531456402805611106e+03 5.078913298871270854e+00
2.538403206412825512e+03 5.085476812628380472e+00
2.545350010020039917e+03 5.092067429289729219e+00
2.552296813627254323e+03 5.098685465725534272e+00
2.559243617234469184e+03 5.105331228540180177e+00
2.566190420841683590e+03 5.112005014104845202e+00
2.573137224448897541e+03 5.118707108590067278e+00
2.580084028056112402e+03 5.125437787998373906e+00
2.587030831663326353e+03 5.132197318196840996e+00
2.593977635270541214e+03 5.138985954949722768e+00
2.600924438877755165e+03 5.145803943951008819e+00
2.607871242484969571e+03 5.152651520857071787e+00
2.614818046092184431e+03 5.159528911319222644e+00
2.621764849699398837e+03 5.166436331016306838e+00
2.628711653306613243e+03 5.173373985687335974e+00
2.635658456913827649e+03 5.180342071164050211e+00
2.642605260521042055e+03 5.187340773403523286e+00
2.649552064128256461e+03 5.194370268520774658e+00
2.656498867735470867e+03 5.201430722821337227e+00
2.663445671342685273e+03 5.208522292833861478e+00
2.670392474949899679e+03 5.215645125342751598e+00
2.677339278557114085e+03 5.222799357420697675e+00
2.684286082164328946e+03 5.229985116461314476e+00
2.691232885771542897e+03 5.237202520211724277e+00
2.698179689378757303e+03 5.244451676805145013e+00
2.705126492985971709e+03 5.251732684793525507e+00
2.712073296593186114e+03 5.259045633180083001e+00
2.719020100200400520e+03 5.266390601451945486e+00
2.725966903807614926e+03 5.273767659612710546e+00
2.732913707414829787e+03 5.281176868215087694e+00
2.739860511022044193e+03 5.288618278393468763e+00
2.746807314629258599e+03 5.296091931896488525e+00
2.753754118236473005e+03 5.303597861119688339e+00
2.760700921843687411e+03 5.311136089138090988e+00
2.767647725450901817e+03 5.318706629738750635e+00
2.774594529058115768e+03 5.326309487453405822e+00
2.781541332665330629e+03 5.333944657591061400e+00
2.788488136272544580e+03 5.341612126270559813e+00
2.795434939879759440e+03 5.349311870453218987e+00
2.802381743486973846e+03 5.357043857975384071e+00
2.809328547094188252e+03 5.364808047581046679e+00
2.816275350701402658e+03 5.372604388954449917e+00
2.823222154308617064e+03 5.380432822752662325e+00
2.830168957915831470e+03 5.388293280638196237e+00
2.837115761523045876e+03 5.396185685311580826e+00
2.844062565130260282e+03 5.404109950543992014e+00
2.851009368737475143e+03 5.412065981209799759e+00
2.857956172344689548e+03 5.420053673319210397e+00
2.864902975951903954e+03 5.428072914050833475e+00
2.871849779559118360e+03 5.436123581784306324e+00
2.878796583166332312e+03 5.444205546132851126e+00
2.885743386773547172e+03 5.452318667975900368e+00
2.892690190380761123e+03 5.460462799491689445e+00
2.899636993987975529e+03 5.468637784189843032e+00
2.906583797595189935e+03 5.476843456943974786e+00
2.913530601202404796e+03 5.485079644024301260e+00
2.920477404809619202e+03 5.493346163130205184e+00
2.927424208416833608e+03 5.501642823422862705e+00
2.934371012024048014e+03 5.509969425557804001e+00
2.941317815631262420e+03 5.518325761717546740e+00
2.948264619238476826e+03 5.526711615644188669e+00
2.955211422845691231e+03 5.535126762671973566e+00
2.962158226452905637e+03 5.543570969759892719e+00
2.969105030060120043e+03 5.552043995524327258e+00
2.976051833667334904e+03 5.560545590271598115e+00
2.982998637274548855e+03 5.569075496030565731e+00
2.989945440881763716e+03 5.577633446585253729e+00
2.996892244488977667e+03 5.586219167507397998e+00
3.003839048096192528e+03 5.594832376189106782e+00
3.010785851703406479e+03 5.603472781875394659e+00
3.017732655310620885e+03 5.612140085696831093e+00
3.024679458917835291e+03 5.620833980702077071e+00
3.031626262525050151e+03 5.629554151890561187e+00
3.038573066132264557e+03 5.638300276244976317e+00
3.045519869739478963e+03 5.647072022763987675e+00
3.052466673346693369e+03 5.655869052494731264e+00
3.059413476953907775e+03 5.664691018565459757e+00
3.066360280561121726e+03 5.673537566218133321e+00
3.073307084168336587e+03 5.682408332841026422e+00
3.080253887775550538e+03 5.691302948001267126e+00
3.087200691382765399e+03 5.700221033477521182e+00
3.094147494989980260e+03 5.709162203292498461e+00
3.101094298597194211e+03 5.718126063745636145e+00
3.108041102204409071e+03 5.727112213445636257e+00
3.114987905811623023e+03 5.736120243343052927e+00
3.121934709418837429e+03 5.745149736762948933e+00
3.128881513026051834e+03 5.754200269437457216e+00
3.135828316633266240e+03 5.763271409538313961e+00
3.142775120240480646e+03 5.772362717709595969e+00
3.149721923847695507e+03 5.781473747100193350e+00
3.156668727454909913e+03 5.790604043396470502e+00
3.163615531062124319e+03 5.799753144854811637e+00
3.170562334669338270e+03 5.808920582334277327e+00
3.177509138276553131e+03 5.818105879329156238e+00
3.184455941883767082e+03 5.827308552001593256e+00
3.191402745490981943e+03 5.836528109214144777e+00
3.198349549098195894e+03 5.845764052562406832e+00
3.205296352705410754e+03 5.855015876407586362e+00
3.212243156312625615e+03 5.864283067909154212e+00
3.219189959919839566e+03 5.873565107057350687e+00
3.226136763527053972e+03 5.882861466705881170e+00
3.233083567134268378e+03 5.892171612604435005e+00
3.240030370741482784e+03 5.901495003431291408e+00
3.246977174348697190e+03 5.910831090825974243e+00
3.253923977955911596e+03 5.920179319421787767e+00
3.260870781563126457e+03 5.929539126878418109e+00
3.267817585170340863e+03 5.938909943914591594e+00
3.274764388777554814e+03 5.948291194340568744e+00
3.281711192384769674e+03 5.957682295090803493e+00
3.288657995991983626e+03 5.967082656256563311e+00
3.295604799599198486e+03 5.976491681118471178e+00
3.302551603206412437e+03 5.985908766179132812e+00
3.309498406813627298e+03 5.995333301195708842e+00
3.316445210420841249e+03 6.004764669212537598e+00
3.323392014028056110e+03 6.014202246593729484e+00
3.330338817635270516e+03 6.023645403055702729e+00
3.337285621242484922e+03 6.033093501699922534e+00
3.344232424849699328e+03 6.042545899045316915e+00
3.351179228456913734e+03 6.052001945060984767e+00
3.358126032064128140e+03 6.061460983198802666e+00
3.365072835671342546e+03 6.070922350425934866e+00
3.372019639278556497e+03 6.080385377257536916e+00
3.378966442885771357e+03 6.089849387789239898e+00
3.385913246492986218e+03 6.099313699729853155e+00
3.392860050100200169e+03 6.108777624433864517e+00
3.399806853707415030e+03 6.118240466934132371e+00
3.406753657314628981e+03 6.127701525974362795e+00
3.413700460921843842e+03 6.137160094041827385e+00
3.420647264529057793e+03 6.146615457399908777e+00
3.427594068136272199e+03 6.156066896120675480e+00
3.434540871743486605e+03 6.165513684117485127e+00
3.441487675350701466e+03 6.174955089177611711e+00
3.448434478957915871e+03 6.184390372994835516e+00
3.455381282565130277e+03 6.193818791201989526e+00
3.462328086172344683e+03 6.203239593403644392e+00
3.469274889779559089e+03 6.212652023208578456e+00
3.476221693386773040e+03 6.222055318262510681e+00
3.483168496993987901e+03 6.231448710280619530e+00
3.490115300601201852e+03 6.240831425080141770e+00
3.497062104208416713e+03 6.250202682612991723e+00
3.504008907815631574e+03 6.259561696998337865e+00
3.510955711422845525e+03 6.268907676555228292e+00
3.517902515030060385e+03 6.278239823835141564e+00
3.524849318637274337e+03 6.287557335654605950e+00
3.531796122244488743e+03 6.296859403127839983e+00
3.538742925851703149e+03 6.306145211699248243e+00
3.545689729458917554e+03 6.315413941176102774e+00
3.552636533066131960e+03 6.324664765761111695e+00
3.559583336673346821e+03 6.333896854085028671e+00
3.566530140280561227e+03 6.343109369239213535e+00
3.573476943887775633e+03 6.352301468808262186e+00
3.580423747494989584e+03 6.361472304902598296e+00
3.587370551102204445e+03 6.370621024191022386e+00
3.594317354709418396e+03 6.379746767933427876e+00
3.601264158316633257e+03 6.388848672013208940e+00
3.608210961923847208e+03 6.397925866970087583e+00
3.615157765531062068e+03 6.406977478032471751e+00
3.622104569138276929e+03 6.416002625150246885e+00
3.629051372745490880e+03 6.425000423027281471e+00
3.635998176352705286e+03 6.433969981153996542e+00
3.642944979959919692e+03 6.442910403840027556e+00
3.649891783567134098e+03 6.451820790246799220e+00
3.656838587174348504e+03 6.460700234420121646e+00
3.663785390781562910e+03 6.469547825322727874e+00
3.670732194388777316e+03 6.478362646866951735e+00
3.677678997995992177e+03 6.487143777947322221e+00
3.684625801603206128e+03 6.495890292473117000e+00
3.691572605210420988e+03 6.504601259400971003e+00
3.698519408817634940e+03 6.513275742767440590e+00
3.705466212424849800e+03 6.521912801721672537e+00
3.712413016032063751e+03 6.530511490557982412e+00
3.719359819639278612e+03 6.539070858748379678e+00
3.726306623246492563e+03 6.547589950975265083e+00
3.733253426853707424e+03 6.556067807163913130e+00
3.740200230460921830e+03 6.564503462515178356e+00
3.747147034068136236e+03 6.572895947538029304e+00
3.754093837675350642e+03 6.581244288082190863e+00
3.761040641282565048e+03 6.589547505370653369e+00
3.767987444889779454e+03 6.597804616032373559e+00
3.774934248496993860e+03 6.606014632134799669e+00
3.781881052104207811e+03 6.614176561216488892e+00
3.788827855711422671e+03 6.622289406319712413e+00
3.795774659318637532e+03 6.630352166023071092e+00
3.802721462925851483e+03 6.638363834473985037e+00
3.809668266533066344e+03 6.646323401421462052e+00
3.816615070140280295e+03 6.654229852248517929e+00
3.823561873747495156e+03 6.662082168004939575e+00
3.830508677354709107e+03 6.669879325439735496e+00
3.837455480961923513e+03 6.677620297033827867e+00
3.844402284569137919e+03 6.685304051032602501e+00
3.851349088176352780e+03 6.692929551478460581e+00
3.858295891783567185e+03 6.700495758243610211e+00
3.865242695390781591e+03 6.708001627062399663e+00
3.872189498997995997e+03 6.715446109564066290e+00
3.879136302605210403e+03 6.722828153305346888e+00
3.886083106212424354e+03 6.730146701802949494e+00
3.893029909819639215e+03 6.737400694566341386e+00
3.899976713426853166e+03 6.744589067130172921e+00
3.906923517034068027e+03 6.751710751086912765e+00
3.913870320641282888e+03 6.758764674119504434e+00
3.920817124248496839e+03 6.765749760033937577e+00
3.927763927855711700e+03 6.772664928791773065e+00
3.934710731462925651e+03 6.779509096542872371e+00
3.941657535070140057e+03 6.786281175657849829e+00
3.948604338677354463e+03 6.792980074760812670e+00
3.955551142284568868e+03 6.799604698761790189e+00
3.962497945891783274e+03 6.806153948889507532e+00
3.969444749498998135e+03 6.812626722723885919e+00
3.976391553106212541e+03 6.819021914228585501e+00
3.983338356713426947e+03 6.825338413783740066e+00
3.990285160320640898e+03 6.831575108218444825e+00
3.997231963927855759e+03 6.837730880843361447e+00
4.004178767535069710e+03 6.843804611483390588e+00
4.011125571142284571e+03 6.849795176510214745e+00
4.018072374749498522e+03 6.855701448874848225e+00
4.025019178356713383e+03 6.861522298140322107e+00
4.031965981963927788e+03 6.867256590514230652e+00
4.038912785571142194e+03 6.898177245563376303e+00
4.100359454990382801e+03 6.973176448001587424e+00
4.161806124409623408e+03 7.048175650439798545e+00
4.223252793828864014e+03 7.123174852878009666e+00
4.284699463248103712e+03 7.198174055316219899e+00
4.346146132667344318e+03 7.273173257754430132e+00
4.407592802086584925e+03 7.348172460192641253e+00
4.469039471505825531e+03 7.423171662630852374e+00
4.530486140925066138e+03 7.498170865069063495e+00
4.591932810344306745e+03 7.573170067507274617e+00
4.653379479763547351e+03 7.648169269945485738e+00
4.714826149182787958e+03 7.723168472383696859e+00
4.776272818602028565e+03 7.798167674821907980e+00
4.837719488021268262e+03 7.873166877260118213e+00
4.899166157440508869e+03 7.948166079698329334e+00
4.960612826859749475e+03 8.023165282136540455e+00
5.022059496278990082e+03 8.098164484574752464e+00
5.083506165698230689e+03 8.173163687012962697e+00
5.144952835117471295e+03 8.248162889451172930e+00
5.206399504536711902e+03 8.323162091889384939e+00
5.267846173955951599e+03 8.398161294327595172e+00
5.329292843375193115e+03 8.473160496765807181e+00
5.390739512794432812e+03 8.548159699204017414e+00
5.452186182213673419e+03 8.623158901642227647e+00
5.513632851632914026e+03 8.698158104080439657e+00
5.575079521052154632e+03 8.773157306518649889e+00
5.636526190471395239e+03 8.848156508956861899e+00
5.697972859890634936e+03 8.923155711395070355e+00
5.759419529309876452e+03 8.998154913833284141e+00
5.820866198729116149e+03 9.073154116271492597e+00
5.882312868148356756e+03 9.148153318709704607e+00
5.943759537567597363e+03 9.223152521147914840e+00
6.005206206986837969e+03 9.298151723586126849e+00
6.066652876406078576e+03 9.373150926024337082e+00
6.128099545825319183e+03 9.448150128462549091e+00
6.189546215244559789e+03 9.523149330900759324e+00
6.250992884663799487e+03 9.598148533338969557e+00
6.312439554083041003e+03 9.673147735777181566e+00
6.373886223502280700e+03 9.748146938215391799e+00
6.435332892921521307e+03 9.823146140653602032e+00
6.496779562340761913e+03 9.898145343091814041e+00
6.558226231760002520e+03 9.973144545530024274e+00
6.619672901179243127e+03 1.004814374796823628e+01
6.681119570598482824e+03 1.012314295040644474e+01
6.742566240017724340e+03 1.019814215284465853e+01
6.804012909436964037e+03 1.027314135528286698e+01
6.865459578856204644e+03 1.034814055772107899e+01
6.926906248275445250e+03 1.042313976015928922e+01
6.988352917694685857e+03 1.049813896259750123e+01
7.049799587113926464e+03 1.057313816503571147e+01
7.111246256533167070e+03 1.064813736747392348e+01
7.172692925952407677e+03 1.072313656991213371e+01
7.234139595371647374e+03 1.079813577235034394e+01
7.295586264790888890e+03 1.087313497478855595e+01
7.357032934210128587e+03 1.094813417722676618e+01
7.418479603629369194e+03 1.102313337966497642e+01
7.479926273048609801e+03 1.109813258210318843e+01
7.541372942467850407e+03 1.117313178454139866e+01
7.602819611887091014e+03 1.124813098697961067e+01
7.664266281306330711e+03 1.132313018941782090e+01
7.725712950725572227e+03 1.139812939185603291e+01
7.787159620144811925e+03 1.147312859429424314e+01
7.848606289564052531e+03 1.154812779673245338e+01
7.910052958983293138e+03 1.162312699917066539e+01
7.971499628402533745e+03 1.169812620160887562e+01
8.032946297821774351e+03 1.177312540404708763e+01
8.094392967241014958e+03 1.184812460648529786e+01
8.155839636660255564e+03 1.192312380892350987e+01
8.217286306079495262e+03 1.199812301136171833e+01
8.278732975498736778e+03 1.207312221379993034e+01
8.340179644917976475e+03 1.214812141623814057e+01
8.401626314337216172e+03 1.222312061867635080e+01
8.463072983756457688e+03 1.229811982111456281e+01
8.524519653175699204e+03 1.237311902355277482e+01
8.585966322594938902e+03 1.244811822599098505e+01
8.647412992014178599e+03 1.252311742842919529e+01
8.708859661433420115e+03 1.259811663086740730e+01
8.770306330852659812e+03 1.267311583330561753e+01
8.831753000271899509e+03 1.274811503574382776e+01
8.893199669691141025e+03 1.282311423818203977e+01
8.954646339110382542e+03 1.289811344062025178e+01
9.016093008529622239e+03 1.297311264305846201e+01
9.077539677948861936e+03 1.304811184549667225e+01
9.138986347368103452e+03 1.312311104793488425e+01
9.200433016787344968e+03 1.319811025037309626e+01
9.261879686206582846e+03 1.327310945281130294e+01
9.323326355625824363e+03 1.334810865524951673e+01
9.384773025045065879e+03 1.342310785768772874e+01
9.446219694464305576e+03 1.349810706012593720e+01
9.507666363883545273e+03 1.357310626256414743e+01
9.569113033302786789e+03 1.364810546500235944e+01
9.630559702722028305e+03 1.372310466744057322e+01
9.692006372141266183e+03 1.379810386987877990e+01
9.753453041560507700e+03 1.387310307231699191e+01
9.814899710979749216e+03 1.394810227475520392e+01
9.876346380398988913e+03 1.402310147719341415e+01
9.937793049818228610e+03 1.409810067963162439e+01
9.999239719237470126e+03 1.417309988206983640e+01
1.006068638865671164e+04 1.424809908450804841e+01
1.012213305807595134e+04 1.432309828694625864e+01
1.018357972749519104e+04 1.439809748938446887e+01
1.024502639691443255e+04 1.447309669182268088e+01
1.030647306633367225e+04 1.454809589426089111e+01
1.036791973575291195e+04 1.462309509669910135e+01
1.042936640517215346e+04 1.469809429913731336e+01
1.049081307459139498e+04 1.477309350157552537e+01
1.055225974401063468e+04 1.484809270401373560e+01
1.061370641342987437e+04 1.492309190645194583e+01
1.067515308284911589e+04 1.499809110889015784e+01
1.073659975226835559e+04 1.507309031132836630e+01
1.079804642168759528e+04 1.514808951376657653e+01
1.085949309110683680e+04 1.522308871620478854e+01
1.092093976052607832e+04 1.529808791864300233e+01
1.098238642994531801e+04 1.537308712108121078e+01
1.104383309936455771e+04 1.544808632351942101e+01
1.110527976878379923e+04 1.552308552595763302e+01
1.116672643820304074e+04 1.559808472839584503e+01
1.122817310762227862e+04 1.567308393083405349e+01
1.128961977704152014e+04 1.574808313327226550e+01
1.135106644646076165e+04 1.582308233571047751e+01
1.141251311588000135e+04 1.589808153814868774e+01
1.147395978529924105e+04 1.597308074058689797e+01
1.153540645471848256e+04 1.604807994302511176e+01
1.159685312413772408e+04 1.612307914546332199e+01
1.165829979355696196e+04 1.619807834790153223e+01
1.171974646297620347e+04 1.627307755033974246e+01
1.178119313239544499e+04 1.634807675277795624e+01
1.184263980181468469e+04 1.642307595521616648e+01
1.190408647123392439e+04 1.649807515765437671e+01
1.196553314065316590e+04 1.657307436009258694e+01
1.202697981007240742e+04 1.664807356253080073e+01
1.208842647949164711e+04 1.672307276496901096e+01
1.214987314891088681e+04 1.679807196740721764e+01
1.221131981833012833e+04 1.687307116984543143e+01
1.227276648774936984e+04 1.694807037228364521e+01
1.233421315716860772e+04 1.702306957472185189e+01
1.239565982658784924e+04 1.709806877716006213e+01
1.245710649600709075e+04 1.717306797959827591e+01
1.251855316542632863e+04 1.724806718203648259e+01
1.257999983484557015e+04 1.732306638447469638e+01
1.264144650426481167e+04 1.739806558691290661e+01
1.270289317368405318e+04 1.747306478935112040e+01
1.276433984310329106e+04 1.754806399178932708e+01
1.282578651252253258e+04 1.762306319422754086e+01
1.288723318194177409e+04 1.769806239666575109e+01
1.294867985136101197e+04 1.777306159910396133e+01
1.301012652078025349e+04 1.784806080154217156e+01
1.307157319019949500e+04 1.792306000398038535e+01
1.313301985961873652e+04 1.799805920641859558e+01
1.319446652903797440e+04 1.807305840885680581e+01
1.325591319845721591e+04 1.814805761129501605e+01
1.331735986787645743e+04 1.822305681373322983e+01
1.337880653729569531e+04 1.829805601617143651e+01
1.344025320671493682e+04 1.837305521860965030e+01
1.350169987613417834e+04 1.844805442104786053e+01
1.356314654555341986e+04 1.852305362348607431e+01
1.362459321497265773e+04 1.859805282592428100e+01
1.368603988439189925e+04 1.867305202836249478e+01
1.374748655381114077e+04 1.874805123080070501e+01
1.380893322323038228e+04 1.882305043323891880e+01
1.387037989264962016e+04 1.889804963567712548e+01
1.393182656206886168e+04 1.897304883811533927e+01
1.399327323148810319e+04 1.904804804055354950e+01
1.405471990090734107e+04 1.912304724299175618e+01
1.411616657032658259e+04 1.919804644542996996e+01
1.417761323974582410e+04 1.927304564786818375e+01
1.423905990916506562e+04 1.934804485030639398e+01
1.430050657858430350e+04 1.942304405274460066e+01
1.436195324800354501e+04 1.949804325518281445e+01
1.442339991742278653e+04 1.957304245762102468e+01
1.448484658684202441e+04 1.964804166005923491e+01
1.454629325626126592e+04 1.972304086249744515e+01
1.460773992568050744e+04 1.979804006493565893e+01
1.466918659509974896e+04 1.987303926737386917e+01
1.473063326451898683e+04 1.994803846981207940e+01
1.479207993393822835e+04 2.002303767225028963e+01
1.485352660335746987e+04 2.009803687468850342e+01
1.491497327277670774e+04 2.017303607712671010e+01
1.497641994219594926e+04 2.024803527956492388e+01
1.503786661161519078e+04 2.032303448200313412e+01
1.509931328103443229e+04 2.039803368444134790e+01
1.516075995045367017e+04 2.047303288687955458e+01
1.522220661987291169e+04 2.054803208931776837e+01
1.528365328929215320e+04 2.062303129175597860e+01
1.534509995871139108e+04 2.069803049419418528e+01
1.540654662813063260e+04 2.077302969663239907e+01
1.546799329754987411e+04 2.084802889907061285e+01
1.552943996696911563e+04 2.092302810150882308e+01
1.559088663638835351e+04 2.099802730394702976e+01
1.565233330580759502e+04 2.107302650638524355e+01
1.571377997522683654e+04 2.114802570882345378e+01
1.577522664464607806e+04 2.122302491126166757e+01
1.583667331406531594e+04 2.129802411369987425e+01
1.589811998348455745e+04 2.137302331613808803e+01
1.595956665290379897e+04 2.144802251857629827e+01
1.602101332232303685e+04 2.152302172101450850e+01
1.608245999174227836e+04 2.159802092345271873e+01
1.614390666116151988e+04 2.167302012589093252e+01
1.620535333058076139e+04 2.174801932832914275e+01
1.626679999999999927e+04 2.182301853076735298e+01
