6.836600000000000819e+02 3.936011638447705963e+00
6.904608817635271407e+02 3.969069372518013505e+00
6.972617635270541996e+02 4.001992120757690508e+00
7.040626452905811448e+02 4.034779579095869373e+00
7.108635270541083173e+02 4.067431450392404280e+00
7.176644088176353762e+02 4.099947444413438724e+00
7.244652905811623214e+02 4.132327277806956189e+00
7.312661723446893802e+02 4.164570674078344581e+00
7.380670541082165528e+02 4.196677363565951779e+00
7.448679358717436116e+02 4.228647083416647412e+00
7.516688176352705568e+02 4.260479577561378406e+00
7.584696993987976157e+02 4.292174596690736976e+00
7.652705811623247882e+02 4.323731898230506410e+00
7.720714629258517334e+02 4.355151246317227276e+00
7.788723446893787923e+02 4.386432411773762752e+00
7.856732264529057375e+02 4.417575172084847068e+00
7.924741082164329100e+02 4.448579311372647282e+00
7.992749899799599689e+02 4.479444620372328600e+00
8.060758717434870277e+02 4.510170896407603713e+00
8.128767535070139729e+02 4.540757943366301674e+00
8.196776352705411455e+02 4.571205571675920787e+00
8.264785170340682043e+02 4.601513598279187711e+00
8.332793987975951495e+02 4.631681846609621900e+00
8.400802805611222084e+02 4.661710146567084934e+00
8.468811623246493809e+02 4.691598334493353839e+00
8.536820440881763261e+02 4.721346253147666872e+00
8.604829258517033850e+02 4.750953751682288839e+00
8.672838076152304438e+02 4.780420685618068433e+00
8.740846893787576164e+02 4.809746916820000884e+00
8.808855711422845616e+02 4.838932313472780855e+00
8.876864529058116204e+02 4.867976750056367763e+00
8.944873346693386793e+02 4.896880107321540443e+00
9.012882164328657382e+02 4.925642272265460697e+00
9.080890981963927970e+02 4.954263138107226183e+00
9.148899799599198559e+02 4.982742604263434849e+00
9.216908617234469148e+02 5.011080576323742264e+00
9.284917434869739736e+02 5.039276966026420723e+00
9.352926252505010325e+02 5.067331691233918356e+00
9.420935070140280914e+02 5.095244675908416454e+00
9.488943887775551502e+02 5.123015850087393908e+00
9.556952705410822091e+02 5.150645149859179206e+00
9.624961523046092680e+02 5.178132517338517538e+00
9.692970340681363268e+02 5.205477900642118350e+00
9.760979158316633857e+02 5.232681253864230442e+00
9.828987975951904446e+02 5.259742537052183309e+00
9.896996793587175034e+02 5.286661716181962234e+00
9.965005611222445623e+02 5.313438763133756737e+00
1.003301442885771507e+03 5.340073655667525898e+00
1.010102324649298680e+03 5.366566377398551246e+00
1.016903206412825739e+03 5.392916917773002083e+00
1.023704088176352684e+03 5.419125272043491037e+00
1.030504969939879857e+03 5.445191441244634944e+00
1.037305851703406915e+03 5.471115432168613069e+00
1.044106733466933974e+03 5.496897257340724430e+00
1.050907615230461033e+03 5.522536934994950464e+00
1.057708496993987865e+03 5.548034489049515017e+00
1.064509378757515151e+03 5.573389949082434569e+00
1.071310260521041982e+03 5.598603350307090665e+00
1.078111142284569269e+03 5.623674733547774807e+00
1.084912024048096328e+03 5.648604145215262662e+00
1.091712905811623386e+03 5.673391637282358957e+00
1.098513787575150218e+03 5.698037267259463690e+00
1.105314669338677504e+03 5.722541098170134788e+00
1.112115551102204336e+03 5.746903198526640111e+00
1.118916432865731622e+03 5.771123642305520107e+00
1.125717314629258453e+03 5.795202508923140705e+00
1.132518196392785740e+03 5.819139883211269293e+00
1.139319078156312571e+03 5.842935855392612510e+00
1.146119959919839857e+03 5.866590521056389562e+00
1.152920841683366689e+03 5.890103981133886002e+00
1.159721723446893748e+03 5.913476341874016384e+00
1.166522605210420807e+03 5.936707714818874493e+00
1.173323486973948093e+03 5.959798216779306657e+00
1.180124368737474924e+03 5.982747969810460198e+00
1.186925250501001983e+03 6.005557101187340763e+00
1.193726132264529042e+03 6.028225743380384749e+00
1.200527014028056101e+03 6.050754034031001538e+00
1.207327895791583160e+03 6.073142115927146811e+00
1.214128777555110219e+03 6.095390136978872775e+00
1.220929659318637277e+03 6.117498250193889930e+00
1.227730541082164336e+03 6.139466613653130622e+00
1.234531422845691395e+03 6.161295390486295709e+00
1.241332304609218454e+03 6.182984748847429657e+00
1.248133186372745513e+03 6.204534861890468989e+00
1.254934068136272572e+03 6.225945907744805830e+00
1.261734949899799631e+03 6.247218069490842574e+00
1.268535831663326690e+03 6.268351535135556318e+00
1.275336713426853748e+03 6.289346497588052642e+00
1.282137595190380807e+03 6.310203154635134482e+00
1.288938476953907866e+03 6.330921708916845247e+00
1.295739358717434925e+03 6.351502367902045698e+00
1.302540240480961984e+03 6.371945343863956168e+00
1.309341122244489043e+03 6.392250853855735215e+00
1.316142004008016102e+03 6.412419119686016522e+00
1.322942885771543160e+03 6.432450367894482213e+00
1.329743767535070219e+03 6.452344829727421960e+00
1.336544649298597278e+03 6.472102741113284985e+00
1.343345531062124337e+03 6.491724342638247158e+00
1.350146412825651396e+03 6.511209879521764776e+00
1.356947294589178455e+03 6.530559601592130115e+00
1.363748176352705514e+03 6.549773763262042081e+00
1.370549058116232573e+03 6.568852623504152888e+00
1.377349939879759404e+03 6.587796445826638703e+00
1.384150821643286690e+03 6.606605498248750763e+00
1.390951703406813522e+03 6.625280053276371817e+00
1.397752585170340808e+03 6.643820387877586775e+00
1.404553466933867867e+03 6.662226783458233825e+00
1.411354348697394926e+03 6.680499525837459984e+00
1.418155230460921985e+03 6.698638905223293527e+00
1.424956112224449043e+03 6.716645216188185330e+00
1.431756993987975875e+03 6.734518757644583964e+00
1.438557875751502934e+03 6.752259832820484142e+00
1.445358757515029993e+03 6.769868749234995597e+00
1.452159639278557279e+03 6.787345818673887976e+00
1.458960521042084338e+03 6.804691357165167709e+00
1.465761402805611397e+03 6.821905684954619353e+00
1.472562284569138228e+03 6.838989126481375358e+00
1.479363166332665287e+03 6.855942010353480498e+00
1.486164048096192346e+03 6.872764669323434106e+00
1.492964929859719405e+03 6.889457440263762500e+00
1.499765811623246464e+03 6.906020664142573651e+00
1.506566693386773750e+03 6.922454685999117174e+00
1.513367575150300809e+03 6.938759854919345216e+00
1.520168456913827868e+03 6.954936524011458232e+00
1.526969338677354699e+03 6.970985050381494297e+00
1.533770220440881758e+03 6.986905795108851791e+00
1.540571102204408817e+03 7.002699123221878708e+00
1.547371983967935876e+03 7.018365403673410441e+00
1.554172865731462934e+03 7.033905009316343104e+00
1.560973747494990221e+03 7.049318316879178425e+00
1.567774629258517052e+03 7.064605706941604168e+00
1.574575511022044111e+03 7.079767563910028372e+00
1.581376392785571170e+03 7.094804275993160658e+00
1.588177274549098229e+03 7.109716235177551802e+00
1.594978156312625288e+03 7.124503837203168821e+00
1.601779038076152574e+03 7.139167481538949644e+00
1.608579919839679405e+03 7.153707571358350670e+00
1.615380801603206692e+03 7.168124513514922747e+00
1.622181683366733523e+03 7.182418718517862288e+00
1.628982565130260582e+03 7.196590600507569491e+00
1.635783446893787641e+03 7.210640577231208326e+00
1.642584328657314700e+03 7.224569070018269201e+00
1.649385210420841759e+03 7.238376503756121849e+00
1.656186092184368817e+03 7.252063306865580650e+00
1.662986973947895876e+03 7.265629911276460184e+00
1.669787855711423163e+03 7.279076752403130790e+00
1.676588737474949994e+03 7.292404269120087434e+00
1.683389619238477053e+03 7.305612903737500829e+00
1.690190501002004112e+03 7.318703101976782754e+00
1.696991382765530943e+03 7.331675312946133616e+00
1.703792264529058230e+03 7.344529989116114876e+00
1.710593146292585288e+03 7.357267586295202833e+00
1.717394028056112347e+03 7.369888563605346832e+00
1.724194909819639406e+03 7.382393383457526603e+00
1.730995791583166465e+03 7.394782511527316693e+00
1.737796673346693524e+03 7.407056416730441128e+00
1.744597555110220583e+03 7.419215571198337855e+00
1.751398436873747414e+03 7.431260450253707184e+00
1.758199318637274700e+03 7.443191532386087772e+00
1.765000200400801532e+03 7.455009299227393527e+00
1.771801082164328818e+03 7.466714235527497578e+00
1.778601963927855877e+03 7.478306829129765632e+00
1.785402845691382936e+03 7.489787570946642603e+00
1.792203727454909767e+03 7.501156954935185084e+00
1.799004609218437054e+03 7.512415478072641761e+00
1.805805490981963885e+03 7.523563640331996538e+00
1.812606372745490944e+03 7.534601944657541850e+00
1.819407254509018003e+03 7.545530896940423560e+00
1.826208136272545289e+03 7.556351005994209835e+00
1.833009018036072121e+03 7.567062783530447589e+00
1.839809899799599407e+03 7.577666744134222476e+00
1.846610781563126238e+03 7.588163405239718884e+00
1.853411663326653525e+03 7.598553287105771048e+00
1.860212545090180356e+03 7.608836912791434592e+00
1.867013426853707415e+03 7.619014808131539418e+00
1.873814308617234474e+03 7.629087501712238151e+00
1.880615190380761760e+03 7.639055524846589229e+00
1.887416072144288592e+03 7.648919411550096470e+00
1.894216953907815878e+03 7.658679698516276169e+00
1.901017835671342709e+03 7.668336925092210876e+00
1.907818717434869768e+03 7.677891633254118275e+00
1.914619599198396827e+03 7.687344367582898741e+00
1.921420480961923886e+03 7.696695675239698886e+00
1.928221362725450945e+03 7.705946105941479551e+00
1.935022244488978231e+03 7.715096211936558035e+00
1.941823126252505062e+03 7.724146547980177857e+00
1.948624008016032349e+03 7.733097671310073196e+00
1.955424889779559180e+03 7.741950141622014669e+00
1.962225771543086239e+03 7.750704521045371997e+00
1.969026653306613298e+03 7.759361374118684651e+00
1.975827535070140129e+03 7.767921267765204085e+00
1.982628416833667416e+03 7.776384771268462615e+00
1.989429298597194702e+03 7.784752456247836960e+00
1.996230180360721533e+03 7.793024896634089593e+00
2.003031062124248592e+03 7.801202668644950933e+00
2.009831943887775651e+03 7.809286350760663353e+00
2.016632825651302710e+03 7.817276523699542068e+00
2.023433707414829769e+03 7.825173770393537787e+00
2.030234589178356600e+03 7.832978675963786941e+00
2.037035470941883887e+03 7.840691827696192107e+00
2.043836352705410945e+03 7.848313815016957129e+00
2.050637234468938004e+03 7.855845229468156887e+00
2.057438116232465291e+03 7.863286664683299065e+00
2.064238997995992122e+03 7.870638716362876153e+00
2.071039879759518954e+03 7.877901982249937873e+00
2.077840761523046240e+03 7.885077062105620094e+00
2.084641643286573071e+03 7.892164557684743897e+00
2.091442525050100357e+03 7.899165072711348934e+00
2.098243406813627189e+03 7.906079212854260518e+00
2.105044288577154475e+03 7.912907585702640745e+00
2.111845170340681307e+03 7.919650800741560914e+00
2.118646052104208593e+03 7.926309469327556201e+00
2.125446933867735424e+03 7.932884204664167882e+00
2.132247815631262711e+03 7.939375621777530867e+00
2.139048697394789542e+03 7.945784337491920368e+00
2.145849579158316828e+03 7.952110970405296797e+00
2.152650460921843660e+03 7.958356140864885298e+00
2.159451342685370946e+03 7.964520470942726860e+00
2.166252224448897778e+03 7.970604584411237425e+00
2.173053106212425064e+03 7.976609106718770548e+00
2.179853987975951895e+03 7.982534664965163174e+00
2.186654869739479182e+03 7.988381887877308962e+00
2.193455751503006013e+03 7.994151405784723607e+00
2.200256633266533299e+03 7.999843850595077299e+00
2.207057515030060131e+03 8.005459855769785804e+00
2.213858396793587417e+03 8.011000056299536709e+00
2.220659278557114249e+03 8.016465088679890272e+00
2.227460160320641080e+03 8.021855590886779908e+00
2.234261042084168366e+03 8.027172202352137020e+00
2.241061923847695653e+03 8.032415563939400371e+00
2.247862805611222484e+03 8.037586317919101830e+00
2.254663687374749315e+03 8.042685107944414824e+00
2.261464569138276602e+03 8.047712579026706337e+00
2.268265450901803888e+03 8.052669377511119109e+00
2.275066332665330719e+03 8.057556151052111204e+00
2.281867214428857551e+03 8.062373548589023997e+00
2.288668096192384837e+03 8.067122220321627069e+00
2.295468977955912123e+03 8.071802817685702180e+00
2.302269859719438500e+03 8.076415993328573961e+00
2.309070741482966241e+03 8.080962401084700986e+00
2.315871623246493073e+03 8.085442695951202907e+00
2.322672505010020359e+03 8.089857534063447986e+00
2.329473386773547190e+03 8.094207572670580220e+00
2.336274268537074022e+03 8.098493470111112202e+00
2.343075150300601308e+03 8.102715885788459360e+00
2.349876032064128140e+03 8.106875480146515045e+00
2.356676913827655426e+03 8.110972914645197207e+00
2.363477795591182257e+03 8.115008851736021711e+00
2.370278677354709544e+03 8.118983954837636574e+00
2.377079559118236830e+03 8.122898888311418375e+00
2.383880440881763661e+03 8.126754317436997610e+00
2.390681322645290493e+03 8.130550908387832010e+00
2.397482204408817779e+03 8.134289328206765646e+00
2.404283086172345065e+03 8.137970244781580931e+00
2.411083967935871442e+03 8.141594326820587924e+00
2.417884849699398728e+03 8.145162243828117710e+00
2.424685731462926015e+03 8.148674666080157891e+00
2.431486613226453301e+03 8.152132264599863731e+00
2.438287494989980132e+03 8.155535711133129695e+00
2.445088376753506964e+03 8.158885678124146779e+00
2.451889258517034250e+03 8.162182838690974052e+00
2.458690140280561081e+03 8.165427866601074669e+00
2.465491022044088368e+03 8.168621436246896295e+00
2.472291903807615199e+03 8.171764222621423102e+00
2.479092785571142485e+03 8.174856901293725997e+00
2.485893667334669772e+03 8.177900148384528833e+00
2.492694549098196148e+03 8.180894640541783502e+00
2.499495430861723435e+03 8.183841054916197066e+00
2.506296312625250721e+03 8.186740069136813958e+00
2.513097194388777552e+03 8.189592361286571531e+00
2.519898076152304839e+03 8.192398609877844962e+00
2.526698957915831670e+03 8.195159493828032993e+00
2.533499839679358956e+03 8.197875692435088624e+00
2.540300721442885788e+03 8.200547885353092425e+00
2.547101603206413074e+03 8.203176752567827634e+00
2.553902484969939906e+03 8.205762974372296625e+00
2.560703366733467192e+03 8.208307231342317323e+00
2.567504248496994023e+03 8.210810204312087635e+00
2.574305130260520855e+03 8.213272574349691268e+00
2.581106012024048141e+03 8.215695022732720787e+00
2.587906893787575427e+03 8.218078230923801186e+00
2.594707775551102714e+03 8.220422880546149003e+00
2.601508657314629090e+03 8.222729653359161617e+00
2.608309539078156376e+03 8.224999231233919517e+00
2.615110420841683663e+03 8.227232296128816458e+00
2.621911302605210039e+03 8.229429530065054621e+00
2.628712184368737780e+03 8.231591615102239246e+00
2.635513066132264612e+03 8.233719233313937735e+00
2.642313947895791898e+03 8.235813066763217449e+00
2.649114829659318730e+03 8.237873797478224347e+00
2.655915711422846016e+03 8.239902107427742095e+00
2.662716593186372847e+03 8.241898678496735187e+00
2.669517474949899679e+03 8.243864192461920481e+00
2.676318356713426965e+03 8.245799330967329865e+00
2.683119238476953797e+03 8.247704775499840935e+00
2.689920120240481083e+03 8.249581207364791169e+00
2.696721002004008369e+03 8.251429307661480195e+00
2.703521883767534746e+03 8.253249757258757313e+00
2.710322765531062032e+03 8.255043236770571724e+00
2.717123647294589318e+03 8.256810426531565383e+00
2.723924529058116605e+03 8.258552006572561055e+00
2.730725410821642981e+03 8.260268656596181813e+00
2.737526292585170722e+03 8.261961055952401267e+00
2.744327174348697554e+03 8.263629883614076022e+00
2.751128056112224385e+03 8.265275818152524323e+00
2.757928937875751672e+03 8.266899537713097601e+00
2.764729819639278503e+03 8.268501719990696941e+00
2.771530701402805789e+03 8.270083042205403245e+00
2.778331583166332621e+03 8.271644181077942193e+00
2.785132464929859907e+03 8.273185812805316175e+00
2.791933346693386738e+03 8.274708613036356297e+00
2.798734228456914025e+03 8.276213256847238853e+00
2.805535110220441311e+03 8.277700418717095943e+00
2.812335991983967688e+03 8.279170772503530173e+00
2.819136873747494974e+03 8.280624991418214620e+00
2.825937755511022260e+03 8.282063748002409298e+00
2.832738637274549546e+03 8.283487714102566457e+00
2.839539519038075923e+03 8.284897560845838171e+00
2.846340400801603209e+03 8.286293958615686961e+00
2.853141282565130496e+03 8.287677577027412923e+00
2.859942164328657327e+03 8.289049084903714615e+00
2.866743046092184613e+03 8.290409150250258818e+00
2.873543927855711445e+03 8.291758440231234317e+00
2.880344809619238731e+03 8.293097621144925213e+00
2.887145691382765563e+03 8.294427358399239836e+00
2.893946573146292394e+03 8.295748316487285834e+00
2.900747454909819680e+03 8.297061158962932836e+00
2.907548336673346967e+03 8.298366548416382216e+00
2.914349218436874253e+03 8.299665146449701325e+00
2.921150100200400630e+03 8.300957613652386158e+00
2.927950981963927916e+03 8.302244609576955980e+00
2.934751863727455202e+03 8.303526792714453819e+00
2.941552745490981579e+03 8.304804820470053528e+00
2.948353627254509320e+03 8.306079349138595802e+00
2.955154509018036151e+03 8.307351033880161495e+00
2.961955390781563437e+03 8.308620528695612961e+00
2.968756272545090269e+03 8.309888486402169150e+00
2.975557154308617555e+03 8.311155558608961158e+00
2.982358036072144387e+03 8.312422395692582455e+00
2.989158917835671218e+03 8.313689646772655095e+00
2.995959799599198504e+03 8.314957959687387046e+00
3.002760681362725336e+03 8.316227980969145506e+00
3.009561563126252622e+03 8.317500355819978708e+00
3.016362444889779908e+03 8.318775728087221211e+00
3.023163326653307195e+03 8.320054740239022806e+00
3.029964208416833571e+03 8.321338033339914730e+00
3.036765090180360858e+03 8.322626247026372326e+00
3.043565971943888144e+03 8.323920019482361710e+00
3.050366853707414521e+03 8.325219987414918421e+00
3.057167735470941807e+03 8.326526786029702976e+00
3.063968617234469093e+03 8.327841049006540430e+00
3.070769498997996379e+03 8.329163408475004360e+00
3.077570380761523211e+03 8.330494494989961751e+00
3.084371262525050042e+03 8.331834937507109018e+00
3.091172144288577329e+03 8.333185363358612818e+00
3.097973026052104160e+03 8.334546398228566133e+00
3.104773907815631446e+03 8.335918666128602439e+00
3.111574789579158278e+03 8.337302789373467249e+00
3.118375671342685564e+03 8.338699388556536363e+00
3.125176553106212850e+03 8.340109082525405171e+00
3.131977434869739227e+03 8.341532488357447761e+00
3.138778316633266513e+03 8.342970221335335168e+00
3.145579198396793799e+03 8.344422894922658429e+00
3.152380080160321086e+03 8.345891120739429070e+00
3.159180961923847462e+03 8.347375508537693278e+00
3.165981843687374749e+03 8.348876666177037720e+00
3.172782725450902035e+03 8.350395199600200158e+00
3.179583607214428866e+03 8.351931712808553954e+00
3.186384488977956153e+03 8.353486807837752437e+00
3.193185370741482984e+03 8.355061084733256038e+00
3.199986252505010270e+03 8.356655141525855868e+00
3.206787134268537102e+03 8.358269574207277230e+00
3.213588016032064388e+03 8.359904976705722746e+00
3.220388897795591220e+03 8.361561940861443887e+00
3.227189779559118051e+03 8.363241056402280549e+00
3.233990661322645792e+03 8.364942910919207719e+00
3.240791543086172169e+03 8.366668089841951428e+00
3.247592424849699455e+03 8.368417176414487457e+00
3.254393306613226741e+03 8.370190751670627094e+00
3.261194188376753118e+03 8.371989394409588670e+00
3.267995070140280404e+03 8.373813681171522916e+00
3.274795951903807691e+03 8.375664186213114704e+00
3.281596833667334977e+03 8.377541481483088859e+00
3.288397715430861808e+03 8.379446136597813677e+00
3.295198597194389095e+03 8.381378718816868911e+00
3.301999478957915926e+03 8.383339793018524944e+00
3.308800360721442757e+03 8.385329921675417353e+00
3.315601242484970044e+03 8.387349664830001217e+00
3.322402124248496875e+03 8.389399580070197260e+00
3.329203006012024161e+03 8.391480222504874575e+00
3.336003887775551448e+03 8.393592144739457694e+00
3.342804769539078734e+03 8.395735896851489244e+00
3.349605651302605111e+03 8.397912026366128657e+00
3.356406533066132397e+03 8.400121078231801874e+00
3.363207414829659683e+03 8.402363594795694723e+00
3.370008296593186060e+03 8.404640115779333343e+00
3.376809178356713346e+03 8.406951178254136181e+00
3.383610060120240632e+03 8.409297316616985540e+00
3.390410941883767919e+03 8.411679062565763587e+00
3.397211823647294750e+03 8.414096945074954093e+00
3.404012705410821582e+03 8.416551490371144695e+00
3.410813587174348868e+03 8.419043221908635743e+00
3.417614468937875699e+03 8.421572660344978090e+00
3.424415350701402986e+03 8.424140323516532192e+00
3.431216232464929817e+03 8.426746726414018340e+00
3.438017114228457103e+03 8.429392381158100633e+00
3.444817995991984390e+03 8.432077796974912332e+00
3.451618877755510766e+03 8.434803480171652268e+00
3.458419759519038053e+03 8.437569934112113756e+00
3.465220641282565339e+03 8.440377659192275672e+00
3.472021523046092625e+03 8.443227152815818926e+00
3.478822404809619002e+03 8.446118909369722871e+00
3.485623286573146288e+03 8.449053420199795994e+00
3.492424168336673574e+03 8.452031173586277646e+00
3.499225050100200406e+03 8.455052654719324323e+00
3.506025931863727692e+03 8.458118345674630945e+00
3.512826813627254523e+03 8.461228725389007721e+00
3.519627695390781810e+03 8.464384269635850444e+00
3.526428577154308641e+03 8.467585451000786634e+00
3.533229458917835927e+03 8.470832738857186683e+00
3.540030340681362759e+03 8.474126599341733623e+00
3.546831222444889590e+03 8.477467495329999991e+00
3.553632104208417331e+03 8.480855886411973188e+00
3.560432985971943708e+03 8.484292228867655439e+00
3.567233867735470994e+03 8.487776975642578492e+00
3.574034749498998281e+03 8.491310576323417791e+00
3.580835631262525567e+03 8.494893477113489411e+00
3.587636513026051944e+03 8.498526120808339357e+00
3.594437394789579230e+03 8.502208946771325770e+00
3.601238276553106516e+03 8.505942390909138950e+00
3.608039158316633348e+03 8.509726885647367567e+00
3.614840040080160634e+03 8.513562859906080860e+00
3.621640921843687465e+03 8.517450739075375310e+00
3.628441803607214752e+03 8.521390944990923089e+00
3.635242685370741583e+03 8.525383895909566689e+00
3.642043567134268415e+03 8.529430006484790994e+00
3.648844448897795701e+03 8.533529687742390735e+00
3.655645330661322532e+03 8.537683347055969207e+00
3.662446212424850273e+03 8.541891388122515139e+00
3.669247094188376650e+03 8.546154210937961793e+00
3.676047975951903936e+03 8.550472211772712328e+00
3.682848857715431222e+03 8.554845783147255744e+00
3.689649739478957599e+03 8.559275313807681584e+00
3.696450621242484885e+03 8.563761188701256799e+00
3.703251503006012172e+03 8.568303788951999067e+00
3.710052384769539458e+03 8.572903491836203926e+00
3.716853266533066289e+03 8.577560670758000327e+00
3.723654148296593576e+03 8.582275695224984347e+00
3.730455030060120407e+03 8.587048930823673487e+00
3.737255911823647239e+03 8.591880739195147498e+00
3.744056793587174525e+03 8.596771478010545309e+00
3.750857675350701356e+03 8.601721500946657883e+00
3.757658557114228643e+03 8.606731157661513976e+00
3.764459438877755929e+03 8.611800793769901929e+00
3.771260320641282306e+03 8.616930750818896811e+00
3.778061202404809592e+03 8.622121366263504783e+00
3.784862084168336878e+03 8.627372973442154702e+00
3.791662965931864164e+03 8.632685901552264340e+00
3.798463847695390541e+03 8.638060475625859880e+00
3.805264729458917827e+03 8.643497016505037323e+00
3.812065611222445114e+03 8.648995840817590874e+00
3.818866492985971945e+03 8.654557260952568498e+00
3.825667374749499231e+03 8.660181585035807927e+00
3.832468256513026063e+03 8.665869116905499325e+00
3.839269138276553349e+03 8.671620156087776365e+00
3.846070020040080180e+03 8.677434997772188296e+00
3.852870901803607467e+03 8.683313932787378064e+00
3.859671783567134298e+03 8.689257247576556153e+00
3.866472665330661130e+03 8.695265224173105878e+00
3.873273547094188871e+03 8.701338140176073210e+00
3.880074428857715247e+03 8.707476268725862667e+00
3.886875310621242534e+03 8.713679878479645424e+00
3.893676192384769820e+03 8.719949233586961057e+00
3.900477074148297106e+03 8.726284593665365463e+00
3.907277955911823483e+03 8.732686213775879835e+00
3.914078837675350769e+03 8.739154344398610164e+00
3.920879719438878055e+03 8.745689231408254827e+00
3.927680601202404887e+03 8.752291116049757846e+00
3.934481482965932173e+03 8.758960234913754306e+00
3.941282364729459005e+03 8.765696819912211168e+00
3.948083246492986291e+03 8.772501098253947305e+00
3.954884128256513122e+03 8.779373292420197927e+00
3.961685010020039954e+03 8.786313620140170144e+00
3.968485891783567240e+03 8.793322294366667791e+00
3.975286773547094072e+03 8.800399523251527967e+00
3.982087655310621813e+03 8.807545510121272514e+00
3.988888537074148189e+03 8.814760453452645805e+00
3.995689418837675476e+03 8.822044546848168523e+00
4.002490300601202762e+03 8.829397979011682551e+00
4.009291182364729138e+03 8.836820933723906535e+00
4.016092064128256425e+03 8.844313589818076693e+00
4.022892945891783711e+03 8.851876121155378030e+00
4.029693827655310997e+03 8.859508696600636668e+00
4.036494709418837829e+03 8.867211479997713752e+00
4.043295591182365115e+03 8.874984630145251074e+00
4.050096472945891946e+03 8.732370640709703480e+00
4.111700008257721493e+03 8.755878635560776502e+00
4.173303543569551039e+03 8.779386630411847747e+00
4.234907078881380585e+03 8.802894625262920769e+00
4.296510614193211040e+03 8.826402620113992015e+00
4.358114149505040587e+03 8.849910614965065037e+00
4.419717684816870133e+03 8.873418609816138058e+00
4.481321220128699679e+03 8.896926604667209304e+00
4.542924755440529225e+03 8.920434599518282326e+00
4.604528290752359680e+03 8.943942594369355348e+00
4.666131826064189227e+03 8.967450589220426593e+00
4.727735361376018773e+03 8.990958584071499615e+00
4.789338896687848319e+03 9.014466578922572637e+00
4.850942431999677865e+03 9.037974573773643883e+00
4.912545967311507411e+03 9.061482568624716905e+00
4.974149502623336957e+03 9.084990563475788150e+00
5.035753037935167413e+03 9.108498558326861172e+00
5.097356573246996959e+03 9.132006553177934194e+00
5.158960108558826505e+03 9.155514548029005439e+00
5.220563643870656051e+03 9.179022542880078461e+00
5.282167179182485597e+03 9.202530537731149707e+00
5.343770714494316053e+03 9.226038532582222729e+00
5.405374249806145599e+03 9.249546527433295751e+00
5.466977785117975145e+03 9.273054522284368772e+00
5.528581320429804691e+03 9.296562517135440018e+00
5.590184855741634237e+03 9.320070511986513040e+00
5.651788391053463783e+03 9.343578506837584285e+00
5.713391926365293330e+03 9.367086501688657307e+00
5.774995461677122876e+03 9.390594496539730329e+00
5.836598996988953331e+03 9.414102491390801575e+00
5.898202532300782877e+03 9.437610486241874597e+00
5.959806067612612424e+03 9.461118481092945842e+00
6.021409602924441970e+03 9.484626475944018864e+00
6.083013138236272425e+03 9.508134470795091886e+00
6.144616673548101971e+03 9.531642465646164908e+00
6.206220208859931518e+03 9.555150460497236153e+00
6.267823744171761064e+03 9.578658455348309175e+00
6.329427279483590610e+03 9.602166450199380421e+00
6.391030814795420156e+03 9.625674445050453443e+00
6.452634350107249702e+03 9.649182439901526465e+00
6.514237885419079248e+03 9.672690434752597710e+00
6.575841420730908794e+03 9.696198429603670732e+00
6.637444956042739250e+03 9.719706424454741978e+00
6.699048491354568796e+03 9.743214419305814999e+00
6.760652026666398342e+03 9.766722414156888021e+00
6.822255561978228798e+03 9.790230409007961043e+00
6.883859097290058344e+03 9.813738403859032289e+00
6.945462632601887890e+03 9.837246398710105311e+00
7.007066167913717436e+03 9.860754393561176556e+00
7.068669703225546982e+03 9.884262388412249578e+00
7.130273238537376528e+03 9.907770383263322600e+00
7.191876773849206074e+03 9.931278378114393846e+00
7.253480309161035620e+03 9.954786372965466867e+00
7.315083844472865167e+03 9.978294367816538113e+00
7.376687379784695622e+03 1.000180236266761113e+01
7.438290915096525168e+03 1.002531035751868416e+01
7.499894450408354714e+03 1.004881835236975718e+01
7.561497985720185170e+03 1.007232634722082842e+01
7.623101521032014716e+03 1.009583434207190145e+01
7.684705056343844262e+03 1.011934233692297269e+01
7.746308591655673808e+03 1.014285033177404571e+01
7.807912126967503355e+03 1.016635832662511874e+01
7.869515662279332901e+03 1.018986632147618998e+01
7.931119197591162447e+03 1.021337431632726300e+01
7.992722732902991993e+03 1.023688231117833425e+01
8.054326268214821539e+03 1.026039030602940727e+01
8.115929803526651995e+03 1.028389830088048029e+01
8.177533338838481541e+03 1.030740629573155331e+01
8.239136874150310177e+03 1.033091429058262456e+01
8.300740409462141542e+03 1.035442228543369758e+01
8.362343944773969270e+03 1.037793028028476883e+01
8.423947480085800635e+03 1.040143827513584185e+01
8.485551015397630181e+03 1.042494626998691487e+01
8.547154550709459727e+03 1.044845426483798612e+01
8.608758086021289273e+03 1.047196225968905914e+01
8.670361621333118819e+03 1.049547025454013038e+01
8.731965156644948365e+03 1.051897824939120341e+01
8.793568691956777911e+03 1.054248624424227643e+01
8.855172227268609277e+03 1.056599423909334945e+01
8.916775762580437004e+03 1.058950223394442069e+01
8.978379297892268369e+03 1.061301022879549372e+01
9.039982833204096096e+03 1.063651822364656496e+01
9.101586368515927461e+03 1.066002621849763798e+01
9.163189903827757007e+03 1.068353421334871101e+01
9.224793439139586553e+03 1.070704220819978225e+01
9.286396974451416099e+03 1.073055020305085527e+01
9.348000509763245645e+03 1.075405819790192652e+01
9.409604045075075192e+03 1.077756619275299954e+01
9.471207580386904738e+03 1.080107418760407256e+01
9.532811115698736103e+03 1.082458218245514558e+01
9.594414651010563830e+03 1.084809017730621683e+01
9.656018186322395195e+03 1.087159817215728985e+01
9.717621721634222922e+03 1.089510616700836110e+01
9.779225256946054287e+03 1.091861416185943412e+01
9.840828792257882014e+03 1.094212215671050714e+01
9.902432327569713379e+03 1.096563015156157839e+01
9.964035862881542926e+03 1.098913814641265141e+01
1.002563939819337247e+04 1.101264614126372265e+01
1.008724293350520202e+04 1.103615413611479568e+01
1.014884646881703156e+04 1.105966213096586870e+01
1.021045000412886111e+04 1.108317012581694172e+01
1.027205353944069066e+04 1.110667812066801297e+01
1.033365707475252202e+04 1.113018611551908599e+01
1.039526061006434975e+04 1.115369411037015723e+01
1.045686414537618111e+04 1.117720210522123025e+01
1.051846768068800884e+04 1.120071010007230328e+01
1.058007121599984021e+04 1.122421809492337630e+01
1.064167475131166975e+04 1.124772608977444754e+01
1.070327828662349930e+04 1.127123408462551879e+01
1.076488182193532884e+04 1.129474207947659181e+01
1.082648535724715839e+04 1.131825007432766483e+01
1.088808889255898794e+04 1.134175806917873786e+01
1.094969242787081748e+04 1.136526606402980910e+01
1.101129596318264885e+04 1.138877405888088212e+01
1.107289949849447657e+04 1.141228205373195337e+01
1.113450303380630794e+04 1.143579004858302639e+01
1.119610656911813567e+04 1.145929804343409941e+01
1.125771010442996703e+04 1.148280603828517243e+01
1.131931363974179476e+04 1.150631403313624190e+01
1.138091717505362612e+04 1.152982202798731493e+01
1.144252071036545567e+04 1.155333002283838795e+01
1.150412424567728522e+04 1.157683801768946097e+01
1.156572778098911476e+04 1.160034601254053399e+01
1.162733131630094431e+04 1.162385400739160524e+01
1.168893485161277385e+04 1.164736200224267648e+01
1.175053838692460340e+04 1.167086999709374950e+01
1.181214192223643477e+04 1.169437799194482253e+01
1.187374545754826249e+04 1.171788598679589555e+01
1.193534899286009386e+04 1.174139398164696857e+01
1.199695252817192159e+04 1.176490197649803804e+01
1.205855606348375295e+04 1.178840997134911106e+01
1.212015959879558068e+04 1.181191796620018408e+01
1.218176313410741204e+04 1.183542596105125710e+01
1.224336666941924159e+04 1.185893395590233013e+01
1.230497020473107114e+04 1.188244195075340137e+01
1.236657374004290068e+04 1.190594994560447262e+01
1.242817727535473023e+04 1.192945794045554564e+01
1.248978081066655977e+04 1.195296593530661866e+01
1.255138434597838932e+04 1.197647393015769168e+01
1.261298788129021887e+04 1.199998192500876293e+01
1.267459141660204841e+04 1.202348991985983417e+01
1.273619495191387978e+04 1.204699791471090720e+01
1.279779848722570932e+04 1.207050590956198022e+01
1.285940202253753887e+04 1.209401390441305324e+01
1.292100555784936842e+04 1.211752189926412626e+01
1.298260909316119796e+04 1.214102989411519751e+01
1.304421262847302751e+04 1.216453788896626875e+01
1.310581616378485705e+04 1.218804588381734177e+01
1.316741969909668660e+04 1.221155387866841480e+01
1.322902323440851615e+04 1.223506187351948782e+01
1.329062676972034569e+04 1.225856986837055906e+01
1.335223030503217524e+04 1.228207786322163209e+01
1.341383384034400478e+04 1.230558585807270333e+01
1.347543737565583615e+04 1.232909385292377635e+01
1.353704091096766570e+04 1.235260184777484938e+01
1.359864444627949524e+04 1.237610984262592240e+01
1.366024798159132479e+04 1.239961783747699364e+01
1.372185151690315433e+04 1.242312583232806666e+01
1.378345505221498388e+04 1.244663382717913791e+01
1.384505858752681343e+04 1.247014182203021093e+01
1.390666212283864297e+04 1.249364981688128395e+01
1.396826565815047252e+04 1.251715781173235520e+01
1.402986919346230206e+04 1.254066580658342822e+01
1.409147272877413161e+04 1.256417380143449947e+01
1.415307626408596116e+04 1.258768179628557249e+01
1.421467979939779252e+04 1.261118979113664551e+01
1.427628333470962207e+04 1.263469778598771853e+01
1.433788687002145161e+04 1.265820578083878978e+01
1.439949040533328116e+04 1.268171377568986280e+01
1.446109394064511071e+04 1.270522177054093405e+01
1.452269747595694025e+04 1.272872976539200707e+01
1.458430101126876980e+04 1.275223776024308009e+01
1.464590454658059934e+04 1.277574575509415133e+01
1.470750808189242889e+04 1.279925374994522436e+01
1.476911161720425844e+04 1.282276174479629560e+01
1.483071515251608798e+04 1.284626973964736862e+01
1.489231868782791753e+04 1.286977773449844165e+01
1.495392222313974889e+04 1.289328572934951467e+01
1.501552575845157844e+04 1.291679372420058591e+01
1.507712929376340799e+04 1.294030171905165894e+01
1.513873282907523753e+04 1.296380971390273018e+01
1.520033636438706708e+04 1.298731770875380320e+01
1.526193989969889662e+04 1.301082570360487622e+01
1.532354343501072617e+04 1.303433369845594925e+01
1.538514697032255572e+04 1.305784169330702049e+01
1.544675050563438526e+04 1.308134968815809174e+01
1.550835404094621481e+04 1.310485768300916476e+01
1.556995757625804436e+04 1.312836567786023778e+01
1.563156111156987390e+04 1.315187367271131080e+01
1.569316464688170527e+04 1.317538166756238383e+01
1.575476818219353481e+04 1.319888966241345507e+01
1.581637171750536436e+04 1.322239765726452632e+01
1.587797525281719390e+04 1.324590565211559934e+01
1.593957878812902345e+04 1.326941364696667236e+01
1.600118232344085300e+04 1.329292164181774538e+01
1.606278585875268254e+04 1.331642963666881663e+01
1.612438939406451209e+04 1.333993763151988787e+01
1.618599292937634164e+04 1.336344562637096089e+01
1.624759646468817118e+04 1.338695362122203392e+01
1.630920000000000073e+04 1.341046161607310694e+01
