6.136250000000000000e+02 -1.234649537012153520e-01
6.205413827655310115e+02 -6.644611890363427698e-02
6.274577655310620230e+02 -1.013980648890244751e-02
6.343741482965931482e+02 4.546112608113439535e-02
6.412905310621242734e+02 1.003637767041642981e-01
6.482069138276552849e+02 1.545751987697787655e-01
6.551232965931862964e+02 2.081024012918537558e-01
6.620396793587174216e+02 2.609523490409226820e-01
6.689560621242484331e+02 3.131319626765465269e-01
6.758724448897795583e+02 3.646481188796957262e-01
6.827888276553105698e+02 4.155076504851196173e-01
6.897052104208416949e+02 4.657173466137238815e-01
6.966215931863727064e+02 5.152839528049444340e-01
7.035379759519037179e+02 5.642141711491228673e-01
7.104543587174348431e+02 6.125146604198794531e-01
7.173707414829659683e+02 6.601920362064912506e-01
7.242871242484969798e+02 7.072528710462619994e-01
7.312035070140279913e+02 7.537036945569035584e-01
7.381198897795591165e+02 7.995509935689020242e-01
7.450362725450901280e+02 8.448012122579020566e-01
7.519526553106212532e+02 8.894607522770729968e-01
7.588690380761522647e+02 9.335359728894918607e-01
7.657854208416833899e+02 9.770331911005092351e-01
7.727018036072144014e+02 1.019958681790131827e+00
7.796181863727454129e+02 1.062318677845392578e+00
7.865345691382765381e+02 1.104119370292728552e+00
7.934509519038076633e+02 1.145366908430351938e+00
8.003673346693386748e+02 1.186067399960628821e+00
8.072837174348696863e+02 1.226226911122451080e+00
8.142001002004008114e+02 1.265851466823612714e+00
8.211164829659318229e+02 1.304947050773185513e+00
8.280328657314629481e+02 1.343519605613888945e+00
8.349492484969939596e+02 1.381575033054471380e+00
8.418656312625250848e+02 1.419119194002081752e+00
8.487820140280560963e+02 1.456157908694642789e+00
8.556983967935871078e+02 1.492696956833229116e+00
8.626147795591182330e+02 1.528742077714440706e+00
8.695311623246493582e+02 1.564298970362776098e+00
8.764475450901803697e+02 1.599373293663008067e+00
8.833639278557113812e+02 1.633970666492562618e+00
8.902803106212425064e+02 1.668096667853884441e+00
8.971966933867735179e+02 1.701756837006821010e+00
9.041130761523045294e+02 1.734956673600992705e+00
9.110294589178356546e+02 1.767701637808168247e+00
9.179458416833667798e+02 1.799997150454640593e+00
9.248622244488977913e+02 1.831848593153599269e+00
9.317786072144288028e+02 1.863261308437507147e+00
9.386949899799599280e+02 1.894240599890475218e+00
9.456113727454910531e+02 1.924791732280636047e+00
9.525277555110220646e+02 1.954919931692522539e+00
9.594441382765530761e+02 1.984630385659435392e+00
9.663605210420842013e+02 2.013928243295823428e+00
9.732769038076152128e+02 2.042818615429659701e+00
9.801932865731462243e+02 2.071306574734808503e+00
9.871096693386773495e+02 2.099397155863411246e+00
9.940260521042084747e+02 2.127095355578251468e+00
1.000942434869739486e+03 2.154406132885132497e+00
1.007858817635270498e+03 2.181334409165255561e+00
1.014775200400801623e+03 2.207885068307592569e+00
1.021691583166332748e+03 2.234062956841257552e+00
1.028607965931863873e+03 2.259872884067887888e+00
1.035524348697394771e+03 2.285319622194012634e+00
1.042440731462925896e+03 2.310407906463431082e+00
1.049357114228456794e+03 2.335142435289587759e+00
1.056273496993987919e+03 2.359527870387943871e+00
1.063189879759519044e+03 2.383568836908357191e+00
1.070106262525050170e+03 2.407269923567452174e+00
1.077022645290581295e+03 2.430635682780996731e+00
1.083939028056112193e+03 2.453670630796276342e+00
1.090855410821643318e+03 2.476379247824469942e+00
1.097771793587174443e+03 2.498765978173024926e+00
1.104688176352705341e+03 2.520835230378029479e+00
1.111604559118236466e+03 2.542591377336590686e+00
1.118520941883767591e+03 2.564038756439203759e+00
1.125437324649298716e+03 2.585181669702137697e+00
1.132353707414829614e+03 2.606024383899796959e+00
1.139270090180360739e+03 2.626571130697100909e+00
1.146186472945891865e+03 2.646826106781867693e+00
1.153102855711422762e+03 2.666793473997174591e+00
1.160019238476953888e+03 2.686477359473742332e+00
1.166935621242485013e+03 2.705881855762304333e+00
1.173852004008016138e+03 2.725011020965988795e+00
1.180768386773547263e+03 2.743868878872685713e+00
1.187684769539078161e+03 2.762459419087424983e+00
1.194601152304609059e+03 2.780786597164749629e+00
1.201517535070140184e+03 2.798854334741097460e+00
1.208433917835671309e+03 2.816666519667163193e+00
1.215350300601202434e+03 2.834227006140285887e+00
1.222266683366733560e+03 2.851539614836815506e+00
1.229183066132264685e+03 2.868608133044491471e+00
1.236099448897795583e+03 2.885436314794816326e+00
1.243015831663326708e+03 2.902027880995427633e+00
1.249932214428857833e+03 2.918386519562484516e+00
1.256848597194388731e+03 2.934515885553020453e+00
1.263764979959919856e+03 2.950419601297342709e+00
1.270681362725450981e+03 2.966101256531389119e+00
1.277597745490982106e+03 2.981564408529112864e+00
1.284514128256513004e+03 2.996812582234850808e+00
1.291430511022043902e+03 3.011849270395706046e+00
1.298346893787575027e+03 3.026677933693909583e+00
1.305263276553106152e+03 3.041302000879215761e+00
1.312179659318637277e+03 3.055724868901250169e+00
1.319096042084168403e+03 3.069949903041909955e+00
1.326012424849699528e+03 3.083980437047721956e+00
1.332928807615230653e+03 3.097819773262227905e+00
1.339845190380761551e+03 3.111471182758348331e+00
1.346761573146292449e+03 3.124937905470766442e+00
1.353677955911823574e+03 3.138223150328305788e+00
1.360594338677354699e+03 3.151330095386286168e+00
1.367510721442885824e+03 3.164261887958922603e+00
1.374427104208416949e+03 3.177021644751683915e+00
1.381343486973948075e+03 3.189612451993673048e+00
1.388259869739478972e+03 3.202037365570002958e+00
1.395176252505010098e+03 3.214299411154168062e+00
1.402092635270540995e+03 3.226401584340420126e+00
1.409009018036072121e+03 3.238346850776145480e+00
1.415925400801603246e+03 3.250138146294237362e+00
1.422841783567134371e+03 3.261778377045467803e+00
1.429758166332665496e+03 3.273270419630875949e+00
1.436674549098196394e+03 3.284617121234117310e+00
1.443590931863727292e+03 3.295821299753868949e+00
1.450507314629258417e+03 3.306885743936180067e+00
1.457423697394789542e+03 3.317813213506858983e+00
1.464340080160320667e+03 3.328606439303843256e+00
1.471256462925851793e+03 3.339268123409579569e+00
1.478172845691382918e+03 3.349800939283392065e+00
1.485089228456914043e+03 3.360207531893862232e+00
1.492005611222444941e+03 3.370490517851197687e+00
1.498921993987975839e+03 3.380652485539614727e+00
1.505838376753506964e+03 3.390695995249710215e+00
1.512754759519038089e+03 3.400623579310831701e+00
1.519671142284569214e+03 3.410437742223459523e+00
1.526587525050100339e+03 3.420140960791575147e+00
1.533503907815631464e+03 3.429735684255036166e+00
1.540420290581162362e+03 3.439224334421960183e+00
1.547336673346693487e+03 3.448609305801089153e+00
1.554253056112224613e+03 3.457892965734165269e+00
1.561169438877755510e+03 3.467077654528319730e+00
1.568085821643286636e+03 3.476165685588423315e+00
1.575002204408817761e+03 3.485159345549482257e+00
1.581918587174348886e+03 3.494060894409001250e+00
1.588834969939879784e+03 3.502872565659363335e+00
1.595751352705410682e+03 3.511596566420200016e+00
1.602667735470941807e+03 3.520235077570774695e+00
1.609584118236472932e+03 3.528790253882352790e+00
1.616500501002004057e+03 3.537264224150567848e+00
1.623416883767535182e+03 3.545659091327809875e+00
1.630333266533066308e+03 3.553976932655592780e+00
1.637249649298597433e+03 3.562219799796937370e+00
1.644166032064128331e+03 3.570389718968727699e+00
1.651082414829659228e+03 3.578488691074104278e+00
1.657998797595190354e+03 3.586518691834835959e+00
1.664915180360721479e+03 3.594481671923687838e+00
1.671831563126252604e+03 3.602379557096793139e+00
1.678747945891783729e+03 3.610214248326041986e+00
1.685664328657314854e+03 3.617987621931450182e+00
1.692580711422845752e+03 3.625701529713523552e+00
1.699497094188376650e+03 3.633357799085646711e+00
1.706413476953908003e+03 3.640958233206454953e+00
1.713329859719438900e+03 3.648504611112200369e+00
1.720246242484970026e+03 3.655998687849133955e+00
1.727162625250501151e+03 3.663442194605885494e+00
1.734079008016032276e+03 3.670836838845825678e+00
1.740995390781563174e+03 3.678184304439447772e+00
1.747911773547094072e+03 3.685486251796747936e+00
1.754828156312625197e+03 3.692744317999583803e+00
1.761744539078156322e+03 3.699960116934068122e+00
1.768660921843687447e+03 3.707135239422927331e+00
1.775577304609218345e+03 3.714271253357898317e+00
1.782493687374749697e+03 3.721369703832065667e+00
1.789410070140280823e+03 3.728432113272288628e+00
1.796326452905811720e+03 3.735459981571510824e+00
1.803242835671342618e+03 3.742454786221209861e+00
1.810159218436873743e+03 3.749417982443704833e+00
1.817075601202404869e+03 3.756351003324567284e+00
1.823991983967935994e+03 3.763255259944995768e+00
1.830908366733467119e+03 3.770132141514171309e+00
1.837824749498998017e+03 3.776983015501655938e+00
1.844741132264529369e+03 3.783809227769741046e+00
1.851657515030060040e+03 3.790612102705852582e+00
1.858573897795591392e+03 3.797392943354901629e+00
1.865490280561122290e+03 3.804153031551665176e+00
1.872406663326653415e+03 3.810893628053162896e+00
1.879323046092184541e+03 3.817615972671043245e+00
1.886239428857715666e+03 3.824321284403930488e+00
1.893155811623246564e+03 3.831010761569832557e+00
1.900072194388777461e+03 3.837685581938484969e+00
1.906988577154308814e+03 3.844346902863749804e+00
1.913904959919839712e+03 3.850995861415975163e+00
1.920821342685370837e+03 3.857633574514382158e+00
1.927737725450901735e+03 3.864261139059423478e+00
1.934654108216433087e+03 3.870879632065179710e+00
1.941570490981963758e+03 3.877490110791707245e+00
1.948486873747495110e+03 3.884093612877438151e+00
1.955403256513026008e+03 3.890691156471549395e+00
1.962319639278557133e+03 3.897283740366316085e+00
1.969236022044088259e+03 3.903872344129525107e+00
1.976152404809619384e+03 3.910457928236808822e+00
1.983068787575150509e+03 3.917041434204044048e+00
1.989985170340681407e+03 3.923623784719727503e+00
1.996901553106212759e+03 3.930205883777340592e+00
2.003817935871743430e+03 3.936788616807735064e+00
2.010734318637274555e+03 3.943372850811485808e+00
2.017650701402805680e+03 3.949959434491295607e+00
2.024567084168336805e+03 3.956549198384352817e+00
2.031483466933867930e+03 3.963142954994696598e+00
2.038399849699399056e+03 3.969741498925622114e+00
2.045316232464929953e+03 3.976345607012024441e+00
2.052232615230460851e+03 3.982956038452786895e+00
2.059148997995992431e+03 3.989573534943170241e+00
2.066065380761523102e+03 3.996198820807137952e+00
2.072981763527054227e+03 4.002832603129801825e+00
2.079898146292584897e+03 4.009475571889735690e+00
2.086814529058116477e+03 4.016128400091389494e+00
2.093730911823647148e+03 4.022791743897441208e+00
2.100647294589178273e+03 4.029466242761170491e+00
2.107563677354709398e+03 4.036152519558870111e+00
2.114480060120240523e+03 4.042851180722154325e+00
2.121396442885771648e+03 4.049562816370412932e+00
2.128312825651302774e+03 4.056288000443117880e+00
2.135229208416833899e+03 4.063027290832231131e+00
2.142145591182365024e+03 4.069781229514578769e+00
2.149061973947896149e+03 4.076550342684218897e+00
2.155978356713426820e+03 4.083335140884823744e+00
2.162894739478957945e+03 4.090136119142032456e+00
2.169811122244489070e+03 4.096953757095862514e+00
2.176727505010020195e+03 4.103788519133054535e+00
2.183643887775551320e+03 4.110640854519454379e+00
2.190560270541081991e+03 4.117511197532406797e+00
2.197476653306613116e+03 4.124399967593085137e+00
2.204393036072144241e+03 4.131307569398927626e+00
2.211309418837675366e+03 4.138234393055951088e+00
2.218225801603206492e+03 4.145180814211173015e+00
2.225142184368737617e+03 4.152147194184967027e+00
2.232058567134268742e+03 4.159133880103423664e+00
2.238974949899799867e+03 4.166141205030752914e+00
2.245891332665330538e+03 4.173169488101647673e+00
2.252807715430862118e+03 4.180219034653636534e+00
2.259724098196392788e+03 4.187290136359505865e+00
2.266640480961923913e+03 4.194383071359625959e+00
2.273556863727455038e+03 4.201498104394364219e+00
2.280473246492985709e+03 4.208635486936429970e+00
2.287389629258516834e+03 4.215795457323258333e+00
2.294306012024047959e+03 4.222978240889416313e+00
2.301222394789579084e+03 4.230184050098914739e+00
2.308138777555110210e+03 4.237413084677632114e+00
2.315055160320641335e+03 4.244665531745692277e+00
2.321971543086172460e+03 4.251941565949797663e+00
2.328887925851703585e+03 4.259241349595649595e+00
2.335804308617234710e+03 4.266565032780281541e+00
2.342720691382765835e+03 4.273912753524474084e+00
2.349637074148296961e+03 4.281284637905097057e+00
2.356553456913827631e+03 4.288680800187517406e+00
2.363469839679358756e+03 4.296101342957921787e+00
2.370386222444889427e+03 4.303546357255749299e+00
2.377302605210421007e+03 4.311015922706047832e+00
2.384218987975951677e+03 4.318510107651797547e+00
2.391135370741482802e+03 4.326028969286392467e+00
2.398051753507013927e+03 4.333572553785893788e+00
2.404968136272545053e+03 4.341140896441515906e+00
2.411884519038076178e+03 4.348734021791900162e+00
2.418800901803607303e+03 4.356351943755576883e+00
2.425717284569138428e+03 4.363994665763286207e+00
2.432633667334669553e+03 4.371662180890369065e+00
2.439550050100200679e+03 4.379354471989118203e+00
2.446466432865731349e+03 4.387071511821227787e+00
2.453382815631262929e+03 4.394813263190075148e+00
2.460299198396793145e+03 4.402579679073150842e+00
2.467215581162324725e+03 4.410370702754415007e+00
2.474131963927855395e+03 4.418186267956683011e+00
2.481048346693386520e+03 4.426026298973984474e+00
2.487964729458917645e+03 4.433890710803952473e+00
2.494881112224448771e+03 4.441779409280188773e+00
2.501797494989979896e+03 4.449692291204659256e+00
2.508713877755511021e+03 4.457629244480036945e+00
2.515630260521042146e+03 4.465590148242089441e+00
2.522546643286573271e+03 4.473574872992074347e+00
2.529463026052104397e+03 4.481583280729055652e+00
2.536379408817635067e+03 4.489615225082390637e+00
2.543295791583166647e+03 4.497670551443958331e+00
2.550212174348697317e+03 4.505749097100654410e+00
2.557128557114228443e+03 4.513850691366702250e+00
2.564044939879759568e+03 4.521975155716059902e+00
2.570961322645290693e+03 4.530122303914751569e+00
2.577877705410821363e+03 4.538291942153319880e+00
2.584794088176352489e+03 4.546483869179107629e+00
2.591710470941883614e+03 4.554697876428710046e+00
2.598626853707414739e+03 4.562933748160283187e+00
2.605543236472945864e+03 4.571191261585989096e+00
2.612459619238476989e+03 4.579470187004307746e+00
2.619376002004008114e+03 4.587770287932450231e+00
2.626292384769539240e+03 4.596091321238716887e+00
2.633208767535070365e+03 4.604433037274872298e+00
2.640125150300601490e+03 4.612795180008539830e+00
2.647041533066132615e+03 4.621177487155557984e+00
2.653957915831663286e+03 4.629579690312343843e+00
2.660874298597194411e+03 4.638001515088284954e+00
2.667790681362725536e+03 4.646442681238124095e+00
2.674707064128256206e+03 4.654902902794322728e+00
2.681623446893787786e+03 4.663381888199406688e+00
2.688539829659318457e+03 4.671879340438399808e+00
2.695456212424849582e+03 4.680394957171150949e+00
2.702372595190380707e+03 4.688928430864741870e+00
2.709288977955911832e+03 4.697479448925820478e+00
2.716205360721442958e+03 4.706047693833014023e+00
2.723121743486974083e+03 4.714632843269290774e+00
2.730038126252505208e+03 4.723234570254351894e+00
2.736954509018036333e+03 4.731852543276959366e+00
2.743870891783567458e+03 4.740486426427343858e+00
2.750787274549098129e+03 4.749135879529588600e+00
2.757703657314629709e+03 4.757800558274006164e+00
2.764620040080159924e+03 4.766480114349453956e+00
2.771536422845691504e+03 4.775174195575796254e+00
2.778452805611222175e+03 4.783882446036205494e+00
2.785369188376753300e+03 4.792604506209594106e+00
2.792285571142284425e+03 4.801340013102944226e+00
2.799201953907815550e+03 4.810088600383712887e+00
2.806118336673346676e+03 4.818849898512189256e+00
2.813034719438877801e+03 4.827623534873859867e+00
2.819951102204408926e+03 4.836409133911848457e+00
2.826867484969940051e+03 4.845206317259190598e+00
2.833783867735471176e+03 4.854014703871271763e+00
2.840700250501001847e+03 4.862833910158188999e+00
2.847616633266533427e+03 4.871663550117164121e+00
2.854533016032064097e+03 4.880503235464809464e+00
2.861449398797595222e+03 4.889352575769642328e+00
2.868365781563126347e+03 4.898211178584334746e+00
2.875282164328657473e+03 4.907078649578194174e+00
2.882198547094188143e+03 4.915954592669455891e+00
2.889114929859719268e+03 4.924838610157703300e+00
2.896031312625250393e+03 4.933730302856218941e+00
2.902947695390781519e+03 4.942629270224388804e+00
2.909864078156312644e+03 4.951535110500051573e+00
2.916780460921843769e+03 4.960447420831862075e+00
2.923696843687374894e+03 4.969365797411712471e+00
2.930613226452906019e+03 4.978289835607050406e+00
2.937529609218437145e+03 4.987219130093338393e+00
2.944445991983968270e+03 4.996153274986294690e+00
2.951362374749499395e+03 5.005091863974393540e+00
2.958278757515029611e+03 5.014034490451180659e+00
2.965195140280561191e+03 5.022980747647675770e+00
2.972111523046092316e+03 5.031930228764714741e+00
2.979027905811622986e+03 5.040882527105334354e+00
2.985944288577154566e+03 5.049837236207174840e+00
2.992860671342685237e+03 5.058793949974806026e+00
2.999777054108216362e+03 5.067752262812176056e+00
3.006693436873747487e+03 5.076711769754884251e+00
3.013609819639278612e+03 5.085672066602644037e+00
3.020526202404809737e+03 5.094632750051625081e+00
3.027442585170340863e+03 5.103593417826811418e+00
3.034358967935871533e+03 5.112553668814406649e+00
3.041275350701403113e+03 5.121513103194196503e+00
3.048191733466934238e+03 5.130471322571906079e+00
3.055108116232464909e+03 5.139427930111610365e+00
3.062024498997996488e+03 5.148382530668079937e+00
3.068940881763526704e+03 5.157334730919167498e+00
3.075857264529058284e+03 5.166284139498174000e+00
3.082773647294588955e+03 5.175230367126227193e+00
3.089690030060120080e+03 5.184173026744694823e+00
3.096606412825651205e+03 5.193111733647474360e+00
3.103522795591182330e+03 5.202046105613415961e+00
3.110439178356713455e+03 5.210975763038749875e+00
3.117355561122244580e+03 5.219900329069384171e+00
3.124271943887775706e+03 5.228819429733272628e+00
3.131188326653306831e+03 5.237732694072860795e+00
3.138104709418837956e+03 5.246639754277413026e+00
3.145021092184368626e+03 5.255540245815383926e+00
3.151937474949900206e+03 5.264433807566844870e+00
3.158853857715430877e+03 5.273320081955754191e+00
3.165770240480962002e+03 5.282198715082436991e+00
3.172686623246492672e+03 5.291069356855908623e+00
3.179603006012023798e+03 5.299931661126299431e+00
3.186519388777554923e+03 5.308785285817135602e+00
3.193435771543086048e+03 5.317629893057773671e+00
3.200352154308617173e+03 5.326465149315819048e+00
3.207268537074148298e+03 5.335290725529393541e+00
3.214184919839679424e+03 5.344106297239616055e+00
3.221101302605210549e+03 5.352911544722912751e+00
3.228017685370741674e+03 5.361706153123380503e+00
3.234934068136272799e+03 5.370489812585255152e+00
3.241850450901803924e+03 5.379262218385172822e+00
3.248766833667334595e+03 5.388023071064593772e+00
3.255683216432865720e+03 5.396772076562195153e+00
3.262599599198396390e+03 5.405508946346225585e+00
3.269515981963927970e+03 5.414233397546881932e+00
3.276432364729459096e+03 5.422945153088663872e+00
3.283348747494989766e+03 5.431643941822789756e+00
3.290265130260521346e+03 5.440329498659560059e+00
3.297181513026052016e+03 5.449001564700688860e+00
3.304097895791583142e+03 5.457659887371775653e+00
3.311014278557114267e+03 5.466304220554503601e+00
3.317930661322645392e+03 5.474934324719253453e+00
3.324847044088176517e+03 5.483549967057266272e+00
3.331763426853707642e+03 5.492150921613174752e+00
3.338679809619238313e+03 5.500736969417237887e+00
3.345596192384769893e+03 5.509307898617789689e+00
3.352512575150301018e+03 5.517863504613695014e+00
3.359428957915831688e+03 5.526403590186523829e+00
3.366345340681363268e+03 5.534927965633151814e+00
3.373261723446893484e+03 5.543436448897930191e+00
3.380178106212425064e+03 5.551928865705234806e+00
3.387094488977955734e+03 5.560405049691665269e+00
3.394010871743486859e+03 5.568864842538616244e+00
3.400927254509017985e+03 5.577308094104513003e+00
3.407843637274549110e+03 5.585734662557184649e+00
3.414760020040080235e+03 5.594144414506311946e+00
3.421676402805611360e+03 5.602537225135806764e+00
3.428592785571142485e+03 5.610912978336109802e+00
3.435509168336673611e+03 5.619271566836586018e+00
3.442425551102204736e+03 5.627612892337943151e+00
3.449341933867735406e+03 5.635936865644582738e+00
3.456258316633266986e+03 5.644243406796965346e+00
3.463174699398797657e+03 5.652532445204025535e+00
3.470091082164328782e+03 5.660803919775441173e+00
3.477007464929859452e+03 5.669057779054172741e+00
3.483923847695390577e+03 5.677293981348686458e+00
3.490840230460921703e+03 5.685512494865402111e+00
3.497756613226452828e+03 5.693713297841056509e+00
3.504672995991983953e+03 5.701896378675080257e+00
3.511589378757515078e+03 5.710061736061981641e+00
3.518505761523046203e+03 5.718209379123702973e+00
3.525422144288577329e+03 5.726339327541964508e+00
3.532338527054108454e+03 5.734451611690744244e+00
3.539254909819639579e+03 5.742546272768519700e+00
3.546171292585170704e+03 5.750623362930774363e+00
3.553087675350701375e+03 5.758682945422208377e+00
3.560004058116232500e+03 5.766725094709320487e+00
3.566920440881763170e+03 5.774749896612622280e+00
3.573836823647294750e+03 5.782757448439028281e+00
3.580753206412825875e+03 5.790747859114357965e+00
3.587669589178356546e+03 5.798721249315555326e+00
3.594585971943888126e+03 5.806677751603084303e+00
3.601502354709418796e+03 5.814617510553438784e+00
3.608418737474949921e+03 5.822540682891400365e+00
3.615335120240481046e+03 5.830447437622408025e+00
3.622251503006012172e+03 5.838337956164982856e+00
3.629167885771543297e+03 5.846212432483037347e+00
3.636084268537074422e+03 5.854071073218397814e+00
3.643000651302605092e+03 5.861914097822994663e+00
3.649917034068136672e+03 5.869741738691325317e+00
3.656833416833667798e+03 5.877554241292836323e+00
3.663749799599198468e+03 5.885351864304343650e+00
3.670666182364730048e+03 5.893134879742206955e+00
3.677582565130260264e+03 5.900903573094998578e+00
3.684498947895791844e+03 5.908658243455629844e+00
3.691415330661322514e+03 5.916399203653840644e+00
3.698331713426853639e+03 5.924126780388620617e+00
3.705248096192384764e+03 5.931841314360378981e+00
3.712164478957915890e+03 5.939543160403621513e+00
3.719080861723447015e+03 5.947232687619045777e+00
3.725997244488978140e+03 5.954910279506085757e+00
3.732913627254509265e+03 5.962576334095256669e+00
3.739830010020040390e+03 5.970231264080394951e+00
3.746746392785571516e+03 5.977875496951270406e+00
3.753662775551102186e+03 5.985509475125773804e+00
3.760579158316633766e+03 5.993133656082417104e+00
3.767495541082163982e+03 6.000748512492517506e+00
3.774411923847695562e+03 6.008354532352825572e+00
3.781328306613226232e+03 6.015952219117691513e+00
3.788244689378757357e+03 6.023542091831597389e+00
3.795161072144288482e+03 6.031124685261408658e+00
3.802077454909819608e+03 6.038700550028791803e+00
3.808993837675350733e+03 6.046270252742619533e+00
3.815910220440881858e+03 6.053834376131247197e+00
3.822826603206412983e+03 6.061393519175117817e+00
3.829742985971944108e+03 6.068948297238843104e+00
3.836659368737475234e+03 6.076499342203725007e+00
3.843575751503005904e+03 6.084047302600176899e+00
3.850492134268537484e+03 6.091592843740032848e+00
3.857408517034068154e+03 6.099136647848897752e+00
3.864324899799599280e+03 6.106679414198552536e+00
3.871241282565129950e+03 6.114221859239385992e+00
3.878157665330661530e+03 6.121764716732689848e+00
3.885074048096192200e+03 6.129308737883025771e+00
3.891990430861723326e+03 6.136854691470652767e+00
3.898906813627254905e+03 6.144403363983949262e+00
3.905823196392785576e+03 6.151955559751584701e+00
3.912739579158316701e+03 6.159512101075149459e+00
3.919655961923847826e+03 6.167073828361385956e+00
3.926572344689378951e+03 6.174641600254551221e+00
3.933488727454910077e+03 6.182216293768858506e+00
3.940405110220441202e+03 6.189798804420831857e+00
3.947321492985971872e+03 6.197390046361666904e+00
3.954237875751503452e+03 6.204990952509550795e+00
3.961154258517033668e+03 6.212602474682187292e+00
3.968070641282565248e+03 6.220225583729037666e+00
3.974987024048096373e+03 6.227861269663776511e+00
3.981903406813627043e+03 6.235510541796553952e+00
3.988819789579158623e+03 6.243174428866467451e+00
3.995736172344689294e+03 6.250853979173969677e+00
4.002652555110220419e+03 6.258550260713175106e+00
4.009568937875751544e+03 6.266264361304187958e+00
4.016485320641282669e+03 6.273997388725582880e+00
4.023401703406813795e+03 6.281750470846731105e+00
4.030318086172344920e+03 6.289524755760171004e+00
4.037234468937875590e+03 6.331045175406996961e+00
4.098653391204519721e+03 6.405941089340696948e+00
4.160072313471163397e+03 6.480837003274396935e+00
4.221491235737807074e+03 6.555732917208096922e+00
4.282910158004450750e+03 6.630628831141796908e+00
4.344329080271094426e+03 6.705524745075496895e+00
4.405748002537739012e+03 6.780420659009197770e+00
4.467166924804382688e+03 6.855316572942897757e+00
4.528585847071026365e+03 6.930212486876597744e+00
4.590004769337670041e+03 7.005108400810297731e+00
4.651423691604313717e+03 7.080004314743996829e+00
4.712842613870958303e+03 7.154900228677698593e+00
4.774261536137601979e+03 7.229796142611397691e+00
4.835680458404245655e+03 7.304692056545097678e+00
4.897099380670889332e+03 7.379587970478797665e+00
4.958518302937533008e+03 7.454483884412497652e+00
5.019937225204177594e+03 7.529379798346198527e+00
5.081356147470821270e+03 7.604275712279898514e+00
5.142775069737464946e+03 7.679171626213598500e+00
5.204193992004108622e+03 7.754067540147298487e+00
5.265612914270752299e+03 7.828963454080998474e+00
5.327031836537396885e+03 7.903859368014699349e+00
5.388450758804039651e+03 7.978755281948398448e+00
5.449869681070684237e+03 8.053651195882100211e+00
5.511288603337327913e+03 8.128547109815798422e+00
5.572707525603971590e+03 8.203443023749500185e+00
5.634126447870616175e+03 8.278338937683200172e+00
5.695545370137258942e+03 8.353234851616898382e+00
5.756964292403903528e+03 8.428130765550598369e+00
5.818383214670547204e+03 8.503026679484300132e+00
5.879802136937190880e+03 8.577922593417998343e+00
5.941221059203834557e+03 8.652818507351700106e+00
6.002639981470478233e+03 8.727714421285398316e+00
6.064058903737122819e+03 8.802610335219100079e+00
6.125477826003766495e+03 8.877506249152800066e+00
6.186896748270410171e+03 8.952402163086500053e+00
6.248315670537054757e+03 9.027298077020201816e+00
6.309734592803697524e+03 9.102193990953900027e+00
6.371153515070342110e+03 9.177089904887601790e+00
6.432572437336985786e+03 9.251985818821300001e+00
6.493991359603629462e+03 9.326881732755001764e+00
6.555410281870273138e+03 9.401777646688699974e+00
6.616829204136916815e+03 9.476673560622399961e+00
6.678248126403561400e+03 9.551569474556101724e+00
6.739667048670204167e+03 9.626465388489799935e+00
6.801085970936848753e+03 9.701361302423501698e+00
6.862504893203492429e+03 9.776257216357201685e+00
6.923923815470136105e+03 9.851153130290901672e+00
6.985342737736780691e+03 9.926049044224601658e+00
7.046761660003423458e+03 1.000094495815829987e+01
7.108180582270068044e+03 1.007584087209200163e+01
7.169599504536711720e+03 1.015073678602570162e+01
7.231018426803355396e+03 1.022563269995940161e+01
7.292437349069999982e+03 1.030052861389310337e+01
7.353856271336642749e+03 1.037542452782680158e+01
7.415275193603287335e+03 1.045032044176050157e+01
7.476694115869931011e+03 1.052521635569420155e+01
7.538113038136574687e+03 1.060011226962790154e+01
7.599531960403219273e+03 1.067500818356160330e+01
7.660950882669862040e+03 1.074990409749530151e+01
7.722369804936506625e+03 1.082480001142900328e+01
7.783788727203150302e+03 1.089969592536270326e+01
7.845207649469793978e+03 1.097459183929640325e+01
7.906626571736438564e+03 1.104948775323010324e+01
7.968045494003081330e+03 1.112438366716380322e+01
8.029464416269725916e+03 1.119927958109750321e+01
8.090883338536369592e+03 1.127417549503120320e+01
8.152302260803013269e+03 1.134907140896490318e+01
8.213721183069657855e+03 1.142396732289860495e+01
8.275140105336300621e+03 1.149886323683230316e+01
8.336559027602945207e+03 1.157375915076600315e+01
8.397977949869587974e+03 1.164865506469970313e+01
8.459396872136232560e+03 1.172355097863340312e+01
8.520815794402877145e+03 1.179844689256710488e+01
8.582234716669519912e+03 1.187334280650080309e+01
8.643653638936164498e+03 1.194823872043450486e+01
8.705072561202807265e+03 1.202313463436820307e+01
8.766491483469451850e+03 1.209803054830190483e+01
8.827910405736096436e+03 1.217292646223560482e+01
8.889329328002739203e+03 1.224782237616930480e+01
8.950748250269383789e+03 1.232271829010300479e+01
9.012167172536026555e+03 1.239761420403670478e+01
9.073586094802671141e+03 1.247251011797040476e+01
9.135005017069315727e+03 1.254740603190410653e+01
9.196423939335958494e+03 1.262230194583780474e+01
9.257842861602603080e+03 1.269719785977150650e+01
9.319261783869245846e+03 1.277209377370520471e+01
9.380680706135890432e+03 1.284698968763890470e+01
9.442099628402533199e+03 1.292188560157260468e+01
9.503518550669177785e+03 1.299678151550630467e+01
9.564937472935822370e+03 1.307167742944000643e+01
9.626356395202465137e+03 1.314657334337370465e+01
9.687775317469109723e+03 1.322146925730740641e+01
9.749194239735752490e+03 1.329636517124110462e+01
9.810613162002397075e+03 1.337126108517480638e+01
9.872032084269041661e+03 1.344615699910850637e+01
9.933451006535684428e+03 1.352105291304220636e+01
9.994869928802329014e+03 1.359594882697590634e+01
1.005628885106897178e+04 1.367084474090960455e+01
1.011770777333561637e+04 1.374574065484330632e+01
1.017912669560226095e+04 1.382063656877700808e+01
1.024054561786890372e+04 1.389553248271070629e+01
1.030196454013554830e+04 1.397042839664440805e+01
1.036338346240219107e+04 1.404532431057810626e+01
1.042480238466883566e+04 1.412022022451180625e+01
1.048622130693548024e+04 1.419511613844550801e+01
1.054764022920212301e+04 1.427001205237920622e+01
1.060905915146876760e+04 1.434490796631290799e+01
1.067047807373541036e+04 1.441980388024660620e+01
1.073189699600205495e+04 1.449469979418030796e+01
1.079331591826869953e+04 1.456959570811400795e+01
1.085473484053534230e+04 1.464449162204770793e+01
1.091615376280198689e+04 1.471938753598140792e+01
1.097757268506862965e+04 1.479428344991510791e+01
1.103899160733527424e+04 1.486917936384880790e+01
1.110041052960191882e+04 1.494407527778250966e+01
1.116182945186856159e+04 1.501897119171620787e+01
1.122324837413520618e+04 1.509386710564990963e+01
1.128466729640184894e+04 1.516876301958360784e+01
1.134608621866849353e+04 1.524365893351730783e+01
1.140750514093513630e+04 1.531855484745100782e+01
1.146892406320178088e+04 1.539345076138470780e+01
1.153034298546842547e+04 1.546834667531840957e+01
1.159176190773506823e+04 1.554324258925210778e+01
1.165318083000171282e+04 1.561813850318580954e+01
1.171459975226835559e+04 1.569303441711950775e+01
1.177601867453500017e+04 1.576793033105320951e+01
1.183743759680164476e+04 1.584282624498690950e+01
1.189885651906828753e+04 1.591772215892060949e+01
1.196027544133493211e+04 1.599261807285430947e+01
1.202169436360157488e+04 1.606751398678800768e+01
1.208311328586821946e+04 1.614240990072170945e+01
1.214453220813486405e+04 1.621730581465541121e+01
1.220595113040150682e+04 1.629220172858910942e+01
1.226737005266815140e+04 1.636709764252281119e+01
1.232878897493479417e+04 1.644199355645650940e+01
1.239020789720143875e+04 1.651688947039021116e+01
1.245162681946808152e+04 1.659178538432390937e+01
1.251304574173472611e+04 1.666668129825760758e+01
1.257446466400137069e+04 1.674157721219130934e+01
1.263588358626801346e+04 1.681647312612501111e+01
1.269730250853465805e+04 1.689136904005871287e+01
1.275872143080130081e+04 1.696626495399240753e+01
1.282014035306794540e+04 1.704116086792610929e+01
1.288155927533458998e+04 1.711605678185981105e+01
1.294297819760123275e+04 1.719095269579351282e+01
1.300439711986787734e+04 1.726584860972721103e+01
1.306581604213452010e+04 1.734074452366090924e+01
1.312723496440116469e+04 1.741564043759461100e+01
1.318865388666780746e+04 1.749053635152830921e+01
1.325007280893445204e+04 1.756543226546201097e+01
1.331149173120109663e+04 1.764032817939571274e+01
1.337291065346773939e+04 1.771522409332941095e+01
1.343432957573438398e+04 1.779012000726311271e+01
1.349574849800102675e+04 1.786501592119681092e+01
1.355716742026767133e+04 1.793991183513051269e+01
1.361858634253431592e+04 1.801480774906421090e+01
1.368000526480095868e+04 1.808970366299791266e+01
1.374142418706760327e+04 1.816459957693161087e+01
1.380284310933424604e+04 1.823949549086531263e+01
1.386426203160089062e+04 1.831439140479901084e+01
1.392568095386753521e+04 1.838928731873271261e+01
1.398709987613417798e+04 1.846418323266641082e+01
1.404851879840082256e+04 1.853907914660011258e+01
1.410993772066746533e+04 1.861397506053381079e+01
1.417135664293410991e+04 1.868887097446751255e+01
1.423277556520075450e+04 1.876376688840121432e+01
1.429419448746739727e+04 1.883866280233491253e+01
1.435561340973404185e+04 1.891355871626861429e+01
1.441703233200068462e+04 1.898845463020231250e+01
1.447845125426732920e+04 1.906335054413601426e+01
1.453987017653397379e+04 1.913824645806971247e+01
1.460128909880061656e+04 1.921314237200341424e+01
1.466270802106726114e+04 1.928803828593711245e+01
1.472412694333390391e+04 1.936293419987081421e+01
1.478554586560054850e+04 1.943783011380451242e+01
1.484696478786719126e+04 1.951272602773821419e+01
1.490838371013383585e+04 1.958762194167191240e+01
1.496980263240048043e+04 1.966251785560561416e+01
1.503122155466712320e+04 1.973741376953931237e+01
1.509264047693376779e+04 1.981230968347301413e+01
1.515405939920041055e+04 1.988720559740671234e+01
1.521547832146705514e+04 1.996210151134041411e+01
1.527689724373369972e+04 2.003699742527411587e+01
1.533831616600034249e+04 2.011189333920781408e+01
1.539973508826698708e+04 2.018678925314151584e+01
1.546115401053362984e+04 2.026168516707521405e+01
1.552257293280027443e+04 2.033658108100891582e+01
1.558399185506691902e+04 2.041147699494261403e+01
1.564541077733356178e+04 2.048637290887631579e+01
1.570682969960020637e+04 2.056126882281001400e+01
1.576824862186684913e+04 2.063616473674371576e+01
1.582966754413349372e+04 2.071106065067741397e+01
1.589108646640013831e+04 2.078595656461111574e+01
1.595250538866678107e+04 2.086085247854481395e+01
1.601392431093342566e+04 2.093574839247851571e+01
1.607534323320006843e+04 2.101064430641221392e+01
1.613676215546671301e+04 2.108554022034591569e+01
1.619818107773335760e+04 2.116043613427961745e+01
1.625960000000000036e+04 2.123533204821331566e+01
