5.230067249999999603e+02 -1.814076496671053196e+00
5.301071123246492789e+02 -1.735275808361754324e+00
5.372074996492985974e+02 -1.657750912604787130e+00
5.443078869739479160e+02 -1.581486738901185518e+00
5.514082742985972345e+02 -1.506468325212376946e+00
5.585086616232464394e+02 -1.432680817596147183e+00
5.656090489478957579e+02 -1.360109469842602392e+00
5.727094362725450765e+02 -1.288739643110135891e+00
5.798098235971943950e+02 -1.218556805561390677e+00
5.869102109218437135e+02 -1.149546531999225518e+00
5.940105982464929184e+02 -1.081694503502677707e+00
6.011109855711423506e+02 -1.014986507062927812e+00
6.082113728957915555e+02 -9.494084352192649900e-01
6.153117602204408740e+02 -8.849462856950502943e-01
6.224121475450901926e+02 -8.215861610336809839e-01
6.295125348697395111e+02 -7.593142682345552785e-01
6.366129221943888297e+02 -6.981169183890374441e-01
6.437133095190380345e+02 -6.379805263164204376e-01
6.508136968436873531e+02 -5.788916101998915487e-01
6.579140841683365579e+02 -5.208367912224960428e-01
6.650144714929859902e+02 -4.638027932031024703e-01
6.721148588176353087e+02 -4.077764422323656435e-01
6.792152461422845136e+02 -3.527446663086923895e-01
6.863156334669339458e+02 -2.986944949742045274e-01
6.934160207915831506e+02 -2.456130589507041773e-01
7.005164081162324692e+02 -1.934875897756380692e-01
7.076167954408817877e+02 -1.423054194380610760e-01
7.147171827655309926e+02 -9.205398001460196600e-02
7.218175700901804248e+02 -4.272080330542649129e-02
7.289179574148296297e+02 5.706479529798635930e-03
7.360183447394789482e+02 5.324013833593932432e-02
7.431187320641281531e+02 9.989234432643123718e-02
7.502191193887775853e+02 1.456751704473162601e-01
7.573195067134267902e+02 1.906005917412754158e-01
7.644198940380761087e+02 2.346804857116688847e-01
7.715202813627254272e+02 2.779266326865655889e-01
7.786206686873747458e+02 3.203507161827849892e-01
7.857210560120240643e+02 3.619643232699290003e-01
7.928214433366733829e+02 4.027789449344185702e-01
7.999218306613225877e+02 4.428059764435290369e-01
8.070222179859720200e+02 4.820567177094285949e-01
8.141226053106212248e+02 5.205423736532072132e-01
8.212229926352705434e+02 5.582740545689208744e-01
8.283233799599197482e+02 5.952627764876197158e-01
8.354237672845690668e+02 6.315194615413886048e-01
8.425241546092183853e+02 6.670549383273817190e-01
8.496245419338677038e+02 7.018799422718557945e-01
8.567249292585170224e+02 7.360051159942080368e-01
8.638253165831663409e+02 7.694410096710122549e-01
8.709257039078156595e+02 8.021980814000532201e-01
8.780260912324649780e+02 8.342866975643609129e-01
8.851264785571141829e+02 8.657171331962515426e-01
8.922268658817635014e+02 8.964995723413563544e-01
8.993272532064128200e+02 9.266441084226615388e-01
9.064276405310621385e+02 9.561607446045431447e-01
9.135280278557113434e+02 9.850593941568013268e-01
9.206284151803606619e+02 1.013349880818699145e+00
9.277288025050100941e+02 1.041041939162995256e+00
9.348291898296592990e+02 1.068145214959979272e+00
9.419295771543086175e+02 1.094669265541510228e+00
9.490299644789579361e+02 1.120623560165049604e+00
9.561303518036071409e+02 1.146017480377699016e+00
9.632307391282565732e+02 1.170860320380233688e+00
9.703311264529058917e+02 1.195161287391141469e+00
9.774315137775550966e+02 1.218929502010652755e+00
9.845319011022045288e+02 1.242173998584783057e+00
9.916322884268537337e+02 1.264903725569363369e+00
9.987326757515030522e+02 1.287127545894078517e+00
1.005833063076152257e+03 1.308854237326501746e+00
1.012933450400801576e+03 1.330092492836130624e+00
1.020033837725450894e+03 1.350850920958423407e+00
1.027134225050100213e+03 1.371138046158832946e+00
1.034234612374749531e+03 1.390962309196843272e+00
1.041334999699398850e+03 1.410332067490008612e+00
1.048435387024048168e+03 1.429255595477980645e+00
1.055535774348697487e+03 1.447741084986552629e+00
1.062636161673346578e+03 1.465796645591691316e+00
1.069736548997995897e+03 1.483430304983573755e+00
1.076836936322645215e+03 1.500650009330619650e+00
1.083937323647294761e+03 1.517463623643532600e+00
1.091037710971943852e+03 1.533878932139330242e+00
1.098138098296593171e+03 1.549903638605383716e+00
1.105238485621242489e+03 1.565545366763452906e+00
1.112338872945891808e+03 1.580811660633719473e+00
1.119439260270541126e+03 1.595709984898825429e+00
1.126539647595190445e+03 1.610247725267905938e+00
1.133640034919839763e+03 1.624432188840628122e+00
1.140740422244488855e+03 1.638270604471225633e+00
1.147840809569138401e+03 1.651770123132533463e+00
1.154941196893787492e+03 1.664937818280022075e+00
1.162041584218437038e+03 1.677780686215838202e+00
1.169141971543086129e+03 1.690305646452834543e+00
1.176242358867735447e+03 1.702519542078610115e+00
1.183342746192384766e+03 1.714429140119542838e+00
1.190443133517034084e+03 1.726041131904826997e+00
1.197543520841683403e+03 1.737362133430507605e+00
1.204643908166332722e+03 1.748398685723518087e+00
1.211744295490982040e+03 1.759157255205712200e+00
1.218844682815631359e+03 1.769644234057903498e+00
1.225945070140280677e+03 1.779865940583898798e+00
1.233045457464929768e+03 1.789828619574536317e+00
1.240145844789579087e+03 1.799538442671716698e+00
1.247246232114228405e+03 1.809001508732444474e+00
1.254346619438877724e+03 1.818223844192857985e+00
1.261447006763527042e+03 1.827211403432268177e+00
1.268547394088176361e+03 1.835970069137196514e+00
1.275647781412825680e+03 1.844505652665406670e+00
1.282748168737474998e+03 1.852823894409939331e+00
1.289848556062124317e+03 1.860930464163151887e+00
1.296948943386773635e+03 1.868830961480751895e+00
1.304049330711422954e+03 1.876530916045835218e+00
1.311149718036072045e+03 1.884035788032916159e+00
1.318250105360721363e+03 1.891350968471966265e+00
1.325350492685370682e+03 1.898481779612453568e+00
1.332450880010020001e+03 1.905433475287372946e+00
1.339551267334669319e+03 1.912211241277282925e+00
1.346651654659318638e+03 1.918820195674341811e+00
1.353752041983967956e+03 1.925265389246348269e+00
1.360852429308617275e+03 1.931551805800764576e+00
1.367952816633266593e+03 1.937684362548766970e+00
1.375053203957915684e+03 1.943667910469269566e+00
1.382153591282565230e+03 1.949507234672969602e+00
1.389253978607214322e+03 1.955207054766373354e+00
1.396354365931863867e+03 1.960772025215838266e+00
1.403454753256512959e+03 1.966206735711608422e+00
1.410555140581162277e+03 1.971515711531849790e+00
1.417655527905811596e+03 1.976703413906679252e+00
1.424755915230460687e+03 1.981774240382213392e+00
1.431856302555110233e+03 1.986732525184592646e+00
1.438956689879759324e+03 1.991582539584018541e+00
1.446057077204408870e+03 1.996328492258799159e+00
1.453157464529057961e+03 2.000974529659370837e+00
1.460257851853707507e+03 2.005524736372342076e+00
1.467358239178356598e+03 2.009983135484528560e+00
1.474458626503006144e+03 2.014353688946987297e+00
1.481559013827655235e+03 2.018640297939054307e+00
1.488659401152304554e+03 2.022846803232373425e+00
1.495759788476953872e+03 2.026976985554945099e+00
1.502860175801603191e+03 2.031034565955149418e+00
1.509960563126252509e+03 2.035023206165782916e+00
1.517060950450901828e+03 2.038946508968106919e+00
1.524161337775551146e+03 2.042808018555867910e+00
1.531261725100200238e+03 2.046611220899340555e+00
1.538362112424849784e+03 2.050359544109362719e+00
1.545462499749498875e+03 2.054056358801370497e+00
1.552562887074148193e+03 2.057704978459433676e+00
1.559663274398797512e+03 2.061308659800292542e+00
1.566763661723446830e+03 2.064870603137391569e+00
1.573864049048096149e+03 2.068393952744916220e+00
1.580964436372745467e+03 2.071881797221828858e+00
1.588064823697394786e+03 2.075337169855903330e+00
1.595165211022043877e+03 2.078763048987767537e+00
1.602265598346693423e+03 2.082162358374921141e+00
1.609365985671342514e+03 2.085537967555792349e+00
1.616466372995991833e+03 2.088892692213761393e+00
1.623566760320641151e+03 2.092229294541200879e+00
1.630667147645290470e+03 2.095550483603504599e+00
1.637767534969939788e+03 2.098858915703131878e+00
1.644867922294589334e+03 2.102157194743642155e+00
1.651968309619238426e+03 2.105447872593722458e+00
1.659068696943887744e+03 2.108733449451229980e+00
1.666169084268537063e+03 2.112016374207230207e+00
1.673269471593186154e+03 2.115299044810024398e+00
1.680369858917835700e+03 2.118583808629188603e+00
1.687470246242484791e+03 2.121872962819617126e+00
1.694570633567134337e+03 2.125168754685545558e+00
1.701671020891783428e+03 2.128473382044591578e+00
1.708771408216432974e+03 2.131788993591793968e+00
1.715871795541082065e+03 2.135117689263647200e+00
1.722972182865731384e+03 2.138461520602131571e+00
1.730072570190380702e+03 2.141822491118754890e+00
1.737172957515029793e+03 2.145202556658579951e+00
1.744273344839679339e+03 2.148603625764279546e+00
1.751373732164328430e+03 2.152027560040143950e+00
1.758474119488977749e+03 2.155476174516140375e+00
1.765574506813627295e+03 2.158951238011937335e+00
1.772674894138276613e+03 2.162454473500943664e+00
1.779775281462925705e+03 2.165987558474340435e+00
1.786875668787575023e+03 2.169552125305122203e+00
1.793976056112224569e+03 2.173149761612124475e+00
1.801076443436873888e+03 2.176782010624072949e+00
1.808176830761522979e+03 2.180450371543600774e+00
1.815277218086172525e+03 2.184156299911307997e+00
1.822377605410821616e+03 2.187901207969765505e+00
1.829477992735470934e+03 2.191686465027586017e+00
1.836578380060120253e+03 2.195513397823432022e+00
1.843678767384769344e+03 2.199383290890060572e+00
1.850779154709418890e+03 2.203297386918373402e+00
1.857879542034067981e+03 2.207256887121419986e+00
1.864979929358717300e+03 2.211262951598467641e+00
1.872080316683366618e+03 2.215316699699016123e+00
1.879180704008016164e+03 2.219419210386841090e+00
1.886281091332665255e+03 2.223571522604020245e+00
1.893381478657314574e+03 2.227774635634992340e+00
1.900481865981963892e+03 2.232029509470561113e+00
1.907582253306612984e+03 2.236337065171959626e+00
1.914682640631262529e+03 2.240698185234860418e+00
1.921783027955911848e+03 2.245113713953435841e+00
1.928883415280561167e+03 2.249584457784377989e+00
1.935983802605210485e+03 2.254111185710931942e+00
1.943084189929859804e+03 2.258694629606947224e+00
1.950184577254508895e+03 2.263335484600899061e+00
1.957284964579158213e+03 2.268034409439924737e+00
1.964385351903807532e+03 2.272792026853874603e+00
1.971485739228456850e+03 2.277608923919326678e+00
1.978586126553106169e+03 2.282485652423636768e+00
1.985686513877755260e+03 2.287422729228965501e+00
1.992786901202404579e+03 2.292420636636321785e+00
1.999887288527054125e+03 2.297479822749598277e+00
2.006987675851703443e+03 2.302600701839594421e+00
2.014088063176352534e+03 2.307783654708061682e+00
2.021188450501002080e+03 2.313029029051748786e+00
2.028288837825651399e+03 2.318337139826421200e+00
2.035389225150300717e+03 2.323708269610896604e+00
2.042489612474949809e+03 2.329142668971095453e+00
2.049589999799599354e+03 2.334640556824067126e+00
2.056690387124248446e+03 2.340202120802016061e+00
2.063790774448897537e+03 2.345827517616366542e+00
2.070891161773547083e+03 2.351516873421764853e+00
2.077991549098196174e+03 2.357270284180128073e+00
2.085091936422845720e+03 2.363087816024692867e+00
2.092192323747494811e+03 2.368969505624033189e+00
2.099292711072143902e+03 2.374915360546101084e+00
2.106393098396793448e+03 2.380925359622259929e+00
2.113493485721442539e+03 2.386999453311336339e+00
2.120593873046092085e+03 2.393137564063632095e+00
2.127694260370741176e+03 2.399339586684974268e+00
2.134794647695390722e+03 2.405605388700748470e+00
2.141895035020040268e+03 2.411934810719927214e+00
2.148995422344689359e+03 2.418327666799124920e+00
2.156095809669338905e+03 2.424783744806610297e+00
2.163196196993987996e+03 2.431302806786348469e+00
2.170296584318637542e+03 2.437884589322058204e+00
2.177396971643286633e+03 2.444528803901203418e+00
2.184497358967935725e+03 2.451235137279078380e+00
2.191597746292585271e+03 2.458003251842814763e+00
2.198698133617234362e+03 2.464832785975411333e+00
2.205798520941883908e+03 2.471723354419794294e+00
2.212898908266532999e+03 2.478674548642827435e+00
2.219999295591182090e+03 2.485685937199375584e+00
2.227099682915831636e+03 2.492757066096309426e+00
2.234200070240480727e+03 2.499887459156569847e+00
2.241300457565130273e+03 2.507076618383173194e+00
2.248400844889779364e+03 2.514324024323280060e+00
2.255501232214428910e+03 2.521629136432203211e+00
2.262601619539078001e+03 2.528991393437464819e+00
2.269702006863727547e+03 2.536410213702811500e+00
2.276802394188376638e+03 2.543884995592275988e+00
2.283902781513026184e+03 2.551415117834170410e+00
2.291003168837675275e+03 2.558999939885179931e+00
2.298103556162324821e+03 2.566638802294340937e+00
2.305203943486973913e+03 2.574331027067127131e+00
2.312304330811623004e+03 2.582075918029444583e+00
2.319404718136272550e+03 2.589872761191680084e+00
2.326505105460921641e+03 2.597720825112753484e+00
2.333605492785571187e+03 2.605619361264139400e+00
2.340705880110220278e+03 2.613567604393898236e+00
2.347806267434869369e+03 2.621564772890716544e+00
2.354906654759518915e+03 2.629610069147951812e+00
2.362007042084168461e+03 2.637702679927647509e+00
2.369107429408817552e+03 2.645841776724587646e+00
2.376207816733466643e+03 2.654026516130335356e+00
2.383308204058116189e+03 2.662256040197247486e+00
2.390408591382765735e+03 2.670529476802521618e+00
2.397508978707414826e+03 2.678845940012232418e+00
2.404609366032063917e+03 2.687204530445380879e+00
2.411709753356713463e+03 2.695604335637898252e+00
2.418810140681363009e+03 2.704044430406703281e+00
2.425910528006012100e+03 2.712523877213734114e+00
2.433010915330661192e+03 2.721041726529998428e+00
2.440111302655310283e+03 2.729597017199571152e+00
2.447211689979959829e+03 2.738188776803674784e+00
2.454312077304609375e+03 2.746816022024677117e+00
2.461412464629258466e+03 2.755477759010159122e+00
2.468512851953907557e+03 2.764172983736910449e+00
2.475613239278557103e+03 2.772900682375015968e+00
2.482713626603206649e+03 2.781659831651854375e+00
2.489814013927855740e+03 2.790449399216143433e+00
2.496914401252504831e+03 2.799268344001983877e+00
2.504014788577153922e+03 2.808115616592867791e+00
2.511115175901803923e+03 2.816990159585762932e+00
2.518215563226453014e+03 2.825890907955097120e+00
2.525315950551102105e+03 2.834816789416831018e+00
2.532416337875751196e+03 2.843766724792466505e+00
2.539516725200400742e+03 2.852739628373099912e+00
2.546617112525050288e+03 2.861734408283478359e+00
2.553717499849699379e+03 2.870749966845956180e+00
2.560817887174348471e+03 2.879785200944631640e+00
2.567918274498997562e+03 2.888839002389326005e+00
2.575018661823647108e+03 2.897910258279605245e+00
2.582119049148296654e+03 2.906997851368857688e+00
2.589219436472945745e+03 2.916100660428319280e+00
2.596319823797595291e+03 2.925217560611083290e+00
2.603420211122244382e+03 2.934347423816162870e+00
2.610520598446893928e+03 2.943489119052512315e+00
2.617620985771543019e+03 2.952641512803069634e+00
2.624721373096192565e+03 2.961803469388798682e+00
2.631821760420842111e+03 2.970973851332705973e+00
2.638922147745491202e+03 2.980151519723881037e+00
2.646022535070140293e+03 2.989335334581556758e+00
2.653122922394789384e+03 2.998524155219129739e+00
2.660223309719438930e+03 3.007716840608146036e+00
2.667323697044088021e+03 3.016912249742448981e+00
2.674424084368737567e+03 3.026109242002096078e+00
2.681524471693386658e+03 3.035306677517481955e+00
2.688624859018035750e+03 3.044503417533314771e+00
2.695725246342685296e+03 3.053698324772702311e+00
2.702825633667334387e+03 3.062890263801134605e+00
2.709926020991983933e+03 3.072078101390552263e+00
2.717026408316633024e+03 3.081260706883416134e+00
2.724126795641282570e+03 3.090436952556650407e+00
2.731227182965932116e+03 3.099605713985756683e+00
2.738327570290581207e+03 3.108765870408820131e+00
2.745427957615230298e+03 3.117916305090562279e+00
2.752528344939879844e+03 3.127055905686337844e+00
2.759628732264529390e+03 3.136183564606227936e+00
2.766729119589178481e+03 3.145298179379010239e+00
2.773829506913827572e+03 3.154398653016266874e+00
2.780929894238476663e+03 3.163483894376355909e+00
2.788030281563126209e+03 3.172552818528464158e+00
2.795130668887775755e+03 3.181604347116680387e+00
2.802231056212424846e+03 3.190637408723990376e+00
2.809331443537073937e+03 3.199650939236317715e+00
2.816431830861723029e+03 3.208643882206569931e+00
2.823532218186372575e+03 3.217615189218669070e+00
2.830632605511022120e+03 3.226563820251603154e+00
2.837732992835671212e+03 3.235488744043427900e+00
2.844833380160320303e+03 3.244388938455315952e+00
2.851933767484969849e+03 3.253263390835638535e+00
2.859034154809619395e+03 3.262111098383910779e+00
2.866134542134268486e+03 3.270931068514920881e+00
2.873234929458917577e+03 3.279722319222690974e+00
2.880335316783567123e+03 3.288483879444561886e+00
2.887435704108216669e+03 3.297214789425179760e+00
2.894536091432865760e+03 3.305914101080633660e+00
2.901636478757514851e+03 3.314580878362355598e+00
2.908736866082163942e+03 3.323214197621228827e+00
2.915837253406813488e+03 3.331813147971638411e+00
2.922937640731463034e+03 3.340376831655480938e+00
2.930038028056112125e+03 3.348904364406193324e+00
2.937138415380761671e+03 3.357394875812797608e+00
2.944238802705410762e+03 3.365847509683946193e+00
2.951339190030060308e+03 3.374261424411959975e+00
2.958439577354709400e+03 3.382635793336817187e+00
2.965539964679358491e+03 3.390969805110255919e+00
2.972640352004008037e+03 3.399262664059774952e+00
2.979740739328657128e+03 3.407513590552665228e+00
2.986841126653306674e+03 3.415721821360056865e+00
2.993941513977955765e+03 3.423886610020943522e+00
3.001041901302605311e+03 3.432007227206257394e+00
3.008142288627254857e+03 3.440082961082808755e+00
3.015242675951903948e+03 3.448113117677467532e+00
3.022343063276553039e+03 3.456097021241068212e+00
3.029443450601202130e+03 3.464034014612495049e+00
3.036543837925851676e+03 3.471923459582738847e+00
3.043644225250501222e+03 3.479764737258880469e+00
3.050744612575150313e+03 3.487557248428205803e+00
3.057844999899799404e+03 3.495300413922135085e+00
3.064945387224448950e+03 3.502993674980380501e+00
3.072045774549098496e+03 3.510636493614856857e+00
3.079146161873747587e+03 3.518228352973801876e+00
3.086246549198396679e+03 3.525768757705817880e+00
3.093346936523045770e+03 3.533257234323829987e+00
3.100447323847695316e+03 3.540693331569200630e+00
3.107547711172344862e+03 3.548076620775733492e+00
3.114648098496993953e+03 3.555406696233676112e+00
3.121748485821643044e+03 3.562683175553837511e+00
3.128848873146292590e+03 3.569905700031535289e+00
3.135949260470942136e+03 3.577073935010718131e+00
3.143049647795591227e+03 3.584187570247901800e+00
3.150150035120240318e+03 3.591246320276281878e+00
3.157250422444889409e+03 3.598249924769736818e+00
3.164350809769538955e+03 3.605198148906918920e+00
3.171451197094188501e+03 3.612090783735173005e+00
3.178551584418837592e+03 3.618927646534689568e+00
3.185651971743486683e+03 3.625708581182474077e+00
3.192752359068136229e+03 3.632433458516402869e+00
3.199852746392785775e+03 3.639102176699283930e+00
3.206953133717434866e+03 3.645714661582797333e+00
3.214053521042083958e+03 3.652270867071696347e+00
3.221153908366733049e+03 3.658770775487663052e+00
3.228254295691382595e+03 3.665214397933490353e+00
3.235354683016032141e+03 3.671601774656987782e+00
3.242455070340681232e+03 3.677932975415180383e+00
3.249555457665330323e+03 3.684208099838123029e+00
3.256655844989979869e+03 3.690427277793190797e+00
3.263756232314629415e+03 3.696590669748872848e+00
3.270856619639278506e+03 3.702698467138997529e+00
3.277957006963927597e+03 3.708750892726656367e+00
3.285057394288576688e+03 3.714748200968285730e+00
3.292157781613226234e+03 3.720690678377692961e+00
3.299258168937875780e+03 3.726578643890067433e+00
3.306358556262524871e+03 3.732412449226075069e+00
3.313458943587174417e+03 3.738192479255810330e+00
3.320559330911823508e+03 3.743919152362935598e+00
3.327659718236473054e+03 3.749592920808617169e+00
3.334760105561122145e+03 3.755214271095641099e+00
3.341860492885771237e+03 3.760783724332336320e+00
3.348960880210420783e+03 3.766301836596812169e+00
3.356061267535070328e+03 3.771769199300734066e+00
3.363161654859719420e+03 3.777186439553606778e+00
3.370262042184368511e+03 3.782554220526590516e+00
3.377362429509018057e+03 3.787873241816716696e+00
3.384462816833667603e+03 3.793144239810859464e+00
3.391563204158316694e+03 3.798367988049679678e+00
3.398663591482965785e+03 3.803545297591815366e+00
3.405763978807614876e+03 3.808677017377829710e+00
3.412864366132264422e+03 3.813764034594249619e+00
3.419964753456913968e+03 3.818807275037578997e+00
3.427065140781563059e+03 3.823807703478461217e+00
3.434165528106212150e+03 3.828766324025513867e+00
3.441265915430861696e+03 3.833684180489559612e+00
3.448366302755511242e+03 3.838562356747490689e+00
3.455466690080160333e+03 3.843401977106521095e+00
3.462567077404809424e+03 3.848204206667896088e+00
3.469667464729458516e+03 3.852970251691324677e+00
3.476767852054108516e+03 3.857701359958656262e+00
3.483868239378757607e+03 3.862398821138148808e+00
3.490968626703406699e+03 3.867063967148387960e+00
3.498069014028055790e+03 3.871698172522441528e+00
3.505169401352705336e+03 3.876302854771715101e+00
3.512269788677354882e+03 3.880879474750148717e+00
3.519370176002003973e+03 3.885429537018135981e+00
3.526470563326653064e+03 3.889954590206734508e+00
3.533570950651302610e+03 3.894456227381437152e+00
3.540671337975952156e+03 3.898936086406433521e+00
3.547771725300601247e+03 3.903395850308600590e+00
3.554872112625250338e+03 3.907837247641375189e+00
3.561972499949899429e+03 3.912262052849099447e+00
3.569072887274548975e+03 3.916672086630657024e+00
3.576173274599198521e+03 3.921069216303940230e+00
3.583273661923847612e+03 3.925455356169507581e+00
3.590374049248496704e+03 3.929832467874931901e+00
3.597474436573146249e+03 3.934202560778520485e+00
3.604574823897795795e+03 3.938567692313671653e+00
3.611675211222444887e+03 3.942929968352674397e+00
3.618775598547093978e+03 3.947291543570823347e+00
3.625875985871743524e+03 3.951654621810486212e+00
3.632976373196392615e+03 3.956021456445133477e+00
3.640076760521042161e+03 3.960394350743288161e+00
3.647177147845691252e+03 3.964775658232659428e+00
3.654277535170340798e+03 3.969167783064175392e+00
3.661377922494989889e+03 3.973573180375901792e+00
3.668478309819639435e+03 3.977994356657275077e+00
3.675578697144288526e+03 3.982433870112894958e+00
3.682679084468937617e+03 3.986894331026838323e+00
3.689779471793587163e+03 3.991378402126416258e+00
3.696879859118236254e+03 3.995888798946455989e+00
3.703980246442885800e+03 4.000428290193079661e+00
3.711080633767534891e+03 4.004999698108028028e+00
3.718181021092184437e+03 4.009605898832462323e+00
3.725281408416833983e+03 4.014249822771125409e+00
3.732381795741483074e+03 4.018934454956297309e+00
3.739482183066132166e+03 4.023662835411936811e+00
3.746582570390781257e+03 4.028438059517588599e+00
3.753682957715430803e+03 4.033263278372539062e+00
3.760783345040080349e+03 4.038141699159766063e+00
3.767883732364729440e+03 4.043076585509978393e+00
3.774984119689378531e+03 4.048071257865762718e+00
3.782084507014028077e+03 4.053129093845441844e+00
3.789184894338677623e+03 4.058253528607250971e+00
3.796285281663326714e+03 4.063448055213330079e+00
3.803385668987975805e+03 4.068716224993749186e+00
3.810486056312624896e+03 4.074061647910510509e+00
3.817586443637274442e+03 4.079487992921707828e+00
3.824686830961923988e+03 4.084998988345370563e+00
3.831787218286573079e+03 4.090598422223692410e+00
3.838887605611222170e+03 4.096290142686959790e+00
3.845987992935871716e+03 4.102078058317603748e+00
3.853088380260521262e+03 4.107966138514214549e+00
3.860188767585170353e+03 4.113958413855624663e+00
3.867289154909819445e+03 4.120058976464967770e+00
3.874389542234468536e+03 4.126271980373577897e+00
3.881489929559118082e+03 4.132601641885216281e+00
3.888590316883767628e+03 4.139052239939941202e+00
3.895690704208416719e+03 4.145628116478225600e+00
3.902791091533065810e+03 4.152333676804968121e+00
3.909891478857715356e+03 4.159173389953576105e+00
3.916991866182364902e+03 4.166151789049894028e+00
3.924092253507013993e+03 4.173273471676417934e+00
3.931192640831663084e+03 4.180543100236146614e+00
3.938293028156312175e+03 4.187965402316642383e+00
3.945393415480961721e+03 4.195545171054194000e+00
3.952493802805611267e+03 4.203287265497841929e+00
3.959594190130260358e+03 4.211196610973148680e+00
3.966694577454909904e+03 4.219278199446588218e+00
3.973794964779558995e+03 4.227537089889455757e+00
3.980895352104208541e+03 4.235978408641684290e+00
3.987995739428857632e+03 4.244607349776229555e+00
3.995096126753506724e+03 4.253429175462983380e+00
4.002196514078156270e+03 4.262449216332567126e+00
4.009296901402805361e+03 4.271672871840776153e+00
4.016397288727454907e+03 4.281105610632321756e+00
4.023497676052103998e+03 4.290752970904955887e+00
4.030598063376753544e+03 4.300620560773545265e+00
4.037698450701403090e+03 4.362739225871926863e+00
4.099139162004411446e+03 4.422415185873932231e+00
4.160579873307418893e+03 4.482091145875936711e+00
4.222020584610427250e+03 4.541767105877942079e+00
4.283461295913435606e+03 4.601443065879947447e+00
4.344902007216443053e+03 4.661119025881951927e+00
4.406342718519451410e+03 4.720794985883957295e+00
4.467783429822458857e+03 4.780470945885961775e+00
4.529224141125467213e+03 4.840146905887967144e+00
4.590664852428475569e+03 4.899822865889972512e+00
4.652105563731483016e+03 4.959498825891976992e+00
4.713546275034491373e+03 5.019174785893982360e+00
4.774986986337498820e+03 5.078850745895986840e+00
4.836427697640507176e+03 5.138526705897992208e+00
4.897868408943515533e+03 5.198202665899997577e+00
4.959309120246522980e+03 5.257878625902002057e+00
5.020749831549531336e+03 5.317554585904007425e+00
5.082190542852538783e+03 5.377230545906011905e+00
5.143631254155547140e+03 5.436906505908017273e+00
5.205071965458555496e+03 5.496582465910022641e+00
5.266512676761563853e+03 5.556258425912028009e+00
5.327953388064571300e+03 5.615934385914032489e+00
5.389394099367579656e+03 5.675610345916037858e+00
5.450834810670587103e+03 5.735286305918042338e+00
5.512275521973595460e+03 5.794962265920047706e+00
5.573716233276603816e+03 5.854638225922053074e+00
5.635156944579611263e+03 5.914314185924057554e+00
5.696597655882619620e+03 5.973990145926062922e+00
5.758038367185627067e+03 6.033666105928067402e+00
5.819479078488635423e+03 6.093342065930072771e+00
5.880919789791643780e+03 6.153018025932078139e+00
5.942360501094652136e+03 6.212693985934083507e+00
6.003801212397659583e+03 6.272369945936087987e+00
6.065241923700667030e+03 6.332045905938092467e+00
6.126682635003675387e+03 6.391721865940097835e+00
6.188123346306683743e+03 6.451397825942103204e+00
6.249564057609692100e+03 6.511073785944108572e+00
6.311004768912699546e+03 6.570749745946113052e+00
6.372445480215707903e+03 6.630425705948118420e+00
6.433886191518715350e+03 6.690101665950122900e+00
6.495326902821723706e+03 6.749777625952128268e+00
6.556767614124732063e+03 6.809453585954133636e+00
6.618208325427739510e+03 6.869129545956138116e+00
6.679649036730747866e+03 6.928805505958143485e+00
6.741089748033755313e+03 6.988481465960147965e+00
6.802530459336763670e+03 7.048157425962152445e+00
6.863971170639772026e+03 7.107833385964157813e+00
6.925411881942780383e+03 7.167509345966163181e+00
6.986852593245787830e+03 7.227185305968167661e+00
7.048293304548795277e+03 7.286861265970172141e+00
7.109734015851803633e+03 7.346537225972177509e+00
7.171174727154811990e+03 7.406213185974182878e+00
7.232615438457820346e+03 7.465889145976188246e+00
7.294056149760827793e+03 7.525565105978192726e+00
7.355496861063836150e+03 7.585241065980198094e+00
7.416937572366843597e+03 7.644917025982202574e+00
7.478378283669851953e+03 7.704592985984207942e+00
7.539818994972860310e+03 7.764268945986213311e+00
7.601259706275867757e+03 7.823944905988217791e+00
7.662700417578876113e+03 7.883620865990223159e+00
7.724141128881883560e+03 7.943296825992227639e+00
7.785581840184891917e+03 8.002972785994233007e+00
7.847022551487900273e+03 8.062648745996238375e+00
7.908463262790908630e+03 8.122324705998243743e+00
7.969903974093916077e+03 8.182000666000247335e+00
8.031344685396923524e+03 8.241676626002252704e+00
8.092785396699931880e+03 8.301352586004258072e+00
8.154226108002940236e+03 8.361028546006263440e+00
8.215666819305948593e+03 8.420704506008268808e+00
8.277107530608955130e+03 8.480380466010272400e+00
8.338548241911965306e+03 8.540056426012279545e+00
8.399988953214971843e+03 8.599732386014283136e+00
8.461429664517980200e+03 8.659408346016286728e+00
8.522870375820988556e+03 8.719084306018292096e+00
8.584311087123995094e+03 8.778760266020295688e+00
8.645751798427005269e+03 8.838436226022302833e+00
8.707192509730011807e+03 8.898112186024306425e+00
8.768633221033020163e+03 8.957788146026311793e+00
8.830073932336028520e+03 9.017464106028317161e+00
8.891514643639035057e+03 9.077140066030320753e+00
8.952955354942045233e+03 9.136816026032327898e+00
9.014396066245051770e+03 9.196491986034331489e+00
9.075836777548060127e+03 9.256167946036336858e+00
9.137277488851068483e+03 9.315843906038342226e+00
9.198718200154075021e+03 9.375519866040345818e+00
9.260158911457085196e+03 9.435195826042352962e+00
9.321599622760091734e+03 9.494871786044356554e+00
9.383040334063100090e+03 9.554547746046361922e+00
9.444481045366108447e+03 9.614223706048367291e+00
9.505921756669116803e+03 9.673899666050372659e+00
9.567362467972125160e+03 9.733575626052378027e+00
9.628803179275131697e+03 9.793251586054381619e+00
9.690243890578141873e+03 9.852927546056388763e+00
9.751684601881148410e+03 9.912603506058392355e+00
9.813125313184156767e+03 9.972279466060397723e+00
9.874566024487165123e+03 1.003195542606240309e+01
9.936006735790171660e+03 1.009163138606440668e+01
9.997447447093181836e+03 1.015130734606641383e+01
1.005888815839618837e+04 1.021098330606841742e+01
1.012032886969919673e+04 1.027065926607042279e+01
1.018176958100220509e+04 1.033033522607242816e+01
1.024321029230521162e+04 1.039001118607443175e+01
1.030465100360822180e+04 1.044968714607643889e+01
1.036609171491122834e+04 1.050936310607844248e+01
1.042753242621423669e+04 1.056903906608044785e+01
1.048897313751724505e+04 1.062871502608245322e+01
1.055041384882025159e+04 1.068839098608445681e+01
1.061185456012326176e+04 1.074806694608646396e+01
1.067329527142626830e+04 1.080774290608846755e+01
1.073473598272927666e+04 1.086741886609047292e+01
1.079617669403228501e+04 1.092709482609247829e+01
1.085761740533529155e+04 1.098677078609448188e+01
1.091905811663830173e+04 1.104644674609648902e+01
1.098049882794130826e+04 1.110612270609849261e+01
1.104193953924431662e+04 1.116579866610049798e+01
1.110338025054732498e+04 1.122547462610250335e+01
1.116482096185033151e+04 1.128515058610450694e+01
1.122626167315334169e+04 1.134482654610651409e+01
1.128770238445634823e+04 1.140450250610851768e+01
1.134914309575935658e+04 1.146417846611052305e+01
1.141058380706236494e+04 1.152385442611252842e+01
1.147202451836537330e+04 1.158353038611453378e+01
1.153346522966838165e+04 1.164320634611653915e+01
1.159490594097138819e+04 1.170288230611854274e+01
1.165634665227439837e+04 1.176255826612054989e+01
1.171778736357740490e+04 1.182223422612255348e+01
1.177922807488041326e+04 1.188191018612455885e+01
1.184066878618342162e+04 1.194158614612656422e+01
1.190210949748642815e+04 1.200126210612856781e+01
1.196355020878943833e+04 1.206093806613057495e+01
1.202499092009244487e+04 1.212061402613257854e+01
1.208643163139545322e+04 1.218028998613458391e+01
1.214787234269846158e+04 1.223996594613658928e+01
1.220931305400146812e+04 1.229964190613859287e+01
1.227075376530447829e+04 1.235931786614060002e+01
1.233219447660748483e+04 1.241899382614260361e+01
1.239363518791049137e+04 1.247866978614460720e+01
1.245507589921350154e+04 1.253834574614661435e+01
1.251651661051650808e+04 1.259802170614861794e+01
1.257795732181951826e+04 1.265769766615062508e+01
1.263939803312252479e+04 1.271737362615262867e+01
1.270083874442553497e+04 1.277704958615463582e+01
1.276227945572854151e+04 1.283672554615663941e+01
1.282372016703154804e+04 1.289640150615864300e+01
1.288516087833455822e+04 1.295607746616065015e+01
1.294660158963756476e+04 1.301575342616265374e+01
1.300804230094057493e+04 1.307542938616466088e+01
1.306948301224358147e+04 1.313510534616666448e+01
1.313092372354658801e+04 1.319478130616866807e+01
1.319236443484959818e+04 1.325445726617067521e+01
1.325380514615260472e+04 1.331413322617267880e+01
1.331524585745561490e+04 1.337380918617468595e+01
1.337668656875862143e+04 1.343348514617668954e+01
1.343812728006162797e+04 1.349316110617869313e+01
1.349956799136463815e+04 1.355283706618070028e+01
1.356100870266764468e+04 1.361251302618270387e+01
1.362244941397065486e+04 1.367218898618471101e+01
1.368389012527366140e+04 1.373186494618671460e+01
1.374533083657666793e+04 1.379154090618871820e+01
1.380677154787967811e+04 1.385121686619072534e+01
1.386821225918268465e+04 1.391089282619272893e+01
1.392965297048569482e+04 1.397056878619473608e+01
1.399109368178870136e+04 1.403024474619673967e+01
1.405253439309170790e+04 1.408992070619874326e+01
1.411397510439471807e+04 1.414959666620075041e+01
1.417541581569772461e+04 1.420927262620275400e+01
1.423685652700073479e+04 1.426894858620476114e+01
1.429829723830374132e+04 1.432862454620676473e+01
1.435973794960674786e+04 1.438830050620876833e+01
1.442117866090975804e+04 1.444797646621077547e+01
1.448261937221276457e+04 1.450765242621277906e+01
1.454406008351577475e+04 1.456732838621478621e+01
1.460550079481878129e+04 1.462700434621678980e+01
1.466694150612179146e+04 1.468668030621879694e+01
1.472838221742479800e+04 1.474635626622080053e+01
1.478982292872780454e+04 1.480603222622280413e+01
1.485126364003081471e+04 1.486570818622481127e+01
1.491270435133382125e+04 1.492538414622681486e+01
1.497414506263683143e+04 1.498506010622882201e+01
1.503558577393983796e+04 1.504473606623082560e+01
1.509702648524284450e+04 1.510441202623282919e+01
1.515846719654585468e+04 1.516408798623483456e+01
1.521990790784886121e+04 1.522376394623683815e+01
1.528134861915187139e+04 1.528343990623884530e+01
1.534278933045487793e+04 1.534311586624084889e+01
1.540423004175788446e+04 1.540279182624285248e+01
1.546567075306089464e+04 1.546246778624485962e+01
1.552711146436390118e+04 1.552214374624686322e+01
1.558855217566691135e+04 1.558181970624887036e+01
1.564999288696991789e+04 1.564149566625087395e+01
1.571143359827292443e+04 1.570117162625287754e+01
1.577287430957593460e+04 1.576084758625488469e+01
1.583431502087894114e+04 1.582052354625688828e+01
1.589575573218195132e+04 1.588019950625889543e+01
1.595719644348495785e+04 1.593987546626089902e+01
1.601863715478796439e+04 1.599955142626290261e+01
1.608007786609097457e+04 1.605922738626491153e+01
1.614151857739398110e+04 1.611890334626691512e+01
1.620295928869699128e+04 1.617857930626892227e+01
1.626439999999999964e+04 1.623825526627092586e+01
