5.583904999999999745e+02 -1.340444062273701276e+00
5.654203787575149818e+02 -1.267977740922429764e+00
5.724502575150301027e+02 -1.196654770440737092e+00
5.794801362725451099e+02 -1.126461711205429150e+00
5.865100150300601172e+02 -1.057385219750411220e+00
5.935398937875751244e+02 -9.894120484459547615e-01
6.005697725450902453e+02 -9.225290451779691869e-01
6.075996513026052526e+02 -8.567231530272719775e-01
6.146295300601202598e+02 -7.919814099488571291e-01
6.216594088176351534e+02 -7.282909484511659315e-01
6.286892875751502743e+02 -6.656389952753556383e-01
6.357191663326652815e+02 -6.040128710745696905e-01
6.427490450901802888e+02 -5.433999900932080518e-01
6.497789238476952960e+02 -4.837878598461957669e-01
6.568088026052104169e+02 -4.251640807982534076e-01
6.638386813627254242e+02 -3.675163460431681850e-01
6.708685601202404314e+02 -3.108324409830600654e-01
6.778984388777554386e+02 -2.551002430076541039e-01
6.849283176352705595e+02 -2.003077211735504459e-01
6.919581963927855668e+02 -1.464429358834931083e-01
6.989880751503005740e+02 -9.349403856564031390e-02
7.060179539078155813e+02 -4.144927135283149600e-02
7.130478326653307022e+02 9.703033238137481753e-03
7.200777114228457094e+02 5.997445262725031867e-02
7.271075901803607167e+02 1.093764744919961673e-01
7.341374689378757239e+02 1.579204970881027403e-01
7.411673476953908448e+02 2.056178295702653092e-01
7.481972264529058521e+02 2.524796923128773685e-01
7.552271052104208593e+02 2.985172172307615224e-01
7.622569839679358665e+02 3.437414480998974842e-01
7.692868627254508738e+02 3.881633408781550720e-01
7.763167414829658810e+02 4.317937640260229859e-01
7.833466202404808882e+02 4.746434988273389166e-01
7.903764989979958955e+02 5.167232397100218755e-01
7.974063777555110164e+02 5.580435945667994169e-01
8.044362565130260236e+02 5.986150850759388575e-01
8.114661352705410309e+02 6.384481470219800503e-01
8.184960140280560381e+02 6.775531306164632728e-01
8.255258927855711590e+02 7.159403008186582262e-01
8.325557715430861663e+02 7.536198376562974754e-01
8.395856503006011735e+02 7.906018365463052255e-01
8.466155290581161807e+02 8.268963086155267650e-01
8.536454078156313017e+02 8.625131810214610173e-01
8.606752865731463089e+02 8.974622972729877635e-01
8.677051653306613161e+02 9.317534175511010819e-01
8.747350440881763234e+02 9.653962190296363488e-01
8.817649228456914443e+02 9.984002961960036782e-01
8.887948016032064515e+02 1.030775161171916920e+00
8.958246803607214588e+02 1.062530244034122884e+00
9.028545591182364660e+02 1.093674893135131665e+00
9.098844378757514733e+02 1.124218375423949867e+00
9.169143166332664805e+02 1.154169876766808045e+00
9.239441953907814877e+02 1.183538502267891035e+00
9.309740741482964950e+02 1.212333276590068731e+00
9.380039529058116159e+02 1.240563144275629082e+00
9.450338316633266231e+02 1.268236970067001979e+00
9.520637104208417441e+02 1.295363539227495142e+00
9.590935891783567513e+02 1.321951557862023341e+00
9.661234679358717585e+02 1.348009653237836725e+00
9.731533466933867658e+02 1.373546374105253376e+00
9.801832254509017730e+02 1.398570191018387865e+00
9.872131042084167802e+02 1.423089496655880914e+00
9.942429829659319012e+02 1.447112606141634616e+00
1.001272861723446908e+03 1.470647757365534991e+00
1.008302740480961916e+03 1.493703111304187869e+00
1.015332619238477037e+03 1.516286752341647892e+00
1.022362497995992044e+03 1.538406688590149507e+00
1.029392376753507051e+03 1.560070852210832193e+00
1.036422255511022058e+03 1.581287099734479895e+00
1.043452134268537066e+03 1.602063212382241808e+00
1.050482013026052073e+03 1.622406896386370478e+00
1.057511891783567080e+03 1.642325783310946141e+00
1.064541770541082087e+03 1.661827430372609937e+00
1.071571649298597322e+03 1.680919320761295577e+00
1.078601528056112329e+03 1.699608863960954341e+00
1.085631406813627336e+03 1.717903396070291189e+00
1.092661285571142344e+03 1.735810180123492419e+00
1.099691164328657351e+03 1.753336406410955117e+00
1.106721043086172358e+03 1.770489192800019040e+00
1.113750921843687365e+03 1.787275585055695615e+00
1.120780800601202372e+03 1.803702557161400266e+00
1.127810679358717607e+03 1.819777011639680087e+00
1.134840558116232387e+03 1.835505779872946386e+00
1.141870436873747622e+03 1.850895622424201026e+00
1.148900315631262401e+03 1.865953229357773191e+00
1.155930194388777636e+03 1.880685220560044391e+00
1.162960073146292643e+03 1.895098146060180122e+00
1.169989951903807651e+03 1.909198486350859536e+00
1.177019830661322658e+03 1.922992652709010430e+00
1.184049709418837665e+03 1.936486987516530922e+00
1.191079588176352900e+03 1.949687764581026217e+00
1.198109466933867679e+03 1.962601189456538942e+00
1.205139345691382914e+03 1.975233399764273701e+00
1.212169224448897694e+03 1.987590465513336957e+00
1.219199103206412929e+03 1.999678389421453817e+00
1.226228981963927936e+03 2.011503107235713905e+00
1.233258860721442943e+03 2.023070488053287708e+00
1.240288739478957950e+03 2.034386334642168670e+00
1.247318618236472958e+03 2.045456383761891317e+00
1.254348496993987965e+03 2.056286306484273574e+00
1.261378375751503199e+03 2.066881708514137550e+00
1.268408254509017979e+03 2.077248130510045421e+00
1.275438133266532986e+03 2.087391048405028648e+00
1.282468012024048221e+03 2.097315873727314539e+00
1.289497890781563001e+03 2.107027953921064345e+00
1.296527769539078236e+03 2.116532572667094492e+00
1.303557648296593243e+03 2.125834950203613793e+00
1.310587527054108250e+03 2.134940243646949121e+00
1.317617405811623485e+03 2.143853547312277286e+00
1.324647284569138264e+03 2.152579893034356928e+00
1.331677163326653499e+03 2.161124250488258625e+00
1.338707042084168279e+03 2.169491527510091444e+00
1.345736920841683514e+03 2.177686570417736611e+00
1.352766799599198521e+03 2.185714164331577614e+00
1.359796678356713528e+03 2.193579033495229424e+00
1.366826557114228535e+03 2.201285841596269499e+00
1.373856435871743543e+03 2.208839192086966996e+00
1.380886314629258550e+03 2.216243628505013330e+00
1.387916193386773557e+03 2.223503634794255390e+00
1.394946072144288564e+03 2.230623635625420320e+00
1.401975950901803571e+03 2.237607996716849179e+00
1.409005829659318806e+03 2.244461025155229716e+00
1.416035708416833586e+03 2.251186969716321151e+00
1.423065587174348821e+03 2.257790021185686058e+00
1.430095465931863828e+03 2.264274312679423140e+00
1.437125344689378835e+03 2.270643919964897783e+00
1.444155223446893842e+03 2.276902861781468168e+00
1.451185102204408850e+03 2.283055100161217155e+00
1.458214980961923857e+03 2.289104540749685057e+00
1.465244859719438864e+03 2.295055033126597532e+00
1.472274738476954099e+03 2.300910371126597465e+00
1.479304617234468878e+03 2.306674293159971967e+00
1.486334495991984113e+03 2.312350482533387819e+00
1.493364374749499120e+03 2.317942567770615803e+00
1.500394253507014128e+03 2.323454122933267474e+00
1.507424132264529362e+03 2.328888667941516388e+00
1.514454011022044142e+03 2.334249668894841534e+00
1.521483889779559377e+03 2.339540538392745006e+00
1.528513768537074156e+03 2.344764635855487001e+00
1.535543647294589164e+03 2.349925267844821697e+00
1.542573526052104171e+03 2.355025688384712268e+00
1.549603404809619406e+03 2.360069099282083194e+00
1.556633283567134185e+03 2.365058650447530386e+00
1.563663162324649420e+03 2.369997440216061069e+00
1.570693041082164200e+03 2.374888515667821665e+00
1.577722919839679435e+03 2.379734872948835012e+00
1.584752798597194442e+03 2.384539457591715372e+00
1.591782677354709449e+03 2.389305164836415862e+00
1.598812556112224684e+03 2.394034839950946125e+00
1.605842434869739463e+03 2.398731278552107327e+00
1.612872313627254698e+03 2.403397226926225816e+00
1.619902192384769705e+03 2.408035382349874798e+00
1.626932071142284713e+03 2.412648393410614656e+00
1.633961949899799720e+03 2.417238860327716843e+00
1.640991828657314727e+03 2.421809335272890884e+00
1.648021707414829734e+03 2.426362322691026918e+00
1.655051586172344741e+03 2.430900279620915150e+00
1.662081464929859976e+03 2.435425616015975070e+00
1.669111343687374756e+03 2.439940695064998888e+00
1.676141222444889991e+03 2.444447833512863433e+00
1.683171101202404770e+03 2.448949301981281579e+00
1.690200979959920005e+03 2.453447325289507486e+00
1.697230858717434785e+03 2.457944082775088912e+00
1.704260737474950020e+03 2.462441708614586666e+00
1.711290616232465027e+03 2.466942292144307380e+00
1.718320494989980034e+03 2.471447878181032287e+00
1.725350373747495041e+03 2.475960467342753102e+00
1.732380252505010048e+03 2.480482016369389697e+00
1.739410131262525056e+03 2.485014438443536200e+00
1.746440010020040063e+03 2.489559603511179109e+00
1.753469888777555298e+03 2.494119338602436287e+00
1.760499767535070077e+03 2.498695428152276854e+00
1.767529646292585312e+03 2.503289614321263290e+00
1.774559525050100547e+03 2.507903597316274436e+00
1.781589403807615327e+03 2.512539035711234270e+00
1.788619282565130106e+03 2.517197546767849126e+00
1.795649161322645568e+03 2.521880706756336465e+00
1.802679040080160576e+03 2.526590051276143001e+00
1.809708918837675355e+03 2.531327075576696117e+00
1.816738797595190590e+03 2.536093234878114444e+00
1.823768676352705597e+03 2.540889944691950841e+00
1.830798555110220605e+03 2.545718581141917625e+00
1.837828433867735384e+03 2.550580481284618006e+00
1.844858312625250619e+03 2.555476943430275316e+00
1.851888191382765399e+03 2.560409227463457338e+00
1.858918070140280633e+03 2.565378555163827290e+00
1.865947948897795868e+03 2.570386110526850842e+00
1.872977827655310648e+03 2.575433040084532443e+00
1.880007706412825883e+03 2.580520453226157418e+00
1.887037585170340890e+03 2.585649422519005647e+00
1.894067463927855897e+03 2.590820984029092777e+00
1.901097342685370677e+03 2.596036137641895891e+00
1.908127221442885912e+03 2.601295847383095605e+00
1.915157100200400919e+03 2.606601041739276869e+00
1.922186978957915926e+03 2.611952613978689719e+00
1.929216857715431161e+03 2.617351422471972278e+00
1.936246736472945940e+03 2.622798291012865768e+00
1.943276615230460948e+03 2.628294009138965048e+00
1.950306493987975955e+03 2.633839332452441617e+00
1.957336372745491190e+03 2.639434982940756402e+00
1.964366251503005969e+03 2.645081649297423176e+00
1.971396130260521204e+03 2.650779987242710689e+00
1.978426009018036439e+03 2.656530619844390984e+00
1.985455887775551219e+03 2.662334137838452630e+00
1.992485766533066226e+03 2.668191099949851264e+00
1.999515645290581233e+03 2.674102033213226370e+00
2.006545524048096240e+03 2.680067433293627399e+00
2.013575402805611247e+03 2.686087764807257194e+00
2.020605281563126482e+03 2.692163461642198996e+00
2.027635160320641262e+03 2.698294927279133670e+00
2.034665039078156269e+03 2.704482535112092911e+00
2.041694917835671731e+03 2.710726628769169366e+00
2.048724796593186511e+03 2.717027522433249409e+00
2.055754675350701291e+03 2.723385501162761457e+00
2.062784554108216525e+03 2.729800821212378992e+00
2.069814432865731760e+03 2.736273710353777311e+00
2.076844311623246540e+03 2.742804368196341436e+00
2.083874190380761775e+03 2.749392966507913982e+00
2.090904069138277009e+03 2.756039649535514613e+00
2.097933947895791789e+03 2.762744534326071033e+00
2.104963826653306569e+03 2.769507711047153542e+00
2.111993705410821804e+03 2.776329243307711359e+00
2.119023584168337038e+03 2.783209168478774309e+00
2.126053462925851818e+03 2.790147498014234007e+00
2.133083341683367053e+03 2.797144217771514008e+00
2.140113220440881832e+03 2.804199288332349660e+00
2.147143099198396612e+03 2.811312645323495119e+00
2.154172977955911847e+03 2.818484199737445905e+00
2.161202856713427082e+03 2.825713838253198329e+00
2.168232735470941861e+03 2.833001423556944509e+00
2.175262614228457096e+03 2.840346794662831797e+00
2.182292492985971876e+03 2.847749767233683116e+00
2.189322371743487111e+03 2.855210133901711078e+00
2.196352250501002345e+03 2.862727664589276522e+00
2.203382129258517125e+03 2.870302106829607069e+00
2.210412008016031905e+03 2.877933186087507256e+00
2.217441886773547139e+03 2.885620606080124606e+00
2.224471765531062374e+03 2.893364049097651325e+00
2.231501644288577154e+03 2.901163176324068615e+00
2.238531523046092389e+03 2.909017628157885227e+00
2.245561401803607623e+03 2.916927024532833368e+00
2.252591280561122403e+03 2.924890965238644558e+00
2.259621159318637183e+03 2.932909030241729553e+00
2.266651038076152872e+03 2.940980780005968853e+00
2.273680916833667652e+03 2.949105755813393959e+00
2.280710795591182432e+03 2.957283480084925031e+00
2.287740674348697212e+03 2.965513456701127204e+00
2.294770553106212446e+03 2.973795171322910491e+00
2.301800431863727681e+03 2.982128091712288764e+00
2.308830310621242461e+03 2.990511668053075667e+00
2.315860189378757696e+03 2.998945333271648472e+00
2.322890068136272475e+03 3.007428503357652882e+00
2.329919946893787710e+03 3.015960577684752231e+00
2.336949825651302490e+03 3.024540939331354483e+00
2.343979704408817724e+03 3.033168955401319700e+00
2.351009583166332959e+03 3.041843977344718120e+00
2.358039461923847739e+03 3.050565341278561604e+00
2.365069340681362519e+03 3.059332368307510208e+00
2.372099219438878208e+03 3.068144364844608063e+00
2.379129098196392988e+03 3.077000622932040130e+00
2.386158976953907768e+03 3.085900420561832558e+00
2.393188855711422548e+03 3.094843021996585009e+00
2.400218734468938237e+03 3.103827678090228304e+00
2.407248613226453017e+03 3.112853626608726110e+00
2.414278491983967797e+03 3.121920092550809045e+00
2.421308370741483031e+03 3.131026288468719443e+00
2.428338249498998266e+03 3.140171414788929027e+00
2.435368128256513046e+03 3.149354660132878792e+00
2.442398007014028281e+03 3.158575201637693564e+00
2.449427885771543515e+03 3.167832205276930768e+00
2.456457764529058295e+03 3.177124826181299433e+00
2.463487643286573075e+03 3.186452208959392518e+00
2.470517522044088764e+03 3.195813488018419690e+00
2.477547400801603544e+03 3.205207787884938764e+00
2.484577279559118324e+03 3.214634223525571155e+00
2.491607158316633559e+03 3.224091900667759969e+00
2.498637037074148793e+03 3.233579916120470799e+00
2.505666915831663573e+03 3.243097358094944482e+00
2.512696794589178353e+03 3.252643306525414779e+00
2.519726673346693588e+03 3.262216833389844695e+00
2.526756552104208367e+03 3.271817003030653481e+00
2.533786430861723602e+03 3.281442872475440087e+00
2.540816309619238382e+03 3.291093491757732803e+00
2.547846188376753616e+03 3.300767904237707384e+00
2.554876067134268851e+03 3.310465146922911828e+00
2.561905945891783631e+03 3.320184250789004921e+00
2.568935824649298411e+03 3.329924241100477467e+00
2.575965703406814100e+03 3.339684137731405933e+00
2.582995582164328880e+03 3.349462955486145255e+00
2.590025460921843660e+03 3.359259704420099801e+00
2.597055339679358895e+03 3.369073390160425063e+00
2.604085218436874129e+03 3.378903014226761314e+00
2.611115097194388909e+03 3.388747574351977043e+00
2.618144975951903689e+03 3.398606064802892845e+00
2.625174854709419378e+03 3.408477476700993769e+00
2.632204733466934158e+03 3.418360798343206497e+00
2.639234612224448938e+03 3.428255015522565508e+00
2.646264490981964173e+03 3.438159111849014238e+00
2.653294369739479407e+03 3.448072069070044599e+00
2.660324248496994187e+03 3.457992867391543435e+00
2.667354127254508967e+03 3.467920485798413388e+00
2.674384006012024201e+03 3.477853902375383832e+00
2.681413884769539436e+03 3.487792094627674366e+00
2.688443763527054216e+03 3.497734039801774220e+00
2.695473642284569451e+03 3.507678715206161701e+00
2.702503521042084230e+03 3.517625098532027206e+00
2.709533399799599465e+03 3.527572168173995770e+00
2.716563278557114245e+03 3.537518903550870064e+00
2.723593157314629480e+03 3.547464285426381814e+00
2.730623036072144259e+03 3.557407296229837534e+00
2.737652914829659494e+03 3.567346920376981423e+00
2.744682793587174274e+03 3.577282144590610446e+00
2.751712672344689508e+03 3.587211958221351971e+00
2.758742551102204743e+03 3.597135353568401861e+00
2.765772429859719523e+03 3.607051326200226171e+00
2.772802308617234303e+03 3.616958875275328111e+00
2.779832187374749992e+03 3.626857003862941298e+00
2.786862066132264772e+03 3.636744719263781178e+00
2.793891944889779552e+03 3.646621033330768036e+00
2.800921823647294786e+03 3.656484962789775750e+00
2.807951702404810021e+03 3.666335529560308615e+00
2.814981581162324801e+03 3.676171761076328259e+00
2.822011459919839581e+03 3.685992690606857636e+00
2.829041338677355270e+03 3.695797357576841691e+00
2.836071217434870050e+03 3.705584807887768228e+00
2.843101096192384830e+03 3.715354094238463301e+00
2.850130974949900065e+03 3.725104276445810214e+00
2.857160853707415299e+03 3.734834421765452994e+00
2.864190732464930079e+03 3.744543605212557136e+00
2.871220611222445314e+03 3.754230909882532607e+00
2.878250489979960093e+03 3.763895427271740868e+00
2.885280368737475328e+03 3.773536257598274712e+00
2.892310247494990108e+03 3.783152510122647083e+00
2.899340126252505343e+03 3.792743303468495863e+00
2.906370005010020122e+03 3.802307765943415241e+00
2.913399883767535357e+03 3.811845035859579678e+00
2.920429762525050137e+03 3.821354261854520651e+00
2.927459641282565372e+03 3.830834603211869194e+00
2.934489520040080606e+03 3.840285230182034937e+00
2.941519398797595386e+03 3.849705324303009490e+00
2.948549277555110166e+03 3.859094078721041043e+00
2.955579156312625855e+03 3.868450698511386232e+00
2.962609035070140635e+03 3.877774400999007831e+00
2.969638913827655415e+03 3.887064416079395901e+00
2.976668792585170650e+03 3.896319986539159341e+00
2.983698671342685429e+03 3.905540368376902993e+00
2.990728550100200664e+03 3.914724831123804982e+00
2.997758428857715444e+03 3.923872658164526239e+00
3.004788307615230678e+03 3.932983147057777185e+00
3.011818186372745913e+03 3.942055609857120668e+00
3.018848065130260693e+03 3.951089373431716734e+00
3.025877943887775473e+03 3.960083779787013647e+00
3.032907822645291162e+03 3.969038186385511757e+00
3.039937701402805942e+03 3.977951966467477174e+00
3.046967580160320722e+03 3.986824509371635905e+00
3.053997458917835957e+03 3.995655220856003442e+00
3.061027337675351191e+03 4.004443523418537154e+00
3.068057216432865971e+03 4.013188856617813549e+00
3.075087095190380751e+03 4.021890677393927582e+00
3.082116973947895985e+03 4.030548460389061560e+00
3.089146852705411220e+03 4.039161698268303624e+00
3.096176731462926000e+03 4.047729902040317462e+00
3.103206610220441235e+03 4.056252601378160350e+00
3.110236488977956469e+03 4.064729344939897793e+00
3.117266367735471249e+03 4.073159700689437557e+00
3.124296246492986029e+03 4.081543256217214477e+00
3.131326125250500809e+03 4.089879619060904581e+00
3.138356004008016498e+03 4.098168417026203159e+00
3.145385882765531278e+03 4.106409298507491812e+00
3.152415761523046058e+03 4.114601932808630735e+00
3.159445640280561292e+03 4.122746010463635535e+00
3.166475519038076527e+03 4.130841243557477505e+00
3.173505397795591307e+03 4.138887366046726690e+00
3.180535276553106542e+03 4.146884134080350393e+00
3.187565155310621321e+03 4.154831326320396201e+00
3.194595034068136556e+03 4.162728744262764735e+00
3.201624912825651336e+03 4.170576212557934426e+00
3.208654791583166570e+03 4.178373579331619680e+00
3.215684670340681805e+03 4.186120716505653760e+00
3.222714549098196585e+03 4.193817520118501285e+00
3.229744427855711365e+03 4.201463910646234368e+00
3.236774306613227054e+03 4.209059833323038902e+00
3.243804185370741834e+03 4.216605258462123196e+00
3.250834064128256614e+03 4.224100181776282881e+00
3.257863942885771849e+03 4.231544624698868162e+00
3.264893821643286628e+03 4.238938634704169317e+00
3.271923700400801863e+03 4.246282285628517172e+00
3.278953579158316643e+03 4.253575677990728110e+00
3.285983457915831877e+03 4.260818939312995823e+00
3.293013336673347112e+03 4.268012224441564584e+00
3.300043215430861892e+03 4.275155715867430928e+00
3.307073094188376672e+03 4.282249624047173242e+00
3.314102972945892361e+03 4.289294187723555751e+00
3.321132851703407141e+03 4.296289674246342116e+00
3.328162730460921921e+03 4.303236379893023766e+00
3.335192609218437156e+03 4.310134630189540239e+00
3.342222487975952390e+03 4.316984780230921359e+00
3.349252366733467170e+03 4.323787215002186990e+00
3.356282245490982405e+03 4.330542349698922600e+00
3.363312124248497184e+03 4.337250630048131939e+00
3.370342003006012419e+03 4.343912532628855239e+00
3.377371881763527199e+03 4.350528565193004127e+00
3.384401760521042434e+03 4.357099266985963837e+00
3.391431639278557668e+03 4.363625209067459210e+00
3.398461518036072448e+03 4.370106994632256381e+00
3.405491396793587228e+03 4.376545259330766768e+00
3.412521275551102462e+03 4.382940671589970805e+00
3.419551154308617697e+03 4.389293932933968634e+00
3.426581033066132477e+03 4.395605778304878086e+00
3.433610911823647257e+03 4.401876976383380935e+00
3.440640790581162491e+03 4.408108329909628864e+00
3.447670669338677726e+03 4.414300676003882984e+00
3.454700548096192506e+03 4.420454886487227952e+00
3.461730426853707741e+03 4.426571868202355375e+00
3.468760305611222975e+03 4.432652563334256612e+00
3.475790184368737755e+03 4.438697949731004400e+00
3.482820063126252535e+03 4.444709041224351509e+00
3.489849941883767769e+03 4.450686887950707771e+00
3.496879820641283004e+03 4.456632576671562873e+00
3.503909699398797784e+03 4.462547231094472266e+00
3.510939578156312564e+03 4.468432012193643388e+00
3.517969456913828253e+03 4.474288118530732383e+00
3.524999335671343033e+03 4.480116786575491616e+00
3.532029214428857813e+03 4.485919291026669420e+00
3.539059093186373048e+03 4.491696945132526153e+00
3.546088971943888282e+03 4.497451101011742836e+00
3.553118850701403062e+03 4.503183149974008259e+00
3.560148729458917842e+03 4.508894522840886765e+00
3.567178608216433076e+03 4.514586690266429336e+00
3.574208486973948311e+03 4.520261163057973874e+00
3.581238365731463091e+03 4.525919492496903729e+00
3.588268244488977871e+03 4.531563270659205500e+00
3.595298123246493560e+03 4.537194130736466491e+00
3.602328002004008340e+03 4.542813747356371223e+00
3.609357880761523120e+03 4.548423836903563888e+00
3.616387759519038354e+03 4.554026157840286970e+00
3.623417638276553589e+03 4.559622511027280112e+00
3.630447517034068369e+03 4.565214740044218900e+00
3.637477395791583604e+03 4.570804731510801133e+00
3.644507274549098383e+03 4.576394415407168736e+00
3.651537153306613618e+03 4.581985765394795074e+00
3.658567032064128398e+03 4.587580799137216836e+00
3.665596910821643633e+03 4.593181578620692207e+00
3.672626789579158867e+03 4.598790210474989593e+00
3.679656668336673647e+03 4.604408846294109736e+00
3.686686547094188427e+03 4.610039682957005169e+00
3.693716425851704116e+03 4.615684962948254366e+00
3.700746304609218896e+03 4.621346974678971264e+00
3.707776183366733676e+03 4.627028052807236946e+00
3.714806062124248911e+03 4.632730578559175250e+00
3.721835940881763690e+03 4.638456980049429745e+00
3.728865819639278925e+03 4.644209732601960461e+00
3.735895698396793705e+03 4.649991359070859254e+00
3.742925577154308939e+03 4.655804430160952911e+00
3.749955455911824174e+03 4.661651564748638954e+00
3.756985334669338954e+03 4.667535430202535807e+00
3.764015213426853734e+03 4.673458742704232449e+00
3.771045092184369423e+03 4.679424267569062934e+00
3.778074970941884203e+03 4.685434819566832942e+00
3.785104849699398983e+03 4.691493263242466405e+00
3.792134728456913763e+03 4.697602513236853738e+00
3.799164607214429452e+03 4.703765534607455834e+00
3.806194485971944232e+03 4.709985343149140746e+00
3.813224364729459012e+03 4.716265005714856073e+00
3.820254243486974246e+03 4.722607640536422124e+00
3.827284122244489481e+03 4.729016417545159001e+00
3.834314001002004261e+03 4.735494558692688649e+00
3.841343879759519496e+03 4.742045338271672961e+00
3.848373758517034275e+03 4.748672083236469277e+00
3.855403637274549510e+03 4.755378173524066554e+00
3.862433516032064290e+03 4.762167042374416681e+00
3.869463394789579070e+03 4.769042176651660192e+00
3.876493273547094759e+03 4.776007117164385640e+00
3.883523152304609539e+03 4.783065458986748730e+00
3.890553031062124319e+03 4.790220851778969724e+00
3.897582909819639553e+03 4.797477000108122169e+00
3.904612788577154788e+03 4.804837663768854128e+00
3.911642667334669568e+03 4.812306658104249735e+00
3.918672546092184803e+03 4.819887854326273313e+00
3.925702424849699582e+03 4.827585179836761498e+00
3.932732303607214817e+03 4.835402618548113374e+00
3.939762182364729597e+03 4.843344211203817196e+00
3.946792061122244831e+03 4.851414055699555306e+00
3.953821939879760066e+03 4.859616307403435087e+00
3.960851818637274846e+03 4.867955179477281291e+00
3.967881697394789626e+03 4.876434943196850114e+00
3.974911576152305315e+03 4.885059928272994512e+00
3.981941454909820095e+03 4.893834523171966211e+00
3.988971333667334875e+03 4.902763175436562371e+00
3.996001212424850110e+03 4.911850392006580357e+00
4.003031091182365344e+03 4.921100739539640223e+00
4.010060969939880124e+03 4.930518844731893502e+00
4.017090848697394904e+03 4.940109394638787066e+00
4.024120727454910138e+03 4.949877136995843863e+00
4.031150606212425373e+03 4.959826880539134564e+00
4.038180484969940153e+03 5.028672165468606181e+00
4.099622794090693787e+03 5.097745847460919855e+00
4.161065103211448331e+03 5.166819529453233528e+00
4.222507412332201966e+03 5.235893211445547202e+00
4.283949721452956510e+03 5.304966893437861764e+00
4.345392030573710144e+03 5.374040575430175437e+00
4.406834339694464688e+03 5.443114257422489999e+00
4.468276648815218323e+03 5.512187939414803672e+00
4.529718957935972867e+03 5.581261621407118234e+00
4.591161267056726501e+03 5.650335303399431019e+00
4.652603576177481045e+03 5.719408985391745581e+00
4.714045885298234680e+03 5.788482667384059255e+00
4.775488194418989224e+03 5.857556349376373817e+00
4.836930503539742858e+03 5.926630031368687490e+00
4.898372812660497402e+03 5.995703713361002052e+00
4.959815121781251037e+03 6.064777395353314837e+00
5.021257430902005581e+03 6.133851077345629399e+00
5.082699740022759215e+03 6.202924759337943073e+00
5.144142049143513759e+03 6.271998441330257634e+00
5.205584358264267394e+03 6.341072123322571308e+00
5.267026667385021938e+03 6.410145805314885870e+00
5.328468976505775572e+03 6.479219487307198655e+00
5.389911285626530116e+03 6.548293169299513217e+00
5.451353594747283751e+03 6.617366851291826890e+00
5.512795903868038295e+03 6.686440533284141452e+00
5.574238212988791929e+03 6.755514215276455126e+00
5.635680522109545564e+03 6.824587897268768799e+00
5.697122831230300108e+03 6.893661579261083361e+00
5.758565140351054652e+03 6.962735261253397923e+00
5.820007449471808286e+03 7.031808943245710708e+00
5.881449758592561921e+03 7.100882625238024382e+00
5.942892067713316465e+03 7.169956307230338943e+00
6.004334376834071008e+03 7.239029989222653505e+00
6.065776685954824643e+03 7.308103671214967179e+00
6.127218995075578277e+03 7.377177353207279964e+00
6.188661304196332821e+03 7.446251035199594526e+00
6.250103613317087365e+03 7.515324717191909087e+00
6.311545922437841000e+03 7.584398399184222761e+00
6.372988231558594634e+03 7.653472081176536435e+00
6.434430540679349178e+03 7.722545763168850996e+00
6.495872849800103722e+03 7.791619445161165558e+00
6.557315158920857357e+03 7.860693127153478343e+00
6.618757468041610991e+03 7.929766809145792017e+00
6.680199777162365535e+03 7.998840491138106579e+00
6.741642086283120079e+03 8.067914173130420252e+00
6.803084395403873714e+03 8.136987855122734814e+00
6.864526704524627348e+03 8.206061537115047599e+00
6.925969013645381892e+03 8.275135219107362161e+00
6.987411322766135527e+03 8.344208901099674947e+00
7.048853631886890071e+03 8.413282583091989508e+00
7.110295941007643705e+03 8.482356265084304070e+00
7.171738250128397340e+03 8.551429947076616855e+00
7.233180559249151884e+03 8.620503629068931417e+00
7.294622868369906428e+03 8.689577311061245979e+00
7.356065177490660062e+03 8.758650993053560541e+00
7.417507486611413697e+03 8.827724675045873326e+00
7.478949795732168241e+03 8.896798357038187888e+00
7.540392104852922785e+03 8.965872039030502449e+00
7.601834413973676419e+03 9.034945721022815235e+00
7.663276723094430054e+03 9.104019403015129797e+00
7.724719032215184598e+03 9.173093085007444358e+00
7.786161341335939142e+03 9.242166766999758920e+00
7.847603650456692776e+03 9.311240448992071705e+00
7.909045959577446411e+03 9.380314130984384491e+00
7.970488268698200955e+03 9.449387812976699053e+00
8.031930577818955499e+03 9.518461494969013614e+00
8.093372886939709133e+03 9.587535176961328176e+00
8.154815196060462767e+03 9.656608858953640961e+00
8.216257505181216402e+03 9.725682540945955523e+00
8.277699814301970036e+03 9.794756222938268309e+00
8.339142123422725490e+03 9.863829904930582870e+00
8.400584432543479124e+03 9.932903586922897432e+00
8.462026741664234578e+03 1.000197726891521199e+01
8.523469050784988212e+03 1.007105095090752656e+01
8.584911359905741847e+03 1.014012463289983934e+01
8.646353669026495481e+03 1.020919831489215390e+01
8.707795978147249116e+03 1.027827199688446669e+01
8.769238287268002750e+03 1.034734567887677947e+01
8.830680596388758204e+03 1.041641936086909581e+01
8.892122905509511838e+03 1.048549304286140860e+01
8.953565214630267292e+03 1.055456672485372493e+01
9.015007523751020926e+03 1.062364040684603772e+01
9.076449832871774561e+03 1.069271408883835228e+01
9.137892141992528195e+03 1.076178777083066507e+01
9.199334451113281830e+03 1.083086145282297785e+01
9.260776760234035464e+03 1.089993513481529241e+01
9.322219069354790918e+03 1.096900881680760698e+01
9.383661378475544552e+03 1.103808249879992154e+01
9.445103687596300006e+03 1.110715618079223610e+01
9.506545996717053640e+03 1.117622986278455066e+01
9.567988305837807275e+03 1.124530354477686345e+01
9.629430614958560909e+03 1.131437722676917623e+01
9.690872924079314544e+03 1.138345090876149079e+01
9.752315233200068178e+03 1.145252459075380358e+01
9.813757542320823632e+03 1.152159827274611992e+01
9.875199851441577266e+03 1.159067195473843270e+01
9.936642160562330901e+03 1.165974563673074549e+01
9.998084469683086354e+03 1.172881931872306183e+01
1.005952677880383999e+04 1.179789300071537461e+01
1.012096908792459362e+04 1.186696668270768917e+01
1.018241139704534726e+04 1.193604036470000196e+01
1.024385370616610089e+04 1.200511404669231652e+01
1.030529601528685453e+04 1.207418772868462931e+01
1.036673832440760998e+04 1.214326141067694387e+01
1.042818063352836361e+04 1.221233509266925843e+01
1.048962294264911907e+04 1.228140877466157299e+01
1.055106525176987270e+04 1.235048245665388755e+01
1.061250756089062634e+04 1.241955613864620034e+01
1.067394987001137997e+04 1.248862982063851490e+01
1.073539217913213361e+04 1.255770350263082769e+01
1.079683448825288724e+04 1.262677718462314047e+01
1.085827679737364269e+04 1.269585086661545681e+01
1.091971910649439633e+04 1.276492454860776959e+01
1.098116141561515178e+04 1.283399823060008593e+01
1.104260372473590542e+04 1.290307191259239872e+01
1.110404603385665905e+04 1.297214559458471328e+01
1.116548834297741269e+04 1.304121927657702606e+01
1.122693065209816632e+04 1.311029295856933885e+01
1.128837296121891995e+04 1.317936664056165341e+01
1.134981527033967541e+04 1.324844032255396797e+01
1.141125757946042904e+04 1.331751400454628254e+01
1.147269988858118450e+04 1.338658768653859710e+01
1.153414219770193813e+04 1.345566136853091166e+01
1.159558450682269176e+04 1.352473505052322444e+01
1.165702681594344540e+04 1.359380873251553723e+01
1.171846912506419903e+04 1.366288241450785179e+01
1.177991143418495267e+04 1.373195609650016458e+01
1.184135374330570812e+04 1.380102977849248092e+01
1.190279605242646176e+04 1.387010346048479370e+01
1.196423836154721539e+04 1.393917714247710649e+01
1.202568067066797084e+04 1.400825082446942282e+01
1.208712297978872448e+04 1.407732450646173561e+01
1.214856528890947811e+04 1.414639818845405017e+01
1.221000759803023175e+04 1.421547187044636296e+01
1.227144990715098538e+04 1.428454555243867574e+01
1.233289221627174084e+04 1.435361923443099208e+01
1.239433452539249447e+04 1.442269291642330487e+01
1.245577683451324810e+04 1.449176659841561943e+01
1.251721914363400174e+04 1.456084028040793221e+01
1.257866145275475719e+04 1.462991396240024855e+01
1.264010376187551083e+04 1.469898764439256134e+01
1.270154607099626446e+04 1.476806132638487412e+01
1.276298838011701810e+04 1.483713500837718868e+01
1.282443068923777355e+04 1.490620869036950324e+01
1.288587299835852718e+04 1.497528237236181781e+01
1.294731530747928082e+04 1.504435605435413059e+01
1.300875761660003445e+04 1.511342973634644515e+01
1.307019992572078991e+04 1.518250341833875972e+01
1.313164223484154354e+04 1.525157710033107250e+01
1.319308454396229718e+04 1.532065078232338706e+01
1.325452685308305081e+04 1.538972446431569985e+01
1.331596916220380626e+04 1.545879814630801619e+01
1.337741147132455990e+04 1.552787182830032897e+01
1.343885378044531353e+04 1.559694551029264353e+01
1.350029608956606717e+04 1.566601919228495632e+01
1.356173839868682262e+04 1.573509287427727088e+01
1.362318070780757625e+04 1.580416655626958544e+01
1.368462301692832989e+04 1.587324023826189823e+01
1.374606532604908352e+04 1.594231392025421279e+01
1.380750763516983898e+04 1.601138760224652557e+01
1.386894994429059261e+04 1.608046128423884014e+01
1.393039225341134625e+04 1.614953496623115470e+01
1.399183456253209988e+04 1.621860864822346571e+01
1.405327687165285352e+04 1.628768233021578027e+01
1.411471918077360897e+04 1.635675601220809483e+01
1.417616148989436260e+04 1.642582969420040939e+01
1.423760379901511624e+04 1.649490337619272395e+01
1.429904610813586987e+04 1.656397705818503852e+01
1.436048841725662533e+04 1.663305074017735308e+01
1.442193072637737896e+04 1.670212442216966764e+01
1.448337303549813259e+04 1.677119810416197865e+01
1.454481534461888623e+04 1.684027178615429321e+01
1.460625765373964168e+04 1.690934546814660777e+01
1.466769996286039532e+04 1.697841915013892233e+01
1.472914227198114895e+04 1.704749283213123690e+01
1.479058458110190259e+04 1.711656651412354790e+01
1.485202689022265804e+04 1.718564019611586602e+01
1.491346919934341167e+04 1.725471387810817703e+01
1.497491150846416531e+04 1.732378756010049159e+01
1.503635381758491894e+04 1.739286124209280615e+01
1.509779612670567440e+04 1.746193492408512071e+01
1.515923843582642803e+04 1.753100860607743527e+01
1.522068074494718167e+04 1.760008228806974628e+01
1.528212305406793530e+04 1.766915597006206085e+01
1.534356536318869075e+04 1.773822965205437541e+01
1.540500767230944439e+04 1.780730333404668997e+01
1.546644998143019802e+04 1.787637701603900453e+01
1.552789229055095166e+04 1.794545069803131554e+01
1.558933459967170711e+04 1.801452438002363365e+01
1.565077690879246074e+04 1.808359806201594466e+01
1.571221921791321438e+04 1.815267174400825922e+01
1.577366152703396801e+04 1.822174542600057379e+01
1.583510383615472165e+04 1.829081910799288480e+01
1.589654614527547710e+04 1.835989278998520291e+01
1.595798845439623074e+04 1.842896647197751392e+01
1.601943076351698437e+04 1.849804015396982848e+01
1.608087307263773801e+04 1.856711383596214304e+01
1.614231538175849346e+04 1.863618751795445760e+01
1.620375769087924709e+04 1.870526119994677217e+01
1.626520000000000073e+04 1.877433488193908673e+01
