3.966899999999999977e+02 5.129204531492534969e-01
4.024936272545090219e+02 5.394191051664005698e-01
4.082972545090180461e+02 5.658093826956549499e-01
4.141008817635270134e+02 5.920907875517412711e-01
4.199045090180360944e+02 6.182628340499414232e-01
4.257081362725451186e+02 6.443250489414521498e-01
4.315117635270540859e+02 6.702769713487364278e-01
4.373153907815631101e+02 6.961181527008803993e-01
4.431190180360721342e+02 7.218481566689436413e-01
4.489226452905811584e+02 7.474665591013112120e-01
4.547262725450901826e+02 7.729729479590560226e-01
4.605298997995992067e+02 7.983669232512837777e-01
4.663335270541082309e+02 8.236480969704926824e-01
4.721371543086172551e+02 8.488160930279191607e-01
4.779407815631262224e+02 8.738705471889047782e-01
4.837444088176352466e+02 8.988111070082378529e-01
4.895480360721443276e+02 9.236374317655098309e-01
4.953516633266533518e+02 9.483491924004767704e-01
5.011552905811623191e+02 9.729460714484028383e-01
5.069589178356713433e+02 9.974277629754196850e-01
5.127625450901803106e+02 1.021793972513880044e+00
5.185661723446893348e+02 1.046044416997709892e+00
5.243697995991983589e+02 1.070178824697764597e+00
5.301734268537073831e+02 1.094196935157178974e+00
5.359770541082164073e+02 1.118098499126723544e+00
5.417806813627254314e+02 1.141883278500158472e+00
5.475843086172345693e+02 1.165551046249587497e+00
5.533879358717434798e+02 1.189101586360810536e+00
5.591915631262525039e+02 1.212534693768677840e+00
5.649951903807615281e+02 1.235850174292443926e+00
5.707988176352705523e+02 1.259047844571121733e+00
5.766024448897794628e+02 1.282127531998833447e+00
5.824060721442886006e+02 1.305089074660173321e+00
5.882096993987976248e+02 1.327932321265550941e+00
5.940133266533065353e+02 1.350657131086544283e+00
5.998169539078156731e+02 1.373263373891268513e+00
6.056205811623245836e+02 1.395750929879710833e+00
6.114242084168336078e+02 1.418119689619098844e+00
6.172278356713426319e+02 1.440369553979245154e+00
6.230314629258516561e+02 1.462500434067905752e+00
6.288350901803607940e+02 1.484512251166131502e+00
6.346387174348697044e+02 1.506404936663625849e+00
6.404423446893787286e+02 1.528178431994092312e+00
6.462459719438877528e+02 1.549832688570593087e+00
6.520495991983967770e+02 1.571367667720902972e+00
6.578532264529058011e+02 1.592783340622857313e+00
6.636568537074148253e+02 1.614079688239717036e+00
6.694604809619238495e+02 1.635256701255508371e+00
6.752641082164327599e+02 1.656314380010386333e+00
6.810677354709418978e+02 1.677252734435988879e+00
6.868713627254508083e+02 1.698071783990783734e+00
6.926749899799599461e+02 1.718771557595430544e+00
6.984786172344688566e+02 1.739352093568123259e+00
7.042822444889778808e+02 1.759813439559956727e+00
7.100858717434869050e+02 1.780155652490275742e+00
7.158894989979959291e+02 1.800378798482022535e+00
7.216931262525049533e+02 1.820482952797100706e+00
7.274967535070139775e+02 1.840468199771720936e+00
7.333003807615230016e+02 1.860334632751760697e+00
7.391040080160321395e+02 1.880082354028111968e+00
7.449076352705410500e+02 1.899711474772039388e+00
7.507112625250500741e+02 1.919222114970536186e+00
7.565148897795590983e+02 1.938614403361672567e+00
7.623185170340681225e+02 1.957888477369950753e+00
7.681221442885771467e+02 1.977044483041660694e+00
7.739257715430860571e+02 1.996082574980232227e+00
7.797293987975951950e+02 2.015002916281591894e+00
7.855330260521041055e+02 2.033805678469511768e+00
7.913366533066132433e+02 2.052491041430966945e+00
7.971402805611222675e+02 2.071059193351486805e+00
8.029439078156312917e+02 2.089510330650516501e+00
8.087475350701402022e+02 2.107844657916751352e+00
8.145511623246492263e+02 2.126062387843520529e+00
8.203547895791582505e+02 2.144163741164107240e+00
8.261584168336672747e+02 2.162148946587133747e+00
8.319620440881762988e+02 2.180018240731893986e+00
8.377656713426852093e+02 2.197771868063710610e+00
8.435692985971943472e+02 2.215410080829302242e+00
8.493729258517034850e+02 2.232933138992117428e+00
8.551765531062123955e+02 2.250341310167702780e+00
8.609801803607214197e+02 2.267634869559050248e+00
8.667838076152304438e+02 2.284814099891958161e+00
8.725874348697394680e+02 2.301879291350373613e+00
8.783910621242484922e+02 2.318830741511756166e+00
8.841946893787574027e+02 2.335668755282426456e+00
8.899983166332665405e+02 2.352393644832919684e+00
8.958019438877754510e+02 2.369005729533347093e+00
9.016055711422845889e+02 2.385505335888734812e+00
9.074091983967936130e+02 2.401892797474395991e+00
9.132128256513026372e+02 2.418168454871266970e+00
9.190164529058115477e+02 2.434332655601276763e+00
9.248200801603205718e+02 2.450385754062685439e+00
9.306237074148295960e+02 2.466328111465453610e+00
9.364273346693386202e+02 2.482160095766584362e+00
9.422309619238476444e+02 2.497882081605482085e+00
9.480345891783565548e+02 2.513494450239303291e+00
9.538382164328656927e+02 2.528997589478314101e+00
9.596418436873747169e+02 2.544391893621244627e+00
9.654454709418837410e+02 2.559677763390638461e+00
9.712490981963927652e+02 2.574855605868205277e+00
9.770527254509017894e+02 2.589925834430183205e+00
9.828563527054106999e+02 2.604888868682680769e+00
9.886599799599198377e+02 2.619745134397049480e+00
9.944636072144287482e+02 2.634495063445210672e+00
1.000267234468937772e+03 2.649139093735032091e+00
1.006070861723446797e+03 2.663677669145671167e+00
1.011874488977955934e+03 2.678111239462933391e+00
1.017678116232464845e+03 2.692440260314617362e+00
1.023481743486973869e+03 2.706665193105885159e+00
1.029285370741482893e+03 2.720786504954600282e+00
1.035088997995992031e+03 2.734804668626682478e+00
1.040892625250500942e+03 2.748720162471476325e+00
1.046696252505010079e+03 2.762533470357087850e+00
1.052499879759518990e+03 2.776245081605746901e+00
1.058303507014027900e+03 2.789855490929161963e+00
1.064107134268537038e+03 2.803365198363864774e+00
1.069910761523045949e+03 2.816774709206580685e+00
1.075714388777555087e+03 2.830084533949563941e+00
1.081518016032063997e+03 2.843295188215963165e+00
1.087321643286572908e+03 2.856407192695172181e+00
1.093125270541082045e+03 2.869421073078183504e+00
1.098928897795591183e+03 2.882337359992944048e+00
1.104732525050100094e+03 2.895156588939701514e+00
1.110536152304609004e+03 2.907879300226368091e+00
1.116339779559118142e+03 2.920506038903870838e+00
1.122143406813627280e+03 2.933037354701501620e+00
1.127947034068136418e+03 2.945473801962275484e+00
1.133750661322645101e+03 2.957815939578282372e+00
1.139554288577154239e+03 2.970064330926039720e+00
1.145357915831663377e+03 2.982219543801850836e+00
1.151161543086172287e+03 2.994282150357156613e+00
1.156965170340681198e+03 3.006252727033881023e+00
1.162768797595190335e+03 3.018131854499797928e+00
1.168572424849699246e+03 3.029920117583880135e+00
1.174376052104208384e+03 3.041618105211651990e+00
1.180179679358717294e+03 3.053226410340541541e+00
1.185983306613226432e+03 3.064745629895232248e+00
1.191786933867735343e+03 3.076176364703030686e+00
1.197590561122244253e+03 3.087519219429200490e+00
1.203394188376753391e+03 3.098774802512334059e+00
1.209197815631262529e+03 3.109943726099689609e+00
1.215001442885771439e+03 3.121026605982562874e+00
1.220805070140280350e+03 3.132024061531625492e+00
1.226608697394789488e+03 3.142936715632288713e+00
1.232412324649298625e+03 3.153765194620051115e+00
1.238215951903807536e+03 3.164510128215852980e+00
1.244019579158316446e+03 3.175172149461436444e+00
1.249823206412825584e+03 3.185751894654689220e+00
1.255626833667334722e+03 3.196250003285009633e+00
1.261430460921843633e+03 3.206667117968650338e+00
1.267234088176352543e+03 3.217003884384077139e+00
1.273037715430861681e+03 3.227260951207324702e+00
1.278841342685370591e+03 3.237438970047344711e+00
1.284644969939879729e+03 3.247538595381364246e+00
1.290448597194388640e+03 3.257560484490232611e+00
1.296252224448897778e+03 3.267505297393789920e+00
1.302055851703406688e+03 3.277373696786203716e+00
1.307859478957915599e+03 3.287166347971334890e+00
1.313663106212424736e+03 3.296883918798080959e+00
1.319466733466933874e+03 3.306527079595743768e+00
1.325270360721442785e+03 3.316096503109373206e+00
1.331073987975951695e+03 3.325592864435115370e+00
1.336877615230460833e+03 3.335016840955585149e+00
1.342681242484969971e+03 3.344369112275201950e+00
1.348484869739479109e+03 3.353650360155552512e+00
1.354288496993987792e+03 3.362861268450746177e+00
1.360092124248496930e+03 3.372002523042759936e+00
1.365895751503006068e+03 3.381074811776797251e+00
1.371699378757514978e+03 3.390078824396647317e+00
1.377503006012023889e+03 3.399015252480031446e+00
1.383306633266533026e+03 3.407884789373955225e+00
1.389110260521041937e+03 3.416688130130068668e+00
1.394913887775550847e+03 3.425425971440020145e+00
1.400717515030059985e+03 3.434099011570808102e+00
1.406521142284569123e+03 3.442707950300124775e+00
1.412324769539078034e+03 3.451253488851731888e+00
1.418128396793586944e+03 3.459736329830793267e+00
1.423932024048096082e+03 3.468157177159238991e+00
1.429735651302605220e+03 3.476516736011121100e+00
1.435539278557114130e+03 3.484815712747956873e+00
1.441342905811623041e+03 3.493054814854099632e+00
1.447146533066132179e+03 3.501234750872075807e+00
1.452950160320641317e+03 3.509356230337938864e+00
1.458753787575150227e+03 3.517419963716646336e+00
1.464557414829659137e+03 3.525426662337384887e+00
1.470361042084168275e+03 3.533377038328934905e+00
1.476164669338677413e+03 3.541271804555031988e+00
1.481968296593186324e+03 3.549111674549715101e+00
1.487771923847695234e+03 3.556897362452665412e+00
1.493575551102204372e+03 3.564629582944593089e+00
1.499379178356713282e+03 3.572309051182558814e+00
1.505182805611222193e+03 3.579936482735344150e+00
1.510986432865731331e+03 3.587512593518807691e+00
1.516790060120240469e+03 3.595038099731226566e+00
1.522593687374749152e+03 3.602513717788661474e+00
1.528397314629258290e+03 3.609940164260298179e+00
1.534200941883767427e+03 3.617318155803819213e+00
1.540004569138276565e+03 3.624648409100735602e+00
1.545808196392785476e+03 3.631931640791764337e+00
1.551611823647294386e+03 3.639168567412165878e+00
1.557415450901803524e+03 3.646359905327097639e+00
1.563219078156312662e+03 3.653506370666978142e+00
1.569022705410821573e+03 3.660608679262831178e+00
1.574826332665330483e+03 3.667667546581650395e+00
1.580629959919839621e+03 3.674683687661741249e+00
1.586433587174348531e+03 3.681657817048070491e+00
1.592237214428857669e+03 3.688590648727650301e+00
1.598040841683366580e+03 3.695482896064852252e+00
1.603844468937875718e+03 3.702335271736787004e+00
1.609648096192384628e+03 3.709148487668657346e+00
1.615451723446893538e+03 3.715923254969093037e+00
1.621255350701402676e+03 3.722660283865528719e+00
1.627058977955911814e+03 3.729360283639536977e+00
1.632862605210420497e+03 3.736023962562188050e+00
1.638666232464929635e+03 3.742652027829426853e+00
1.644469859719438773e+03 3.749245185497386945e+00
1.650273486973947911e+03 3.755804140417774661e+00
1.656077114228456594e+03 3.762329596173200841e+00
1.661880741482965732e+03 3.768822255012557410e+00
1.667684368737474870e+03 3.775282817786361989e+00
1.673487995991984008e+03 3.781711983882094508e+00
1.679291623246492918e+03 3.788110451159575565e+00
1.685095250501001829e+03 3.794478915886318138e+00
1.690898877755510966e+03 3.800818072672865533e+00
1.696702505010019877e+03 3.807128614408139544e+00
1.702506132264529015e+03 3.813411232194843237e+00
1.708309759519037925e+03 3.819666615284748268e+00
1.714113386773546836e+03 3.825895451014088788e+00
1.719917014028055974e+03 3.832098424738916265e+00
1.725720641282564884e+03 3.838276219770435205e+00
1.731524268537074022e+03 3.844429517310357980e+00
1.737327895791583160e+03 3.850558996386290733e+00
1.743131523046091843e+03 3.856665333787028249e+00
1.748935150300600981e+03 3.862749203997974945e+00
1.754738777555110119e+03 3.868811279136441961e+00
1.760542404809619256e+03 3.874852228887029071e+00
1.766346032064127940e+03 3.880872720436988832e+00
1.772149659318637077e+03 3.886873418411553871e+00
1.777953286573146215e+03 3.892854984809291263e+00
1.783756913827655353e+03 3.898818078937488441e+00
1.789560541082164264e+03 3.904763357347476482e+00
1.795364168336673174e+03 3.910691473769990267e+00
1.801167795591182312e+03 3.916603079050535730e+00
1.806971422845691222e+03 3.922498821084718923e+00
1.812775050100200360e+03 3.928379344753619051e+00
1.818578677354709271e+03 3.934245291859146842e+00
1.824382304609218181e+03 3.940097301059377610e+00
1.830185931863727319e+03 3.945936007803923395e+00
1.835989559118236230e+03 3.951762044269273133e+00
1.841793186372745367e+03 3.957576039294147918e+00
1.847596813627254505e+03 3.963378618314885138e+00
1.853400440881763188e+03 3.969170403300743111e+00
1.859204068136272326e+03 3.974952012689275893e+00
1.865007695390781464e+03 3.980724061321717411e+00
1.870811322645290602e+03 3.986487160378267003e+00
1.876614949899799285e+03 3.992241917313526844e+00
1.882418577154308423e+03 3.997988935791787490e+00
1.888222204408817561e+03 4.003728815622396908e+00
1.894025831663326699e+03 4.009462152695157933e+00
1.899829458917835609e+03 4.015189538915622691e+00
1.905633086172344520e+03 4.020911562140470075e+00
1.911436713426853657e+03 4.026628806112881875e+00
1.917240340681362568e+03 4.032341850397859417e+00
1.923043967935871706e+03 4.038051270317601471e+00
1.928847595190380616e+03 4.043757636886849305e+00
1.934651222444889527e+03 4.049461516748239731e+00
1.940454849699398665e+03 4.055163472107662592e+00
1.946258476953907575e+03 4.060864060669613806e+00
1.952062104208416713e+03 4.066563835572553742e+00
1.957865731462925851e+03 4.072263345324238060e+00
1.963669358717434534e+03 4.077963133737102730e+00
1.969472985971943672e+03 4.083663739863609976e+00
1.975276613226452810e+03 4.089365697931587107e+00
1.981080240480961947e+03 4.095069537279583116e+00
1.986883867735470631e+03 4.100775782292231497e+00
1.992687494989979768e+03 4.106484952335629046e+00
1.998491122244488906e+03 4.112197561692618741e+00
2.004294749498998044e+03 4.117914119498207626e+00
2.010098376753506955e+03 4.123635129674910971e+00
2.015902004008015865e+03 4.129361090868073347e+00
2.021705631262525003e+03 4.135092496381252758e+00
2.027509258517033913e+03 4.140829834111569241e+00
2.033312885771542824e+03 4.146573586485054363e+00
2.039116513026051962e+03 4.152324230392000715e+00
2.044920140280560872e+03 4.158082237122315838e+00
2.050723767535069783e+03 4.163848072300892156e+00
2.056527394789578921e+03 4.169622195822952904e+00
2.062331022044088058e+03 4.175405061789376759e+00
2.068134649298596742e+03 4.181197118442103289e+00
2.073938276553105879e+03 4.186998808099467340e+00
2.079741903807615017e+03 4.192810567091501461e+00
2.085545531062124155e+03 4.198632825695383097e+00
2.091349158316633293e+03 4.204466008070712135e+00
2.097152785571141976e+03 4.210310532194902144e+00
2.102956412825651114e+03 4.216166809798529869e+00
2.108760040080160252e+03 4.222035246300658962e+00
2.114563667334669390e+03 4.227916240744244547e+00
2.120367294589178528e+03 4.233810185731458731e+00
2.126170921843687211e+03 4.239717467359020553e+00
2.131974549098196348e+03 4.245638465153602326e+00
2.137778176352705032e+03 4.251573552007151591e+00
2.143581803607214169e+03 4.257523094112237061e+00
2.149385430861723307e+03 4.263487450897432751e+00
2.155189058116232445e+03 4.269466974962633721e+00
2.160992685370741128e+03 4.275462012014453528e+00
2.166796312625250266e+03 4.281472900801539083e+00
2.172599939879759404e+03 4.287499973049946789e+00
2.178403567134268087e+03 4.293543553398486701e+00
2.184207194388777225e+03 4.299603959334071135e+00
2.190010821643286363e+03 4.305681501127102351e+00
2.195814448897795501e+03 4.311776481766774971e+00
2.201618076152304639e+03 4.317889196896458337e+00
2.207421703406813322e+03 4.324019934749061989e+00
2.213225330661322459e+03 4.330168976082363841e+00
2.219028957915831597e+03 4.336336594114380105e+00
2.224832585170340735e+03 4.342523054458710341e+00
2.230636212424849418e+03 4.348728615059893166e+00
2.236439839679358556e+03 4.354953526128776176e+00
2.242243466933867694e+03 4.361198030077831689e+00
2.248047094188376832e+03 4.367462361456542652e+00
2.253850721442885515e+03 4.373746746886765457e+00
2.259654348697395108e+03 4.380051404998052789e+00
2.265457975951903791e+03 4.386376546363004891e+00
2.271261603206412474e+03 4.392722373432663474e+00
2.277065230460922066e+03 4.399089080471839885e+00
2.282868857715430750e+03 4.405476853494453948e+00
2.288672484969939433e+03 4.411885870198918091e+00
2.294476112224449025e+03 4.418316299903474409e+00
2.300279739478957708e+03 4.424768303481531717e+00
2.306083366733466846e+03 4.431242033297081662e+00
2.311886993987975984e+03 4.437737633139966498e+00
2.317690621242484667e+03 4.444255238161305854e+00
2.323494248496993805e+03 4.450794974808794713e+00
2.329297875751502943e+03 4.457356960762108855e+00
2.335101503006012081e+03 4.463941304868221494e+00
2.340905130260521219e+03 4.470548107076760758e+00
2.346708757515029902e+03 4.477177458375392050e+00
2.352512384769539040e+03 4.483829440725118687e+00
2.358316012024048177e+03 4.490504126995708667e+00
2.364119639278556861e+03 4.497201580900963336e+00
2.369923266533066453e+03 4.503921856934157475e+00
2.375726893787575136e+03 4.510665000303325733e+00
2.381530521042083819e+03 4.517431046866651201e+00
2.387334148296593412e+03 4.524220023067803353e+00
2.393137775551102095e+03 4.531031945871301758e+00
2.398941402805610778e+03 4.537866822697887770e+00
2.404745030060120371e+03 4.544724651359808298e+00
2.410548657314629054e+03 4.551605419996253232e+00
2.416352284569138192e+03 4.558509107008684502e+00
2.422155911823647330e+03 4.565435680996147383e+00
2.427959539078156013e+03 4.572385100690670612e+00
2.433763166332665151e+03 4.579357314892632758e+00
2.439566793587174288e+03 4.586352262406037994e+00
2.445370420841683426e+03 4.593369871973960628e+00
2.451174048096192564e+03 4.600410062213845741e+00
2.456977675350701247e+03 4.607472741552875561e+00
2.462781302605210385e+03 4.614557808163334940e+00
2.468584929859719523e+03 4.621665149897938640e+00
2.474388557114228206e+03 4.628794644225195043e+00
2.480192184368737799e+03 4.635946158164818698e+00
2.485995811623246482e+03 4.643119548222965243e+00
2.491799438877755165e+03 4.650314660327687477e+00
2.497603066132264757e+03 4.657531329764259986e+00
2.503406693386773441e+03 4.664769381110474455e+00
2.509210320641282124e+03 4.672028628172117948e+00
2.515013947895791716e+03 4.679308873918207823e+00
2.520817575150300399e+03 4.686609910416393632e+00
2.526621202404809537e+03 4.693931518768318156e+00
2.532424829659318675e+03 4.701273469044972231e+00
2.538228456913827358e+03 4.708635520222009596e+00
2.544032084168336496e+03 4.716017420115161229e+00
2.549835711422845634e+03 4.723418905315529770e+00
2.555639338677354772e+03 4.730839701124985197e+00
2.561442965931863910e+03 4.738279521491504553e+00
2.567246593186372593e+03 4.745738068944532984e+00
2.573050220440881731e+03 4.753215034530294147e+00
2.578853847695390868e+03 4.760710097747228531e+00
2.584657474949899552e+03 4.768222926481263002e+00
2.590461102204409144e+03 4.775753176941208267e+00
2.596264729458917827e+03 4.783300493594119018e+00
2.602068356713426510e+03 4.790864509100602575e+00
2.607871983967936103e+03 4.798444844250235874e+00
2.613675611222444786e+03 4.806041107896873221e+00
2.619479238476953469e+03 4.813652896894008215e+00
2.625282865731463062e+03 4.821279796030141895e+00
2.631086492985971745e+03 4.828921377964109141e+00
2.636890120240480883e+03 4.836577203160475236e+00
2.642693747494990021e+03 4.844246819824846284e+00
2.648497374749498704e+03 4.851929763839257781e+00
2.654301002004007842e+03 4.859625558697494796e+00
2.660104629258516979e+03 4.867333715440502750e+00
2.665908256513026117e+03 4.875053732591611677e+00
2.671711883767535255e+03 4.882785096092084665e+00
2.677515511022043938e+03 4.890527279236327018e+00
2.683319138276553076e+03 4.898279742607231313e+00
2.689122765531062214e+03 4.906041934011670769e+00
2.694926392785570897e+03 4.913813288415695979e+00
2.700730020040080490e+03 4.921593227879965227e+00
2.706533647294589173e+03 4.929381161495109964e+00
2.712337274549097856e+03 4.937176485317051444e+00
2.718140901803607449e+03 4.944978582302374193e+00
2.723944529058116132e+03 4.952786822243660403e+00
2.729748156312624815e+03 4.960600561704895384e+00
2.735551783567134407e+03 4.968419143956732675e+00
2.741355410821643090e+03 4.976241898911943018e+00
2.747159038076152228e+03 4.984068143060716771e+00
2.752962665330661366e+03 4.991897179405992091e+00
2.758766292585170049e+03 4.999728297398894128e+00
2.764569919839679187e+03 5.007560772874002808e+00
2.770373547094188325e+03 5.015393867984746734e+00
2.776177174348697008e+03 5.023226831138766002e+00
2.781980801603206601e+03 5.031058896933217284e+00
2.787784428857715284e+03 5.038889286090202368e+00
2.793588056112224422e+03 5.046717205392059924e+00
2.799391683366733560e+03 5.054541847616730088e+00
2.805195310621242243e+03 5.062362391473167023e+00
2.810998937875751380e+03 5.070178001536552514e+00
2.816802565130260518e+03 5.077987828183839980e+00
2.822606192384769201e+03 5.085791007528953855e+00
2.828409819639278794e+03 5.093586661358209255e+00
2.834213446893787477e+03 5.101373897065661467e+00
2.840017074148296160e+03 5.109151807588464322e+00
2.845820701402805753e+03 5.116919471342176173e+00
2.851624328657314436e+03 5.124675952156195535e+00
2.857427955911823574e+03 5.132420299209043080e+00
2.863231583166332712e+03 5.140151546963748430e+00
2.869035210420841395e+03 5.147868715103212978e+00
2.874838837675350533e+03 5.155570808465528287e+00
2.880642464929859671e+03 5.163256816979355790e+00
2.886446092184368354e+03 5.170925715599308248e+00
2.892249719438877491e+03 5.178576464241187338e+00
2.898053346693386629e+03 5.186208007717519664e+00
2.903856973947895312e+03 5.193819275672749036e+00
2.909660601202404905e+03 5.201409182518684560e+00
2.915464228456913588e+03 5.208976627369773738e+00
2.921267855711422726e+03 5.216520493978606510e+00
2.927071482965931864e+03 5.224039650671031154e+00
2.932875110220440547e+03 5.231532950281769345e+00
2.938678737474950140e+03 5.238999230089571135e+00
2.944482364729458823e+03 5.246437311752648824e+00
2.950285991983967506e+03 5.253846001244072639e+00
2.956089619238477098e+03 5.261224088787024300e+00
2.961893246492985782e+03 5.268570348790224678e+00
2.967696873747494919e+03 5.275883539783279730e+00
2.973500501002004057e+03 5.283162404351976704e+00
2.979304128256512740e+03 5.290405669073726003e+00
2.985107755511021878e+03 5.297612044452879587e+00
2.990911382765531016e+03 5.304780224856004089e+00
2.996715010020039699e+03 5.311908888447407051e+00
3.002518637274548837e+03 5.318996697124301676e+00
3.008322264529057975e+03 5.326042296452294877e+00
3.014125891783566658e+03 5.333044315600691476e+00
3.019929519038076251e+03 5.340001367277853461e+00
3.025733146292584934e+03 5.346912047666531720e+00
3.031536773547093617e+03 5.353774936359254610e+00
3.037340400801603209e+03 5.360588596293689001e+00
3.043144028056111893e+03 5.367351573687909827e+00
3.048947655310621485e+03 5.374062397975910343e+00
3.054751282565130168e+03 5.380719581742775759e+00
3.060554909819638851e+03 5.387321620660138421e+00
3.066358537074148444e+03 5.393866993421591260e+00
3.072162164328657127e+03 5.400354161677867637e+00
3.077965791583166265e+03 5.406781569972348933e+00
3.083769418837675403e+03 5.413147645676351871e+00
3.089573046092184086e+03 5.419450798924490442e+00
3.095376673346693224e+03 5.425689422550055596e+00
3.101180300601202362e+03 5.431861892020307003e+00
3.106983927855711045e+03 5.437966565371909589e+00
3.112787555110220183e+03 5.444001783146203977e+00
3.118591182364729320e+03 5.449965868324635920e+00
3.124394809619238004e+03 5.455857126264046286e+00
3.130198436873747596e+03 5.461673844632091601e+00
3.136002064128256279e+03 5.467414293342508280e+00
3.141805691382764962e+03 5.473076724490541167e+00
3.147609318637274555e+03 5.478659372288332108e+00
3.153412945891783238e+03 5.484160453000084701e+00
3.159216573146292376e+03 5.489578164877675803e+00
3.165020200400801514e+03 5.494910688095808737e+00
3.170823827655310197e+03 5.500156184687476468e+00
3.176627454909819789e+03 5.505312798479252479e+00
3.182431082164328473e+03 5.510378655026721972e+00
3.188234709418837610e+03 5.515351861549715906e+00
3.194038336673346748e+03 5.520230506867772391e+00
3.199841963927855431e+03 5.525012661335467534e+00
3.205645591182364569e+03 5.529696376777726741e+00
3.211449218436873707e+03 5.534279686425209732e+00
3.217252845691382390e+03 5.538760604849669811e+00
3.223056472945891528e+03 5.543137127899299799e+00
3.228860100200400666e+03 5.547407232634096630e+00
3.234663727454909349e+03 5.551568877261132684e+00
3.240467354709418942e+03 5.555620001070071368e+00
3.246270981963927625e+03 5.559558524368394927e+00
3.252074609218436308e+03 5.563382348416763712e+00
3.257878236472945900e+03 5.567089355364453596e+00
3.263681863727454584e+03 5.570677408184597112e+00
3.269485490981963721e+03 5.607311452258506357e+00
3.319240840273511822e+03 5.666636471108429163e+00
3.368996189565059467e+03 5.725961489958352857e+00
3.418751538856607567e+03 5.785286508808276551e+00
3.468506888148155213e+03 5.844611527658199357e+00
3.518262237439703313e+03 5.903936546508122163e+00
3.568017586731250958e+03 5.963261565358045857e+00
3.617772936022799058e+03 6.022586584207968663e+00
3.667528285314347158e+03 6.081911603057892357e+00
3.717283634605894804e+03 6.141236621907815163e+00
3.767038983897442904e+03 6.200561640757738857e+00
3.816794333188991004e+03 6.259886659607662551e+00
3.866549682480538650e+03 6.319211678457585357e+00
3.916305031772086750e+03 6.378536697307509051e+00
3.966060381063634395e+03 6.437861716157431857e+00
4.015815730355182495e+03 6.497186735007355551e+00
4.065571079646730141e+03 6.556511753857278357e+00
4.115326428938278696e+03 6.615836772707202051e+00
4.165081778229826341e+03 6.675161791557124857e+00
4.214837127521373986e+03 6.734486810407048551e+00
4.264592476812922541e+03 6.793811829256972246e+00
4.314347826104470187e+03 6.853136848106895052e+00
4.364103175396017832e+03 6.912461866956817857e+00
4.413858524687565478e+03 6.971786885806740663e+00
4.463613873979113123e+03 7.031111904656664358e+00
4.513369223270661678e+03 7.090436923506588052e+00
4.563124572562209323e+03 7.149761942356510858e+00
4.612879921853756969e+03 7.209086961206433664e+00
4.662635271145305524e+03 7.268411980056358246e+00
4.712390620436853169e+03 7.327736998906281052e+00
4.762145969728400814e+03 7.387062017756203858e+00
4.811901319019949369e+03 7.446387036606127552e+00
4.861656668311497015e+03 7.505712055456051246e+00
4.911412017603044660e+03 7.565037074305974052e+00
4.961167366894593215e+03 7.624362093155897746e+00
5.010922716186140860e+03 7.683687112005820552e+00
5.060678065477688506e+03 7.743012130855743358e+00
5.110433414769237061e+03 7.802337149705667940e+00
5.160188764060784706e+03 7.861662168555590746e+00
5.209944113352332351e+03 7.920987187405513552e+00
5.259699462643880906e+03 7.980312206255438134e+00
5.309454811935428552e+03 8.039637225105360940e+00
5.359210161226976197e+03 8.098962243955284634e+00
5.408965510518524752e+03 8.158287262805206552e+00
5.458720859810071488e+03 8.217612281655128470e+00
5.508476209101620043e+03 8.276937300505053940e+00
5.558231558393167688e+03 8.336262319354975858e+00
5.607986907684715334e+03 8.395587338204899552e+00
5.657742256976263889e+03 8.454912357054823246e+00
5.707497606267811534e+03 8.514237375904745164e+00
5.757252955559359179e+03 8.573562394754670635e+00
5.807008304850907734e+03 8.632887413604592552e+00
5.856763654142455380e+03 8.692212432454516247e+00
5.906519003434003025e+03 8.751537451304439941e+00
5.956274352725551580e+03 8.810862470154363635e+00
6.006029702017099225e+03 8.870187489004287329e+00
6.055785051308646871e+03 8.929512507854209247e+00
6.105540400600195426e+03 8.988837526704132941e+00
6.155295749891742162e+03 9.048162545554054859e+00
6.205051099183290717e+03 9.107487564403978553e+00
6.254806448474839272e+03 9.166812583253904023e+00
6.304561797766386007e+03 9.226137602103825941e+00
6.354317147057934562e+03 9.285462620953747859e+00
6.404072496349482208e+03 9.344787639803673329e+00
6.453827845641029853e+03 9.404112658653595247e+00
6.503583194932578408e+03 9.463437677503518941e+00
6.553338544224126053e+03 9.522762696353442635e+00
6.603093893515673699e+03 9.582087715203364553e+00
6.652849242807222254e+03 9.641412734053290023e+00
6.702604592098769899e+03 9.700737752903211941e+00
6.752359941390317545e+03 9.760062771753133859e+00
6.802115290681866099e+03 9.819387790603059329e+00
6.851870639973413745e+03 9.878712809452981247e+00
6.901625989264961390e+03 9.938037828302903165e+00
6.951381338556509945e+03 9.997362847152828635e+00
7.001136687848057591e+03 1.005668786600275055e+01
7.050892037139605236e+03 1.011601288485267602e+01
7.100647386431153791e+03 1.017533790370259794e+01
7.150402735722700527e+03 1.023466292255251986e+01
7.200158085014249082e+03 1.029398794140244533e+01
7.249913434305797637e+03 1.035331296025236725e+01
7.299668783597344373e+03 1.041263797910228917e+01
7.349424132888892927e+03 1.047196299795221464e+01
7.399179482180441482e+03 1.053128801680214011e+01
7.448934831471988218e+03 1.059061303565206202e+01
7.498690180763536773e+03 1.064993805450198394e+01
7.548445530055085328e+03 1.070926307335190941e+01
7.598200879346632064e+03 1.076858809220183133e+01
7.647956228638180619e+03 1.082791311105175325e+01
7.697711577929727355e+03 1.088723812990167517e+01
7.747466927221275910e+03 1.094656314875160064e+01
7.797222276512824465e+03 1.100588816760152611e+01
7.846977625804371201e+03 1.106521318645144802e+01
7.896732975095919755e+03 1.112453820530136994e+01
7.946488324387468310e+03 1.118386322415129541e+01
7.996243673679015046e+03 1.124318824300121733e+01
8.045999022970563601e+03 1.130251326185113925e+01
8.095754372262112156e+03 1.136183828070106472e+01
8.145509721553658892e+03 1.142116329955098664e+01
8.195265070845207447e+03 1.148048831840090855e+01
8.245020420136756002e+03 1.153981333725083402e+01
8.294775769428302738e+03 1.159913835610075594e+01
8.344531118719851293e+03 1.165846337495068141e+01
8.394286468011399847e+03 1.171778839380060333e+01
8.444041817302946583e+03 1.177711341265052525e+01
8.493797166594495138e+03 1.183643843150045072e+01
8.543552515886041874e+03 1.189576345035037264e+01
8.593307865177590429e+03 1.195508846920029455e+01
8.643063214469138984e+03 1.201441348805022002e+01
8.692818563760685720e+03 1.207373850690014194e+01
8.742573913052234275e+03 1.213306352575006741e+01
8.792329262343782830e+03 1.219238854459998933e+01
8.842084611635329566e+03 1.225171356344991125e+01
8.891839960926878121e+03 1.231103858229983672e+01
8.941595310218426675e+03 1.237036360114975864e+01
8.991350659509973411e+03 1.242968861999968055e+01
9.041106008801521966e+03 1.248901363884960602e+01
9.090861358093070521e+03 1.254833865769953150e+01
9.140616707384617257e+03 1.260766367654945341e+01
9.190372056676165812e+03 1.266698869539937533e+01
9.240127405967714367e+03 1.272631371424930080e+01
9.289882755259261103e+03 1.278563873309922272e+01
9.339638104550809658e+03 1.284496375194914464e+01
9.389393453842358213e+03 1.290428877079907011e+01
9.439148803133904948e+03 1.296361378964899203e+01
9.488904152425453503e+03 1.302293880849891394e+01
9.538659501717000239e+03 1.308226382734883586e+01
9.588414851008548794e+03 1.314158884619876133e+01
9.638170200300097349e+03 1.320091386504868680e+01
9.687925549591644085e+03 1.326023888389860872e+01
9.737680898883192640e+03 1.331956390274853064e+01
9.787436248174741195e+03 1.337888892159845611e+01
9.837191597466287931e+03 1.343821394044837803e+01
9.886946946757836486e+03 1.349753895929829994e+01
9.936702296049385041e+03 1.355686397814822541e+01
9.986457645340931776e+03 1.361618899699814733e+01
1.003621299463248033e+04 1.367551401584807280e+01
1.008596834392402889e+04 1.373483903469799472e+01
1.013572369321557562e+04 1.379416405354791664e+01
1.018547904250712418e+04 1.385348907239784211e+01
1.023523439179867273e+04 1.391281409124776403e+01
1.028498974109021947e+04 1.397213911009768594e+01
1.033474509038176802e+04 1.403146412894761141e+01
1.038450043967331476e+04 1.409078914779753333e+01
1.043425578896486331e+04 1.415011416664745880e+01
1.048401113825641187e+04 1.420943918549738072e+01
1.053376648754795860e+04 1.426876420434730264e+01
1.058352183683950716e+04 1.432808922319722811e+01
1.063327718613105571e+04 1.438741424204715003e+01
1.068303253542260245e+04 1.444673926089707194e+01
1.073278788471415101e+04 1.450606427974699741e+01
1.078254323400569956e+04 1.456538929859691933e+01
1.083229858329724630e+04 1.462471431744684125e+01
1.088205393258879485e+04 1.468403933629676672e+01
1.093180928188034341e+04 1.474336435514669219e+01
1.098156463117189014e+04 1.480268937399661411e+01
1.103131998046343870e+04 1.486201439284653603e+01
1.108107532975498725e+04 1.492133941169646150e+01
1.113083067904653399e+04 1.498066443054638341e+01
1.118058602833808254e+04 1.503998944939630533e+01
1.123034137762963110e+04 1.509931446824623080e+01
1.128009672692117783e+04 1.515863948709615272e+01
1.132985207621272639e+04 1.521796450594607819e+01
1.137960742550427312e+04 1.527728952479600011e+01
1.142936277479582168e+04 1.533661454364592203e+01
1.147911812408737023e+04 1.539593956249584750e+01
1.152887347337891879e+04 1.545526458134576941e+01
1.157862882267046552e+04 1.551458960019569133e+01
1.162838417196201408e+04 1.557391461904561680e+01
1.167813952125356263e+04 1.563323963789554227e+01
1.172789487054510937e+04 1.569256465674546419e+01
1.177765021983665793e+04 1.575188967559538611e+01
1.182740556912820648e+04 1.581121469444531158e+01
1.187716091841975322e+04 1.587053971329523350e+01
1.192691626771130177e+04 1.592986473214515541e+01
1.197667161700284851e+04 1.598918975099507733e+01
1.202642696629439706e+04 1.604851476984500280e+01
1.207618231558594562e+04 1.610783978869492472e+01
1.212593766487749235e+04 1.616716480754484664e+01
1.217569301416904091e+04 1.622648982639477211e+01
1.222544836346058946e+04 1.628581484524469758e+01
1.227520371275213620e+04 1.634513986409461950e+01
1.232495906204368475e+04 1.640446488294454142e+01
1.237471441133523331e+04 1.646378990179446689e+01
1.242446976062678004e+04 1.652311492064438880e+01
1.247422510991832860e+04 1.658243993949431072e+01
1.252398045920987715e+04 1.664176495834423619e+01
1.257373580850142389e+04 1.670108997719415811e+01
1.262349115779297244e+04 1.676041499604408358e+01
1.267324650708452100e+04 1.681974001489400550e+01
1.272300185637606774e+04 1.687906503374392742e+01
1.277275720566761629e+04 1.693839005259385289e+01
1.282251255495916303e+04 1.699771507144377480e+01
1.287226790425071158e+04 1.705704009029369672e+01
1.292202325354226014e+04 1.711636510914362219e+01
1.297177860283380687e+04 1.717569012799354411e+01
1.302153395212535543e+04 1.723501514684346958e+01
1.307128930141690398e+04 1.729434016569339150e+01
1.312104465070845072e+04 1.735366518454331342e+01
1.317079999999999927e+04 1.741299020339323889e+01
