4.952500000000000000e+02 2.627549100631690226e+00
5.008777555110220874e+02 2.684783148462531965e+00
5.065055110220441179e+02 2.741245773257040774e+00
5.121332665330661484e+02 2.796945272215009659e+00
5.177610220440882358e+02 2.851889886156899312e+00
5.233887775551102095e+02 2.906087799706942310e+00
5.290165330661322969e+02 2.959547141476246424e+00
5.346442885771543843e+02 3.012275984245893490e+00
5.402720440881763579e+02 3.064282345150039166e+00
5.458997995991984453e+02 3.115574185859019352e+00
5.515275551102204190e+02 3.166159412762448166e+00
5.571553106212425064e+02 3.216045877152319044e+00
5.627830661322645938e+02 3.265241375406107593e+00
5.684108216432865675e+02 3.313753649169874471e+00
5.740385771543086548e+02 3.361590385541361137e+00
5.796663326653306285e+02 3.408759217253098939e+00
5.852940881763527159e+02 3.455267722855502655e+00
5.909218436873748033e+02 3.501123426899979574e+00
5.965495991983967770e+02 3.546333800122026148e+00
6.021773547094188643e+02 3.590906259624328634e+00
6.078051102204409517e+02 3.634848169059868184e+00
6.134328657314629254e+02 3.678166838815020157e+00
6.190606212424850128e+02 3.720869526192655208e+00
6.246883767535071001e+02 3.762963435595240824e+00
6.303161322645290738e+02 3.804455718707945522e+00
6.359438877755510475e+02 3.845353474681735939e+00
6.415716432865731349e+02 3.885663750316481035e+00
6.471993987975952223e+02 3.925393540244052737e+00
6.528271543086173097e+02 3.964549787111424806e+00
6.584549098196392833e+02 4.003139381763781479e+00
6.640826653306612570e+02 4.041169163427611011e+00
6.697104208416834581e+02 4.078645919893810756e+00
6.753381763527054318e+02 4.115576387700787819e+00
6.809659318637275192e+02 4.151967252317562362e+00
6.865936873747494928e+02 4.187825148326865587e+00
6.922214428857715802e+02 4.223156659608245711e+00
6.978491983967935539e+02 4.257968319521160616e+00
7.034769539078156413e+02 4.292266611088091821e+00
7.091047094188377287e+02 4.326057967177637131e+00
7.147324649298598160e+02 4.359348770687613950e+00
7.203602204408817897e+02 4.392145354728159923e+00
7.259879759519037634e+02 4.424454002804837138e+00
7.316157314629258508e+02 4.456280949001731884e+00
7.372434869739479382e+02 4.487632378164555291e+00
7.428712424849700255e+02 4.518514426083745761e+00
7.484989979959919992e+02 4.548933179677568717e+00
7.541267535070140866e+02 4.578894677175221695e+00
7.597545090180360603e+02 4.608404908299933211e+00
7.653822645290581477e+02 4.637469814452062522e+00
7.710100200400801214e+02 4.666095288892205595e+00
7.766377755511023224e+02 4.694287176924291316e+00
7.822655310621242961e+02 4.722051276078687465e+00
7.878932865731462698e+02 4.749393336295298695e+00
7.935210420841683572e+02 4.776319060106670733e+00
7.991487975951904446e+02 4.802834102821089246e+00
8.047765531062124182e+02 4.828944072705684043e+00
8.104043086172345056e+02 4.854654531169525278e+00
8.160320641282565930e+02 4.879970992946733865e+00
8.216598196392785667e+02 4.904898926279573246e+00
8.272875751503006541e+02 4.929443753101557135e+00
8.329153306613226277e+02 4.953610849220548396e+00
8.385430861723446014e+02 4.977405544501861456e+00
8.441708416833668025e+02 5.000833123051359408e+00
8.497985971943887762e+02 5.023898823398567970e+00
8.554263527054108636e+02 5.046607838679758373e+00
8.610541082164329509e+02 5.068965316821066658e+00
8.666818637274549246e+02 5.090976360721577443e+00
8.723096192384768983e+02 5.112646028436445889e+00
8.779373747494989857e+02 5.133979333359981467e+00
8.835651302605209594e+02 5.154981244408755714e+00
8.891928857715431604e+02 5.175656686204709089e+00
8.948206412825651341e+02 5.196010539258239191e+00
9.004483967935871078e+02 5.216047640151319165e+00
9.060761523046093089e+02 5.235772781720585023e+00
9.117039078156312826e+02 5.255190713240439848e+00
9.173316633266533699e+02 5.274306140606165982e+00
9.229594188376754573e+02 5.293123726517009686e+00
9.285871743486974310e+02 5.311648090659293331e+00
9.342149298597194047e+02 5.329883809889517821e+00
9.398426853707414921e+02 5.347835418417456133e+00
9.454704408817634658e+02 5.365507407989262845e+00
9.510981963927856668e+02 5.382904228070566788e+00
9.567259519038076405e+02 5.400030286029584126e+00
9.623537074148296142e+02 5.416889947320209231e+00
9.679814629258518153e+02 5.433487535665118884e+00
9.736092184368737890e+02 5.449827333238879135e+00
9.792369739478957626e+02 5.465913580851039733e+00
9.848647294589178500e+02 5.481750478129236548e+00
9.904924849699398237e+02 5.497342183702297547e+00
9.961202404809619111e+02 5.512692815383341660e+00
1.001747995991983998e+03 5.527806450352878542e+00
1.007375751503005972e+03 5.542687125341910992e+00
1.013003507014028060e+03 5.557338836815036487e+00
1.018631262525050147e+03 5.571765541153553158e+00
1.024259018036072121e+03 5.585971154838548891e+00
1.029886773547094208e+03 5.599959554634018843e+00
1.035514529058116295e+03 5.613734577769954548e+00
1.041142284569138155e+03 5.627300022125448109e+00
1.046770040080160470e+03 5.640659646411797290e+00
1.052397795591182330e+03 5.653817170355605271e+00
1.058025551102204417e+03 5.666776274881883069e+00
1.063653306613226505e+03 5.679540602297143082e+00
1.069281062124248365e+03 5.692113756472512165e+00
1.074908817635270680e+03 5.704499303026825174e+00
1.080536573146292540e+03 5.716700769509731828e+00
1.086164328657314627e+03 5.728721645584790245e+00
1.091792084168336714e+03 5.740565383212578254e+00
1.097419839679358574e+03 5.752235396833786041e+00
1.103047595190380889e+03 5.763735063552323901e+00
1.108675350701402749e+03 5.775067723318420221e+00
1.114303106212424836e+03 5.786236679111724790e+00
1.119930861723446924e+03 5.797245197124405003e+00
1.125558617234469011e+03 5.808096506944256276e+00
1.131186372745491099e+03 5.818793801737799143e+00
1.136814128256512959e+03 5.829340238433373678e+00
1.142441883767535046e+03 5.839738937904253469e+00
1.148069639278557133e+03 5.849992985151738267e+00
1.153697394789578993e+03 5.860105429488262629e+00
1.159325150300601308e+03 5.870079284720487678e+00
1.164952905811623168e+03 5.879917529332405302e+00
1.170580661322645255e+03 5.889623106668449459e+00
1.176208416833667343e+03 5.899198925116586167e+00
1.181836172344689430e+03 5.908647858291416810e+00
1.187463927855711290e+03 5.917972745217285002e+00
1.193091683366733378e+03 5.927176390511374571e+00
1.198719438877755465e+03 5.936261564566807536e+00
1.204347194388777552e+03 5.945231003735752751e+00
1.209974949899799640e+03 5.954087410512520329e+00
1.215602705410821727e+03 5.962833453716668508e+00
1.221230460921843587e+03 5.971471768676099856e+00
1.226858216432865902e+03 5.980004957410172572e+00
1.232485971943887762e+03 5.988435588812786037e+00
1.238113727454909849e+03 5.996766198835495665e+00
1.243741482965931937e+03 6.004999290670610002e+00
1.249369238476953797e+03 6.013137334934290479e+00
1.254996993987976111e+03 6.021182769849656502e+00
1.260624749498997971e+03 6.029138001429879878e+00
1.266252505010019831e+03 6.037005403661298786e+00
1.271880260521042146e+03 6.044787318686501543e+00
1.277508016032064006e+03 6.052486056987450347e+00
1.283135771543086321e+03 6.060103897568556164e+00
1.288763527054108181e+03 6.067643088139802465e+00
1.294391282565130041e+03 6.075105845299841434e+00
1.300019038076152356e+03 6.082494354719082175e+00
1.305646793587174216e+03 6.089810771322811789e+00
1.311274549098196303e+03 6.097057219474280920e+00
1.316902304609218390e+03 6.104235793157813283e+00
1.322530060120240478e+03 6.111348556161908974e+00
1.328157815631262565e+03 6.118397542262340671e+00
1.333785571142284653e+03 6.125384755405251624e+00
1.339413326653306740e+03 6.132312169890266951e+00
1.345041082164328600e+03 6.139181730553587180e+00
1.350668837675350915e+03 6.145995352951098667e+00
1.356296593186372775e+03 6.152754923541460030e+00
1.361924348697394635e+03 6.159462299869218782e+00
1.367552104208416949e+03 6.166119310747909310e+00
1.373179859719438809e+03 6.172727756443136649e+00
1.378807615230461124e+03 6.179289408855713539e+00
1.384435370741482984e+03 6.185806011704721108e+00
1.390063126252504844e+03 6.192279280710650369e+00
1.395690881763527159e+03 6.198710903778465564e+00
1.401318637274549019e+03 6.205102541180727016e+00
1.406946392785571334e+03 6.211455825740699765e+00
1.412574148296593194e+03 6.217772363015436454e+00
1.418201903807615054e+03 6.224053731478882412e+00
1.423829659318637368e+03 6.230301482704992289e+00
1.429457414829659228e+03 6.236517141550807608e+00
1.435085170340681316e+03 6.242702206339573401e+00
1.440712925851703403e+03 6.248858149043853949e+00
1.446340681362725263e+03 6.254986415468595240e+00
1.451968436873747578e+03 6.261088425434259364e+00
1.457596192384769665e+03 6.267165572959913611e+00
1.463223947895791525e+03 6.273219226446331120e+00
1.468851703406813613e+03 6.279250728859095965e+00
1.474479458917835700e+03 6.285261397911708237e+00
1.480107214428857787e+03 6.291252526248674926e+00
1.485734969939879875e+03 6.297225381628612340e+00
1.491362725450901962e+03 6.303181207107362738e+00
1.496990480961923822e+03 6.309121221221078102e+00
1.502618236472946137e+03 6.315046618169323445e+00
1.508245991983967997e+03 6.320958567998200550e+00
1.513873747494989857e+03 6.326858216783408650e+00
1.519501503006012172e+03 6.332746686813395698e+00
1.525129258517034032e+03 6.338625076772403055e+00
1.530757014028056119e+03 6.344494461923627426e+00
1.536384769539078206e+03 6.350355894292269987e+00
1.542012525050100066e+03 6.356210402848670782e+00
1.547640280561122381e+03 6.362058993691388942e+00
1.553268036072144241e+03 6.367902650230332640e+00
1.558895791583166329e+03 6.373742333369820656e+00
1.564523547094188416e+03 6.379578981691725659e+00
1.570151302605210276e+03 6.385413511638535766e+00
1.575779058116232591e+03 6.391246817696490723e+00
1.581406813627254451e+03 6.397079772578658563e+00
1.587034569138276538e+03 6.402913227408051355e+00
1.592662324649298625e+03 6.408748011900724073e+00
1.598290080160320713e+03 6.414584934548864581e+00
1.603917835671342800e+03 6.420424782803911157e+00
1.609545591182364660e+03 6.426268323259650472e+00
1.615173346693386748e+03 6.432116301835307581e+00
1.620801102204408835e+03 6.437969443958658999e+00
1.626428857715430695e+03 6.443828454749128021e+00
1.632056613226453010e+03 6.449694019200890693e+00
1.637684368737474870e+03 6.455566802365974688e+00
1.643312124248497184e+03 6.461447449537361720e+00
1.648939879759519044e+03 6.467336586432091750e+00
1.654567635270541132e+03 6.473234819374347637e+00
1.660195390781563219e+03 6.479142735478583326e+00
1.665823146292585079e+03 6.485060902832612051e+00
1.671450901803607167e+03 6.490989870680692775e+00
1.677078657314629254e+03 6.496930169606660144e+00
1.682706412825651341e+03 6.502882311717010033e+00
1.688334168336673201e+03 6.508846790824004636e+00
1.693961923847695289e+03 6.514824082628766000e+00
1.699589679358717603e+03 6.520814644904381119e+00
1.705217434869739463e+03 6.526818917679013232e+00
1.710845190380761551e+03 6.532837323418995368e+00
1.716472945891783638e+03 6.538870267211938092e+00
1.722100701402805498e+03 6.544918136949805287e+00
1.727728456913827813e+03 6.550981303512052989e+00
1.733356212424849673e+03 6.557060120948714932e+00
1.738983967935871760e+03 6.563154926663488098e+00
1.744611723446893848e+03 6.569266041596855565e+00
1.750239478957915708e+03 6.575393770409180050e+00
1.755867234468938022e+03 6.581538401663814319e+00
1.761494989979959882e+03 6.587700208010179637e+00
1.767122745490981742e+03 6.593879446366889496e+00
1.772750501002004057e+03 6.600076358104850272e+00
1.778378256513026145e+03 6.606291169230336990e+00
1.784006012024048005e+03 6.612524090568127733e+00
1.789633767535070092e+03 6.618775317944593617e+00
1.795261523046091952e+03 6.625045032370778131e+00
1.800889278557114267e+03 6.631333400225543073e+00
1.806517034068136354e+03 6.637640573438627456e+00
1.812144789579158214e+03 6.643966689673769466e+00
1.817772545090180301e+03 6.650311872511811551e+00
1.823400300601202616e+03 6.656676231633776197e+00
1.829028056112224476e+03 6.663059863004019867e+00
1.834655811623246564e+03 6.669462849053263476e+00
1.840283567134268651e+03 6.675885258861743665e+00
1.845911322645290511e+03 6.682327148342317003e+00
1.851539078156312826e+03 6.688788560423528651e+00
1.857166833667334686e+03 6.695269525232730778e+00
1.862794589178356546e+03 6.701770060279201857e+00
1.868422344689378860e+03 6.708290170637198457e+00
1.874050100200400720e+03 6.714829849129117179e+00
1.879677855711422808e+03 6.721389076508558880e+00
1.885305611222444895e+03 6.727967821643438207e+00
1.890933366733466755e+03 6.734566041699084238e+00
1.896561122244489070e+03 6.741183682321335802e+00
1.902188877755510930e+03 6.747820677819663437e+00
1.907816633266533017e+03 6.754476951350253167e+00
1.913444388777555105e+03 6.761152415099108026e+00
1.919072144288576965e+03 6.767846970465162038e+00
1.924699899799599280e+03 6.774560508243359536e+00
1.930327655310621367e+03 6.781292908807784237e+00
1.935955410821643227e+03 6.788044042294743008e+00
1.941583166332665314e+03 6.794813768785862962e+00
1.947210921843687629e+03 6.801601938491208976e+00
1.952838677354709489e+03 6.808408391932378123e+00
1.958466432865731349e+03 6.815232960125602091e+00
1.964094188376753436e+03 6.822075464764825625e+00
1.969721943887775524e+03 6.828935718404866684e+00
1.975349699398797611e+03 6.835813524644440697e+00
1.980977454909819699e+03 6.842708678309327830e+00
1.986605210420841559e+03 6.849620965635435432e+00
1.992232965931863873e+03 6.856550164451923557e+00
1.997860721442885733e+03 6.863496044364278070e+00
2.003488476953907821e+03 6.870458366937442385e+00
2.009116232464929908e+03 6.877436885878894124e+00
2.014743987975951768e+03 6.884431347221768860e+00
2.020371743486974083e+03 6.891441489507950990e+00
2.025999498997995943e+03 6.898467043971159285e+00
2.031627254509018030e+03 6.905507734720074176e+00
2.037255010020040118e+03 6.912563278921433962e+00
2.042882765531061978e+03 6.919633386983115031e+00
2.048510521042084292e+03 6.926717762737268913e+00
2.054138276553106152e+03 6.933816103623385629e+00
2.059766032064128012e+03 6.940928100871425421e+00
2.065393787575150327e+03 6.948053439684895416e+00
2.071021543086172187e+03 6.955191799423979582e+00
2.076649298597194502e+03 6.962342853788603847e+00
2.082277054108216362e+03 6.969506271001586484e+00
2.087904809619238222e+03 6.976681713991690792e+00
2.093532565130260537e+03 6.983868840576743509e+00
2.099160320641282851e+03 6.991067303646748776e+00
2.104788076152304711e+03 6.998276751346972802e+00
2.110415831663326571e+03 7.005496827261062265e+00
2.116043587174348431e+03 7.012727170594133419e+00
2.121671342685370746e+03 7.019967416355866519e+00
2.127299098196393061e+03 7.027217195543635775e+00
2.132926853707414921e+03 7.034476135325566482e+00
2.138554609218436781e+03 7.041743859223682733e+00
2.144182364729459096e+03 7.049019987296985867e+00
2.149810120240480956e+03 7.056304136324532017e+00
2.155437875751503270e+03 7.063595919988605587e+00
2.161065631262525130e+03 7.070894949057729306e+00
2.166693386773546990e+03 7.078200831569837703e+00
2.172321142284569305e+03 7.085513173015352884e+00
2.177948897795591165e+03 7.092831576520255865e+00
2.183576653306613480e+03 7.100155643029252950e+00
2.189204408817635340e+03 7.107484971488828407e+00
2.194832164328657200e+03 7.114819159030348672e+00
2.200459919839679060e+03 7.122157801153175427e+00
2.206087675350701375e+03 7.129500491907772464e+00
2.211715430861723235e+03 7.136846824078799223e+00
2.217343186372745549e+03 7.144196389368214106e+00
2.222970941883767409e+03 7.151548778578371568e+00
2.228598697394789269e+03 7.158903581795118320e+00
2.234226452905811584e+03 7.166260388570913520e+00
2.239854208416833444e+03 7.173618788107924082e+00
2.245481963927855759e+03 7.180978369441109344e+00
2.251109719438877619e+03 7.188338721621339467e+00
2.256737474949899479e+03 7.195699433898495201e+00
2.262365230460921794e+03 7.203060095904562310e+00
2.267992985971943654e+03 7.210420297836745540e+00
2.273620741482965968e+03 7.217779630640550614e+00
2.279248496993987828e+03 7.225137686192894648e+00
2.284876252505009688e+03 7.232494057485213013e+00
2.290504008016032003e+03 7.239848338806573302e+00
2.296131763527054318e+03 7.247200125926741343e+00
2.301759519038076178e+03 7.254549016279305818e+00
2.307387274549098038e+03 7.261894609144770030e+00
2.313015030060119898e+03 7.269236505833672979e+00
2.318642785571142213e+03 7.276574309869666024e+00
2.324270541082164527e+03 7.283907627172639287e+00
2.329898296593186387e+03 7.291236066241774338e+00
2.335526052104208247e+03 7.298559238338732769e+00
2.341153807615230107e+03 7.305876757670669797e+00
2.346781563126251967e+03 7.313188241573359782e+00
2.352409318637274737e+03 7.320493310694336841e+00
2.358037074148296597e+03 7.327791589175969733e+00
2.363664829659318457e+03 7.335082704838536749e+00
2.369292585170340317e+03 7.342366289363353005e+00
2.374920340681362177e+03 7.349641978475911941e+00
2.380548096192384946e+03 7.356909412128889159e+00
2.386175851703406806e+03 7.364168234685344316e+00
2.391803607214428666e+03 7.371418095101751611e+00
2.397431362725450526e+03 7.378658647111144830e+00
2.403059118236472841e+03 7.385889549406195798e+00
2.408686873747494701e+03 7.393110465822327448e+00
2.414314629258517016e+03 7.400321065520790498e+00
2.419942384769538876e+03 7.407521023171810270e+00
2.425570140280560736e+03 7.414710019137634944e+00
2.431197895791583051e+03 7.421887739655701033e+00
2.436825651302604911e+03 7.429053877021660313e+00
2.442453406813627225e+03 7.436208129772535536e+00
2.448081162324649085e+03 7.443350202869808641e+00
2.453708917835670945e+03 7.450479807882515182e+00
2.459336673346693260e+03 7.457596663170341422e+00
2.464964428857715575e+03 7.464700494066755176e+00
2.470592184368737435e+03 7.471791033062050502e+00
2.476219939879759295e+03 7.478868019986523841e+00
2.481847695390781155e+03 7.485931202193506273e+00
2.487475450901803470e+03 7.492980334742495252e+00
2.493103206412825784e+03 7.500015180582273011e+00
2.498730961923847644e+03 7.507035510733994776e+00
2.504358717434869504e+03 7.514041104474262767e+00
2.509986472945891819e+03 7.521031749518253484e+00
2.515614228456913679e+03 7.528007242202823690e+00
2.521241983967935994e+03 7.534967387669614602e+00
2.526869739478957854e+03 7.541912000048121456e+00
2.532497494989979714e+03 7.548840902638811912e+00
2.538125250501002029e+03 7.555753928096290650e+00
2.543753006012023889e+03 7.562650918612258799e+00
2.549380761523046203e+03 7.569531726098759350e+00
2.555008517034068063e+03 7.576396212371173000e+00
2.560636272545089923e+03 7.583244249331405840e+00
2.566264028056111783e+03 7.590075719150927824e+00
2.571891783567134553e+03 7.596890514453909837e+00
2.577519539078156413e+03 7.603688538500274596e+00
2.583147294589178273e+03 7.610469705368887006e+00
2.588775050100200133e+03 7.617233940140545556e+00
2.594402805611221993e+03 7.623981179081193105e+00
2.600030561122244308e+03 7.630711369824945578e+00
2.605658316633266622e+03 7.637424471557206829e+00
2.611286072144288482e+03 7.644120455197791486e+00
2.616913827655310342e+03 7.650799303583992739e+00
2.622541583166332202e+03 7.657461011653736271e+00
2.628169338677354517e+03 7.664105586628590316e+00
2.633797094188376832e+03 7.670733048196994197e+00
2.639424849699398692e+03 7.677343428697260386e+00
2.645052605210420552e+03 7.683936773300691137e+00
2.650680360721442412e+03 7.690513140194713770e+00
2.656308116232464727e+03 7.697072600765967110e+00
2.661935871743487041e+03 7.703615239783377255e+00
2.667563627254508901e+03 7.710141155581327510e+00
2.673191382765530761e+03 7.716650460242642673e+00
2.678819138276553076e+03 7.723143279781837123e+00
2.684446893787574936e+03 7.729619754328065362e+00
2.690074649298597251e+03 7.736080038308365658e+00
2.695702404809619111e+03 7.742524300630642564e+00
2.701330160320640971e+03 7.748952724866891906e+00
2.706957915831663286e+03 7.755365509436122906e+00
2.712585671342685146e+03 7.761762867787654230e+00
2.718213426853707460e+03 7.768145028584088507e+00
2.723841182364729320e+03 7.774512235884475153e+00
2.729468937875751180e+03 7.780864749327363050e+00
2.735096693386773495e+03 7.787202844313966033e+00
2.740724448897795355e+03 7.793526812191188924e+00
2.746352204408817670e+03 7.799836960434789468e+00
2.751979959919839530e+03 7.806133612832449664e+00
2.757607715430861390e+03 7.812417109666894177e+00
2.763235470941883705e+03 7.818687807898959896e+00
2.768863226452906019e+03 7.824946081350749871e+00
2.774490981963927879e+03 7.831192320888702874e+00
2.780118737474949739e+03 7.837426934606642526e+00
2.785746492985971599e+03 7.843650348009020057e+00
2.791374248496993914e+03 7.849863004193861293e+00
2.797002004008016229e+03 7.856065364035951681e+00
2.802629759519038089e+03 7.862257906369952032e+00
2.808257515030059949e+03 7.868441128173436105e+00
2.813885270541081809e+03 7.874615544750027674e+00
2.819513026052103669e+03 7.880781689912502053e+00
2.825140781563126438e+03 7.886940116165887638e+00
2.830768537074148298e+03 7.893091394890574541e+00
2.836396292585170158e+03 7.899236116525416129e+00
2.842024048096192018e+03 7.905374890750764827e+00
2.847651803607213878e+03 7.911508346671690894e+00
2.853279559118236193e+03 7.917637133000975602e+00
2.858907314629258508e+03 7.923761918242317570e+00
2.864535070140280368e+03 7.929883390873305515e+00
2.870162825651302228e+03 7.936002259528651237e+00
2.875790581162324543e+03 7.942119253183165917e+00
2.881418336673346403e+03 7.948235121335006426e+00
2.887046092184368717e+03 7.954350634188612545e+00
2.892673847695390577e+03 7.960466582837969263e+00
2.898301603206412437e+03 7.966583779449535108e+00
2.903929358717434752e+03 7.972703057445561292e+00
2.909557114228457067e+03 7.978825271686950771e+00
2.915184869739478927e+03 7.984951298656548069e+00
2.920812625250500787e+03 7.991082036642173314e+00
2.926440380761523102e+03 7.997218405919681139e+00
2.932068136272544962e+03 8.003361348936156361e+00
2.937695891783567276e+03 8.009511830492899165e+00
2.943323647294589136e+03 8.015670837928672299e+00
2.948951402805610996e+03 8.021839381302633853e+00
2.954579158316633311e+03 8.028018493577594228e+00
2.960206913827655171e+03 8.034209230802986212e+00
2.965834669338677486e+03 8.040412672298092644e+00
2.971462424849699346e+03 8.046629920835018268e+00
2.977090180360721206e+03 8.052862102821940482e+00
2.982717935871743521e+03 8.059110368486017251e+00
2.988345691382765381e+03 8.065375892056692919e+00
2.993973446893787695e+03 8.071659871948639875e+00
2.999601202404809555e+03 8.077963530944996862e+00
3.005228957915831415e+03 8.084288116380324851e+00
3.010856713426853275e+03 8.090634900323825818e+00
3.016484468937876045e+03 8.097005179762369664e+00
3.022112224448897905e+03 8.103400276783675693e+00
3.027739979959919765e+03 8.109821538759291570e+00
3.033367735470941625e+03 8.116270338527835193e+00
3.038995490981963485e+03 8.122748074577978983e+00
3.044623246492986254e+03 8.129256171231684647e+00
3.050251002004008114e+03 8.135796078827063127e+00
3.055878757515029974e+03 8.142369273901801208e+00
3.061506513026051834e+03 8.148977259376000148e+00
3.067134268537073694e+03 8.155621564735429985e+00
3.072762024048096009e+03 8.162303746214469413e+00
3.078389779559118324e+03 8.169025386979473780e+00
3.084017535070140184e+03 8.175788097311571079e+00
3.089645290581162044e+03 8.182593514789950007e+00
3.095273046092183904e+03 8.189443304474945506e+00
3.100900801603206219e+03 8.196339159091074578e+00
3.106528557114228533e+03 8.203282799210217746e+00
3.112156312625250393e+03 8.210275973434640662e+00
3.117784068136272253e+03 8.217320458580172016e+00
3.123411823647294568e+03 8.224418059859178953e+00
3.129039579158316428e+03 8.231570611063885323e+00
3.134667334669338743e+03 8.238779974749194324e+00
3.140295090180360603e+03 8.246048042416136425e+00
3.145922845691382463e+03 8.253376734694537475e+00
3.151550601202404778e+03 8.260768001526553661e+00
3.157178356713426638e+03 8.268223822349451524e+00
3.162806112224448952e+03 8.275746206278894235e+00
3.168433867735470812e+03 8.283337192291959639e+00
3.174061623246492672e+03 8.290998849410287974e+00
3.179689378757514987e+03 8.298733276883094589e+00
3.185317134268537302e+03 8.306542604370417138e+00
3.190944889779559162e+03 8.314428992126087437e+00
3.196572645290581022e+03 8.322394631180902280e+00
3.202200400801602882e+03 8.330441743525682341e+00
3.207828156312625197e+03 8.338572582294416335e+00
3.213455911823647511e+03 8.346789431947335913e+00
3.219083667334669371e+03 8.355094608454027849e+00
3.224711422845691231e+03 8.363490459476484062e+00
3.230339178356713091e+03 8.371979364552288416e+00
3.235966933867735406e+03 8.380563735277728910e+00
3.241594689378757721e+03 8.389246015490741115e+00
3.247222444889779581e+03 8.398028681454167810e+00
3.252850200400801441e+03 8.406914242038855178e+00
3.258477955911823301e+03 8.415905238906647767e+00
3.264105711422845161e+03 8.425004246693536203e+00
3.269733466933867930e+03 8.434213873192835109e+00
3.275361222444889790e+03 8.443536759538213587e+00
3.280988977955911650e+03 8.436268260921174544e+00
3.330903606207389657e+03 8.496821801210076686e+00
3.380818234458867209e+03 8.557375341498978827e+00
3.430732862710345216e+03 8.617928881787882744e+00
3.480647490961822768e+03 8.678482422076784886e+00
3.530562119213300775e+03 8.739035962365687027e+00
3.580476747464778782e+03 8.799589502654590945e+00
3.630391375716256334e+03 8.860143042943493086e+00
3.680306003967734341e+03 8.920696583232395227e+00
3.730220632219212348e+03 8.981250123521299145e+00
3.780135260470689900e+03 9.041803663810201286e+00
3.830049888722167907e+03 9.102357204099103427e+00
3.879964516973645459e+03 9.162910744388007345e+00
3.929879145225123466e+03 9.223464284676909486e+00
3.979793773476601018e+03 9.284017824965811627e+00
4.029708401728079025e+03 9.344571365254715545e+00
4.079623029979557032e+03 9.405124905543617686e+00
4.129537658231034584e+03 9.465678445832519827e+00
4.179452286482512136e+03 9.526231986121423745e+00
4.229366914733990598e+03 9.586785526410327662e+00
4.279281542985468150e+03 9.647339066699228027e+00
4.329196171236946611e+03 9.707892606988131945e+00
4.379110799488424163e+03 9.768446147277035863e+00
4.429025427739901716e+03 9.828999687565936227e+00
4.478940055991379268e+03 9.889553227854840145e+00
4.528854684242856820e+03 9.950106768143742286e+00
4.578769312494335281e+03 1.001066030843264443e+01
4.628683940745812833e+03 1.007121384872154835e+01
4.678598568997291295e+03 1.013176738901045226e+01
4.728513197248768847e+03 1.019232092929935263e+01
4.778427825500246399e+03 1.025287446958825655e+01
4.828342453751723951e+03 1.031342800987715869e+01
4.878257082003202413e+03 1.037398155016606260e+01
4.928171710254679965e+03 1.043453509045496475e+01
4.978086338506157517e+03 1.049508863074386689e+01
5.028000966757635979e+03 1.055564217103277080e+01
5.077915595009113531e+03 1.061619571132167295e+01
5.127830223260591083e+03 1.067674925161057509e+01
5.177744851512068635e+03 1.073730279189947723e+01
5.227659479763547097e+03 1.079785633218838115e+01
5.277574108015024649e+03 1.085840987247728506e+01
5.327488736266503111e+03 1.091896341276618720e+01
5.377403364517980663e+03 1.097951695305508935e+01
5.427317992769458215e+03 1.104007049334399326e+01
5.477232621020935767e+03 1.110062403363289363e+01
5.527147249272413319e+03 1.116117757392179755e+01
5.577061877523891781e+03 1.122173111421070146e+01
5.626976505775370242e+03 1.128228465449960538e+01
5.676891134026847794e+03 1.134283819478850575e+01
5.726805762278325346e+03 1.140339173507740966e+01
5.776720390529802899e+03 1.146394527536631180e+01
5.826635018781280451e+03 1.152449881565521395e+01
5.876549647032758912e+03 1.158505235594411786e+01
5.926464275284236464e+03 1.164560589623302000e+01
5.976378903535714926e+03 1.170615943652192215e+01
6.026293531787192478e+03 1.176671297681082606e+01
6.076208160038670030e+03 1.182726651709972820e+01
6.126122788290147582e+03 1.188782005738863035e+01
6.176037416541625134e+03 1.194837359767753426e+01
6.225952044793103596e+03 1.200892713796643640e+01
6.275866673044582058e+03 1.206948067825534032e+01
6.325781301296059610e+03 1.213003421854424246e+01
6.375695929547537162e+03 1.219058775883314460e+01
6.425610557799014714e+03 1.225114129912204675e+01
6.475525186050492266e+03 1.231169483941095066e+01
6.525439814301970728e+03 1.237224837969985458e+01
6.575354442553448280e+03 1.243280191998875495e+01
6.625269070804926741e+03 1.249335546027765886e+01
6.675183699056404294e+03 1.255390900056656101e+01
6.725098327307881846e+03 1.261446254085546492e+01
6.775012955559359398e+03 1.267501608114436706e+01
6.824927583810836950e+03 1.273556962143326921e+01
6.874842212062315411e+03 1.279612316172217312e+01
6.924756840313792964e+03 1.285667670201107526e+01
6.974671468565271425e+03 1.291723024229997918e+01
7.024586096816748977e+03 1.297778378258888132e+01
7.074500725068226529e+03 1.303833732287778346e+01
7.124415353319704082e+03 1.309889086316668561e+01
7.174329981571182543e+03 1.315944440345558952e+01
7.224244609822660095e+03 1.321999794374449166e+01
7.274159238074138557e+03 1.328055148403339558e+01
7.324073866325616109e+03 1.334110502432229772e+01
7.373988494577093661e+03 1.340165856461119986e+01
7.423903122828571213e+03 1.346221210490010201e+01
7.473817751080049675e+03 1.352276564518900592e+01
7.523732379331527227e+03 1.358331918547790806e+01
7.573647007583004779e+03 1.364387272576681021e+01
7.623561635834483241e+03 1.370442626605571412e+01
7.673476264085960793e+03 1.376497980634461626e+01
7.723390892337438345e+03 1.382553334663351841e+01
7.773305520588915897e+03 1.388608688692242232e+01
7.823220148840394359e+03 1.394664042721132446e+01
7.873134777091871911e+03 1.400719396750022838e+01
7.923049405343349463e+03 1.406774750778913052e+01
7.972964033594827924e+03 1.412830104807803444e+01
8.022878661846305477e+03 1.418885458836693658e+01
8.072793290097783029e+03 1.424940812865583872e+01
8.122707918349261490e+03 1.430996166894474264e+01
8.172622546600739042e+03 1.437051520923364478e+01
8.222537174852215685e+03 1.443106874952254515e+01
8.272451803103693237e+03 1.449162228981144729e+01
8.322366431355172608e+03 1.455217583010035298e+01
8.372281059606650160e+03 1.461272937038925512e+01
8.422195687858127712e+03 1.467328291067815726e+01
8.472110316109607083e+03 1.473383645096706296e+01
8.522024944361084636e+03 1.479438999125596510e+01
8.571939572612562188e+03 1.485494353154486724e+01
8.621854200864039740e+03 1.491549707183376938e+01
8.671768829115517292e+03 1.497605061212267152e+01
8.721683457366994844e+03 1.503660415241157366e+01
8.771598085618472396e+03 1.509715769270047758e+01
8.821512713869949948e+03 1.515771123298937972e+01
8.871427342121427500e+03 1.521826477327828187e+01
8.921341970372905052e+03 1.527881831356718401e+01
8.971256598624384424e+03 1.533937185385608792e+01
9.021171226875861976e+03 1.539992539414499184e+01
9.071085855127339528e+03 1.546047893443389398e+01
9.121000483378818899e+03 1.552103247472279790e+01
9.170915111630296451e+03 1.558158601501170004e+01
9.220829739881774003e+03 1.564213955530060218e+01
9.270744368133251555e+03 1.570269309558950610e+01
9.320658996384729107e+03 1.576324663587840824e+01
9.370573624636206659e+03 1.582380017616731038e+01
9.420488252887684212e+03 1.588435371645621252e+01
9.470402881139161764e+03 1.594490725674511467e+01
9.520317509390639316e+03 1.600546079703401858e+01
9.570232137642116868e+03 1.606601433732291895e+01
9.620146765893596239e+03 1.612656787761182642e+01
9.670061394145073791e+03 1.618712141790072678e+01
9.719976022396551343e+03 1.624767495818962715e+01
9.769890650648030714e+03 1.630822849847853462e+01
9.819805278899508266e+03 1.636878203876743498e+01
9.869719907150985819e+03 1.642933557905633890e+01
9.919634535402463371e+03 1.648988911934524282e+01
9.969549163653940923e+03 1.655044265963414318e+01
1.001946379190541847e+04 1.661099619992304355e+01
1.006937842015689603e+04 1.667154974021195102e+01
1.011929304840837358e+04 1.673210328050085138e+01
1.016920767665985113e+04 1.679265682078975175e+01
1.021912230491132868e+04 1.685321036107865567e+01
1.026903693316280805e+04 1.691376390136755958e+01
1.031895156141428561e+04 1.697431744165646350e+01
1.036886618966576316e+04 1.703487098194536742e+01
1.041878081791724253e+04 1.709542452223426778e+01
1.046869544616872008e+04 1.715597806252317170e+01
1.051861007442019763e+04 1.721653160281207562e+01
1.056852470267167519e+04 1.727708514310097598e+01
1.061843933092315274e+04 1.733763868338987990e+01
1.066835395917463029e+04 1.739819222367878382e+01
1.071826858742610784e+04 1.745874576396768418e+01
1.076818321567758539e+04 1.751929930425658455e+01
1.081809784392906295e+04 1.757985284454549202e+01
1.086801247218054050e+04 1.764040638483439238e+01
1.091792710043201987e+04 1.770095992512329630e+01
1.096784172868349742e+04 1.776151346541220022e+01
1.101775635693497497e+04 1.782206700570110058e+01
1.106767098518645435e+04 1.788262054599000805e+01
1.111758561343793190e+04 1.794317408627890842e+01
1.116750024168940945e+04 1.800372762656780878e+01
1.121741486994088700e+04 1.806428116685671270e+01
1.126732949819236455e+04 1.812483470714561662e+01
1.131724412644384211e+04 1.818538824743451698e+01
1.136715875469531966e+04 1.824594178772342090e+01
1.141707338294679721e+04 1.830649532801232482e+01
1.146698801119827476e+04 1.836704886830122518e+01
1.151690263944975231e+04 1.842760240859012555e+01
1.156681726770122987e+04 1.848815594887902947e+01
1.161673189595270742e+04 1.854870948916793338e+01
1.166664652420418861e+04 1.860926302945684085e+01
1.171656115245566616e+04 1.866981656974574122e+01
1.176647578070714371e+04 1.873037011003464514e+01
1.181639040895862126e+04 1.879092365032354905e+01
1.186630503721009882e+04 1.885147719061244942e+01
1.191621966546157637e+04 1.891203073090134978e+01
1.196613429371305392e+04 1.897258427119025370e+01
1.201604892196453147e+04 1.903313781147915762e+01
1.206596355021600903e+04 1.909369135176805798e+01
1.211587817846748658e+04 1.915424489205696190e+01
1.216579280671896413e+04 1.921479843234586582e+01
1.221570743497044168e+04 1.927535197263476618e+01
1.226562206322191923e+04 1.933590551292366655e+01
1.231553669147340042e+04 1.939645905321257402e+01
1.236545131972487798e+04 1.945701259350147794e+01
1.241536594797635553e+04 1.951756613379038185e+01
1.246528057622783308e+04 1.957811967407928222e+01
1.251519520447931063e+04 1.963867321436818258e+01
1.256510983273078818e+04 1.969922675465709005e+01
1.261502446098226574e+04 1.975978029494599042e+01
1.266493908923374329e+04 1.982033383523489078e+01
1.271485371748522084e+04 1.988088737552379470e+01
1.276476834573669839e+04 1.994144091581269862e+01
1.281468297398817595e+04 2.000199445610159898e+01
1.286459760223965350e+04 2.006254799639050290e+01
1.291451223049113105e+04 2.012310153667940682e+01
1.296442685874261224e+04 2.018365507696831074e+01
1.301434148699408979e+04 2.024420861725721466e+01
1.306425611524556734e+04 2.030476215754611502e+01
1.311417074349704490e+04 2.036531569783501894e+01
1.316408537174852245e+04 2.042586923812392286e+01
1.321400000000000000e+04 2.048642277841282322e+01
