4.767955000000000041e+02 1.385283485465558240e+00
4.824530240480961538e+02 1.436287780332173858e+00
4.881105480961923604e+02 1.486666710029493910e+00
4.937680721442885670e+02 1.536426744332472172e+00
4.994255961923847167e+02 1.585574309406523552e+00
5.050831202404809233e+02 1.634115787950325416e+00
5.107406442885771298e+02 1.682057519338616469e+00
5.163981683366732796e+02 1.729405799764995644e+00
5.220556923847694861e+02 1.776166882384720314e+00
5.277132164328656927e+02 1.822346977457510953e+00
5.333707404809618993e+02 1.867952252490342913e+00
5.390282645290581058e+02 1.912988832380255966e+00
5.446857885771543124e+02 1.957462799557148081e+00
5.503433126252505190e+02 2.001380194126571421e+00
5.560008366733467255e+02 2.044747014012541442e+00
5.616583607214429321e+02 2.087569215100331554e+00
5.673158847695390250e+02 2.129852711379269792e+00
5.729734088176353453e+02 2.171603375085544130e+00
5.786309328657314381e+02 2.212827036845000261e+00
5.842884569138276447e+02 2.253529485815939370e+00
5.899459809619238513e+02 2.293716469831919902e+00
5.956035050100200579e+02 2.333393695544556223e+00
6.012610290581162644e+02 2.372566828566321284e+00
6.069185531062124710e+02 2.411241493613339060e+00
6.125760771543086776e+02 2.449423274648194315e+00
6.182336012024047704e+02 2.487117715022723274e+00
6.238911252505009770e+02 2.524330317620818054e+00
6.295486492985971836e+02 2.561066545001229322e+00
6.352061733466933902e+02 2.597331819540351638e+00
6.408636973947894830e+02 2.633131523575046096e+00
6.465212214428858033e+02 2.668470999545418110e+00
6.521787454909818962e+02 2.703355550137633401e+00
6.578362695390782164e+02 2.737790438426705997e+00
6.634937935871743093e+02 2.771780888019305333e+00
6.691513176352705159e+02 2.805332083196551807e+00
6.748088416833667225e+02 2.838449169056816324e+00
6.804663657314629290e+02 2.871137251658530509e+00
6.861238897795591356e+02 2.903401398162964941e+00
6.917814138276553422e+02 2.935246636977051793e+00
6.974389378757515487e+02 2.966677957896167506e+00
7.030964619238476416e+02 2.997700312246945220e+00
7.087539859719439619e+02 3.028318613030063666e+00
7.144115100200400548e+02 3.058537735063054264e+00
7.200690340681362613e+02 3.088362515123097118e+00
7.257265581162324679e+02 3.117797752089823682e+00
7.313840821643286745e+02 3.146848207088112304e+00
7.370416062124248811e+02 3.175518603630893999e+00
7.426991302605209739e+02 3.203813627761940452e+00
7.483566543086172942e+02 3.231737928198685772e+00
7.540141783567133871e+02 3.259296116474994953e+00
7.596717024048097073e+02 3.286492767083996291e+00
7.653292264529058002e+02 3.313332417620856063e+00
7.709867505010020068e+02 3.339819568925591398e+00
7.766442745490982134e+02 3.365958685225863611e+00
7.823017985971944199e+02 3.391754194279784862e+00
7.879593226452906265e+02 3.417210487518712370e+00
7.936168466933868331e+02 3.442331920190044414e+00
7.992743707414829260e+02 3.467122811500034096e+00
8.049318947895791325e+02 3.491587444756571124e+00
8.105894188376753391e+02 3.515730067511994683e+00
8.162469428857715457e+02 3.539554891705888551e+00
8.219044669338677522e+02 3.563066093807881529e+00
8.275619909819639588e+02 3.586267814960446110e+00
8.332195150300601654e+02 3.609164161121698911e+00
8.388770390781563719e+02 3.631759203208197562e+00
8.445345631262525785e+02 3.654056977237748249e+00
8.501920871743486714e+02 3.676061484472195495e+00
8.558496112224448780e+02 3.697776691560228812e+00
8.615071352705410845e+02 3.719206530680179590e+00
8.671646593186372911e+02 3.740354899682823309e+00
8.728221833667334977e+02 3.761225662234174649e+00
8.784797074148295906e+02 3.781822647958289707e+00
8.841372314629259108e+02 3.802149652580069983e+00
8.897947555110220037e+02 3.822210438068054827e+00
8.954522795591183240e+02 3.842008732777223656e+00
9.011098036072144168e+02 3.861548231591796387e+00
9.067673276553107371e+02 3.880832596068035656e+00
9.124248517034068300e+02 3.899865454577040147e+00
9.180823757515031502e+02 3.918650402447554804e+00
9.237398997995992431e+02 3.937191002108754390e+00
9.293974238476953360e+02 3.955490783233057250e+00
9.350549478957916563e+02 3.973553242878926639e+00
9.407124719438877491e+02 3.991381845633653391e+00
9.463699959919840694e+02 4.008980023756169686e+00
9.520275200400801623e+02 4.026351177319849484e+00
9.576850440881762552e+02 4.043498674355300082e+00
9.633425681362725754e+02 4.060425850993170549e+00
9.690000921843688957e+02 4.077136011606941501e+00
9.746576162324649886e+02 4.093632428955730873e+00
9.803151402805610815e+02 4.109918344327095241e+00
9.859726643286574017e+02 4.125996967679828487e+00
9.916301883767534946e+02 4.141871477786756017e+00
9.972877124248498149e+02 4.157545022377539645e+00
1.002945236472945908e+03 4.173020718281481578e+00
1.008602760521042001e+03 4.188301651570308870e+00
1.014260284569138321e+03 4.203390877700992512e+00
1.019917808617234414e+03 4.218291421658532769e+00
1.025575332665330734e+03 4.233006278098763175e+00
1.031232856713426827e+03 4.247538411491155408e+00
1.036890380761522920e+03 4.261890756261610846e+00
1.042547904809619240e+03 4.276066216935263675e+00
1.048205428857715560e+03 4.290067668279283986e+00
1.053862952905811653e+03 4.303897955445668444e+00
1.059520476953907746e+03 4.317559894114052277e+00
1.065178001002004066e+03 4.331056270634502603e+00
1.070835525050100159e+03 4.344389842170309102e+00
1.076493049098196479e+03 4.357563336840803103e+00
1.082150573146292572e+03 4.370579453864141151e+00
1.087808097194388665e+03 4.383440863700114321e+00
1.093465621242484985e+03 4.396150208192938891e+00
1.099123145290581306e+03 4.408710100714065661e+00
1.104780669338677399e+03 4.421123126304973283e+00
1.110438193386773492e+03 4.433391841819971368e+00
1.116095717434869812e+03 4.445518776068993816e+00
1.121753241482965905e+03 4.457506429960411687e+00
1.127410765531062225e+03 4.469357276643817656e+00
1.133068289579158318e+03 4.481073761652836218e+00
1.138725813627254411e+03 4.492658303047918800e+00
1.144383337675350731e+03 4.504113291559141530e+00
1.150040861723447051e+03 4.515441090729016338e+00
1.155698385771543144e+03 4.526644037055273628e+00
1.161355909819639237e+03 4.537724440133671600e+00
1.167013433867735557e+03 4.548684582800801124e+00
1.172670957915831877e+03 4.559526721276874639e+00
1.178328481963927970e+03 4.570253085308531915e+00
1.183986006012024063e+03 4.580865878311632500e+00
1.189643530060120156e+03 4.591367277514073031e+00
1.195301054108216476e+03 4.601759434098568136e+00
1.200958578156312797e+03 4.612044473345452644e+00
1.206616102204408890e+03 4.622224494775492687e+00
1.212273626252504982e+03 4.632301572292680802e+00
1.217931150300601303e+03 4.642277754327025718e+00
1.223588674348697396e+03 4.652155063977362559e+00
1.229246198396793716e+03 4.661935499154150619e+00
1.234903722444889809e+03 4.671621032722276468e+00
1.240561246492985902e+03 4.681213612643840172e+00
1.246218770541082222e+03 4.690715162120971726e+00
1.251876294589178542e+03 4.700127579738617278e+00
1.257533818637274635e+03 4.709452739607349336e+00
1.263191342685370728e+03 4.718692491506160103e+00
1.268848866733467048e+03 4.727848661025265464e+00
1.274506390781563141e+03 4.736923049708898326e+00
1.280163914829659461e+03 4.745917435198114376e+00
1.285821438877755554e+03 4.754833571373588974e+00
1.291478962925851647e+03 4.763673188498414923e+00
1.297136486973947967e+03 4.772437993360914454e+00
1.302794011022044060e+03 4.781129669417413020e+00
1.308451535070140380e+03 4.789749876935070816e+00
1.314109059118236473e+03 4.798300253134660132e+00
1.319766583166332566e+03 4.806782412333367560e+00
1.325424107214428886e+03 4.815197946087606873e+00
1.331081631262525207e+03 4.823548423335805246e+00
1.336739155310621300e+03 4.831835390541206365e+00
1.342396679358717392e+03 4.840060371834673525e+00
1.348054203406813485e+03 4.848224869157482964e+00
1.353711727454909806e+03 4.856330362404135847e+00
1.359369251503006126e+03 4.864378309565138281e+00
1.365026775551102219e+03 4.872370146869824836e+00
1.370684299599198312e+03 4.880307288929138565e+00
1.376341823647294405e+03 4.888191128878437652e+00
1.381999347695390952e+03 4.896023038520299409e+00
1.387656871743487045e+03 4.903804368467312713e+00
1.393314395791583138e+03 4.911536448284887335e+00
1.398971919839679231e+03 4.919220586634037495e+00
1.404629443887775551e+03 4.926858071414199181e+00
1.410286967935871871e+03 4.934450169906019923e+00
1.415944491983967964e+03 4.941998128914159238e+00
1.421602016032064057e+03 4.949503174910091730e+00
1.427259540080160150e+03 4.956966514174903971e+00
1.432917064128256470e+03 4.964389332942095834e+00
1.438574588176352790e+03 4.971772797540381816e+00
1.444232112224448883e+03 4.979118054536481708e+00
1.449889636272544976e+03 4.986426230877937016e+00
1.455547160320641296e+03 4.993698434035887423e+00
1.461204684368737617e+03 5.000935752147898761e+00
1.466862208416833710e+03 5.008139254160733245e+00
1.472519732464929803e+03 5.015309989973177451e+00
1.478177256513026123e+03 5.022448990578814332e+00
1.483834780561122216e+03 5.029557268208851184e+00
1.489492304609218536e+03 5.036635816474886340e+00
1.495149828657314629e+03 5.043685610511752238e+00
1.500807352705410722e+03 5.050707607120265230e+00
1.506464876753507042e+03 5.057702744910073100e+00
1.512122400801603135e+03 5.064671944442411977e+00
1.517779924849699455e+03 5.071616108372941412e+00
1.523437448897795548e+03 5.078536121594515507e+00
1.529094972945891868e+03 5.085432851380011776e+00
1.534752496993987961e+03 5.092307147525096944e+00
1.540410021042084281e+03 5.099159842491062911e+00
1.546067545090180374e+03 5.105991751547592550e+00
1.551725069138276467e+03 5.112803672915591235e+00
1.557382593186372787e+03 5.119596387909953528e+00
1.563040117234468880e+03 5.126370661082385816e+00
1.568697641282565201e+03 5.133127240364210309e+00
1.574355165330661293e+03 5.139866857209135276e+00
1.580012689378757614e+03 5.146590226736094564e+00
1.585670213426853707e+03 5.153298047872012511e+00
1.591327737474949799e+03 5.159991003494619477e+00
1.596985261523046120e+03 5.166669760575255843e+00
1.602642785571142213e+03 5.173334970321660897e+00
1.608300309619238533e+03 5.179987268320779492e+00
1.613957833667334626e+03 5.186627274681556266e+00
1.619615357715430946e+03 5.193255594177747625e+00
1.625272881763527039e+03 5.199872816390693764e+00
1.630930405811623359e+03 5.206479515852167061e+00
1.636587929859719452e+03 5.213076252187105908e+00
1.642245453907815772e+03 5.219663570256484419e+00
1.647902977955911865e+03 5.226242000300051593e+00
1.653560502004007958e+03 5.232812058079173489e+00
1.659218026052104278e+03 5.239374245019610576e+00
1.664875550100200371e+03 5.245929048354327051e+00
1.670533074148296691e+03 5.252476941266280619e+00
1.676190598196392784e+03 5.259018383031237143e+00
1.681848122244489105e+03 5.265553819160556870e+00
1.687505646292585197e+03 5.272083681544002864e+00
1.693163170340681518e+03 5.278608388592537892e+00
1.698820694388777611e+03 5.285128345381109760e+00
1.704478218436873703e+03 5.291643943791490834e+00
1.710135742484970024e+03 5.298155562655028739e+00
1.715793266533066117e+03 5.304663567895469889e+00
1.721450790581162437e+03 5.311168312671776803e+00
1.727108314629258530e+03 5.317670137520896567e+00
1.732765838677354623e+03 5.324169370500566600e+00
1.738423362725450943e+03 5.330666327332131971e+00
1.744080886773547263e+03 5.337161311543336950e+00
1.749738410821643356e+03 5.343654614611105913e+00
1.755395934869739449e+03 5.350146516104368644e+00
1.761053458917835769e+03 5.356637283826862550e+00
1.766710982965931862e+03 5.363127173959894023e+00
1.772368507014028182e+03 5.369616431205184170e+00
1.778026031062124275e+03 5.376105288927646164e+00
1.783683555110220368e+03 5.382593969298182124e+00
1.789341079158316688e+03 5.389082683436485333e+00
1.794998603206413009e+03 5.395571631553855774e+00
1.800656127254509101e+03 5.402061003095969483e+00
1.806313651302605194e+03 5.408550976885711847e+00
1.811971175350701287e+03 5.415041721265951402e+00
1.817628699398797608e+03 5.421533394242350923e+00
1.823286223446893928e+03 5.428026143626168754e+00
1.828943747494990021e+03 5.434520107177047699e+00
1.834601271543086341e+03 5.441015412745837665e+00
1.840258795591182434e+03 5.447512178417354356e+00
1.845916319639278754e+03 5.454010512653232112e+00
1.851573843687374847e+03 5.460510514434667506e+00
1.857231367735470940e+03 5.467012273405285505e+00
1.862888891783567033e+03 5.473515870013860862e+00
1.868546415831663580e+03 5.480021375657187832e+00
1.874203939879759673e+03 5.486528852822829982e+00
1.879861463927855766e+03 5.493038355231952607e+00
1.885518987975952086e+03 5.499549927982110731e+00
1.891176512024048179e+03 5.506063607690038886e+00
1.896834036072144499e+03 5.512579422634459547e+00
1.902491560120240592e+03 5.519097392898896004e+00
1.908149084168336685e+03 5.525617530514449705e+00
1.913806608216432778e+03 5.532139839602607800e+00
1.919464132264529326e+03 5.538664316518057795e+00
1.925121656312625419e+03 5.545190949991460450e+00
1.930779180360721512e+03 5.551719721272263541e+00
1.936436704408817832e+03 5.558250604271501416e+00
1.942094228456913925e+03 5.564783565704600754e+00
1.947751752505010245e+03 5.571318565234181008e+00
1.953409276553106338e+03 5.577855555612823757e+00
1.959066800601202431e+03 5.584394482825918438e+00
1.964724324649298524e+03 5.590935286234428148e+00
1.970381848697394616e+03 5.597477898717689193e+00
1.976039372745491164e+03 5.604022246816258601e+00
1.981696896793587257e+03 5.610568250874633733e+00
1.987354420841683577e+03 5.617115825184126443e+00
1.993011944889779670e+03 5.623664878125612887e+00
1.998669468937875990e+03 5.630215312312371267e+00
2.004326992985972083e+03 5.636767024732843190e+00
2.009984517034068176e+03 5.643319906893463411e+00
2.015642041082164269e+03 5.649873844961445180e+00
2.021299565130260362e+03 5.656428719907586888e+00
2.026957089178356910e+03 5.662984407649068075e+00
2.032614613226453002e+03 5.669540779192250746e+00
2.038272137274549323e+03 5.676097700775472710e+00
2.043929661322645416e+03 5.682655034011848016e+00
2.049587185370741736e+03 5.689212636032091375e+00
2.055244709418837829e+03 5.695770359627266188e+00
2.060902233466933922e+03 5.702328053391647167e+00
2.066559757515030014e+03 5.708885561865485236e+00
2.072217281563126107e+03 5.715442725677772451e+00
2.077874805611222655e+03 5.721999381689127695e+00
2.083532329659318748e+03 5.728555363134529621e+00
2.089189853707414841e+03 5.735110499766127745e+00
2.094847377755510934e+03 5.741664617996047326e+00
2.100504901803607481e+03 5.748217541039212897e+00
2.106162425851703574e+03 5.754769089056107845e+00
2.111819949899799667e+03 5.761319079295607715e+00
2.117477473947895760e+03 5.767867326237740677e+00
2.123134997995991853e+03 5.774413641736535929e+00
2.128792522044087946e+03 5.780957835162780611e+00
2.134450046092184493e+03 5.787499713546857549e+00
2.140107570140280586e+03 5.794039081721509277e+00
2.145765094188377134e+03 5.800575742464646467e+00
2.151422618236473227e+03 5.807109496642188340e+00
2.157080142284569320e+03 5.813640143350795597e+00
2.162737666332665412e+03 5.820167480060709053e+00
2.168395190380761505e+03 5.826691302758558066e+00
2.174052714428857598e+03 5.833211406090139661e+00
2.179710238476953691e+03 5.839727583503214525e+00
2.185367762525050239e+03 5.846239627390334981e+00
2.191025286573146332e+03 5.852747329231598350e+00
2.196682810621242879e+03 5.859250479737514006e+00
2.202340334669338972e+03 5.865748868991724763e+00
2.207997858717435065e+03 5.872242286593864158e+00
2.213655382765531158e+03 5.878730521802347120e+00
2.219312906813627251e+03 5.885213363677132214e+00
2.224970430861723798e+03 5.891690601222582480e+00
2.230627954909819891e+03 5.898162023530209019e+00
2.236285478957915984e+03 5.904627419921488318e+00
2.241943003006012077e+03 5.911086580090697318e+00
2.247600527054108170e+03 5.917539294247652570e+00
2.253258051102204718e+03 5.923985353260549758e+00
2.258915575150300810e+03 5.930424548798769457e+00
2.264573099198396903e+03 5.936856673475639390e+00
2.270230623246492996e+03 5.943281520991265943e+00
2.275888147294589089e+03 5.949698886275318621e+00
2.281545671342685637e+03 5.956108565629837592e+00
2.287203195390781730e+03 5.962510356872050998e+00
2.292860719438877823e+03 5.968904059477116775e+00
2.298518243486973915e+03 5.975289474720993255e+00
2.304175767535070463e+03 5.981666405823177435e+00
2.309833291583166556e+03 5.988034658089558704e+00
2.315490815631262649e+03 5.994394039055189971e+00
2.321148339679358742e+03 6.000744358627072117e+00
2.326805863727454835e+03 6.007085429226973972e+00
2.332463387775551382e+03 6.013417065934262062e+00
2.338120911823647475e+03 6.019739086628616676e+00
2.343778435871743568e+03 6.026051312132935323e+00
2.349435959919839661e+03 6.032353566356047914e+00
2.355093483967936209e+03 6.038645676435563381e+00
2.360751008016032301e+03 6.044927472880629260e+00
2.366408532064128394e+03 6.051198789714794302e+00
2.372066056112224487e+03 6.057459464618732525e+00
2.377723580160320580e+03 6.063709339073121818e+00
2.383381104208417128e+03 6.069948258501382199e+00
2.389038628256513221e+03 6.076176072412472706e+00
2.394696152304609313e+03 6.082392634543762000e+00
2.400353676352705406e+03 6.088597803003753306e+00
2.406011200400801954e+03 6.094791440414909722e+00
2.411668724448898047e+03 6.100973414056449329e+00
2.417326248496994140e+03 6.107143596007187369e+00
2.422983772545090233e+03 6.113301863288259419e+00
2.428641296593186325e+03 6.119448098005999981e+00
2.434298820641282873e+03 6.125582187494638120e+00
2.439956344689378966e+03 6.131704024459249780e+00
2.445613868737475059e+03 6.137813507118401013e+00
2.451271392785571152e+03 6.143910539347074540e+00
2.456928916833667245e+03 6.149995030819349395e+00
2.462586440881763792e+03 6.156066897151310613e+00
2.468243964929859885e+03 6.162126060043792819e+00
2.473901488977955978e+03 6.168172447425158467e+00
2.479559013026052526e+03 6.174205993594164887e+00
2.485216537074148619e+03 6.180226639362716767e+00
2.490874061122244711e+03 6.186234332198688790e+00
2.496531585170340804e+03 6.192229026368674560e+00
2.502189109218436897e+03 6.198210683080838557e+00
2.507846633266532990e+03 6.204179270627740550e+00
2.513504157314629538e+03 6.210134764529045448e+00
2.519161681362725631e+03 6.216077147674393899e+00
2.524819205410821723e+03 6.222006410466193849e+00
2.530476729458918271e+03 6.227922550962397885e+00
2.536134253507014364e+03 6.233825575019305454e+00
2.541791777555110457e+03 6.239715496434375730e+00
2.547449301603206550e+03 6.245592337089028057e+00
2.553106825651302643e+03 6.251456127091434389e+00
2.558764349699398736e+03 6.257306904919322399e+00
2.564421873747495283e+03 6.263144717562768804e+00
2.570079397795591376e+03 6.268969620666982046e+00
2.575736921843687469e+03 6.274781678675175556e+00
2.581394445891784017e+03 6.280580964971273161e+00
2.587051969939880109e+03 6.286367562022759259e+00
2.592709493987976202e+03 6.292141561523492577e+00
2.598367018036072295e+03 6.297903064536430229e+00
2.604024542084168388e+03 6.303652181636539176e+00
2.609682066132264481e+03 6.309389033053522056e+00
2.615339590180360574e+03 6.315113748814591865e+00
2.620997114228457121e+03 6.320826468887369209e+00
2.626654638276553214e+03 6.326527343322601027e+00
2.632312162324649762e+03 6.332216532396973463e+00
2.637969686372745855e+03 6.337894206755938065e+00
2.643627210420841948e+03 6.343560547556485574e+00
2.649284734468938041e+03 6.349215746609951694e+00
2.654942258517034134e+03 6.354860006524848615e+00
2.660599782565130226e+03 6.360493540849606831e+00
2.666257306613226319e+03 6.366116574215408441e+00
2.671914830661322867e+03 6.371729342478986702e+00
2.677572354709418960e+03 6.377332092865456659e+00
2.683229878757515507e+03 6.382925084111020553e+00
2.688887402805611600e+03 6.388508586605850859e+00
2.694544926853707693e+03 6.394082882536891610e+00
2.700202450901803786e+03 6.399648266030610877e+00
2.705859974949899879e+03 6.405205043295837619e+00
2.711517498997995972e+03 6.410753532766509721e+00
2.717175023046092065e+03 6.416294065244557920e+00
2.722832547094188612e+03 6.421826984042610320e+00
2.728490071142284705e+03 6.427352645126898523e+00
2.734147595190381253e+03 6.432871417259943492e+00
2.739805119238477346e+03 6.438383682143440367e+00
2.745462643286573439e+03 6.443889834561018937e+00
2.751120167334669532e+03 6.449390282521049400e+00
2.756777691382765624e+03 6.454885447399453469e+00
2.762435215430861717e+03 6.460375764082510130e+00
2.768092739478957810e+03 6.465861681109611681e+00
2.773750263527053903e+03 6.471343660816092580e+00
2.779407787575150451e+03 6.476822179476045882e+00
2.785065311623246998e+03 6.482297727445128999e+00
2.790722835671343091e+03 6.487770809303282427e+00
2.796380359719439184e+03 6.493241943997636767e+00
2.802037883767535277e+03 6.498711664985258096e+00
2.807695407815631370e+03 6.504180520375910213e+00
2.813352931863727463e+03 6.509649073074954551e+00
2.819010455911823556e+03 6.515117900926082228e+00
2.824667979959919649e+03 6.520587596854049650e+00
2.830325504008016196e+03 6.526058769007685001e+00
2.835983028056112744e+03 6.531532040902453318e+00
2.841640552104208837e+03 6.537008051563359068e+00
2.847298076152304930e+03 6.542487455667838958e+00
2.852955600200401022e+03 6.547970923688341216e+00
2.858613124248497115e+03 6.553459142035342744e+00
2.864270648296593208e+03 6.558952813200045640e+00
2.869928172344689301e+03 6.564452655897143885e+00
2.875585696392785394e+03 6.569959405207730363e+00
2.881243220440881487e+03 6.575473812721981837e+00
2.886900744488978489e+03 6.580996646682050866e+00
2.892558268537074582e+03 6.586528692124776541e+00
2.898215792585170675e+03 6.592070751024606601e+00
2.903873316633266768e+03 6.597623642436259317e+00
2.909530840681362861e+03 6.603188202637620741e+00
2.915188364729458954e+03 6.608765285272509615e+00
2.920845888777555047e+03 6.614355761493456498e+00
2.926503412825651139e+03 6.619960520104575252e+00
2.932160936873747232e+03 6.625580467704259569e+00
2.937818460921843780e+03 6.631216528828052681e+00
2.943475984969940328e+03 6.636869646091454022e+00
2.949133509018036420e+03 6.642540780332698347e+00
2.954791033066132513e+03 6.648230910755523304e+00
2.960448557114228606e+03 6.653941035071993859e+00
2.966106081162324699e+03 6.659672169645358686e+00
2.971763605210420792e+03 6.665425349632758234e+00
2.977421129258516885e+03 6.671201629128040267e+00
2.983078653306613433e+03 6.677002081304649117e+00
2.988736177354709525e+03 6.682827798558329313e+00
2.994393701402806073e+03 6.688679892649940228e+00
3.000051225450902166e+03 6.694559494848316028e+00
3.005708749498998259e+03 6.700467756072949754e+00
3.011366273547094352e+03 6.706405847036950085e+00
3.017023797595190445e+03 6.712374958389676571e+00
3.022681321643286537e+03 6.718376300859649319e+00
3.028338845691382630e+03 6.724411105397360977e+00
3.033996369739479178e+03 6.730480623317959932e+00
3.039653893787575271e+03 6.736586126444206180e+00
3.045311417835671818e+03 6.742728907249084358e+00
3.050968941883767911e+03 6.748910278998795143e+00
3.056626465931864004e+03 6.755131575895421570e+00
3.062283989979960097e+03 6.761394153219775660e+00
3.067941514028056190e+03 6.767699387474235273e+00
3.073599038076152283e+03 6.774048676525439738e+00
3.079256562124248376e+03 6.780443439747232404e+00
3.084914086172344923e+03 6.786885118163324293e+00
3.090571610220441016e+03 6.793375174590180698e+00
3.096229134268537109e+03 6.799915093779786091e+00
3.101886658316633657e+03 6.806506382562417912e+00
3.107544182364729750e+03 6.813150569989528726e+00
3.113201706412825843e+03 6.819849207476474717e+00
3.118859230460921935e+03 6.826603868945333886e+00
3.124516754509018028e+03 6.833416150967712710e+00
3.130174278557114121e+03 6.840287672907551908e+00
3.135831802605210669e+03 6.847220077063894017e+00
3.141489326653306762e+03 6.854215028813708699e+00
3.147146850701402855e+03 6.861274216754714494e+00
3.152804374749499402e+03 6.868399352848097550e+00
3.158461898797595495e+03 6.875592172561439952e+00
3.164119422845691588e+03 6.882854435011372729e+00
3.169776946893787681e+03 6.890187923106505075e+00
3.175434470941883774e+03 6.897594443690167054e+00
3.181091994989979867e+03 6.905075827683158529e+00
3.186749519038076414e+03 6.912633930226636636e+00
3.192407043086172507e+03 6.920270630824881586e+00
3.198064567134268600e+03 6.927987833488083780e+00
3.203722091182365148e+03 6.935787466875121154e+00
3.209379615230461241e+03 6.943671484436488406e+00
3.215037139278557333e+03 6.951641864556903805e+00
3.220694663326653426e+03 6.959700610698249967e+00
3.226352187374749519e+03 6.967849751542302350e+00
3.232009711422845612e+03 6.976091341133572321e+00
3.237667235470942160e+03 6.984427459022073847e+00
3.243324759519038253e+03 6.992860210406171007e+00
3.248982283567134346e+03 7.001391726275339344e+00
3.254639807615230438e+03 7.010024163552946774e+00
3.260297331663326986e+03 7.018759705239060231e+00
3.265954855711423079e+03 7.027600560553349140e+00
3.271612379759519172e+03 7.036548965077676243e+00
3.277269903807615265e+03 7.012194365872833401e+00
3.327130859064863216e+03 7.065591295003843086e+00
3.376991814322111622e+03 7.118988224134852771e+00
3.426852769579359574e+03 7.172385153265863345e+00
3.476713724836607980e+03 7.225782082396873918e+00
3.526574680093855932e+03 7.279179011527883603e+00
3.576435635351104338e+03 7.332575940658894176e+00
3.626296590608352290e+03 7.385972869789904749e+00
3.676157545865600696e+03 7.439369798920914434e+00
3.726018501122848647e+03 7.492766728051924119e+00
3.775879456380097054e+03 7.546163657182935580e+00
3.825740411637345005e+03 7.599560586313945265e+00
3.875601366894593411e+03 7.652957515444954950e+00
3.925462322151841363e+03 7.706354444575964635e+00
3.975323277409089314e+03 7.759751373706976096e+00
4.025184232666337721e+03 7.813148302837985781e+00
4.075045187923586127e+03 7.866545231968995466e+00
4.124906143180834079e+03 7.919942161100006928e+00
4.174767098438082030e+03 7.973339090231016613e+00
4.224628053695330891e+03 8.026736019362026298e+00
4.274489008952578843e+03 8.080132948493037759e+00
4.324349964209826794e+03 8.133529877624047444e+00
4.374210919467074746e+03 8.186926806755057129e+00
4.424071874724322697e+03 8.240323735886066814e+00
4.473932829981571558e+03 8.293720665017078275e+00
4.523793785238819510e+03 8.347117594148087960e+00
4.573654740496067461e+03 8.400514523279097645e+00
4.623515695753315413e+03 8.453911452410107330e+00
4.673376651010563364e+03 8.507308381541117015e+00
4.723237606267812225e+03 8.560705310672128476e+00
4.773098561525060177e+03 8.614102239803138161e+00
4.822959516782308128e+03 8.667499168934147846e+00
4.872820472039556989e+03 8.720896098065159308e+00
4.922681427296804941e+03 8.774293027196168993e+00
4.972542382554052892e+03 8.827689956327178677e+00
5.022403337811300844e+03 8.881086885458190139e+00
5.072264293068548795e+03 8.934483814589199824e+00
5.122125248325797656e+03 8.987880743720209509e+00
5.171986203583045608e+03 9.041277672851220970e+00
5.221847158840293559e+03 9.094674601982230655e+00
5.271708114097542420e+03 9.148071531113240340e+00
5.321569069354789463e+03 9.201468460244250025e+00
5.371430024612038324e+03 9.254865389375261486e+00
5.421290979869286275e+03 9.308262318506271171e+00
5.471151935126534227e+03 9.361659247637280856e+00
5.521012890383783088e+03 9.415056176768292318e+00
5.570873845641031039e+03 9.468453105899302003e+00
5.620734800898278991e+03 9.521850035030311687e+00
5.670595756155526942e+03 9.575246964161321372e+00
5.720456711412774894e+03 9.628643893292331057e+00
5.770317666670023755e+03 9.682040822423342519e+00
5.820178621927271706e+03 9.735437751554352204e+00
5.870039577184519658e+03 9.788834680685361889e+00
5.919900532441768519e+03 9.842231609816373350e+00
5.969761487699015561e+03 9.895628538947383035e+00
6.019622442956264422e+03 9.949025468078392720e+00
6.069483398213512373e+03 1.000242239720940418e+01
6.119344353470760325e+03 1.005581932634041387e+01
6.169205308728009186e+03 1.010921625547142355e+01
6.219066263985257137e+03 1.016261318460243501e+01
6.268927219242505089e+03 1.021601011373344470e+01
6.318788174499753950e+03 1.026940704286445438e+01
6.368649129757000992e+03 1.032280397199546407e+01
6.418510085014249853e+03 1.037620090112647553e+01
6.468371040271497804e+03 1.042959783025748521e+01
6.518231995528745756e+03 1.048299475938849490e+01
6.568092950785994617e+03 1.053639168851950636e+01
6.617953906043241659e+03 1.058978861765051427e+01
6.667814861300490520e+03 1.064318554678152573e+01
6.717675816557738472e+03 1.069658247591253541e+01
6.767536771814986423e+03 1.074997940504354510e+01
6.817397727072235284e+03 1.080337633417455656e+01
6.867258682329483236e+03 1.085677326330556625e+01
6.917119637586731187e+03 1.091017019243657593e+01
6.966980592843980048e+03 1.096356712156758739e+01
7.016841548101227090e+03 1.101696405069859708e+01
7.066702503358475951e+03 1.107036097982960676e+01
7.116563458615723903e+03 1.112375790896061822e+01
7.166424413872971854e+03 1.117715483809162791e+01
7.216285369130220715e+03 1.123055176722263759e+01
7.266146324387468667e+03 1.128394869635364905e+01
7.316007279644716618e+03 1.133734562548465874e+01
7.365868234901964570e+03 1.139074255461566842e+01
7.415729190159212521e+03 1.144413948374667811e+01
7.465590145416461382e+03 1.149753641287768957e+01
7.515451100673709334e+03 1.155093334200869926e+01
7.565312055930957285e+03 1.160433027113970894e+01
7.615173011188205237e+03 1.165772720027071863e+01
7.665033966445454098e+03 1.171112412940173009e+01
7.714894921702702050e+03 1.176452105853273977e+01
7.764755876959950001e+03 1.181791798766374946e+01
7.814616832217197953e+03 1.187131491679475914e+01
7.864477787474446814e+03 1.192471184592577060e+01
7.914338742731694765e+03 1.197810877505678029e+01
7.964199697988942717e+03 1.203150570418778997e+01
8.014060653246190668e+03 1.208490263331879966e+01
8.063921608503438620e+03 1.213829956244980934e+01
8.113782563760687481e+03 1.219169649158082080e+01
8.163643519017935432e+03 1.224509342071183049e+01
8.213504474275183384e+03 1.229849034984284017e+01
8.263365429532430426e+03 1.235188727897384986e+01
8.313226384789679287e+03 1.240528420810486132e+01
8.363087340046928148e+03 1.245868113723587101e+01
8.412948295304177009e+03 1.251207806636688247e+01
8.462809250561424051e+03 1.256547499549789215e+01
8.512670205818672912e+03 1.261887192462890184e+01
8.562531161075919954e+03 1.267226885375991152e+01
8.612392116333168815e+03 1.272566578289092298e+01
8.662253071590417676e+03 1.277906271202193444e+01
8.712114026847666537e+03 1.283245964115294413e+01
8.761974982104913579e+03 1.288585657028395381e+01
8.811835937362160621e+03 1.293925349941496172e+01
8.861696892619409482e+03 1.299265042854597318e+01
8.911557847876658343e+03 1.304604735767698465e+01
8.961418803133907204e+03 1.309944428680799611e+01
9.011279758391154246e+03 1.315284121593900402e+01
9.061140713648401288e+03 1.320623814507001370e+01
9.111001668905650149e+03 1.325963507420102339e+01
9.160862624162899010e+03 1.331303200333203485e+01
9.210723579420147871e+03 1.336642893246304631e+01
9.260584534677394913e+03 1.341982586159405422e+01
9.310445489934641955e+03 1.347322279072506390e+01
9.360306445191890816e+03 1.352661971985607536e+01
9.410167400449139677e+03 1.358001664898708505e+01
9.460028355706388538e+03 1.363341357811809651e+01
9.509889310963635580e+03 1.368681050724910619e+01
9.559750266220884441e+03 1.374020743638011588e+01
9.609611221478131483e+03 1.379360436551112556e+01
9.659472176735380344e+03 1.384700129464213703e+01
9.709333131992629205e+03 1.390039822377314849e+01
9.759194087249876247e+03 1.395379515290415640e+01
9.809055042507125108e+03 1.400719208203516786e+01
9.858915997764372150e+03 1.406058901116617577e+01
9.908776953021621011e+03 1.411398594029718723e+01
9.958637908278869872e+03 1.416738286942819869e+01
1.000849886353611873e+04 1.422077979855921015e+01
1.005835981879336578e+04 1.427417672769021806e+01
1.010822077405061282e+04 1.432757365682122774e+01
1.015808172930786168e+04 1.438097058595223743e+01
1.020794268456511054e+04 1.443436751508324889e+01
1.025780363982235940e+04 1.448776444421426035e+01
1.030766459507960644e+04 1.454116137334526826e+01
1.035752555033685348e+04 1.459455830247627794e+01
1.040738650559410235e+04 1.464795523160728941e+01
1.045724746085135121e+04 1.470135216073829909e+01
1.050710841610860007e+04 1.475474908986931055e+01
1.055696937136584711e+04 1.480814601900032024e+01
1.060683032662309415e+04 1.486154294813132815e+01
1.065669128188034301e+04 1.491493987726233961e+01
1.070655223713759187e+04 1.496833680639335107e+01
1.075641319239484073e+04 1.502173373552436253e+01
1.080627414765208778e+04 1.507513066465537044e+01
1.085613510290933664e+04 1.512852759378638190e+01
1.090599605816658368e+04 1.518192452291738981e+01
1.095585701342383254e+04 1.523532145204840127e+01
1.100571796868108140e+04 1.528871838117941273e+01
1.105557892393833026e+04 1.534211531031042419e+01
1.110543987919557730e+04 1.539551223944143210e+01
1.115530083445282435e+04 1.544890916857244179e+01
1.120516178971007321e+04 1.550230609770345147e+01
1.125502274496732207e+04 1.555570302683446293e+01
1.130488370022457093e+04 1.560909995596547439e+01
1.135474465548181797e+04 1.566249688509648230e+01
1.140460561073906501e+04 1.571589381422749199e+01
1.145446656599631388e+04 1.576929074335850345e+01
1.150432752125356274e+04 1.582268767248951313e+01
1.155418847651080978e+04 1.587608460162052282e+01
1.160404943176805864e+04 1.592948153075153428e+01
1.165391038702530750e+04 1.598287845988254396e+01
1.170377134228255454e+04 1.603627538901355365e+01
1.175363229753980340e+04 1.608967231814456511e+01
1.180349325279705226e+04 1.614306924727557657e+01
1.185335420805429931e+04 1.619646617640658448e+01
1.190321516331154817e+04 1.624986310553759594e+01
1.195307611856879521e+04 1.630326003466860385e+01
1.200293707382604407e+04 1.635665696379961531e+01
1.205279802908329293e+04 1.641005389293062677e+01
1.210265898434053997e+04 1.646345082206163468e+01
1.215251993959778883e+04 1.651684775119264614e+01
1.220238089485503588e+04 1.657024468032365760e+01
1.225224185011228474e+04 1.662364160945466551e+01
1.230210280536953360e+04 1.667703853858567697e+01
1.235196376062678064e+04 1.673043546771668844e+01
1.240182471588402950e+04 1.678383239684769634e+01
1.245168567114127836e+04 1.683722932597870781e+01
1.250154662639852540e+04 1.689062625510971927e+01
1.255140758165577427e+04 1.694402318424072718e+01
1.260126853691302131e+04 1.699742011337173864e+01
1.265112949217027017e+04 1.705081704250275010e+01
1.270099044742751903e+04 1.710421397163375801e+01
1.275085140268476607e+04 1.715761090076476947e+01
1.280071235794201493e+04 1.721100782989578093e+01
1.285057331319926197e+04 1.726440475902678884e+01
1.290043426845651084e+04 1.731780168815780030e+01
1.295029522371375970e+04 1.737119861728881176e+01
1.300015617897100674e+04 1.742459554641981967e+01
1.305001713422825560e+04 1.747799247555083113e+01
1.309987808948550446e+04 1.753138940468184259e+01
1.314973904474275150e+04 1.758478633381285050e+01
1.319960000000000036e+04 1.763818326294386196e+01
