4.996050000000000182e+02 5.122270669501113538e+00
5.051693186372745004e+02 5.172588554614016232e+00
5.107336372745490962e+02 5.222308400949715157e+00
5.162979559118236921e+02 5.271435714464390188e+00
5.218622745490981742e+02 5.319975968619748308e+00
5.274265931863727701e+02 5.367934604476976013e+00
5.329909118236473660e+02 5.415317030790693487e+00
5.385552304609218481e+02 5.462128624102913221e+00
5.441195490981964440e+02 5.508374728836991530e+00
5.496838677354709262e+02 5.554060657391586275e+00
5.552481863727455220e+02 5.599191690234608387e+00
5.608125050100200042e+02 5.643773075997183142e+00
5.663768236472946001e+02 5.687810031567600788e+00
5.719411422845691959e+02 5.731307742185272502e+00
5.775054609218436781e+02 5.774271361534688118e+00
5.830697795591182739e+02 5.816706011839366752e+00
5.886340981963927561e+02 5.858616783955817198e+00
5.941984168336673520e+02 5.900008737467485886e+00
5.997627354709418341e+02 5.940886900778723501e+00
6.053270541082164300e+02 5.981256271208728492e+00
6.108913727454910259e+02 6.021121815085509255e+00
6.164556913827655080e+02 6.060488467839837412e+00
6.220200100200401039e+02 6.099361134099199333e+00
6.275843286573145861e+02 6.137744687781760078e+00
6.331486472945891819e+02 6.175643972190313136e+00
6.387129659318636641e+02 6.213063800106231938e+00
6.442772845691382599e+02 6.250008953883432028e+00
6.498416032064128558e+02 6.286484185542323466e+00
6.554059218436873380e+02 6.322494216863765004e+00
6.609702404809619338e+02 6.358043739483020929e+00
6.665345591182364160e+02 6.393137414983714351e+00
6.720988777555110119e+02 6.427779874991786713e+00
6.776631963927854940e+02 6.461975721269445749e+00
6.832275150300600899e+02 6.495729525809128546e+00
6.887918336673346857e+02 6.529045830927451277e+00
6.943561523046091679e+02 6.561929149359167823e+00
6.999204709418837638e+02 6.594383964351118621e+00
7.054847895791583596e+02 6.626414729756198163e+00
7.110491082164328418e+02 6.658025870127296741e+00
7.166134268537073240e+02 6.689221780811265283e+00
7.221777454909820335e+02 6.720006828042865088e+00
7.277420641282565157e+02 6.750385349038724669e+00
7.333063827655309979e+02 6.780361652091298375e+00
7.388707014028055937e+02 6.809940016662812567e+00
7.444350200400800759e+02 6.839124693479229578e+00
7.499993386773546717e+02 6.867919904624203653e+00
7.555636573146292676e+02 6.896329843633028034e+00
7.611279759519038635e+02 6.924358675586595346e+00
7.666922945891783456e+02 6.952010537205352669e+00
7.722566132264528278e+02 6.979289536943257488e+00
7.778209318637273100e+02 7.006199755081729208e+00
7.833852505010020195e+02 7.032745243823610437e+00
7.889495691382765017e+02 7.058930027387111394e+00
7.945138877755512112e+02 7.084758102099783628e+00
8.000782064128256934e+02 7.110233436492451986e+00
8.056425250501001756e+02 7.135359971393191003e+00
8.112068436873746577e+02 7.160141620021263975e+00
8.167711623246492536e+02 7.184582268081090461e+00
8.223354809619238495e+02 7.208685773856192469e+00
8.278997995991984453e+02 7.232455968303154847e+00
8.334641182364729275e+02 7.255896655145578578e+00
8.390284368737475234e+02 7.279011610968036727e+00
8.445927555110220055e+02 7.301804585310028628e+00
8.501570741482964877e+02 7.324279300759936717e+00
8.557213927855711972e+02 7.346439453048979829e+00
8.612857114228456794e+02 7.368288711145170033e+00
8.668500300601201616e+02 7.389830717347265931e+00
8.724143486973948711e+02 7.411069087378731268e+00
8.779786673346693533e+02 7.432007410481686449e+00
8.835429859719438355e+02 7.452649249510866269e+00
8.891073046092184313e+02 7.472998141027570540e+00
8.946716232464929135e+02 7.493057595393629811e+00
9.002359418837675094e+02 7.512831096865348002e+00
9.058002605210421052e+02 7.532322103687464576e+00
9.113645791583165874e+02 7.551534048187110493e+00
9.169288977955911832e+02 7.570470336867758832e+00
9.224932164328656654e+02 7.589134350503185189e+00
9.280575350701401476e+02 7.607529444231416527e+00
9.336218537074148571e+02 7.625658947648695118e+00
9.391861723446893393e+02 7.643526164903422959e+00
9.447504909819638215e+02 7.661134374790128376e+00
9.503148096192385310e+02 7.678486830843413102e+00
9.558791282565130132e+02 7.695586761431910006e+00
9.614434468937874954e+02 7.712437369852239044e+00
9.670077655310622049e+02 7.729041834422959667e+00
9.725720841683365734e+02 7.745403308578532098e+00
9.781364028056111692e+02 7.761524920963266183e+00
9.837007214428857651e+02 7.777409775525276459e+00
9.892650400801603610e+02 7.793060951610446097e+00
9.948293587174348431e+02 7.808481504056370426e+00
1.000393677354709439e+03 7.823674463286322656e+00
1.005957995991983807e+03 7.838642835403197395e+00
1.011522314629258517e+03 7.853389602283481707e+00
1.017086633266532999e+03 7.867917721671191522e+00
1.022650951903807709e+03 7.882230127271840914e+00
1.028215270541082191e+03 7.896329728846398943e+00
1.033779589178356673e+03 7.910219412305226072e+00
1.039343907815631155e+03 7.923902039802052322e+00
1.044908226452905637e+03 7.937380449827919904e+00
1.050472545090180347e+03 7.950657457305138287e+00
1.056036863727455057e+03 7.963735853681245480e+00
1.061601182364729539e+03 7.976618407022955992e+00
1.067165501002004021e+03 7.989307862110124780e+00
1.072729819639278503e+03 8.001806940529691659e+00
1.078294138276552985e+03 8.014118340769648796e+00
1.083858456913827695e+03 8.026244738312982463e+00
1.089422775551102177e+03 8.038188785731639641e+00
1.094987094188376659e+03 8.049953112780478648e+00
1.100551412825651369e+03 8.061540326491225983e+00
1.106115731462925851e+03 8.072953011266424284e+00
1.111680050100200333e+03 8.084193728973398052e+00
1.117244368737475043e+03 8.095265019038205168e+00
1.122808687374749525e+03 8.106169398539588400e+00
1.128373006012024007e+03 8.116909362302934028e+00
1.133937324649298716e+03 8.127487382994228682e+00
1.139501643286573199e+03 8.137905911214003751e+00
1.145065961923847681e+03 8.148167375591313544e+00
1.150630280561122163e+03 8.158274182877661929e+00
1.156194599198396872e+03 8.168228718040982272e+00
1.161758917835671355e+03 8.178033344359572965e+00
1.167323236472945837e+03 8.187690403516068471e+00
1.172887555110220319e+03 8.197202215691385518e+00
1.178451873747495029e+03 8.206571079658681711e+00
1.184016192384769511e+03 8.215799272877308823e+00
1.189580511022044220e+03 8.224889051586767863e+00
1.195144829659318475e+03 8.233842650900662363e+00
1.200709148296592957e+03 8.242662284900665881e+00
1.206273466933867667e+03 8.251350146730459301e+00
1.211837785571142376e+03 8.259908408689694781e+00
1.217402104208416858e+03 8.268339222327959703e+00
1.222966422845691341e+03 8.276644718538708645e+00
1.228530741482965823e+03 8.284827007653245090e+00
1.234095060120240305e+03 8.292888179534656956e+00
1.239659378757515015e+03 8.300830303671787647e+00
1.245223697394789497e+03 8.308655429273171578e+00
1.250788016032064206e+03 8.316365585361012336e+00
1.256352334669338688e+03 8.323962780865112876e+00
1.261916653306613171e+03 8.331449004716859008e+00
1.267480971943887653e+03 8.338826225943149595e+00
1.273045290581162135e+03 8.346096393760362275e+00
1.278609609218436844e+03 8.353261437668315637e+00
1.284173927855711554e+03 8.360323267544210069e+00
1.289738246492986036e+03 8.367283773736588159e+00
1.295302565130260518e+03 8.374144827159302196e+00
1.300866883767535001e+03 8.380908279385447912e+00
1.306431202404809483e+03 8.387575962741339097e+00
1.311995521042083965e+03 8.394149690400446673e+00
1.317559839679358674e+03 8.400631256477367970e+00
1.323124158316633157e+03 8.407022436121771136e+00
1.328688476953907866e+03 8.413324985612359086e+00
1.334252795591182348e+03 8.419540642450819234e+00
1.339817114228456830e+03 8.425671125455775012e+00
1.345381432865731313e+03 8.431718134856751590e+00
1.350945751503006022e+03 8.437683352388125613e+00
1.356510070140280504e+03 8.443568441383076717e+00
1.362074388777555214e+03 8.449375046867551475e+00
1.367638707414829696e+03 8.455104795654206029e+00
1.373203026052104178e+03 8.460759296436375365e+00
1.378767344689378660e+03 8.466340139882021276e+00
1.384331663326653143e+03 8.471848898727685651e+00
1.389895981963927625e+03 8.477287127872443762e+00
1.395460300601202334e+03 8.482656364471875321e+00
1.401024619238476816e+03 8.487958128032001781e+00
1.406588937875751526e+03 8.493193920503248506e+00
1.412153256513026008e+03 8.498365226374399839e+00
1.417717575150300490e+03 8.503473512766550613e+00
1.423281893787574973e+03 8.508520229527073653e+00
1.428846212424849455e+03 8.513506809323555302e+00
1.434410531062124164e+03 8.518434667737771804e+00
1.439974849699398646e+03 8.523305203359626603e+00
1.445539168336673356e+03 8.528119797881114295e+00
1.451103486973947838e+03 8.532879816190282796e+00
1.456667805611222320e+03 8.537586606465167094e+00
1.462232124248496802e+03 8.542241500267767407e+00
1.467796442885771285e+03 8.546845812637995365e+00
1.473360761523045994e+03 8.551400842187618423e+00
1.478925080160320704e+03 8.555907871194238012e+00
1.484489398797595186e+03 8.560368165695226850e+00
1.490053717434869668e+03 8.564782975581682223e+00
1.495618036072144150e+03 8.569153534692400598e+00
1.501182354709418632e+03 8.573481060907816698e+00
1.506746673346693342e+03 8.577766756243958568e+00
1.512310991983967824e+03 8.582011806946407972e+00
1.517875310621242534e+03 8.586217383584259011e+00
1.523439629258517016e+03 8.590384641144058975e+00
1.529003947895791498e+03 8.594514719123788282e+00
1.534568266533065980e+03 8.598608741626790675e+00
1.540132585170340462e+03 8.602667817455735388e+00
1.545696903807615172e+03 8.606693040206586431e+00
1.551261222444889881e+03 8.610685488362538109e+00
1.556825541082164364e+03 8.614646225387978973e+00
1.562389859719438846e+03 8.618576299822453990e+00
1.567954178356713328e+03 8.622476745374610729e+00
1.573518496993987810e+03 8.626348581016149097e+00
1.579082815631262520e+03 8.630192811075794168e+00
1.584647134268537002e+03 8.634010425333237038e+00
1.590211452905811484e+03 8.637802399113091667e+00
1.595775771543085966e+03 8.641569693378855277e+00
1.601340090180360676e+03 8.645313254826866967e+00
1.606904408817635158e+03 8.649034015980241463e+00
1.612468727454909640e+03 8.652732895282863268e+00
1.618033046092184122e+03 8.656410797193291984e+00
1.623597364729458832e+03 8.660068612278768896e+00
1.629161683366733314e+03 8.663707217309124076e+00
1.634726002004008024e+03 8.667327475350775856e+00
1.640290320641282506e+03 8.670930235860650370e+00
1.645854639278556988e+03 8.674516334780159710e+00
1.651418957915831470e+03 8.678086594629142780e+00
1.656983276553106180e+03 8.681641824599836355e+00
1.662547595190380434e+03 8.685182820650808821e+00
1.668111913827655144e+03 8.688710365600933017e+00
1.673676232464929853e+03 8.692225229223332406e+00
1.679240551102204336e+03 8.695728168339348585e+00
1.684804869739478818e+03 8.699219926912476808e+00
1.690369188376753300e+03 8.702701236142335262e+00
1.695933507014027782e+03 8.706172814558620132e+00
1.701497825651302492e+03 8.709635368115048237e+00
1.707062144288577201e+03 8.713089590283335184e+00
1.712626462925851683e+03 8.716536162147125566e+00
1.718190781563126166e+03 8.719975752495962240e+00
1.723755100200400648e+03 8.723409017919243169e+00
1.729319418837675130e+03 8.726836602900167605e+00
1.734883737474949839e+03 8.730259139909696486e+00
1.740448056112224322e+03 8.733677249500507500e+00
1.746012374749499031e+03 8.737091540400953704e+00
1.751576693386773513e+03 8.740502609609006157e+00
1.757141012024047996e+03 8.743911042486226748e+00
1.762705330661322478e+03 8.747317412851712604e+00
1.768269649298596960e+03 8.750722283076047603e+00
1.773833967935871669e+03 8.754126204175268100e+00
1.779398286573146379e+03 8.757529715904817991e+00
1.784962605210420634e+03 8.760933346853484238e+00
1.790526923847695343e+03 8.764337614537385690e+00
1.796091242484969825e+03 8.767743025493896170e+00
1.801655561122244308e+03 8.771150075375619082e+00
1.807219879759519017e+03 8.774559249044333598e+00
1.812784198396793499e+03 8.777971020664956825e+00
1.818348517034067754e+03 8.781385853799495322e+00
1.823912835671342464e+03 8.784804201500993059e+00
1.829477154308617173e+03 8.788226506407498917e+00
1.835041472945891655e+03 8.791653200836019977e+00
1.840605791583166138e+03 8.795084706876465930e+00
1.846170110220440847e+03 8.798521436485621905e+00
1.851734428857715102e+03 8.801963791581083996e+00
1.857298747494989811e+03 8.805412164135232089e+00
1.862863066132264521e+03 8.808866936269165393e+00
1.868427384769539003e+03 8.812328480346682369e+00
1.873991703406813485e+03 8.815797159068214484e+00
1.879556022044088195e+03 8.819273325564800814e+00
1.885120340681362450e+03 8.822757323492011139e+00
1.890684659318636932e+03 8.826249487123945414e+00
1.896248977955911641e+03 8.829750141447158640e+00
1.901813296593186351e+03 8.833259602254615928e+00
1.907377615230460833e+03 8.836778176239656446e+00
1.912941933867735315e+03 8.840306161089959147e+00
1.918506252505009797e+03 8.843843845581474739e+00
1.924070571142284280e+03 8.847391509672394960e+00
1.929634889779558989e+03 8.850949424597102322e+00
1.935199208416833699e+03 8.854517852960139379e+00
1.940763527054108181e+03 8.858097048830142484e+00
1.946327845691382663e+03 8.861687257833809284e+00
1.951892164328657145e+03 8.865288717249850237e+00
1.957456482965931627e+03 8.868901656102949005e+00
1.963020801603206110e+03 8.872526295257717521e+00
1.968585120240480819e+03 8.876162847512638621e+00
1.974149438877755529e+03 8.879811517694035317e+00
1.979713757515030011e+03 8.883472502750022315e+00
1.985278076152304493e+03 8.887145991844455750e+00
1.990842394789578975e+03 8.890832166450898910e+00
1.996406713426853457e+03 8.894531200446564867e+00
2.001971032064128167e+03 8.898243260206292859e+00
2.007535350701402876e+03 8.901968504696458950e+00
2.013099669338677359e+03 8.905707085568987935e+00
2.018663987975951841e+03 8.909459147255276434e+00
2.024228306613226323e+03 8.913224827060144406e+00
2.029792625250500805e+03 8.917004255255804424e+00
2.035356943887775515e+03 8.920797555175818516e+00
2.040921262525049997e+03 8.924604843309033697e+00
2.046485581162324706e+03 8.928426229393554792e+00
2.052049899799599189e+03 8.932261816510704833e+00
2.057614218436873671e+03 8.936111701178953481e+00
2.063178537074148153e+03 8.939975973447907620e+00
2.068742855711422635e+03 8.943854716992225562e+00
2.074307174348697117e+03 8.947748009205621855e+00
2.079871492985971599e+03 8.951655921294769058e+00
2.085435811623246082e+03 8.955578518373297214e+00
2.091000130260521018e+03 8.959515859555722272e+00
2.096564448897795501e+03 8.963467998051417140e+00
2.102128767535069983e+03 8.967434981258552540e+00
2.107693086172344920e+03 8.971416850858064507e+00
2.113257404809618947e+03 8.975413642907613010e+00
2.118821723446893429e+03 8.979425387935499714e+00
2.124386042084168366e+03 8.983452111034686993e+00
2.129950360721442848e+03 8.987493831956701484e+00
2.135514679358717331e+03 8.991550565205599810e+00
2.141078997995991813e+03 8.995622320131953842e+00
2.146643316633266295e+03 8.999709101026752478e+00
2.152207635270540777e+03 9.003810907215413550e+00
2.157771953907815259e+03 9.007927733151692706e+00
2.163336272545090196e+03 9.012059568511674001e+00
2.168900591182364678e+03 9.016206398287692991e+00
2.174464909819639161e+03 9.020368202882316666e+00
2.180029228456913643e+03 9.024544958202300293e+00
2.185593547094188580e+03 9.028736635752519391e+00
2.191157865731463062e+03 9.032943202729930121e+00
2.196722184368737544e+03 9.037164622117547452e+00
2.202286503006012026e+03 9.041400852778389563e+00
2.207850821643286508e+03 9.045651849549425805e+00
2.213415140280560991e+03 9.049917563335510451e+00
2.218979458917835473e+03 9.054197941203399935e+00
2.224543777555109955e+03 9.058492926475643969e+00
2.230108096192384437e+03 9.062802458824585017e+00
2.235672414829659374e+03 9.067126474366272504e+00
2.241236733466933856e+03 9.071464905754472952e+00
2.246801052104208338e+03 9.075817682274568199e+00
2.252365370741482820e+03 9.080184729937549548e+00
2.257929689378757757e+03 9.084565971573944410e+00
2.263494008016032240e+03 9.088961326927810447e+00
2.269058326653306722e+03 9.093370712750651563e+00
2.274622645290581204e+03 9.097794042895378297e+00
2.280186963927855686e+03 9.102231228410307295e+00
2.285751282565130168e+03 9.106682177633039998e+00
2.291315601202404650e+03 9.111146796284490534e+00
2.296879919839679133e+03 9.115624987562799930e+00
2.302444238476953615e+03 9.120116652237301835e+00
2.308008557114228552e+03 9.124621688742493575e+00
2.313572875751502579e+03 9.129139993271948583e+00
2.319137194388777516e+03 9.133671459872314102e+00
2.324701513026051998e+03 9.138215980537239602e+00
2.330265831663326935e+03 9.142773445301378032e+00
2.335830150300601417e+03 9.147343742334271610e+00
2.341394468937875899e+03 9.151926758034344189e+00
2.346958787575150382e+03 9.156522377122866985e+00
2.352523106212424864e+03 9.161130482737902980e+00
2.358087424849699346e+03 9.165750956528244231e+00
2.363651743486973828e+03 9.170383678747390022e+00
2.369216062124248310e+03 9.175028528347519696e+00
2.374780380761522792e+03 9.179685383073373117e+00
2.380344699398797275e+03 9.184354119556310536e+00
2.385909018036071757e+03 9.189034613408171737e+00
2.391473336673346239e+03 9.193726739315291496e+00
2.397037655310621176e+03 9.198430371132431560e+00
2.402601973947895658e+03 9.203145381976746364e+00
2.408166292585170140e+03 9.207871644321723892e+00
2.413730611222444622e+03 9.212609030091158502e+00
2.419294929859719559e+03 9.217357410753088232e+00
2.424859248496994041e+03 9.222116657413764074e+00
2.430423567134268524e+03 9.226886640911587278e+00
2.435987885771543006e+03 9.231667231911114158e+00
2.441552204408817488e+03 9.236458300996918780e+00
2.447116523046091970e+03 9.241259718767651066e+00
2.452680841683366452e+03 9.246071355929924351e+00
2.458245160320640935e+03 9.250893083392288219e+00
2.463809478957915417e+03 9.255724772359197772e+00
2.469373797595190354e+03 9.260566294424942058e+00
2.474938116232464381e+03 9.265417521667643541e+00
2.480502434869739318e+03 9.270278326743136788e+00
2.486066753507013800e+03 9.275148582979024781e+00
2.491631072144288737e+03 9.280028164468536289e+00
2.497195390781563219e+03 9.284916946164560869e+00
2.502759709418837701e+03 9.289814803973543533e+00
2.508324028056112184e+03 9.294721614849464686e+00
2.513888346693386666e+03 9.299637256887820058e+00
2.519452665330661148e+03 9.304561609419536694e+00
2.525016983967935630e+03 9.309494553104936898e+00
2.530581302605210112e+03 9.314435970027709288e+00
2.536145621242484594e+03 9.319385743788844323e+00
2.541709939879759077e+03 9.324343759600616011e+00
2.547274258517033559e+03 9.329309904380501450e+00
2.552838577154308496e+03 9.334284066845173200e+00
2.558402895791582978e+03 9.339266137604429474e+00
2.563967214428857915e+03 9.344256009255150985e+00
2.569531533066132397e+03 9.349253576475259564e+00
2.575095851703406879e+03 9.354258736117683881e+00
2.580660170340681361e+03 9.359271387304319845e+00
2.586224488977955843e+03 9.364291431519937703e+00
2.591788807615230326e+03 9.369318772706204612e+00
2.597353126252504808e+03 9.374353317355573978e+00
2.602917444889779290e+03 9.379394974605313351e+00
2.608481763527053772e+03 9.384443656331388439e+00
2.614046082164328254e+03 9.389499277242469688e+00
2.619610400801602736e+03 9.394561754973851819e+00
2.625174719438877673e+03 9.399631010181426660e+00
2.630739038076152156e+03 9.404706966635654197e+00
2.636303356713427092e+03 9.409789551315483891e+00
2.641867675350701120e+03 9.414878694502316847e+00
2.647431993987976057e+03 9.419974329874005292e+00
2.652996312625250539e+03 9.425076394598736584e+00
2.658560631262525021e+03 9.430184829429039794e+00
2.664124949899799503e+03 9.435299578795737219e+00
2.669689268537073985e+03 9.440420590901865694e+00
2.675253587174348468e+03 9.445547817816660086e+00
2.680817905811622950e+03 9.450681215569517235e+00
2.686382224448897432e+03 9.455820744243922604e+00
2.691946543086171914e+03 9.460966368071439092e+00
2.697510861723446851e+03 9.466118055525598152e+00
2.703075180360720879e+03 9.471275779415957885e+00
2.708639498997995815e+03 9.476439516981947975e+00
2.714203817635270298e+03 9.481609249986910015e+00
2.719768136272545235e+03 9.486784964812018828e+00
2.725332454909819717e+03 9.491966652550221539e+00
2.730896773547094199e+03 9.497154309100206859e+00
2.736461092184368681e+03 9.502347935260395673e+00
2.742025410821643163e+03 9.507547536822826828e+00
2.747589729458917645e+03 9.512753124667167270e+00
2.753154048096192128e+03 9.517964714854635133e+00
2.758718366733466610e+03 9.523182328721997436e+00
2.764282685370741092e+03 9.528405992975468308e+00
2.769847004008015574e+03 9.533635739784701357e+00
2.775411322645290056e+03 9.538871606876753617e+00
2.780975641282564993e+03 9.544113637629994429e+00
2.786539959919839475e+03 9.549361881168112021e+00
2.792104278557114412e+03 9.554616392454025942e+00
2.797668597194388894e+03 9.559877232383904300e+00
2.803232915831663377e+03 9.565144467881008694e+00
2.808797234468937859e+03 9.570418171989778955e+00
2.814361553106212341e+03 9.575698423969711826e+00
2.819925871743486823e+03 9.580985309389308924e+00
2.825490190380761305e+03 9.586278920220081545e+00
2.831054509018035787e+03 9.591579354930463097e+00
2.836618827655310270e+03 9.596886718579806796e+00
2.842183146292584752e+03 9.602201122912271458e+00
2.847747464929859234e+03 9.607522686450852945e+00
2.853311783567134171e+03 9.612851534591298375e+00
2.858876102204408653e+03 9.618187799696062967e+00
2.864440420841683590e+03 9.623531621188288199e+00
2.870004739478958072e+03 9.628883145645701802e+00
2.875569058116232554e+03 9.634242526894659875e+00
2.881133376753507036e+03 9.639609926104025561e+00
2.886697695390781519e+03 9.644985511879145434e+00
2.892262014028056001e+03 9.650369460355847195e+00
2.897826332665330483e+03 9.655761955294323684e+00
2.903390651302604965e+03 9.661163188173144789e+00
2.908954969939879447e+03 9.666573358283159223e+00
2.914519288577153930e+03 9.671992672821538406e+00
2.920083607214428412e+03 9.677421346985624950e+00
2.925647925851703349e+03 9.682859604066962333e+00
2.931212244488977831e+03 9.688307675545217990e+00
2.936776563126252768e+03 9.693765801182159692e+00
2.942340881763526795e+03 9.699234229115575090e+00
2.947905200400801732e+03 9.704713215953262306e+00
2.953469519038076214e+03 9.710203026866981446e+00
2.959033837675350696e+03 9.715703935686381243e+00
2.964598156312625179e+03 9.721216224992993205e+00
2.970162474949899661e+03 9.726740186214149375e+00
2.975726793587174143e+03 9.732276119716969376e+00
2.981291112224448625e+03 9.737824334902292378e+00
2.986855430861723107e+03 9.743385150298649933e+00
2.992419749498997589e+03 9.748958893656212155e+00
2.997984068136272526e+03 9.754545902040735683e+00
3.003548386773547008e+03 9.760146521927538288e+00
3.009112705410821491e+03 9.765761109295421960e+00
3.014677024048095973e+03 9.771390029720684822e+00
3.020241342685370910e+03 9.777033658471015798e+00
3.025805661322645392e+03 9.782692380599474546e+00
3.031369979959919874e+03 9.788366591038437647e+00
3.036934298597194356e+03 9.794056694693601628e+00
3.042498617234468838e+03 9.799763106537849211e+00
3.048062935871743321e+03 9.805486251705289646e+00
3.053627254509017803e+03 9.811226565585178250e+00
3.059191573146292285e+03 9.816984493915843046e+00
3.064755891783566767e+03 9.822760492878707339e+00
3.070320210420841249e+03 9.828555029192166614e+00
3.075884529058115731e+03 9.834368580205621768e+00
3.081448847695390668e+03 9.840201633993387986e+00
3.087013166332665151e+03 9.846054689448628494e+00
3.092577484969940087e+03 9.851928256377387783e+00
3.098141803607214570e+03 9.857822855592438316e+00
3.103706122244489052e+03 9.863739019007368825e+00
3.109270440881763534e+03 9.869677289730400815e+00
3.114834759519038016e+03 9.875638222158459101e+00
3.120399078156312498e+03 9.881622382071061139e+00
3.125963396793586980e+03 9.887630346724264996e+00
3.131527715430861463e+03 9.893662704944677699e+00
3.137092034068135945e+03 9.899720057223367675e+00
3.142656352705410427e+03 9.905803015809857115e+00
3.148220671342684909e+03 9.911912204806013094e+00
3.153784989979959846e+03 9.918048260260077242e+00
3.159349308617234328e+03 9.924211830260578182e+00
3.164913627254509265e+03 9.930403575030265273e+00
3.170477945891783293e+03 9.936624167020163156e+00
3.176042264529058230e+03 9.942874291003381160e+00
3.181606583166332712e+03 9.949154644169206918e+00
3.187170901803607194e+03 9.955465936216933542e+00
3.192735220440881676e+03 9.961808889449971005e+00
3.198299539078156158e+03 9.968184238869636005e+00
3.203863857715430640e+03 9.974592732269204731e+00
3.209428176352705123e+03 9.981035130327860827e+00
3.214992494989979605e+03 9.987512206704622031e+00
3.220556813627254087e+03 9.994024748132297020e+00
3.226121132264529024e+03 1.000057355451149732e+01
3.231685450901803506e+03 1.000715943900450355e+01
3.237249769539077988e+03 1.001378322812926847e+01
3.242814088176352470e+03 1.002044576185341640e+01
3.248378406813627407e+03 1.002714789368808823e+01
3.253942725450901889e+03 9.982699233561728391e+00
3.303444520800394912e+03 1.002675240900751774e+01
3.352946316149887934e+03 1.007080558445330887e+01
3.402448111499380502e+03 1.011485875989909999e+01
3.451949906848873525e+03 1.015891193534488934e+01
3.501451702198366547e+03 1.020296511079068047e+01
3.550953497547859570e+03 1.024701828623647160e+01
3.600455292897352592e+03 1.029107146168226272e+01
3.649957088246845615e+03 1.033512463712805385e+01
3.699458883596338637e+03 1.037917781257384497e+01
3.748960678945831205e+03 1.042323098801963432e+01
3.798462474295324228e+03 1.046728416346542545e+01
3.847964269644817250e+03 1.051133733891121658e+01
3.897466064994310273e+03 1.055539051435700770e+01
3.946967860343803295e+03 1.059944368980279705e+01
3.996469655693295863e+03 1.064349686524858818e+01
4.045971451042788885e+03 1.068755004069437931e+01
4.095473246392281908e+03 1.073160321614017043e+01
4.144975041741774476e+03 1.077565639158596156e+01
4.194476837091267953e+03 1.081970956703175091e+01
4.243978632440760521e+03 1.086376274247754203e+01
4.293480427790253998e+03 1.090781591792333316e+01
4.342982223139746566e+03 1.095186909336912429e+01
4.392484018489240043e+03 1.099592226881491541e+01
4.441985813838732611e+03 1.103997544426070476e+01
4.491487609188225179e+03 1.108402861970649589e+01
4.540989404537718656e+03 1.112808179515228701e+01
4.590491199887211224e+03 1.117213497059807636e+01
4.639992995236703791e+03 1.121618814604386927e+01
4.689494790586197269e+03 1.126024132148965862e+01
4.738996585935690746e+03 1.130429449693545152e+01
4.788498381285183314e+03 1.134834767238124087e+01
4.838000176634675881e+03 1.139240084782703022e+01
4.887501971984169359e+03 1.143645402327282312e+01
4.937003767333661926e+03 1.148050719871861247e+01
4.986505562683154494e+03 1.152456037416440360e+01
5.036007358032647971e+03 1.156861354961019472e+01
5.085509153382140539e+03 1.161266672505598407e+01
5.135010948731634016e+03 1.165671990050177698e+01
5.184512744081126584e+03 1.170077307594756633e+01
5.234014539430620061e+03 1.174482625139335745e+01
5.283516334780112629e+03 1.178887942683914858e+01
5.333018130129605197e+03 1.183293260228493793e+01
5.382519925479098674e+03 1.187698577773073083e+01
5.432021720828591242e+03 1.192103895317652018e+01
5.481523516178083810e+03 1.196509212862230953e+01
5.531025311527577287e+03 1.200914530406810243e+01
5.580527106877070764e+03 1.205319847951389356e+01
5.630028902226563332e+03 1.209725165495968469e+01
5.679530697576055900e+03 1.214130483040547404e+01
5.729032492925549377e+03 1.218535800585126516e+01
5.778534288275041945e+03 1.222941118129705629e+01
5.828036083624534513e+03 1.227346435674284564e+01
5.877537878974027990e+03 1.231751753218863854e+01
5.927039674323521467e+03 1.236157070763442789e+01
5.976541469673014035e+03 1.240562388308021902e+01
6.026043265022506603e+03 1.244967705852601014e+01
6.075545060372000080e+03 1.249373023397179949e+01
6.125046855721492648e+03 1.253778340941759240e+01
6.174548651070985215e+03 1.258183658486338174e+01
6.224050446420478693e+03 1.262588976030917287e+01
6.273552241769972170e+03 1.266994293575496400e+01
6.323054037119463828e+03 1.271399611120075335e+01
6.372555832468957306e+03 1.275804928664654447e+01
6.422057627818450783e+03 1.280210246209233560e+01
6.471559423167943351e+03 1.284615563753812673e+01
6.521061218517435918e+03 1.289020881298391785e+01
6.570563013866929396e+03 1.293426198842970720e+01
6.620064809216421963e+03 1.297831516387549833e+01
6.669566604565914531e+03 1.302236833932128945e+01
6.719068399915408008e+03 1.306642151476707880e+01
6.768570195264901486e+03 1.311047469021287171e+01
6.818071990614394053e+03 1.315452786565866106e+01
6.867573785963886621e+03 1.319858104110445218e+01
6.917075581313380098e+03 1.324263421655024331e+01
6.966577376662872666e+03 1.328668739199603266e+01
7.016079172012365234e+03 1.333074056744182556e+01
7.065580967361858711e+03 1.337479374288761491e+01
7.115082762711352188e+03 1.341884691833340781e+01
7.164584558060843847e+03 1.346290009377919716e+01
7.214086353410337324e+03 1.350695326922498651e+01
7.263588148759830801e+03 1.355100644467077942e+01
7.313089944109323369e+03 1.359505962011656877e+01
7.362591739458815937e+03 1.363911279556235989e+01
7.412093534808309414e+03 1.368316597100815102e+01
7.461595330157801982e+03 1.372721914645394037e+01
7.511097125507295459e+03 1.377127232189973327e+01
7.560598920856788027e+03 1.381532549734552262e+01
7.610100716206280595e+03 1.385937867279131375e+01
7.659602511555774072e+03 1.390343184823710487e+01
7.709104306905266640e+03 1.394748502368289422e+01
7.758606102254760117e+03 1.399153819912868713e+01
7.808107897604252685e+03 1.403559137457447648e+01
7.857609692953746162e+03 1.407964455002026760e+01
7.907111488303238730e+03 1.412369772546605873e+01
7.956613283652731297e+03 1.416775090091184808e+01
8.006115079002224775e+03 1.421180407635764098e+01
8.055616874351717343e+03 1.425585725180343033e+01
8.105118669701210820e+03 1.429991042724922146e+01
8.154620465050703388e+03 1.434396360269501258e+01
8.204122260400195955e+03 1.438801677814080193e+01
8.253624055749689433e+03 1.443206995358659483e+01
8.303125851099182910e+03 1.447612312903238418e+01
8.352627646448676387e+03 1.452017630447817709e+01
8.402129441798168045e+03 1.456422947992396644e+01
8.451631237147659704e+03 1.460828265536975579e+01
8.501133032497153181e+03 1.465233583081554691e+01
8.550634827846646658e+03 1.469638900626133804e+01
8.600136623196140135e+03 1.474044218170712917e+01
8.649638418545633613e+03 1.478449535715292029e+01
8.699140213895127090e+03 1.482854853259871142e+01
8.748642009244618748e+03 1.487260170804450077e+01
8.798143804594110406e+03 1.491665488349029189e+01
8.847645599943603884e+03 1.496070805893608124e+01
8.897147395293097361e+03 1.500476123438187415e+01
8.946649190642590838e+03 1.504881440982766350e+01
8.996150985992084316e+03 1.509286758527345640e+01
9.045652781341575974e+03 1.513692076071924575e+01
9.095154576691069451e+03 1.518097393616503510e+01
9.144656372040561109e+03 1.522502711161082445e+01
9.194158167390054587e+03 1.526908028705661735e+01
9.243659962739548064e+03 1.531313346250240670e+01
9.293161758089041541e+03 1.535718663794819960e+01
9.342663553438535018e+03 1.540123981339399251e+01
9.392165348788026677e+03 1.544529298883978186e+01
9.441667144137520154e+03 1.548934616428557121e+01
9.491168939487011812e+03 1.553339933973136056e+01
9.540670734836505289e+03 1.557745251517715346e+01
9.590172530185998767e+03 1.562150569062294281e+01
9.639674325535492244e+03 1.566555886606873571e+01
9.689176120884985721e+03 1.570961204151452506e+01
9.738677916234477379e+03 1.575366521696031441e+01
9.788179711583970857e+03 1.579771839240610731e+01
9.837681506933462515e+03 1.584177156785189666e+01
9.887183302282955992e+03 1.588582474329768957e+01
9.936685097632449470e+03 1.592987791874347892e+01
9.986186892981942947e+03 1.597393109418927182e+01
1.003568868833143642e+04 1.601798426963506117e+01
1.008519048368092808e+04 1.606203744508085052e+01
1.013469227903042156e+04 1.610609062052664342e+01
1.018419407437991322e+04 1.615014379597243277e+01
1.023369586972940670e+04 1.619419697141822212e+01
1.028319766507890017e+04 1.623825014686401502e+01
1.033269946042839365e+04 1.628230332230980437e+01
1.038220125577788713e+04 1.632635649775559727e+01
1.043170305112737879e+04 1.637040967320138662e+01
1.048120484647687044e+04 1.641446284864717597e+01
1.053070664182636392e+04 1.645851602409296888e+01
1.058020843717585740e+04 1.650256919953875823e+01
1.062971023252535088e+04 1.654662237498455113e+01
1.067921202787484435e+04 1.659067555043034048e+01
1.072871382322433783e+04 1.663472872587613338e+01
1.077821561857382949e+04 1.667878190132192273e+01
1.082771741392332115e+04 1.672283507676771208e+01
1.087721920927281462e+04 1.676688825221350143e+01
1.092672100462230810e+04 1.681094142765929433e+01
1.097622279997180158e+04 1.685499460310508368e+01
1.102572459532129506e+04 1.689904777855087659e+01
1.107522639067078671e+04 1.694310095399666594e+01
1.112472818602028019e+04 1.698715412944245884e+01
1.117422998136977185e+04 1.703120730488824819e+01
1.122373177671926533e+04 1.707526048033403754e+01
1.127323357206875880e+04 1.711931365577983044e+01
1.132273536741825228e+04 1.716336683122561979e+01
1.137223716276774576e+04 1.720742000667141269e+01
1.142173895811723742e+04 1.725147318211720204e+01
1.147124075346672907e+04 1.729552635756299139e+01
1.152074254881622255e+04 1.733957953300878074e+01
1.157024434416571603e+04 1.738363270845457365e+01
1.161974613951520951e+04 1.742768588390036300e+01
1.166924793486470298e+04 1.747173905934615590e+01
1.171874973021419646e+04 1.751579223479194880e+01
1.176825152556368994e+04 1.755984541023773815e+01
1.181775332091317978e+04 1.760389858568352750e+01
1.186725511626267325e+04 1.764795176112931685e+01
1.191675691161216673e+04 1.769200493657510975e+01
1.196625870696166021e+04 1.773605811202089910e+01
1.201576050231115369e+04 1.778011128746669200e+01
1.206526229766064716e+04 1.782416446291248135e+01
1.211476409301014064e+04 1.786821763835827426e+01
1.216426588835963048e+04 1.791227081380406005e+01
1.221376768370912396e+04 1.795632398924985296e+01
1.226326947905861743e+04 1.800037716469564586e+01
1.231277127440811091e+04 1.804443034014143521e+01
1.236227306975760439e+04 1.808848351558722811e+01
1.241177486510709787e+04 1.813253669103301746e+01
1.246127666045659134e+04 1.817658986647881036e+01
1.251077845580608118e+04 1.822064304192459616e+01
1.256028025115557466e+04 1.826469621737038906e+01
1.260978204650506814e+04 1.830874939281617841e+01
1.265928384185456162e+04 1.835280256826197132e+01
1.270878563720405509e+04 1.839685574370776067e+01
1.275828743255354857e+04 1.844090891915355357e+01
1.280778922790303841e+04 1.848496209459934292e+01
1.285729102325253189e+04 1.852901527004513227e+01
1.290679281860202536e+04 1.857306844549092517e+01
1.295629461395151884e+04 1.861712162093671452e+01
1.300579640930101232e+04 1.866117479638250742e+01
1.305529820465050580e+04 1.870522797182829677e+01
1.310479999999999927e+04 1.874928114727408968e+01
