4.897309999999999945e+02 2.135519909998762067e+00
4.953726212424850246e+02 2.190400784210149610e+00
5.010142424849699410e+02 2.244554939593570886e+00
5.066558637274549710e+02 2.297990206833458782e+00
5.122974849699398874e+02 2.350714363162944576e+00
5.179391062124249174e+02 2.402735132537904494e+00
5.235807274549098338e+02 2.454060185811010264e+00
5.292223486973948638e+02 2.504697140905774333e+00
5.348639699398797802e+02 2.554653562990603977e+00
5.405055911823646966e+02 2.603936964652842967e+00
5.461472124248497266e+02 2.652554806072826565e+00
5.517888336673346430e+02 2.700514495197925857e+00
5.574304549098196730e+02 2.747823387916597859e+00
5.630720761523045894e+02 2.794488788232433407e+00
5.687136973947896195e+02 2.840517948438207707e+00
5.743553186372745358e+02 2.885918069289926891e+00
5.799969398797595659e+02 2.930696300180876790e+00
5.856385611222444822e+02 2.974859739315672158e+00
5.912801823647293986e+02 3.018415433884305443e+00
5.969218036072144287e+02 3.061370380236192901e+00
6.025634248496993450e+02 3.103731524054228252e+00
6.082050460921843751e+02 3.145505760528827466e+00
6.138466673346692914e+02 3.186699934531974421e+00
6.194882885771543215e+02 3.227320840791278567e+00
6.251299098196393516e+02 3.267375224064013928e+00
6.307715310621242679e+02 3.306869779311174540e+00
6.364131523046091843e+02 3.345811151871518341e+00
6.420547735470942143e+02 3.384205937635618167e+00
6.476963947895792444e+02 3.422060683219910526e+00
6.533380160320641608e+02 3.459381886140742157e+00
6.589796372745491908e+02 3.496175994988422797e+00
6.646212585170341072e+02 3.532449409601267298e+00
6.702628797595190235e+02 3.568208481239649288e+00
6.759045010020039399e+02 3.603459512760049055e+00
6.815461222444889700e+02 3.638208758789101882e+00
6.871877434869738863e+02 3.672462425897643268e+00
6.928293647294589164e+02 3.706226672774762587e+00
6.984709859719438327e+02 3.739507610401847870e+00
7.041126072144288628e+02 3.772311302226638130e+00
7.097542284569137792e+02 3.804643764337266365e+00
7.153958496993986955e+02 3.836510965636314996e+00
7.210374709418838393e+02 3.867918828014859312e+00
7.266790921843687556e+02 3.898873226526517133e+00
7.323207134268536720e+02 3.929379989561498476e+00
7.379623346693387020e+02 3.959444899020653441e+00
7.436039559118237321e+02 3.989073690489520985e+00
7.492455771543086485e+02 4.018272053412377254e+00
7.548871983967935648e+02 4.047045631266285248e+00
7.605288196392785949e+02 4.075400021735140044e+00
7.661704408817635112e+02 4.103340776883722008e+00
7.718120621242485413e+02 4.130873403331743354e+00
7.774536833667334577e+02 4.158003362427892924e+00
7.830953046092184877e+02 4.184736070423896059e+00
7.887369258517034041e+02 4.211076898648546063e+00
7.943785470941883204e+02 4.237031173681767626e+00
8.000201683366733505e+02 4.262604177528659832e+00
8.056617895791582669e+02 4.287801147793542711e+00
8.113034108216432969e+02 4.312627277854010899e+00
8.169450320641283270e+02 4.337087717034973977e+00
8.225866533066132433e+02 4.361187570782719902e+00
8.282282745490981597e+02 4.384931900838942020e+00
8.338698957915833034e+02 4.408325725414808716e+00
8.395115170340682198e+02 4.431374019364998418e+00
8.451531382765531362e+02 4.454081714361755040e+00
8.507947595190380525e+02 4.476453699068933645e+00
8.564363807615229689e+02 4.498494819316048776e+00
8.620780020040079989e+02 4.520209878272321902e+00
8.677196232464930290e+02 4.541603636620736850e+00
8.733612444889779454e+02 4.562680812732081037e+00
8.790028657314629754e+02 4.583446082838994684e+00
8.846444869739478918e+02 4.603904081210020927e+00
8.902861082164328081e+02 4.624059400323660363e+00
8.959277294589178382e+02 4.643916591042406949e+00
9.015693507014028683e+02 4.663480162786806993e+00
9.072109719438877846e+02 4.682754583709503038e+00
9.128525931863728147e+02 4.701744280869285753e+00
9.184942144288577310e+02 4.720453640405136042e+00
9.241358356713426474e+02 4.738887007710284038e+00
9.297774569138275638e+02 4.757048687606246773e+00
9.354190781563125938e+02 4.774942944516881838e+00
9.410606993987976239e+02 4.792574002642439268e+00
9.467023206412825402e+02 4.809946046133601882e+00
9.523439418837674566e+02 4.827063219265543381e+00
9.579855631262524867e+02 4.843929626611966910e+00
9.636271843687375167e+02 4.860549333219164048e+00
9.692688056112224331e+02 4.876926364780053369e+00
9.749104268537074631e+02 4.893064707808237657e+00
9.805520480961923795e+02 4.908968309812046016e+00
9.861936693386772959e+02 4.924641079468585758e+00
9.918352905811624396e+02 4.940086886797791621e+00
9.974769118236473560e+02 4.955309563336469658e+00
1.003118533066132272e+03 4.970312902312352676e+00
1.008760154308617189e+03 4.985100658818143238e+00
1.014401775551102105e+03 4.999676549985565543e+00
1.020043396793587249e+03 5.014044255159411989e+00
1.025685018036072051e+03 5.028207416071591496e+00
1.031326639278557195e+03 5.042169637015180506e+00
1.036968260521042112e+03 5.055934485018468649e+00
1.042609881763527028e+03 5.069505490019011518e+00
1.048251503006011944e+03 5.082886145037674552e+00
1.053893124248497088e+03 5.096079906352683153e+00
1.059534745490982004e+03 5.109090193673672786e+00
1.065176366733466921e+03 5.121920390315732874e+00
1.070817987975951837e+03 5.134573843373466673e+00
1.076459609218436981e+03 5.147053863895025394e+00
1.082101230460921897e+03 5.159363727056165416e+00
1.087742851703406814e+03 5.171506672334295729e+00
1.093384472945891730e+03 5.183485903682523599e+00
1.099026094188376646e+03 5.195304589703708231e+00
1.104667715430861790e+03 5.206965863824502883e+00
1.110309336673346479e+03 5.218472824469412075e+00
1.115950957915831623e+03 5.229828535234830156e+00
1.121592579158316767e+03 5.241036025063096737e+00
1.127234200400801456e+03 5.252098288416540584e+00
1.132875821643286599e+03 5.263018285451538603e+00
1.138517442885771516e+03 5.273798942192545525e+00
1.144159064128256432e+03 5.284443150706163550e+00
1.149800685370741576e+03 5.294953769275176469e+00
1.155442306613226265e+03 5.305333622572600660e+00
1.161083927855711408e+03 5.315585501835741411e+00
1.166725549098196325e+03 5.325712165040230595e+00
1.172367170340681241e+03 5.335716337074085658e+00
1.178008791583166385e+03 5.345600709911749959e+00
1.183650412825651301e+03 5.355367942788140212e+00
1.189292034068136218e+03 5.365020662372708138e+00
1.194933655310621361e+03 5.374561462943477252e+00
1.200575276553106050e+03 5.383992906561088532e+00
1.206216897795591194e+03 5.393317523242861178e+00
1.211858519038076338e+03 5.402537811136834733e+00
1.217500140280561027e+03 5.411656236695813860e+00
1.223141761523046171e+03 5.420675234851423774e+00
1.228783382765531087e+03 5.429597209188155915e+00
1.234425004008016003e+03 5.438424532117414500e+00
1.240066625250501147e+03 5.447159545051569296e+00
1.245708246492985836e+03 5.455804558578002172e+00
1.251349867735470980e+03 5.464361852633150107e+00
1.256991488977955896e+03 5.472833676676566839e+00
1.262633110220440813e+03 5.481222249864959650e+00
1.268274731462925956e+03 5.489529761226243920e+00
1.273916352705410873e+03 5.497758369833586123e+00
1.279557973947895789e+03 5.505910204979459266e+00
1.285199595190380705e+03 5.513987366349687669e+00
1.290841216432865622e+03 5.521991924197497070e+00
1.296482837675350765e+03 5.529925919517561184e+00
1.302124458917835682e+03 5.537791364220048251e+00
1.307766080160320598e+03 5.545590241304681811e+00
1.313407701402805515e+03 5.553324505034766823e+00
1.319049322645290431e+03 5.560996081111266420e+00
1.324690943887775575e+03 5.568606866846824488e+00
1.330332565130260491e+03 5.576158731339831753e+00
1.335974186372745407e+03 5.583653515648462573e+00
1.341615807615230551e+03 5.591093032964736587e+00
1.347257428857715240e+03 5.598479068788549284e+00
1.352899050100200384e+03 5.605813381101741655e+00
1.358540671342685528e+03 5.613097700542134305e+00
1.364182292585170217e+03 5.620333730577575793e+00
1.369823913827655360e+03 5.627523147679996285e+00
1.375465535070140277e+03 5.634667601499462997e+00
1.381107156312625193e+03 5.641768715038211646e+00
1.386748777555110337e+03 5.648828084824708995e+00
1.392390398797595026e+03 5.655847281087694967e+00
1.398032020040080170e+03 5.662827847930229197e+00
1.403673641282565086e+03 5.669771303503752691e+00
1.409315262525050002e+03 5.676679140182121941e+00
1.414956883767535146e+03 5.683552824735658149e+00
1.420598505010019835e+03 5.690393798505207101e+00
1.426240126252504979e+03 5.697203477576178621e+00
1.431881747494990123e+03 5.703983252952596672e+00
1.437523368737474811e+03 5.710734490731146806e+00
1.443164989979959955e+03 5.717458532275230709e+00
1.448806611222444872e+03 5.724156694389009203e+00
1.454448232464929788e+03 5.730830269491453244e+00
1.460089853707414932e+03 5.737480525790386032e+00
1.465731474949899848e+03 5.744108707456543783e+00
1.471373096192384764e+03 5.750716034797614284e+00
1.477014717434869681e+03 5.757303704432294111e+00
1.482656338677354597e+03 5.763872889464318305e+00
1.488297959919839514e+03 5.770424739656541568e+00
1.493939581162324657e+03 5.776960381604949291e+00
1.499581202404809574e+03 5.783480918912740520e+00
1.505222823647294490e+03 5.789987432364349651e+00
1.510864444889779406e+03 5.796480980099508074e+00
1.516506066132264550e+03 5.802962597787294285e+00
1.522147687374749466e+03 5.809433298800177781e+00
1.527789308617234383e+03 5.815894074388066493e+00
1.533430929859719527e+03 5.822345893852358678e+00
1.539072551102204216e+03 5.828789704719992137e+00
1.544714172344689359e+03 5.835226432917488992e+00
1.550355793587174276e+03 5.841656982945005794e+00
1.555997414829659192e+03 5.848082238050385406e+00
1.561639036072144336e+03 5.854503060403195569e+00
1.567280657314629025e+03 5.860920291268798543e+00
1.572922278557114169e+03 5.867334751182374575e+00
1.578563899799599085e+03 5.873747240122982660e+00
1.584205521042084001e+03 5.880158537687609765e+00
1.589847142284569145e+03 5.886569403265220046e+00
1.595488763527054061e+03 5.892980576210799626e+00
1.601130384769538978e+03 5.899392776019406703e+00
1.606772006012024121e+03 5.905806702500215444e+00
1.612413627254508810e+03 5.912223035950579408e+00
1.618055248496993954e+03 5.918642437330066564e+00
1.623696869739479098e+03 5.925065548434501395e+00
1.629338490981963787e+03 5.931492992070033665e+00
1.634980112224448931e+03 5.937925372227177867e+00
1.640621733466933620e+03 5.944363274254853557e+00
1.646263354709418763e+03 5.950807265034446125e+00
1.651904975951903907e+03 5.957257893153847128e+00
1.657546597194388596e+03 5.963715689081508842e+00
1.663188218436873740e+03 5.970181165340491702e+00
1.668829839679358656e+03 5.976654816682497540e+00
1.674471460921843573e+03 5.983137120261954323e+00
1.680113082164328716e+03 5.989628535810021859e+00
1.685754703406813405e+03 5.996129505808672988e+00
1.691396324649298549e+03 6.002640455664726815e+00
1.697037945891783465e+03 6.009161793883896152e+00
1.702679567134268382e+03 6.015693912244843844e+00
1.708321188376753526e+03 6.022237185973228435e+00
1.713962809619238442e+03 6.028791973915752500e+00
1.719604430861723358e+03 6.035358618714207424e+00
1.725246052104208275e+03 6.041937446979527948e+00
1.730887673346693191e+03 6.048528769465837840e+00
1.736529294589178335e+03 6.055132881244498222e+00
1.742170915831663251e+03 6.061750061878159457e+00
1.747812537074148167e+03 6.068380575594797932e+00
1.753454158316633311e+03 6.075024671461783932e+00
1.759095779559118000e+03 6.081682583559921085e+00
1.764737400801603144e+03 6.088354531157481375e+00
1.770379022044088288e+03 6.095040718884279229e+00
1.776020643286572977e+03 6.101741336905696755e+00
1.781662264529058120e+03 6.108456561096754278e+00
1.787303885771543037e+03 6.115186553216132026e+00
1.792945507014027953e+03 6.121931461080245995e+00
1.798587128256513097e+03 6.128691418737282071e+00
1.804228749498997786e+03 6.135466546641243468e+00
1.809870370741482930e+03 6.142256951826007949e+00
1.815511991983967846e+03 6.149062728079362827e+00
1.821153613226452762e+03 6.155883956117072842e+00
1.826795234468937906e+03 6.162720703756906282e+00
1.832436855711422822e+03 6.169573026092706414e+00
1.838078476953907739e+03 6.176440965668421157e+00
1.843720098196392428e+03 6.183324552652159412e+00
1.849361719438877572e+03 6.190223805010247382e+00
1.855003340681362715e+03 6.197138728681257369e+00
1.860644961923847859e+03 6.204069317750078305e+00
1.866286583166332775e+03 6.211015554621948098e+00
1.871928204408817692e+03 6.217977410196509958e+00
1.877569825651302381e+03 6.224954844041866053e+00
1.883211446893787524e+03 6.231947804568603644e+00
1.888853068136272668e+03 6.238956229203876269e+00
1.894494689378757585e+03 6.245980044565423661e+00
1.900136310621242501e+03 6.253019166635644943e+00
1.905777931863727417e+03 6.260073500935614987e+00
1.911419553106212334e+03 6.267142942699170050e+00
1.917061174348697250e+03 6.274227377046936560e+00
1.922702795591182394e+03 6.281326679160372350e+00
1.928344416833667310e+03 6.288440714455824754e+00
1.933986038076152226e+03 6.295569338758591371e+00
1.939627659318637143e+03 6.302712398476952416e+00
1.945269280561122059e+03 6.309869730776212826e+00
1.950910901803607203e+03 6.317041163752770139e+00
1.956552523046092119e+03 6.324226516608156601e+00
1.962194144288577036e+03 6.331425599823075956e+00
1.967835765531061952e+03 6.338638215331473980e+00
1.973477386773546868e+03 6.345864156694561942e+00
1.979119008016031785e+03 6.353103209274884478e+00
1.984760629258516929e+03 6.360355150410362590e+00
1.990402250501002072e+03 6.367619749588338429e+00
1.996043871743486761e+03 6.374896768619626286e+00
2.001685492985971678e+03 6.382185961812554709e+00
2.007327114228456594e+03 6.389487076147042366e+00
2.012968735470941738e+03 6.396799851448605523e+00
2.018610356713426881e+03 6.404124020562434794e+00
2.024251977955912025e+03 6.411459309527431927e+00
2.029893599198396714e+03 6.418805437750273235e+00
2.035535220440881403e+03 6.426162118179430394e+00
2.041176841683366547e+03 6.433529057479257851e+00
2.046818462925851691e+03 6.440905956203996752e+00
2.052460084168336834e+03 6.448292508971863235e+00
2.058101705410821523e+03 6.455688404639071010e+00
2.063743326653306667e+03 6.463093326473899225e+00
2.069384947895791356e+03 6.470506952330711492e+00
2.075026569138276500e+03 6.477928954824042407e+00
2.080668190380761644e+03 6.485359001502621012e+00
2.086309811623246787e+03 6.492796755023427124e+00
2.091951432865731476e+03 6.500241873325737885e+00
2.097593054108216165e+03 6.507694009805170765e+00
2.103234675350701309e+03 6.515152813487754102e+00
2.108876296593186453e+03 6.522617929203947007e+00
2.114517917835671142e+03 6.530088997762698355e+00
2.120159539078156286e+03 6.537565656125506663e+00
2.125801160320641429e+03 6.545047537580462205e+00
2.131442781563126118e+03 6.552534271916288233e+00
2.137084402805611262e+03 6.560025485596393757e+00
2.142726024048096406e+03 6.567520801932920094e+00
2.148367645290581095e+03 6.575019841260798970e+00
2.154009266533065784e+03 6.582522221111804406e+00
2.159650887775550927e+03 6.590027556388562857e+00
2.165292509018036071e+03 6.597535459538651281e+00
2.170934130260520760e+03 6.605045540728627707e+00
2.176575751503005904e+03 6.612557408018063576e+00
2.182217372745491048e+03 6.620070667533612507e+00
2.187858993987975737e+03 6.627584923643052406e+00
2.193500615230460426e+03 6.635099779129332020e+00
2.199142236472946024e+03 6.642614835364625492e+00
2.204783857715430713e+03 6.650129692484370025e+00
2.210425478957915857e+03 6.657643949561320440e+00
2.216067100200401001e+03 6.665157204779600164e+00
2.221708721442885690e+03 6.672669055608762889e+00
2.227350342685370379e+03 6.680179098977796492e+00
2.232991963927855977e+03 6.687686931449227323e+00
2.238633585170340666e+03 6.695192149393132119e+00
2.244275206412825810e+03 6.702694349161200549e+00
2.249916827655310499e+03 6.710193127260764889e+00
2.255558448897795643e+03 6.717688080528892769e+00
2.261200070140280332e+03 6.725178806306386647e+00
2.266841691382765475e+03 6.732664902611857016e+00
2.272483312625250619e+03 6.740145968315776059e+00
2.278124933867735308e+03 6.747621603314494898e+00
2.283766555110220452e+03 6.755091408704335443e+00
2.289408176352705595e+03 6.762554986955615632e+00
2.295049797595190284e+03 6.770011942086684442e+00
2.300691418837675428e+03 6.777461879838018177e+00
2.306333040080160572e+03 6.784904407846192420e+00
2.311974661322645261e+03 6.792339135818006746e+00
2.317616282565129950e+03 6.799765675704509960e+00
2.323257903807615094e+03 6.807183641874999580e+00
2.328899525050100237e+03 6.814592651291149217e+00
2.334541146292585381e+03 6.821992323681010717e+00
2.340182767535070525e+03 6.829382281713055391e+00
2.345824388777555214e+03 6.836762151170264978e+00
2.351466010020039903e+03 6.844131561124132901e+00
2.357107631262525047e+03 6.851490144108729474e+00
2.362749252505010190e+03 6.858837536294791981e+00
2.368390873747494879e+03 6.866173377663678856e+00
2.374032494989980023e+03 6.873497312181521934e+00
2.379674116232465167e+03 6.880808987973213497e+00
2.385315737474949856e+03 6.888108057496459047e+00
2.390957358717434545e+03 6.895394177715864714e+00
2.396598979959920143e+03 6.902667010276923421e+00
2.402240601202404832e+03 6.909926221680110281e+00
2.407882222444889521e+03 6.917171483454946923e+00
2.413523843687374665e+03 6.924402472333961889e+00
2.419165464929859809e+03 6.931618870426861534e+00
2.424807086172344498e+03 6.938820365394481549e+00
2.430448707414830096e+03 6.946006650622874368e+00
2.436090328657314785e+03 6.953177425397369049e+00
2.441731949899799474e+03 6.960332395076580525e+00
2.447373571142284163e+03 6.967471271266495236e+00
2.453015192384769762e+03 6.974593771994509694e+00
2.458656813627254451e+03 6.981699621883463713e+00
2.464298434869739594e+03 6.988788552325722492e+00
2.469940056112224738e+03 6.995860301657175206e+00
2.475581677354709427e+03 7.002914615331340187e+00
2.481223298597194116e+03 7.009951246093370614e+00
2.486864919839679260e+03 7.016969954154108180e+00
2.492506541082164404e+03 7.023970507364174942e+00
2.498148162324649547e+03 7.030952681387954151e+00
2.503789783567134236e+03 7.037916259877674108e+00
2.509431404809619380e+03 7.044861034647492914e+00
2.515073026052104069e+03 7.051786805847466866e+00
2.520714647294589213e+03 7.058693382137664507e+00
2.526356268537074357e+03 7.065580580862193649e+00
2.531997889779559046e+03 7.072448228223233713e+00
2.537639511022044189e+03 7.079296159455118698e+00
2.543281132264528878e+03 7.086124218998347324e+00
2.548922753507014022e+03 7.092932260673673106e+00
2.554564374749499166e+03 7.099720147856118935e+00
2.560205995991984310e+03 7.106487753649017414e+00
2.565847617234468999e+03 7.113234961058119588e+00
2.571489238476953687e+03 7.119961663165593535e+00
2.577130859719438831e+03 7.126667763304035397e+00
2.582772480961923975e+03 7.133353175230630505e+00
2.588414102204408664e+03 7.140017823301104016e+00
2.594055723446893808e+03 7.146661642643803880e+00
2.599697344689378951e+03 7.153284579333774040e+00
2.605338965931863640e+03 7.159886590566717501e+00
2.610980587174348784e+03 7.166467644833156569e+00
2.616622208416833928e+03 7.173027722092425229e+00
2.622263829659318617e+03 7.179566813946691717e+00
2.627905450901803306e+03 7.186084923815078795e+00
2.633547072144288450e+03 7.192582067107618826e+00
2.639188693386773593e+03 7.199058271399402464e+00
2.644830314629258282e+03 7.205513576604565706e+00
2.650471935871743881e+03 7.211948035150307135e+00
2.656113557114228570e+03 7.218361712151052600e+00
2.661755178356713259e+03 7.224754685582396085e+00
2.667396799599197948e+03 7.231127046455166685e+00
2.673038420841683546e+03 7.237478898989543552e+00
2.678680042084168235e+03 7.243810360789002090e+00
2.684321663326653379e+03 7.250121563014438664e+00
2.689963284569138523e+03 7.256412650558227817e+00
2.695604905811623212e+03 7.262683782218176454e+00
2.701246527054107901e+03 7.268935130871678751e+00
2.706888148296593499e+03 7.275166883649728966e+00
2.712529769539078188e+03 7.281379242110920025e+00
2.718171390781563332e+03 7.287572422415589557e+00
2.723813012024048021e+03 7.293746655499767861e+00
2.729454633266533165e+03 7.299902187249287522e+00
2.735096254509017854e+03 7.306039278673842396e+00
2.740737875751502997e+03 7.312158206080955125e+00
2.746379496993988141e+03 7.318259261250125824e+00
2.752021118236472830e+03 7.324342751606829793e+00
2.757662739478957974e+03 7.330409000396552521e+00
2.763304360721442663e+03 7.336458346858898416e+00
2.768945981963927807e+03 7.342491146401529889e+00
2.774587603206412950e+03 7.348507770774364012e+00
2.780229224448898094e+03 7.354508608243491175e+00
2.785870845691382783e+03 7.360494063765292694e+00
2.791512466933867472e+03 7.366464559160444736e+00
2.797154088176352616e+03 7.372420533288047473e+00
2.802795709418837760e+03 7.378362442219566830e+00
2.808437330661322449e+03 7.384290759412977856e+00
2.814078951903807592e+03 7.390205975886721568e+00
2.819720573146292736e+03 7.396108600393841215e+00
2.825362194388777425e+03 7.401999159596006628e+00
2.831003815631262569e+03 7.407878198237501266e+00
2.836645436873747713e+03 7.413746279319353150e+00
2.842287058116232402e+03 7.419603984273326347e+00
2.847928679358717091e+03 7.425451913136019044e+00
2.853570300601202234e+03 7.431290684722883455e+00
2.859211921843687378e+03 7.437120936802232407e+00
2.864853543086172067e+03 7.442943326269365834e+00
2.870495164328657665e+03 7.448758529320618216e+00
2.876136785571142354e+03 7.454567241627295893e+00
2.881778406813627043e+03 7.460370178509878158e+00
2.887420028056112187e+03 7.466168075111915492e+00
2.893061649298597331e+03 7.471961686574253747e+00
2.898703270541082020e+03 7.477751788208890638e+00
2.904344891783567164e+03 7.483539175673147525e+00
2.909986513026052307e+03 7.489324665143731075e+00
2.915628134268536996e+03 7.495109093490654573e+00
2.921269755511021685e+03 7.500893318451443470e+00
2.926911376753507284e+03 7.506678218805092229e+00
2.932552997995991973e+03 7.512464694546089561e+00
2.938194619238477117e+03 7.518253667058535150e+00
2.943836240480962260e+03 7.524046079290196865e+00
2.949477861723446949e+03 7.529842895926485369e+00
2.955119482965931638e+03 7.535645103564547753e+00
2.960761104208416782e+03 7.541453710887314088e+00
2.966402725450901926e+03 7.547269748837520886e+00
2.972044346693386615e+03 7.553094270791827824e+00
2.977685967935871304e+03 7.558928352734747946e+00
2.983327589178356902e+03 7.564773093432847872e+00
2.988969210420841591e+03 7.570629614608661129e+00
2.994610831663326735e+03 7.576499061114792433e+00
3.000252452905811879e+03 7.582382601108031750e+00
3.005894074148296568e+03 7.588281426223231207e+00
3.011535695390781257e+03 7.594196751747522178e+00
3.017177316633266400e+03 7.600129816794312987e+00
3.022818937875751544e+03 7.606081884477275068e+00
3.028460559118236233e+03 7.612054242084472122e+00
3.034102180360721832e+03 7.618048201252399565e+00
3.039743801603206066e+03 7.624065098139957364e+00
3.045385422845691210e+03 7.630106293602596068e+00
3.051027044088176353e+03 7.636173173366298528e+00
3.056668665330661497e+03 7.642267148201653093e+00
3.062310286573146186e+03 7.648389654097948132e+00
3.067951907815631330e+03 7.654542152437097791e+00
3.073593529058116019e+03 7.660726130167816450e+00
3.079235150300601163e+03 7.666943099979580012e+00
3.084876771543085852e+03 7.673194600476765714e+00
3.090518392785571450e+03 7.679482196352617862e+00
3.096160014028056139e+03 7.685807478563291717e+00
3.101801635270541283e+03 7.692172064501998641e+00
3.107443256513025972e+03 7.698577598172939851e+00
3.113084877755511116e+03 7.705025750365432025e+00
3.118726498997995805e+03 7.711518218827936977e+00
3.124368120240480948e+03 7.718056728442085124e+00
3.130009741482966092e+03 7.724643031396738913e+00
3.135651362725450781e+03 7.731278907362084674e+00
3.141292983967935470e+03 7.737966163663595687e+00
3.146934605210421068e+03 7.744706635456110710e+00
3.152576226452905757e+03 7.751502185897988895e+00
3.158217847695390901e+03 7.758354706324999128e+00
3.163859468937876045e+03 7.765266116424438536e+00
3.169501090180360734e+03 7.772238364409180811e+00
3.175142711422845423e+03 7.779273427191754742e+00
3.180784332665330567e+03 7.786373310558341920e+00
3.186425953907815710e+03 7.793540049342837506e+00
3.192067575150300399e+03 7.800775707600915432e+00
3.197709196392785088e+03 7.808082378784087396e+00
3.203350817635270687e+03 7.815462185913677473e+00
3.208992438877755376e+03 7.822917281755013441e+00
3.214634060120240520e+03 7.830449848991272610e+00
3.220275681362725663e+03 7.838062100397758414e+00
3.225917302605210352e+03 7.845756279015790646e+00
3.231558923847695041e+03 7.853534658326730700e+00
3.237200545090180185e+03 7.861399542426228848e+00
3.242842166332665329e+03 7.869353266198038988e+00
3.248483787575150018e+03 7.877398195488251709e+00
3.254125408817635616e+03 7.885536727279211178e+00
3.259767030060120305e+03 7.893771289863560803e+00
3.265408651302604994e+03 7.902104343018459431e+00
3.271050272545090138e+03 7.910538378179459151e+00
3.276691893787575282e+03 7.919075918614622012e+00
3.282333515030059971e+03 7.933094685368471843e+00
3.332269527517345978e+03 7.992438535240719233e+00
3.382205540004632439e+03 8.051782385112968399e+00
3.432141552491918446e+03 8.111126234985214012e+00
3.482077564979204453e+03 8.170470084857461401e+00
3.532013577466490460e+03 8.229813934729708791e+00
3.581949589953776922e+03 8.289157784601957957e+00
3.631885602441062929e+03 8.348501634474203570e+00
3.681821614928348936e+03 8.407845484346450959e+00
3.731757627415634943e+03 8.467189334218698349e+00
3.781693639902921404e+03 8.526533184090945738e+00
3.831629652390207411e+03 8.585877033963193128e+00
3.881565664877493418e+03 8.645220883835440517e+00
3.931501677364779425e+03 8.704564733707687907e+00
3.981437689852065887e+03 8.763908583579935296e+00
4.031373702339351894e+03 8.823252433452182686e+00
4.081309714826637901e+03 8.882596283324430075e+00
4.131245727313924363e+03 8.941940133196677465e+00
4.181181739801209915e+03 9.001283983068923078e+00
4.231117752288496376e+03 9.060627832941172244e+00
4.281053764775782838e+03 9.119971682813419633e+00
4.330989777263068390e+03 9.179315532685667023e+00
4.380925789750354852e+03 9.238659382557914412e+00
4.430861802237641314e+03 9.298003232430161802e+00
4.480797814724926866e+03 9.357347082302407415e+00
4.530733827212213328e+03 9.416690932174656581e+00
4.580669839699499789e+03 9.476034782046903970e+00
4.630605852186785341e+03 9.535378631919151360e+00
4.680541864674071803e+03 9.594722481791398749e+00
4.730477877161357355e+03 9.654066331663646139e+00
4.780413889648643817e+03 9.713410181535891752e+00
4.830349902135929369e+03 9.772754031408140918e+00
4.880285914623215831e+03 9.832097881280386531e+00
4.930221927110502293e+03 9.891441731152635697e+00
4.980157939597787845e+03 9.950785581024881310e+00
5.030093952085074307e+03 1.001012943089713048e+01
5.080029964572360768e+03 1.006947328076937609e+01
5.129965977059646320e+03 1.012881713064162525e+01
5.179901989546932782e+03 1.018816098051387087e+01
5.229838002034219244e+03 1.024750483038612003e+01
5.279774014521504796e+03 1.030684868025836565e+01
5.329710027008791258e+03 1.036619253013061481e+01
5.379646039496077719e+03 1.042553638000286043e+01
5.429582051983363272e+03 1.048488022987510959e+01
5.479518064470649733e+03 1.054422407974735520e+01
5.529454076957936195e+03 1.060356792961960437e+01
5.579390089445221747e+03 1.066291177949184998e+01
5.629326101932507299e+03 1.072225562936409737e+01
5.679262114419794671e+03 1.078159947923634476e+01
5.729198126907080223e+03 1.084094332910859393e+01
5.779134139394365775e+03 1.090028717898083954e+01
5.829070151881653146e+03 1.095963102885308871e+01
5.879006164368938698e+03 1.101897487872533432e+01
5.928942176856224251e+03 1.107831872859758171e+01
5.978878189343510712e+03 1.113766257846982910e+01
6.028814201830797174e+03 1.119700642834207827e+01
6.078750214318082726e+03 1.125635027821432388e+01
6.128686226805369188e+03 1.131569412808657127e+01
6.178622239292655649e+03 1.137503797795881866e+01
6.228558251779941202e+03 1.143438182783106605e+01
6.278494264267227663e+03 1.149372567770331344e+01
6.328430276754514125e+03 1.155306952757556260e+01
6.378366289241799677e+03 1.161241337744780822e+01
6.428302301729086139e+03 1.167175722732005561e+01
6.478238314216372601e+03 1.173110107719230299e+01
6.528174326703658153e+03 1.179044492706455038e+01
6.578110339190944615e+03 1.184978877693679777e+01
6.628046351678231076e+03 1.190913262680904694e+01
6.677982364165516628e+03 1.196847647668129255e+01
6.727918376652802181e+03 1.202782032655353817e+01
6.777854389140089552e+03 1.208716417642578733e+01
6.827790401627375104e+03 1.214650802629803295e+01
6.877726414114660656e+03 1.220585187617028211e+01
6.927662426601947118e+03 1.226519572604252772e+01
6.977598439089233580e+03 1.232453957591477689e+01
7.027534451576519132e+03 1.238388342578702250e+01
7.077470464063805593e+03 1.244322727565927167e+01
7.127406476551092055e+03 1.250257112553151728e+01
7.177342489038377607e+03 1.256191497540376645e+01
7.227278501525664069e+03 1.262125882527601206e+01
7.277214514012950531e+03 1.268060267514826123e+01
7.327150526500236083e+03 1.273994652502050684e+01
7.377086538987522545e+03 1.279929037489275601e+01
7.427022551474809006e+03 1.285863422476500162e+01
7.476958563962094559e+03 1.291797807463725078e+01
7.526894576449381020e+03 1.297732192450949640e+01
7.576830588936666572e+03 1.303666577438174556e+01
7.626766601423953034e+03 1.309600962425399118e+01
7.676702613911239496e+03 1.315535347412624034e+01
7.726638626398525048e+03 1.321469732399848596e+01
7.776574638885811510e+03 1.327404117387073512e+01
7.826510651373097971e+03 1.333338502374298074e+01
7.876446663860383524e+03 1.339272887361522990e+01
7.926382676347669985e+03 1.345207272348747551e+01
7.976318688834955537e+03 1.351141657335972468e+01
8.026254701322241999e+03 1.357076042323197029e+01
8.076190713809528461e+03 1.363010427310421946e+01
8.126126726296814013e+03 1.368944812297646507e+01
8.176062738784100475e+03 1.374879197284871424e+01
8.225998751271386936e+03 1.380813582272095985e+01
8.275934763758672489e+03 1.386747967259320902e+01
8.325870776245959860e+03 1.392682352246545463e+01
8.375806788733245412e+03 1.398616737233770380e+01
8.425742801220530964e+03 1.404551122220994941e+01
8.475678813707818335e+03 1.410485507208219857e+01
8.525614826195102069e+03 1.416419892195444419e+01
8.575550838682389440e+03 1.422354277182669335e+01
8.625486851169676811e+03 1.428288662169893897e+01
8.675422863656960544e+03 1.434223047157118458e+01
8.725358876144247915e+03 1.440157432144343375e+01
8.775294888631535287e+03 1.446091817131568291e+01
8.825230901118819020e+03 1.452026202118792853e+01
8.875166913606106391e+03 1.457960587106017769e+01
8.925102926093393762e+03 1.463894972093242330e+01
8.975038938580677495e+03 1.469829357080466892e+01
9.024974951067964867e+03 1.475763742067691808e+01
9.074910963555250419e+03 1.481698127054916370e+01
9.124846976042535971e+03 1.487632512042141286e+01
9.174782988529823342e+03 1.493566897029366203e+01
9.224719001017108894e+03 1.499501282016590764e+01
9.274655013504394446e+03 1.505435667003815325e+01
9.324591025991681818e+03 1.511370051991040242e+01
9.374527038478967370e+03 1.517304436978264803e+01
9.424463050966252922e+03 1.523238821965489720e+01
9.474399063453540293e+03 1.529173206952714636e+01
9.524335075940825845e+03 1.535107591939939198e+01
9.574271088428111398e+03 1.541041976927163759e+01
9.624207100915398769e+03 1.546976361914388676e+01
9.674143113402684321e+03 1.552910746901613237e+01
9.724079125889969873e+03 1.558845131888838154e+01
9.774015138377257244e+03 1.564779516876063070e+01
9.823951150864542797e+03 1.570713901863287631e+01
9.873887163351828349e+03 1.576648286850512193e+01
9.923823175839115720e+03 1.582582671837737109e+01
9.973759188326401272e+03 1.588517056824961671e+01
1.002369520081368682e+04 1.594451441812186587e+01
1.007363121330097420e+04 1.600385826799411504e+01
1.012356722578825975e+04 1.606320211786636065e+01
1.017350323827554530e+04 1.612254596773860627e+01
1.022343925076283267e+04 1.618188981761085543e+01
1.027337526325011822e+04 1.624123366748310104e+01
1.032331127573740378e+04 1.630057751735535021e+01
1.037324728822469115e+04 1.635992136722759582e+01
1.042318330071197488e+04 1.641926521709984144e+01
1.047311931319926225e+04 1.647860906697209060e+01
1.052305532568654962e+04 1.653795291684433977e+01
1.057299133817383336e+04 1.659729676671658538e+01
1.062292735066112073e+04 1.665664061658883455e+01
1.067286336314840810e+04 1.671598446646108016e+01
1.072279937563569183e+04 1.677532831633332577e+01
1.077273538812297920e+04 1.683467216620557494e+01
1.082267140061026657e+04 1.689401601607782410e+01
1.087260741309755031e+04 1.695335986595006972e+01
1.092254342558483768e+04 1.701270371582231888e+01
1.097247943807212323e+04 1.707204756569456450e+01
1.102241545055940878e+04 1.713139141556681011e+01
1.107235146304669615e+04 1.719073526543905928e+01
1.112228747553398171e+04 1.725007911531130489e+01
1.117222348802126726e+04 1.730942296518355406e+01
1.122215950050855463e+04 1.736876681505580322e+01
1.127209551299584018e+04 1.742811066492804883e+01
1.132203152548312573e+04 1.748745451480029445e+01
1.137196753797041310e+04 1.754679836467254361e+01
1.142190355045769866e+04 1.760614221454478923e+01
1.147183956294498421e+04 1.766548606441703839e+01
1.152177557543227158e+04 1.772482991428928756e+01
1.157171158791955895e+04 1.778417376416153317e+01
1.162164760040684268e+04 1.784351761403377878e+01
1.167158361289413006e+04 1.790286146390602795e+01
1.172151962538141379e+04 1.796220531377827356e+01
1.177145563786870116e+04 1.802154916365052273e+01
1.182139165035598853e+04 1.808089301352277189e+01
1.187132766284327226e+04 1.814023686339501396e+01
1.192126367533055964e+04 1.819958071326726312e+01
1.197119968781784701e+04 1.825892456313951229e+01
1.202113570030513074e+04 1.831826841301175790e+01
1.207107171279241811e+04 1.837761226288400707e+01
1.212100772527970548e+04 1.843695611275625623e+01
1.217094373776698922e+04 1.849629996262849829e+01
1.222087975025427659e+04 1.855564381250074746e+01
1.227081576274156396e+04 1.861498766237299662e+01
1.232075177522884769e+04 1.867433151224524224e+01
1.237068778771613506e+04 1.873367536211749140e+01
1.242062380020342243e+04 1.879301921198974057e+01
1.247055981269070617e+04 1.885236306186198263e+01
1.252049582517799354e+04 1.891170691173423180e+01
1.257043183766528091e+04 1.897105076160648096e+01
1.262036785015256464e+04 1.903039461147872657e+01
1.267030386263985201e+04 1.908973846135097574e+01
1.272023987512713938e+04 1.914908231122322491e+01
1.277017588761442312e+04 1.920842616109546697e+01
1.282011190010171049e+04 1.926777001096771613e+01
1.287004791258899786e+04 1.932711386083996530e+01
1.291998392507628159e+04 1.938645771071221091e+01
1.296991993756356896e+04 1.944580156058446008e+01
1.301985595005085634e+04 1.950514541045670924e+01
1.306979196253814007e+04 1.956448926032895130e+01
1.311972797502542744e+04 1.962383311020120047e+01
1.316966398751271481e+04 1.968317696007344964e+01
1.321960000000000036e+04 1.974252080994569525e+01
