4.983700000000000045e+02 5.160703482435771150e+00
5.039387975951904082e+02 5.211086054165088299e+00
5.095075951903807550e+02 5.260884640615419272e+00
5.150763927855712154e+02 5.310104447386692073e+00
5.206451903807615054e+02 5.358750650441125529e+00
5.262139879759519090e+02 5.406828396185828112e+00
5.317827855711423126e+02 5.454342801555399411e+00
5.373515831663326026e+02 5.501298954094527183e+00
5.429203807615231199e+02 5.547701912040594152e+00
5.484891783567134098e+02 5.593556704406265290e+00
5.540579759519038134e+02 5.638868331062102612e+00
5.596267735470942171e+02 5.683641762819150678e+00
5.651955711422845070e+02 5.727881941511549613e+00
5.707643687374750243e+02 5.771593780079127711e+00
5.763331663326653143e+02 5.814782162649996700e+00
5.819019639278557179e+02 5.857451944623164763e+00
5.874707615230461215e+02 5.899607952751126483e+00
5.930395591182364115e+02 5.941254985222462537e+00
5.986083567134269288e+02 5.982397811744446514e+00
6.041771543086172187e+02 6.023041173625635736e+00
6.097459519038076223e+02 6.063189783858481618e+00
6.153147494989980260e+02 6.102848327201920497e+00
6.208835470941883159e+02 6.142021460263975996e+00
6.264523446893788332e+02 6.180713811584359618e+00
6.320211422845691231e+02 6.218929981717074895e+00
6.375899398797595268e+02 6.256674543313009096e+00
6.431587374749499304e+02 6.293952041202539149e+00
6.487275350701402203e+02 6.330766992478128685e+00
6.542963326653306240e+02 6.367123886576926850e+00
6.598651302605210276e+02 6.403027185363375118e+00
6.654339278557114312e+02 6.438481323211795448e+00
6.710027254509018348e+02 6.473490707089003315e+00
6.765715230460922385e+02 6.508059716636896752e+00
6.821403206412825284e+02 6.542192704255061386e+00
6.877091182364729320e+02 6.575893995183369256e+00
6.932779158316633357e+02 6.609167887584581180e+00
6.988467134268537393e+02 6.642018652626942021e+00
7.044155110220440292e+02 6.674450534566783055e+00
7.099843086172344329e+02 6.706467750831123453e+00
7.155531062124248365e+02 6.738074492100263768e+00
7.211219038076152401e+02 6.769274922390398075e+00
7.266907014028056437e+02 6.800073179136196799e+00
7.322594989979960474e+02 6.830473373273425963e+00
7.378282965931863373e+02 6.860479589321528238e+00
7.433970941883767409e+02 6.890095885466236858e+00
7.489658917835671446e+02 6.919326293642168224e+00
7.545346893787575482e+02 6.948174819615424269e+00
7.601034869739478381e+02 6.976645443066192165e+00
7.656722845691383554e+02 7.004742117671343138e+00
7.712410821643286454e+02 7.032468771187034839e+00
7.768098797595189353e+02 7.059829305531306609e+00
7.823786773547093389e+02 7.086827596866685397e+00
7.879474749498997426e+02 7.113467495682780140e+00
7.935162725450901462e+02 7.139752826878885017e+00
7.990850701402805498e+02 7.165687389846578270e+00
8.046538677354709534e+02 7.191274958552321017e+00
8.102226653306613571e+02 7.216519281620058734e+00
8.157914629258516470e+02 7.241424082413821850e+00
8.213602605210421643e+02 7.265993059120322783e+00
8.269290581162324543e+02 7.290229884831557428e+00
8.324978557114227442e+02 7.314138207627404853e+00
8.380666533066132615e+02 7.337721650658229677e+00
8.436354509018035515e+02 7.360983812227475553e+00
8.492042484969939551e+02 7.383928265874272867e+00
8.547730460921843587e+02 7.406558560456032225e+00
8.603418436873747623e+02 7.428878220231048601e+00
8.659106412825651660e+02 7.450890744941096600e+00
8.714794388777555696e+02 7.472599609894035488e+00
8.770482364729459732e+02 7.494008266046407130e+00
8.826170340681362632e+02 7.515120140086036571e+00
8.881858316633265531e+02 7.535938634514626422e+00
8.937546292585170704e+02 7.556467127730366329e+00
8.993234268537073604e+02 7.576708974110522021e+00
9.048922244488977640e+02 7.596667504094046564e+00
9.104610220440881676e+02 7.616346024264171177e+00
9.160298196392785712e+02 7.635747817431008500e+00
9.215986172344689749e+02 7.654876142714156728e+00
9.271674148296592648e+02 7.673734235625287781e+00
9.327362124248497821e+02 7.692325308150758545e+00
9.383050100200400720e+02 7.710652548834209696e+00
9.438738076152303620e+02 7.728719122859154744e+00
9.494426052104208793e+02 7.746528172131597501e+00
9.550114028056111692e+02 7.764082815362613132e+00
9.605802004008015729e+02 7.781386148150965631e+00
9.661489979959919765e+02 7.798441243065690642e+00
9.717177955911823801e+02 7.815251149728711155e+00
9.772865931863727837e+02 7.831818894897425665e+00
9.828553907815631874e+02 7.848147482547314979e+00
9.884241883767535910e+02 7.864239893954536598e+00
9.939929859719438809e+02 7.880099087778530631e+00
9.995617835671343983e+02 7.895728000144616843e+00
1.005130581162324688e+03 7.911129544726591689e+00
1.010699378757514978e+03 7.926306612829330689e+00
1.016268176352705382e+03 7.941262073471390792e+00
1.021836973947895785e+03 7.955998773467610974e+00
1.027405771543086303e+03 7.970519537511699504e+00
1.032974569138276365e+03 7.984827168258849639e+00
1.038543366733466883e+03 7.998924446408334887e+00
1.044112164328657400e+03 8.012814130786102496e+00
1.049680961923847690e+03 8.026498958427380259e+00
1.055249759519037980e+03 8.039981644659274451e+00
1.060818557114228497e+03 8.053264883183368639e+00
1.066387354709418787e+03 8.066351346158326052e+00
1.071956152304609077e+03 8.079243684282484850e+00
1.077524949899799594e+03 8.091944526876460486e+00
1.083093747494989884e+03 8.104456481965751635e+00
1.088662545090180174e+03 8.116782136363326572e+00
1.094231342685370691e+03 8.128924055752236200e+00
1.099800140280561209e+03 8.140884784768207538e+00
1.105368937875751499e+03 8.152666847082244317e+00
1.110937735470941789e+03 8.164272745483225791e+00
1.116506533066132306e+03 8.175704961960507333e+00
1.122075330661322596e+03 8.186965957786524584e+00
1.127644128256513113e+03 8.198058173599390486e+00
1.133212925851703403e+03 8.208984029485485223e+00
1.138781723446893693e+03 8.219745925062078129e+00
1.144350521042084210e+03 8.230346239559905186e+00
1.149919318637274500e+03 8.240787331905780277e+00
1.155488116232465018e+03 8.251071540805195781e+00
1.161056913827655308e+03 8.261201184824917831e+00
1.166625711422845598e+03 8.271178562475586915e+00
1.172194509018036115e+03 8.281005952294323791e+00
1.177763306613226405e+03 8.290685612927317649e+00
1.183332104208416695e+03 8.300219783212440916e+00
1.188900901803607212e+03 8.309610682261832082e+00
1.194469699398797502e+03 8.318860509544512283e+00
1.200038496993987792e+03 8.327971444968973458e+00
1.205607294589178309e+03 8.336945648965784272e+00
1.211176092184368827e+03 8.345785262570185381e+00
1.216744889779559117e+03 8.354492407504693574e+00
1.222313687374749406e+03 8.363069186261702370e+00
1.227882484969939924e+03 8.371517682186077280e+00
1.233451282565130214e+03 8.379839959557752849e+00
1.239020080160320731e+03 8.388038063674345679e+00
1.244588877755511021e+03 8.396114020933740818e+00
1.250157675350701311e+03 8.404069838916701229e+00
1.255726472945891828e+03 8.411907506469457729e+00
1.261295270541082118e+03 8.419628993786323790e+00
1.266864068136272635e+03 8.427236252492274815e+00
1.272432865731462925e+03 8.434731215725568276e+00
1.278001663326653215e+03 8.442115798220330092e+00
1.283570460921843733e+03 8.449391896389158774e+00
1.289139258517034250e+03 8.456561388405729573e+00
1.294708056112224313e+03 8.463626134287386193e+00
1.300276853707414830e+03 8.470587975977748485e+00
1.305845651302605347e+03 8.477448737429305936e+00
1.311414448897795410e+03 8.484210224686020041e+00
1.316983246492985927e+03 8.490874225965926669e+00
1.322552044088176444e+03 8.497442511743733107e+00
1.328120841683366734e+03 8.503916834833415095e+00
1.333689639278557024e+03 8.510298930470831635e+00
1.339258436873747542e+03 8.516590516396293609e+00
1.344827234468937831e+03 8.522793292937198117e+00
1.350396032064128349e+03 8.528908943090616646e+00
1.355964829659318639e+03 8.534939132605877887e+00
1.361533627254508929e+03 8.540885510067193209e+00
1.367102424849699446e+03 8.546749706976237704e+00
1.372671222444889736e+03 8.552533337834764993e+00
1.378240020040080253e+03 8.558238000227188280e+00
1.383808817635270543e+03 8.563865274903202263e+00
1.389377615230460833e+03 8.569416725860371287e+00
1.394946412825651350e+03 8.574893900426721061e+00
1.400515210420841640e+03 8.580298329343357011e+00
1.406084008016031930e+03 8.585631526847045336e+00
1.411652805611222448e+03 8.590894990752833138e+00
1.417221603206412965e+03 8.596090202536629477e+00
1.422790400801603028e+03 8.601218627417816620e+00
1.428359198396793545e+03 8.606281714441845310e+00
1.433927995991984062e+03 8.611280896562831799e+00
1.439496793587174125e+03 8.616217590726170883e+00
1.445065591182364642e+03 8.621093197951118725e+00
1.450634388777555159e+03 8.625909103413402335e+00
1.456203186372745449e+03 8.630666676527820158e+00
1.461771983967935739e+03 8.635367271030839120e+00
1.467340781563126257e+03 8.640012225063188112e+00
1.472909579158316546e+03 8.644602861252476345e+00
1.478478376753507064e+03 8.649140486795772631e+00
1.484047174348697354e+03 8.653626393542211304e+00
1.489615971943887871e+03 8.658061858075605244e+00
1.495184769539078161e+03 8.662448141797028711e+00
1.500753567134268451e+03 8.666786491007428594e+00
1.506322364729458968e+03 8.671078136990210794e+00
1.511891162324649486e+03 8.675324296093858578e+00
1.517459959919839548e+03 8.679526169814515413e+00
1.523028757515030065e+03 8.683684944878596212e+00
1.528597555110220583e+03 8.687801793325384381e+00
1.534166352705410645e+03 8.691877872589627074e+00
1.539735150300601163e+03 8.695914325584135796e+00
1.545303947895791680e+03 8.699912280782399421e+00
1.550872745490981742e+03 8.703872852301163476e+00
1.556441543086172260e+03 8.707797139983043166e+00
1.562010340681362777e+03 8.711686229479120414e+00
1.567579138276552840e+03 8.715541192331546227e+00
1.573147935871743357e+03 8.719363086056134193e+00
1.578716733466933874e+03 8.723152954224964617e+00
1.584285531062124164e+03 8.726911826548986895e+00
1.589854328657314454e+03 8.730640718960611224e+00
1.595423126252504971e+03 8.734340633696312750e+00
1.600991923847695261e+03 8.738012559379244593e+00
1.606560721442885779e+03 8.741657471101810017e+00
1.612129519038076069e+03 8.745276330508284346e+00
1.617698316633266586e+03 8.748870085877410219e+00
1.623267114228456876e+03 8.752439672204989307e+00
1.628835911823647166e+03 8.755986011286495341e+00
1.634404709418837683e+03 8.759510011799665818e+00
1.639973507014028201e+03 8.763012569387093720e+00
1.645542304609218263e+03 8.766494566738845862e+00
1.651111102204408780e+03 8.769956873675052833e+00
1.656679899799599070e+03 8.773400347228506035e+00
1.662248697394789588e+03 8.776825831727265381e+00
1.667817494989979878e+03 8.780234158877249229e+00
1.673386292585170395e+03 8.783626147844847409e+00
1.678955090180360685e+03 8.787002605339502281e+00
1.684523887775550975e+03 8.790364325696334191e+00
1.690092685370741492e+03 8.793712090958713645e+00
1.695661482965932009e+03 8.797046670960884995e+00
1.701230280561122072e+03 8.800368823410547492e+00
1.706799078156312589e+03 8.803679293971470088e+00
1.712367875751502879e+03 8.806978816346084926e+00
1.717936673346693397e+03 8.810268112358077275e+00
1.723505470941883686e+03 8.813547892035007436e+00
1.729074268537074204e+03 8.816818853690891800e+00
1.734643066132264494e+03 8.820081684008808764e+00
1.740211863727454784e+03 8.823337058123502885e+00
1.745780661322645301e+03 8.826585639703985464e+00
1.751349458917835818e+03 8.829828081036112053e+00
1.756918256513025881e+03 8.833065023105220348e+00
1.762487054108216398e+03 8.836297095678695257e+00
1.768055851703406688e+03 8.839524917388594361e+00
1.773624649298597205e+03 8.842749095814232518e+00
1.779193446893787495e+03 8.845970227564784238e+00
1.784762244488978013e+03 8.849188898361884270e+00
1.790331042084168303e+03 8.852405683122235303e+00
1.795899839679358593e+03 8.855621146040192571e+00
1.801468637274549110e+03 8.858835840670382211e+00
1.807037434869739627e+03 8.862050310010282317e+00
1.812606232464929690e+03 8.865265086582837739e+00
1.818175030060120207e+03 8.868480692519050024e+00
1.823743827655310724e+03 8.871697639640583333e+00
1.829312625250501014e+03 8.874916429542359708e+00
1.834881422845691304e+03 8.878137553675166771e+00
1.840450220440881822e+03 8.881361493428240550e+00
1.846019018036072111e+03 8.884588720211896273e+00
1.851587815631262401e+03 8.887819695540091658e+00
1.857156613226452919e+03 8.891054871113052371e+00
1.862725410821643436e+03 8.894294688899858414e+00
1.868294208416833499e+03 8.897539581221057148e+00
1.873863006012024016e+03 8.900789970831251452e+00
1.879431803607214533e+03 8.904046271001696766e+00
1.885000601202404823e+03 8.907308885602915893e+00
1.890569398797595113e+03 8.910578209187288934e+00
1.896138196392785630e+03 8.913854627071657433e+00
1.901706993987975693e+03 8.917138515419912537e+00
1.907275791583166210e+03 8.920430241325609799e+00
1.912844589178356728e+03 8.923730162894567997e+00
1.918413386773547018e+03 8.927038629327455510e+00
1.923982184368737308e+03 8.930355981002406907e+00
1.929550981963927825e+03 8.933682549557605768e+00
1.935119779559118115e+03 8.937018657973894165e+00
1.940688577154308405e+03 8.940364620657391015e+00
1.946257374749498922e+03 8.943720743522046490e+00
1.951826172344689212e+03 8.947087324072281689e+00
1.957394969939879729e+03 8.950464651485573242e+00
1.962963767535070019e+03 8.953853006695055683e+00
1.968532565130260537e+03 8.957252662472127369e+00
1.974101362725450826e+03 8.960663883509027983e+00
1.979670160320641344e+03 8.964086926501462216e+00
1.985238957915831634e+03 8.967522040231196812e+00
1.990807755511022151e+03 8.970969465648646946e+00
1.996376553106212441e+03 8.974429435955489254e+00
2.001945350701402731e+03 8.977902176687251767e+00
2.007514148296593248e+03 8.981387905795928717e+00
2.013082945891783766e+03 8.984886833732563360e+00
2.018651743486973828e+03 8.988399163529848579e+00
2.024220541082164118e+03 8.991925090884741678e+00
2.029789338677354863e+03 8.995464804241063206e+00
2.035358136272544925e+03 8.999018484872070900e+00
2.040926933867735215e+03 9.002586306963088703e+00
2.046495731462925960e+03 9.006168437694098472e+00
2.052064529058116022e+03 9.009765037322331693e+00
2.057633326653306540e+03 9.013376259264875401e+00
2.063202124248497057e+03 9.017002250181270995e+00
2.068770921843687574e+03 9.020643150056123716e+00
2.074339719438877637e+03 9.024299092281676593e+00
2.079908517034068154e+03 9.027970203740446564e+00
2.085477314629258217e+03 9.031656604887793094e+00
2.091046112224448734e+03 9.035358409834522320e+00
2.096614909819639252e+03 9.039075726429524948e+00
2.102183707414829769e+03 9.042808656342304019e+00
2.107752505010019831e+03 9.046557295145653654e+00
2.113321302605210349e+03 9.050321732398195707e+00
2.118890100200400866e+03 9.054102051727022982e+00
2.124458897795590929e+03 9.057898330910276741e+00
2.130027695390781446e+03 9.061710641959741963e+00
2.135596492985971963e+03 9.065539051203469256e+00
2.141165290581162026e+03 9.069383619368359462e+00
2.146734088176352543e+03 9.073244401662766023e+00
2.152302885771543060e+03 9.077121447859092029e+00
2.157871683366733123e+03 9.081014802376394357e+00
2.163440480961923640e+03 9.084924504362987818e+00
2.169009278557114158e+03 9.088850587779031542e+00
2.174578076152304675e+03 9.092793081479147332e+00
2.180146873747495192e+03 9.096752009295000718e+00
2.185715671342685255e+03 9.100727390117910431e+00
2.191284468937875772e+03 9.104719237981452551e+00
2.196853266533065835e+03 9.108727562144045109e+00
2.202422064128256352e+03 9.112752367171564671e+00
2.207990861723446869e+03 9.116793653019954036e+00
2.213559659318637387e+03 9.120851415117780192e+00
2.219128456913827904e+03 9.124925644448868667e+00
2.224697254509017966e+03 9.129016327634911221e+00
2.230266052104208029e+03 9.133123447018032692e+00
2.235834849699399001e+03 9.137246980743430669e+00
2.241403647294589064e+03 9.141386902841926343e+00
2.246972444889779581e+03 9.145543183312607738e+00
2.252541242484970098e+03 9.149715788205421418e+00
2.258110040080160161e+03 9.153904679703744662e+00
2.263678837675350678e+03 9.158109816207016252e+00
2.269247635270541195e+03 9.162331152413331736e+00
2.274816432865731258e+03 9.166568639402020935e+00
2.280385230460921775e+03 9.170822224716268067e+00
2.285954028056112293e+03 9.175091852445717677e+00
2.291522825651302355e+03 9.179377463309050356e+00
2.297091623246492873e+03 9.183678994736613532e+00
2.302660420841683390e+03 9.187996380952981212e+00
2.308229218436873452e+03 9.192329553059604308e+00
2.313798016032063970e+03 9.196678439117341952e+00
2.319366813627254487e+03 9.201042964229159793e+00
2.324935611222445004e+03 9.205423050622618675e+00
2.330504408817635067e+03 9.209818617732558721e+00
2.336073206412825584e+03 9.214229582283657294e+00
2.341642004008016102e+03 9.218655858373047352e+00
2.347210801603206164e+03 9.223097357552902054e+00
2.352779599198396681e+03 9.227553988913051342e+00
2.358348396793587199e+03 9.232025659163564768e+00
2.363917194388777261e+03 9.236512272717360972e+00
2.369485991983968233e+03 9.241013731772824258e+00
2.375054789579158296e+03 9.245529936396366111e+00
2.380623587174348359e+03 9.250060784605047104e+00
2.386192384769538876e+03 9.254606172449175716e+00
2.391761182364729393e+03 9.259165994094926688e+00
2.397329979959919456e+03 9.263740141906904313e+00
2.402898777555110428e+03 9.268328506530748356e+00
2.408467575150300490e+03 9.272930976975777284e+00
2.414036372745491008e+03 9.277547440697530234e+00
2.419605170340681070e+03 9.282177783680417349e+00
2.425173967935871588e+03 9.286821890520268852e+00
2.430742765531062105e+03 9.291479644506974722e+00
2.436311563126252622e+03 9.296150927707069300e+00
2.441880360721442685e+03 9.300835621046346091e+00
2.447449158316633202e+03 9.305533604392406843e+00
2.453017955911823265e+03 9.310244756637352737e+00
2.458586753507014237e+03 9.314968955780290827e+00
2.464155551102204299e+03 9.319706079009991484e+00
2.469724348697394817e+03 9.324456002787453457e+00
2.475293146292585334e+03 9.329218602928545323e+00
2.480861943887775396e+03 9.333993754686570554e+00
2.486430741482965459e+03 9.338781332834861004e+00
2.491999539078156431e+03 9.343581211749423687e+00
2.497568336673346494e+03 9.348393265491496962e+00
2.503137134268537011e+03 9.353217367890145795e+00
2.508705931863727528e+03 9.358053392624920974e+00
2.514274729458917591e+03 9.362901213308370885e+00
2.519843527054108563e+03 9.367760703568730918e+00
2.525412324649298625e+03 9.372631737132442353e+00
2.530981122244488688e+03 9.377514187906824006e+00
2.536549919839679205e+03 9.382407930062626633e+00
2.542118717434869723e+03 9.387312838116628200e+00
2.547687515030060240e+03 9.392228787014264668e+00
2.553256312625250303e+03 9.397155652212241250e+00
2.558825110220440820e+03 9.402093309761053064e+00
2.564393907815631337e+03 9.407041636387686978e+00
2.569962705410821400e+03 9.412000509578135166e+00
2.575531503006011917e+03 9.416969807660077407e+00
2.581100300601202434e+03 9.421949409885383986e+00
2.586669098196392497e+03 9.426939196512805097e+00
2.592237895791583469e+03 9.431939048890527033e+00
2.597806693386773532e+03 9.436948849538767448e+00
2.603375490981963594e+03 9.441968482232397264e+00
2.608944288577154111e+03 9.446997832083532387e+00
2.614513086172344629e+03 9.452036785624121862e+00
2.620081883767534691e+03 9.457085230888541361e+00
2.625650681362725663e+03 9.462143057496259502e+00
2.631219478957915726e+03 9.467210156734342519e+00
2.636788276553105788e+03 9.472286421640111698e+00
2.642357074148296306e+03 9.477371747083711995e+00
2.647925871743486823e+03 9.482466029850769473e+00
2.653494669338677340e+03 9.487569168724922619e+00
2.659063466933867858e+03 9.492681064570447802e+00
2.664632264529057920e+03 9.497801620414891843e+00
2.670201062124248438e+03 9.502930741531599779e+00
2.675769859719438500e+03 9.508068335522395387e+00
2.681338657314629017e+03 9.513214312400126715e+00
2.686907454909819535e+03 9.518368584671289767e+00
2.692476252505010052e+03 9.523531067418613105e+00
2.698045050100200569e+03 9.528701678383651341e+00
2.703613847695390632e+03 9.533880338049446124e+00
2.709182645290580695e+03 9.539066969723023703e+00
2.714751442885771667e+03 9.544261499618087896e+00
2.720320240480961729e+03 9.549463856937570938e+00
2.725889038076152247e+03 9.554673973956241184e+00
2.731457835671342764e+03 9.559891786103310807e+00
2.737026633266532826e+03 9.565117232045025730e+00
2.742595430861723798e+03 9.570350253767294646e+00
2.748164228456913861e+03 9.575590796658218551e+00
2.753733026052103924e+03 9.580838809590787264e+00
2.759301823647294441e+03 9.586094245005403636e+00
2.764870621242484958e+03 9.591357058992510787e+00
2.770439418837675021e+03 9.596627211375196254e+00
2.776008216432865993e+03 9.601904665791778370e+00
2.781577014028056055e+03 9.607189389778422850e+00
2.787145811623246573e+03 9.612481354851730941e+00
2.792714609218436635e+03 9.617780536591336471e+00
2.798283406813627153e+03 9.623086914722534857e+00
2.803852204408817670e+03 9.628400473198801990e+00
2.809421002004007732e+03 9.633721200284535158e+00
2.814989799599197795e+03 9.639049088637484886e+00
2.820558597194388767e+03 9.644384135391522506e+00
2.826127394789578830e+03 9.649726342239073773e+00
2.831696192384769347e+03 9.655075715513845580e+00
2.837264989979959864e+03 9.660432266273394575e+00
2.842833787575150382e+03 9.665796010381683345e+00
2.848402585170340899e+03 9.671166968591753843e+00
2.853971382765530961e+03 9.676545166628212513e+00
2.859540180360721024e+03 9.681930635269965890e+00
2.865108977955911541e+03 9.687323410432750137e+00
2.870677775551102059e+03 9.692723533251722756e+00
2.876246573146292576e+03 9.698131050164059630e+00
2.881815370741483093e+03 9.703546012991612457e+00
2.887384168336673156e+03 9.708968479023443621e+00
2.892952965931864128e+03 9.714398511098451650e+00
2.898521763527053736e+03 9.719836177687980694e+00
2.904090561122244253e+03 9.725281552978419342e+00
2.909659358717434770e+03 9.730734716953758578e+00
2.915228156312625288e+03 9.736195755478249225e+00
2.920796953907815805e+03 9.741664760378982990e+00
2.926365751503005868e+03 9.747141829528477075e+00
2.931934549098195930e+03 9.752627066927267663e+00
2.937503346693386902e+03 9.758120582786558472e+00
2.943072144288576965e+03 9.763622493610768061e+00
2.948640941883767482e+03 9.769132922280137521e+00
2.954209739478957999e+03 9.774651998133382591e+00
2.959778537074148062e+03 9.780179857050208980e+00
2.965347334669339034e+03 9.785716641533984017e+00
2.970916132264529097e+03 9.791262500794292833e+00
2.976484929859719159e+03 9.796817590829569156e+00
2.982053727454909676e+03 9.802382074509687016e+00
2.987622525050100194e+03 9.807956121658516935e+00
2.993191322645290256e+03 9.813539909136610007e+00
2.998760120240481228e+03 9.819133620923700789e+00
3.004328917835671291e+03 9.824737448201421586e+00
3.009897715430861354e+03 9.830351589435775139e+00
3.015466513026051871e+03 9.835976250459822268e+00
3.021035310621242388e+03 9.841611644556284233e+00
3.026604108216432905e+03 9.847257992540052740e+00
3.032172905811623423e+03 9.852915522840900664e+00
3.037741703406813031e+03 9.858584471586031128e+00
3.043310501002004003e+03 9.864265082682665664e+00
3.048879298597194065e+03 9.869957607900648355e+00
3.054448096192384583e+03 9.875662306955103276e+00
3.060016893787575100e+03 9.881379447588901854e+00
3.065585691382765617e+03 9.887109305655442881e+00
3.071154488977956134e+03 9.892852165201087900e+00
3.076723286573146197e+03 9.898608318547863050e+00
3.082292084168336260e+03 9.904378066376015255e+00
3.087860881763526777e+03 9.910161717806609261e+00
3.093429679358717294e+03 9.915959590484181518e+00
3.098998476953907812e+03 9.921772010659260843e+00
3.104567274549098329e+03 9.927599313271029402e+00
3.110136072144288391e+03 9.933441842029882451e+00
3.115704869739479363e+03 9.939299949500048470e+00
3.121273667334668971e+03 9.945173997182214620e+00
3.126842464929859489e+03 9.951064355596070499e+00
3.132411262525050006e+03 9.956971404362921163e+00
3.137980060120240523e+03 9.962895532288351674e+00
3.143548857715430586e+03 9.968837137444751306e+00
3.149117655310621558e+03 9.974796627253907033e+00
3.154686452905811166e+03 9.980774418569692941e+00
3.160255250501002138e+03 9.986770937760564237e+00
3.165824048096192200e+03 9.992786620792264429e+00
3.171392845691382718e+03 9.998821913310280252e+00
3.176961643286573235e+03 1.000487727072261812e+01
3.182530440881763298e+03 1.001095315828226973e+01
3.188099238476953360e+03 1.001705005116981440e+01
3.193668036072144332e+03 1.002316843457617068e+01
3.199236833667334395e+03 1.002930880378495004e+01
3.204805631262524912e+03 1.003547166425532922e+01
3.210374428857715429e+03 1.004165753170440212e+01
3.215943226452905492e+03 1.004786693218994920e+01
3.221512024048096464e+03 1.005410040219296164e+01
3.227080821643286527e+03 1.006035848870029348e+01
3.232649619238476589e+03 1.006664174928715028e+01
3.238218416833667106e+03 1.007295075219985669e+01
3.243787214428857624e+03 1.007928607643827235e+01
3.249356012024048141e+03 1.008564831183859134e+01
3.254924809619238658e+03 1.004071637178621046e+01
3.304441770374920907e+03 1.008407666086499077e+01
3.353958731130603155e+03 1.012743694994377464e+01
3.403475691886285404e+03 1.017079723902255495e+01
3.452992652641967652e+03 1.021415752810133704e+01
3.502509613397649900e+03 1.025751781718011912e+01
3.552026574153332149e+03 1.030087810625890121e+01
3.601543534909013943e+03 1.034423839533768330e+01
3.651060495664696191e+03 1.038759868441646539e+01
3.700577456420378439e+03 1.043095897349524748e+01
3.750094417176060688e+03 1.047431926257402957e+01
3.799611377931742936e+03 1.051767955165281165e+01
3.849128338687425185e+03 1.056103984073159374e+01
3.898645299443107433e+03 1.060440012981037583e+01
3.948162260198789681e+03 1.064776041888915792e+01
3.997679220954471930e+03 1.069112070796794001e+01
4.047196181710154178e+03 1.073448099704672209e+01
4.096713142465836427e+03 1.077784128612550418e+01
4.146230103221518220e+03 1.082120157520428450e+01
4.195747063977200924e+03 1.086456186428306836e+01
4.245264024732882717e+03 1.090792215336184867e+01
4.294780985488565420e+03 1.095128244244063254e+01
4.344297946244247214e+03 1.099464273151941285e+01
4.393814906999929008e+03 1.103800302059819494e+01
4.443331867755611711e+03 1.108136330967697702e+01
4.492848828511294414e+03 1.112472359875576089e+01
4.542365789266976208e+03 1.116808388783454120e+01
4.591882750022658001e+03 1.121144417691332329e+01
4.641399710778340705e+03 1.125480446599210538e+01
4.690916671534022498e+03 1.129816475507088747e+01
4.740433632289705201e+03 1.134152504414966955e+01
4.789950593045386995e+03 1.138488533322844987e+01
4.839467553801069698e+03 1.142824562230723373e+01
4.888984514556751492e+03 1.147160591138601404e+01
4.938501475312434195e+03 1.151496620046479791e+01
4.988018436068115989e+03 1.155832648954357822e+01
5.037535396823797782e+03 1.160168677862236208e+01
5.087052357579480486e+03 1.164504706770114240e+01
5.136569318335163189e+03 1.168840735677992626e+01
5.186086279090844982e+03 1.173176764585870657e+01
5.235603239846526776e+03 1.177512793493748866e+01
5.285120200602209479e+03 1.181848822401627075e+01
5.334637161357892182e+03 1.186184851309505461e+01
5.384154122113573976e+03 1.190520880217383493e+01
5.433671082869255770e+03 1.194856909125261701e+01
5.483188043624937563e+03 1.199192938033139910e+01
5.532705004380620267e+03 1.203528966941018119e+01
5.582221965136302970e+03 1.207864995848896328e+01
5.631738925891984763e+03 1.212201024756774537e+01
5.681255886647666557e+03 1.216537053664652746e+01
5.730772847403349260e+03 1.220873082572530954e+01
5.780289808159031963e+03 1.225209111480409163e+01
5.829806768914713757e+03 1.229545140388287372e+01
5.879323729670395551e+03 1.233881169296165581e+01
5.928840690426078254e+03 1.238217198204043612e+01
5.978357651181760957e+03 1.242553227111921998e+01
6.027874611937442751e+03 1.246889256019800030e+01
6.077391572693124544e+03 1.251225284927678416e+01
6.126908533448806338e+03 1.255561313835556447e+01
6.176425494204489041e+03 1.259897342743434834e+01
6.225942454960171744e+03 1.264233371651312865e+01
6.275459415715853538e+03 1.268569400559191074e+01
6.324976376471535332e+03 1.272905429467069283e+01
6.374493337227218035e+03 1.277241458374947491e+01
6.424010297982900738e+03 1.281577487282825700e+01
6.473527258738582532e+03 1.285913516190703909e+01
6.523044219494264325e+03 1.290249545098582118e+01
6.572561180249947029e+03 1.294585574006460327e+01
6.622078141005629732e+03 1.298921602914338536e+01
6.671595101761311525e+03 1.303257631822216744e+01
6.721112062516993319e+03 1.307593660730094953e+01
6.770629023272675113e+03 1.311929689637972984e+01
6.820145984028357816e+03 1.316265718545851371e+01
6.869662944784040519e+03 1.320601747453729580e+01
6.919179905539722313e+03 1.324937776361607789e+01
6.968696866295404106e+03 1.329273805269485820e+01
7.018213827051086810e+03 1.333609834177364206e+01
7.067730787806769513e+03 1.337945863085242237e+01
7.117247748562451306e+03 1.342281891993120624e+01
7.166764709318133100e+03 1.346617920900998655e+01
7.216281670073815803e+03 1.350953949808877042e+01
7.265798630829498507e+03 1.355289978716755073e+01
7.315315591585180300e+03 1.359626007624633459e+01
7.364832552340862094e+03 1.363962036532511490e+01
7.414349513096544797e+03 1.368298065440389699e+01
7.463866473852226591e+03 1.372634094348267908e+01
7.513383434607909294e+03 1.376970123256146117e+01
7.562900395363591088e+03 1.381306152164024326e+01
7.612417356119273791e+03 1.385642181071902534e+01
7.661934316874955584e+03 1.389978209979780743e+01
7.711451277630637378e+03 1.394314238887658775e+01
7.760968238386320081e+03 1.398650267795537161e+01
7.810485199142001875e+03 1.402986296703415192e+01
7.860002159897684578e+03 1.407322325611293579e+01
7.909519120653366372e+03 1.411658354519171610e+01
7.959036081409049075e+03 1.415994383427049996e+01
8.008553042164730869e+03 1.420330412334928027e+01
8.058070002920413572e+03 1.424666441242806414e+01
8.107586963676095365e+03 1.429002470150684445e+01
8.157103924431778069e+03 1.433338499058562832e+01
8.206620885187459862e+03 1.437674527966440863e+01
8.256137845943143475e+03 1.442010556874319249e+01
8.305654806698825269e+03 1.446346585782197280e+01
8.355171767454507062e+03 1.450682614690075667e+01
8.404688728210188856e+03 1.455018643597953698e+01
8.454205688965870650e+03 1.459354672505831907e+01
8.503722649721552443e+03 1.463690701413710116e+01
8.553239610477234237e+03 1.468026730321588147e+01
8.602756571232917850e+03 1.472362759229466533e+01
8.652273531988599643e+03 1.476698788137344565e+01
8.701790492744283256e+03 1.481034817045222951e+01
8.751307453499965050e+03 1.485370845953101160e+01
8.800824414255646843e+03 1.489706874860979369e+01
8.850341375011328637e+03 1.494042903768857400e+01
8.899858335767010431e+03 1.498378932676735609e+01
8.949375296522692224e+03 1.502714961584613818e+01
8.998892257278374018e+03 1.507050990492491849e+01
9.048409218034057631e+03 1.511387019400370235e+01
9.097926178789739424e+03 1.515723048308248444e+01
9.147443139545423037e+03 1.520059077216126653e+01
9.196960100301104831e+03 1.524395106124005039e+01
9.246477061056786624e+03 1.528731135031883070e+01
9.295994021812468418e+03 1.533067163939761102e+01
9.345510982568150212e+03 1.537403192847639488e+01
9.395027943323832005e+03 1.541739221755517519e+01
9.444544904079515618e+03 1.546075250663395906e+01
9.494061864835197412e+03 1.550411279571273937e+01
9.543578825590881024e+03 1.554747308479152323e+01
9.593095786346562818e+03 1.559083337387030710e+01
9.642612747102244612e+03 1.563419366294908741e+01
9.692129707857926405e+03 1.567755395202786772e+01
9.741646668613608199e+03 1.572091424110665159e+01
9.791163629369289993e+03 1.576427453018543190e+01
9.840680590124971786e+03 1.580763481926421221e+01
9.890197550880655399e+03 1.585099510834299608e+01
9.939714511636337193e+03 1.589435539742177994e+01
9.989231472392020805e+03 1.593771568650056025e+01
1.003874843314770260e+04 1.598107597557934412e+01
1.008826539390338439e+04 1.602443626465812443e+01
1.013778235465906619e+04 1.606779655373690829e+01
1.018729931541474798e+04 1.611115684281568861e+01
1.023681627617042977e+04 1.615451713189446892e+01
1.028633323692611157e+04 1.619787742097325278e+01
1.033585019768179518e+04 1.624123771005203665e+01
1.038536715843747697e+04 1.628459799913081696e+01
1.043488411919316059e+04 1.632795828820960082e+01
1.048440107994884238e+04 1.637131857728838114e+01
1.053391804070452417e+04 1.641467886636716145e+01
1.058343500146020597e+04 1.645803915544594531e+01
1.063295196221588776e+04 1.650139944452472562e+01
1.068246892297156955e+04 1.654475973360350949e+01
1.073198588372725317e+04 1.658812002268228980e+01
1.078150284448293496e+04 1.663148031176107366e+01
1.083101980523861857e+04 1.667484060083985753e+01
1.088053676599430037e+04 1.671820088991863784e+01
1.093005372674998216e+04 1.676156117899741815e+01
1.097957068750566395e+04 1.680492146807620202e+01
1.102908764826134575e+04 1.684828175715498233e+01
1.107860460901702754e+04 1.689164204623376264e+01
1.112812156977270934e+04 1.693500233531254651e+01
1.117763853052839295e+04 1.697836262439133037e+01
1.122715549128407474e+04 1.702172291347011068e+01
1.127667245203975835e+04 1.706508320254889455e+01
1.132618941279544015e+04 1.710844349162767486e+01
1.137570637355112194e+04 1.715180378070645872e+01
1.142522333430680374e+04 1.719516406978523904e+01
1.147474029506248553e+04 1.723852435886401935e+01
1.152425725581816732e+04 1.728188464794280321e+01
1.157377421657385094e+04 1.732524493702158352e+01
1.162329117732953273e+04 1.736860522610036739e+01
1.167280813808521452e+04 1.741196551517914770e+01
1.172232509884089632e+04 1.745532580425793157e+01
1.177184205959657993e+04 1.749868609333671188e+01
1.182135902035226172e+04 1.754204638241549574e+01
1.187087598110794352e+04 1.758540667149427605e+01
1.192039294186362531e+04 1.762876696057305637e+01
1.196990990261930892e+04 1.767212724965184023e+01
1.201942686337499072e+04 1.771548753873062410e+01
1.206894382413067251e+04 1.775884782780940441e+01
1.211846078488635430e+04 1.780220811688818472e+01
1.216797774564203610e+04 1.784556840596696858e+01
1.221749470639771971e+04 1.788892869504575245e+01
1.226701166715340150e+04 1.793228898412453276e+01
1.231652862790908330e+04 1.797564927320331307e+01
1.236604558866476509e+04 1.801900956228209694e+01
1.241556254942044870e+04 1.806236985136088080e+01
1.246507951017613050e+04 1.810573014043966111e+01
1.251459647093181229e+04 1.814909042951844143e+01
1.256411343168749409e+04 1.819245071859722529e+01
1.261363039244317770e+04 1.823581100767600560e+01
1.266314735319885949e+04 1.827917129675478947e+01
1.271266431395454129e+04 1.832253158583356978e+01
1.276218127471022308e+04 1.836589187491235364e+01
1.281169823546590487e+04 1.840925216399113395e+01
1.286121519622158849e+04 1.845261245306991782e+01
1.291073215697727028e+04 1.849597274214869813e+01
1.296024911773295207e+04 1.853933303122748200e+01
1.300976607848863387e+04 1.858269332030626231e+01
1.305928303924431748e+04 1.862605360938504617e+01
1.310879999999999927e+04 1.866941389846382648e+01
