5.417200000000000273e+02 7.103605762409734403e+00
5.472155511022043584e+02 7.149488421561064122e+00
5.527111022044088031e+02 7.194794733861494151e+00
5.582066533066131342e+02 7.239530179250010633e+00
5.637022044088175790e+02 7.283700205228215374e+00
5.691977555110220237e+02 7.327310226952120864e+00
5.746933066132264685e+02 7.370365627323931079e+00
5.801888577154309132e+02 7.412871757083832946e+00
5.856844088176352443e+02 7.454833934901788695e+00
5.911799599198395754e+02 7.496257447469325541e+00
5.966755110220440201e+02 7.537147549591313833e+00
6.021710621242484649e+02 7.577509464277771833e+00
6.076666132264529097e+02 7.617348382835642084e+00
6.131621643286573544e+02 7.656669464960587312e+00
6.186577154308616855e+02 7.695477838828775674e+00
6.241532665330660166e+02 7.733778601188674884e+00
6.296488176352704613e+02 7.771576817452833907e+00
6.351443687374749061e+02 7.808877521789677090e+00
6.406399198396793508e+02 7.845685717215294730e+00
6.461354709418837956e+02 7.882006375685225663e+00
6.516310220440881267e+02 7.917844438186250500e+00
6.571265731462925714e+02 7.953204814828183089e+00
6.626221242484969025e+02 7.988092384935653101e+00
6.681176753507013473e+02 8.022511997139901041e+00
6.736132264529057920e+02 8.056468469470562610e+00
6.791087775551102368e+02 8.089966589447460166e+00
6.846043286573145679e+02 8.123011114172390634e+00
6.900998797595190126e+02 8.155606770420920526e+00
6.955954308617233437e+02 8.187758254734164964e+00
7.010909819639277885e+02 8.219470233510580925e+00
7.065865330661322332e+02 8.250747343097756925e+00
7.120820841683366780e+02 8.281594189884204482e+00
7.175776352705410090e+02 8.312015350391144253e+00
7.230731863727454538e+02 8.342015371364293941e+00
7.285687374749498986e+02 8.371598769865656209e+00
7.340642885771542296e+02 8.400770033365315470e+00
7.395598396793586744e+02 8.429533619833220470e+00
7.450553907815631192e+02 8.457893957830968645e+00
7.505509418837675639e+02 8.485855446603611796e+00
7.560464929859718950e+02 8.513422456171420905e+00
7.615420440881763398e+02 8.540599327421700693e+00
7.670375951903806708e+02 8.567390372200559767e+00
7.725331462925851156e+02 8.593799873404705636e+00
7.780286973947895603e+02 8.619832085073241501e+00
7.835242484969940051e+02 8.645491232479438182e+00
7.890197995991983362e+02 8.670781512222541565e+00
7.945153507014027809e+02 8.695707092319548082e+00
8.000109018036072257e+02 8.720272112297003275e+00
8.055064529058115568e+02 8.744480683282777278e+00
8.110020040080160015e+02 8.768336888097877591e+00
8.164975551102203326e+02 8.791844781348210347e+00
8.219931062124247774e+02 8.815008389516389542e+00
8.274886573146292221e+02 8.837831711053514283e+00
8.329842084168335532e+02 8.860318716470965583e+00
8.384797595190379980e+02 8.882473348432190718e+00
8.439753106212424427e+02 8.904299521844496468e+00
8.494708617234468875e+02 8.925801123950833471e+00
8.549664128256513322e+02 8.946982014421585916e+00
8.604619639278556633e+02 8.967846025446363001e+00
8.659575150300601081e+02 8.988396961825785070e+00
8.714530661322645528e+02 9.008638601063280404e+00
8.769486172344688839e+02 9.028574693456862477e+00
8.824441683366733287e+02 9.048208962190923188e+00
8.879397194388776597e+02 9.067545103428029662e+00
8.934352705410821045e+02 9.086586786400703275e+00
8.989308216432865493e+02 9.105337653503209339e+00
9.044263727454908803e+02 9.123801320383357449e+00
9.099219238476953251e+02 9.141981376034273410e+00
9.154174749498997699e+02 9.159881382886201351e+00
9.209130260521042146e+02 9.177504876898289865e+00
9.264085771543086594e+02 9.194855367650372813e+00
9.319041282565131041e+02 9.211936338434778548e+00
9.373996793587173215e+02 9.228751246348087633e+00
9.428952304609218800e+02 9.245303522382954498e+00
9.483907815631262110e+02 9.261596571519874033e+00
9.538863326653306558e+02 9.277633772818980162e+00
9.593818837675349869e+02 9.293418479511835528e+00
9.648774348697394316e+02 9.308954019093212295e+00
9.703729859719438764e+02 9.324243693412892497e+00
9.758685370741482075e+02 9.339290778767445289e+00
9.813640881763526522e+02 9.354098525992029067e+00
9.868596392785570970e+02 9.368670160552170501e+00
9.923551903807615417e+02 9.383008882635550663e+00
9.978507414829658728e+02 9.397117867243810707e+00
1.003346292585170431e+03 9.411000264284322014e+00
1.008841843687374649e+03 9.424659198661988313e+00
1.014337394789579093e+03 9.438097770371022932e+00
1.019832945891783538e+03 9.451319054586747370e+00
1.025328496993987983e+03 9.464326101757386311e+00
1.030824048096192428e+03 9.477121937695834220e+00
1.036319599198396645e+03 9.489709563671464565e+00
1.041815150300601090e+03 9.502091956501914183e+00
1.047310701402805535e+03 9.514272068644862301e+00
1.052806252505009979e+03 9.526252828289837993e+00
1.058301803607214424e+03 9.538037139449990320e+00
1.063797354709418869e+03 9.549627882053890460e+00
1.069292905811623086e+03 9.561027912037314280e+00
1.074788456913827531e+03 9.572240061435032032e+00
1.080284008016031976e+03 9.583267138472603364e+00
1.085779559118236421e+03 9.594111927658158123e+00
1.091275110220440865e+03 9.604777189874184273e+00
1.096770661322645310e+03 9.615265662469326458e+00
1.102266212424849755e+03 9.625580059350170359e+00
1.107761763527053972e+03 9.635723071073030610e+00
1.113257314629258417e+03 9.645697364935738705e+00
1.118752865731462862e+03 9.655505585069434460e+00
1.124248416833667306e+03 9.665150352530353928e+00
1.129743967935871751e+03 9.674634265391620858e+00
1.135239519038076196e+03 9.683959898835031055e+00
1.140735070140280641e+03 9.693129805242843844e+00
1.146230621242484858e+03 9.702146514289575308e+00
1.151726172344689303e+03 9.711012533033779093e+00
1.157221723446893748e+03 9.719730346009839650e+00
1.162717274549098192e+03 9.728302415319767249e+00
1.168212825651302637e+03 9.736731180724968127e+00
1.173708376753507082e+03 9.745019059738059042e+00
1.179203927855711299e+03 9.753168447714639200e+00
1.184699478957915744e+03 9.761181717945081715e+00
1.190195030060120189e+03 9.769061221746323298e+00
1.195690581162324634e+03 9.776809288553661048e+00
1.201186132264529078e+03 9.784428226012529706e+00
1.206681683366733523e+03 9.791920320070296668e+00
1.212177234468937968e+03 9.799287835068049901e+00
1.217672785571142185e+03 9.806533013832391177e+00
1.223168336673346630e+03 9.813658077767213328e+00
1.228663887775551075e+03 9.820665226945504145e+00
1.234159438877755520e+03 9.827556640201123628e+00
1.239654989979959737e+03 9.834334475220604332e+00
1.245150541082164409e+03 9.841000868634925070e+00
1.250646092184368626e+03 9.847557936111314802e+00
1.256141643286573071e+03 9.854007772445035229e+00
1.261637194388777516e+03 9.860352451651166916e+00
1.267132745490981961e+03 9.866594027056402538e+00
1.272628296593186406e+03 9.872734531390836565e+00
1.278123847695390850e+03 9.878775976879751397e+00
1.283619398797595295e+03 9.884720355335403497e+00
1.289114949899799740e+03 9.890569638248827289e+00
1.294610501002003957e+03 9.896325776881603531e+00
1.300106052104208175e+03 9.901990702357656104e+00
1.305601603206412847e+03 9.907566325755055914e+00
1.311097154308617064e+03 9.913054538197782151e+00
1.316592705410821736e+03 9.918457210947538627e+00
1.322088256513025954e+03 9.923776195495520369e+00
1.327583807615230398e+03 9.929013323654219292e+00
1.333079358717434843e+03 9.934170407649201451e+00
1.338574909819639288e+03 9.939249240210910941e+00
1.344070460921843733e+03 9.944251594666432936e+00
1.349566012024048177e+03 9.949179225031315354e+00
1.355061563126252622e+03 9.954033866101330119e+00
1.360557114228456840e+03 9.958817233544277059e+00
1.366052665330661284e+03 9.963531023991771818e+00
1.371548216432865729e+03 9.968176915131031990e+00
1.377043767535070174e+03 9.972756565796659700e+00
1.382539318637274391e+03 9.977271616062445503e+00
1.388034869739478836e+03 9.981723687333143857e+00
1.393530420841683281e+03 9.986114382436273473e+00
1.399025971943887726e+03 9.990445285713899892e+00
1.404521523046092170e+03 9.994717963114414516e+00
1.410017074148296615e+03 9.998933962284347388e+00
1.415512625250501060e+03 1.000309481266013378e+01
1.421008176352705277e+03 1.000720202555991989e+01
1.426503727454909949e+03 1.001125709427534005e+01
1.431999278557114167e+03 1.001526149416330824e+01
1.437494829659318611e+03 1.001921668273781663e+01
1.442990380761523056e+03 1.002312409976170748e+01
1.448485931863727274e+03 1.002698516733847711e+01
1.453981482965931718e+03 1.003080129000406018e+01
1.459477034068136163e+03 1.003457385481861230e+01
1.464972585170340608e+03 1.003830423145831219e+01
1.470468136272545053e+03 1.004199377230713353e+01
1.475963687374749497e+03 1.004564381254866134e+01
1.481459238476953715e+03 1.004925567025784261e+01
1.486954789579158387e+03 1.005283064649280433e+01
1.492450340681362604e+03 1.005637002538663971e+01
1.497945891783567276e+03 1.005987507423918359e+01
1.503441442885771494e+03 1.006334704360881460e+01
1.508936993987975711e+03 1.006678716740422885e+01
1.514432545090180383e+03 1.007019666297626337e+01
1.519928096192384601e+03 1.007357673120963248e+01
1.525423647294589045e+03 1.007692855661476017e+01
1.530919198396793490e+03 1.008025330741955727e+01
1.536414749498997935e+03 1.008355213566119701e+01
1.541910300601202380e+03 1.008682617727792241e+01
1.547405851703406825e+03 1.009007655220082356e+01
1.552901402805611042e+03 1.009330436444563084e+01
1.558396953907815714e+03 1.009651070220450464e+01
1.563892505010019931e+03 1.009969663793782146e+01
1.569388056112224604e+03 1.010286322846596896e+01
1.574883607214428821e+03 1.010601151506112316e+01
1.580379158316633038e+03 1.010914252353905418e+01
1.585874709418837710e+03 1.011225726435089811e+01
1.591370260521041928e+03 1.011535673267495739e+01
1.596865811623246373e+03 1.011844190850849046e+01
1.602361362725450817e+03 1.012151375675949083e+01
1.607856913827655262e+03 1.012457322733848031e+01
1.613352464929859707e+03 1.012762125525030754e+01
1.618848016032064152e+03 1.013065876068592530e+01
1.624343567134268369e+03 1.013368664911418193e+01
1.629839118236473041e+03 1.013670581137361104e+01
1.635334669338677259e+03 1.013971712376422829e+01
1.640830220440881931e+03 1.014272144813930154e+01
1.646325771543086148e+03 1.014571963199716720e+01
1.651821322645290365e+03 1.014871250857298968e+01
1.657316873747495038e+03 1.015170089693057598e+01
1.662812424849699255e+03 1.015468560205414050e+01
1.668307975951903927e+03 1.015766741494011782e+01
1.673803527054108145e+03 1.016064711268893817e+01
1.679299078156312589e+03 1.016362545859681532e+01
1.684794629258517034e+03 1.016660320224754344e+01
1.690290180360721479e+03 1.016958107960428137e+01
1.695785731462925696e+03 1.017255981310133706e+01
1.701281282565130368e+03 1.017554011173596784e+01
1.706776833667334586e+03 1.017852267116016662e+01
1.712272384769539258e+03 1.018150817377243555e+01
1.717767935871743475e+03 1.018449728880959881e+01
1.723263486973947693e+03 1.018749067243856743e+01
1.728759038076152365e+03 1.019048896784815739e+01
1.734254589178356582e+03 1.019349280534084912e+01
1.739750140280561027e+03 1.019650280242459317e+01
1.745245691382765472e+03 1.019951956390459458e+01
1.750741242484969916e+03 1.020254368197510786e+01
1.756236793587174361e+03 1.020557573631121429e+01
1.761732344689378806e+03 1.020861629416062755e+01
1.767227895791583023e+03 1.021166591043546035e+01
1.772723446893787695e+03 1.021472512780402653e+01
1.778218997995991913e+03 1.021779447678264141e+01
1.783714549098196585e+03 1.022087447582738839e+01
1.789210100200400802e+03 1.022396563142592285e+01
1.794705651302605020e+03 1.022706843818925293e+01
1.800201202404809464e+03 1.023018337894354346e+01
1.805696753507013909e+03 1.023331092482187898e+01
1.811192304609218354e+03 1.023645153535607122e+01
1.816687855711422799e+03 1.023960565856845584e+01
1.822183406813627244e+03 1.024277373106365729e+01
1.827678957915831688e+03 1.024595617812039450e+01
1.833174509018036133e+03 1.024915341378326517e+01
1.838670060120240578e+03 1.025236584095454617e+01
1.844165611222445023e+03 1.025559385148595304e+01
1.849661162324649240e+03 1.025883782627046159e+01
1.855156713426853912e+03 1.026209813533408166e+01
1.860652264529057902e+03 1.026537513792765210e+01
1.866147815631262347e+03 1.026866918261860562e+01
1.871643366733466792e+03 1.027198060738280105e+01
1.877138917835671236e+03 1.027530973969627937e+01
1.882634468937875681e+03 1.027865689662705684e+01
1.888130020040080126e+03 1.028202238492693610e+01
1.893625571142284571e+03 1.028540650112326382e+01
1.899121122244489015e+03 1.028880953161073286e+01
1.904616673346693460e+03 1.029223175274318081e+01
1.910112224448897905e+03 1.029567343092537968e+01
1.915607775551102350e+03 1.029913482270479719e+01
1.921103326653306340e+03 1.030261617486340953e+01
1.926598877755511012e+03 1.030611772450949815e+01
1.932094428857715457e+03 1.030963969916941636e+01
1.937589979959919674e+03 1.031318231687939146e+01
1.943085531062124119e+03 1.031674578627730376e+01
1.948581082164328564e+03 1.032033030669449936e+01
1.954076633266533236e+03 1.032393606824754073e+01
1.959572184368737453e+03 1.032756325193003732e+01
1.965067735470941670e+03 1.033121202970439612e+01
1.970563286573146343e+03 1.033488256459364862e+01
1.976058837675350787e+03 1.033857501077320684e+01
1.981554388777555005e+03 1.034228951366266713e+01
1.987049939879759449e+03 1.034602621001760525e+01
1.992545490981963894e+03 1.034978522802135359e+01
1.998041042084168339e+03 1.035356668737679087e+01
2.003536593186372556e+03 1.035737069939813182e+01
2.009032144288577229e+03 1.036119736710274353e+01
2.014527695390781673e+03 1.036504678530287649e+01
2.020023246492985891e+03 1.036891904069751291e+01
2.025518797595190335e+03 1.037281421196411557e+01
2.031014348697394780e+03 1.037673236985044767e+01
2.036509899799599225e+03 1.038067357726632167e+01
2.042005450901803442e+03 1.038463788937543697e+01
2.047501002004007887e+03 1.038862535368712514e+01
2.052996553106212559e+03 1.039263601014817162e+01
2.058492104208417004e+03 1.039666989123458407e+01
2.063987655310620994e+03 1.040072702204338739e+01
2.069483206412825893e+03 1.040480742038441520e+01
2.074978757515030338e+03 1.040891109687210658e+01
2.080474308617234783e+03 1.041303805501727275e+01
2.085969859719438773e+03 1.041718829131890800e+01
2.091465410821643218e+03 1.042136179535596341e+01
2.096960961923848117e+03 1.042555854987914898e+01
2.102456513026051653e+03 1.042977853090270912e+01
2.107952064128256097e+03 1.043402170779622651e+01
2.113447615230460997e+03 1.043828804337640115e+01
2.118943166332664987e+03 1.044257749399883650e+01
2.124438717434869432e+03 1.044689000964983805e+01
2.129934268537073876e+03 1.045122553403819410e+01
2.135429819639278321e+03 1.045558400468697968e+01
2.140925370741482766e+03 1.045996535302531782e+01
2.146420921843687211e+03 1.046436950448019942e+01
2.151916472945891655e+03 1.046879637856824274e+01
2.157412024048096100e+03 1.047324588898752040e+01
2.162907575150300545e+03 1.047771794370930110e+01
2.168403126252504990e+03 1.048221244506988015e+01
2.173898677354709434e+03 1.048672928986234432e+01
2.179394228456913879e+03 1.049126836942836505e+01
2.184889779559118324e+03 1.049582956975000592e+01
2.190385330661322769e+03 1.050041277154146968e+01
2.195880881763527213e+03 1.050501785034094127e+01
2.201376432865731658e+03 1.050964467660233481e+01
2.206871983967935648e+03 1.051429311578709758e+01
2.212367535070140548e+03 1.051896302845599962e+01
2.217863086172344993e+03 1.052365427036092882e+01
2.223358637274549437e+03 1.052836669253666457e+01
2.228854188376753427e+03 1.053310014139267636e+01
2.234349739478957872e+03 1.053785445880491167e+01
2.239845290581162317e+03 1.054262948220759100e+01
2.245340841683366307e+03 1.054742504468497799e+01
2.250836392785571206e+03 1.055224097506319225e+01
2.256331943887775651e+03 1.055707709800198657e+01
2.261827494989979641e+03 1.056193323408653839e+01
2.267323046092184086e+03 1.056680919991921996e+01
2.272818597194388531e+03 1.057170480821142888e+01
2.278314148296592975e+03 1.057661986787534225e+01
2.283809699398797420e+03 1.058155418411570636e+01
2.289305250501001865e+03 1.058650755852164771e+01
2.294800801603206310e+03 1.059147978915843957e+01
2.300296352705410754e+03 1.059647067065932369e+01
2.305791903807615199e+03 1.060147999431724841e+01
2.311287454909819644e+03 1.060650754817670993e+01
2.316783006012024089e+03 1.061155311712549398e+01
2.322278557114228533e+03 1.061661648298650817e+01
2.327774108216432978e+03 1.062169742460953969e+01
2.333269659318637423e+03 1.062679571796306988e+01
2.338765210420841868e+03 1.063191113622603368e+01
2.344260761523046313e+03 1.063704344987962358e+01
2.349756312625250303e+03 1.064219242679909883e+01
2.355251863727455202e+03 1.064735783234553423e+01
2.360747414829659192e+03 1.065253942945763654e+01
2.366242965931863637e+03 1.065773697874353232e+01
2.371738517034068082e+03 1.066295023857254520e+01
2.377234068136272526e+03 1.066817896516699449e+01
2.382729619238476971e+03 1.067342291269396526e+01
2.388225170340680961e+03 1.067868183335715315e+01
2.393720721442885861e+03 1.068395547748855812e+01
2.399216272545090305e+03 1.068924359364038423e+01
2.404711823647294295e+03 1.069454592867672815e+01
2.410207374749498740e+03 1.069986222786543095e+01
2.415702925851703185e+03 1.070519223496984829e+01
2.421198476953907630e+03 1.071053569234064362e+01
2.426694028056112074e+03 1.071589234100758148e+01
2.432189579158316519e+03 1.072126192077127627e+01
2.437685130260520964e+03 1.072664417029505479e+01
2.443180681362725409e+03 1.073203882719666957e+01
2.448676232464929853e+03 1.073744562814014714e+01
2.454171783567134298e+03 1.074286430892754929e+01
2.459667334669338743e+03 1.074829460459075037e+01
2.465162885771543188e+03 1.075373624948324647e+01
2.470658436873747632e+03 1.075918897737194690e+01
2.476153987975952077e+03 1.076465252152896923e+01
2.481649539078156522e+03 1.077012661482336320e+01
2.487145090180360512e+03 1.077561098981301413e+01
2.492640641282564957e+03 1.078110537883633313e+01
2.498136192384769856e+03 1.078660951410407876e+01
2.503631743486973846e+03 1.079212312779117156e+01
2.509127294589177836e+03 1.079764595212843759e+01
2.514622845691382736e+03 1.080317771949444605e+01
2.520118396793587181e+03 1.080871816250724038e+01
2.525613947895791625e+03 1.081426701411617941e+01
2.531109498997995615e+03 1.081982400769371822e+01
2.536605050100200060e+03 1.082538887712717468e+01
2.542100601202404505e+03 1.083096135691050499e+01
2.547596152304608950e+03 1.083654118223616081e+01
2.553091703406813394e+03 1.084212808908680437e+01
2.558587254509017839e+03 1.084772181432713722e+01
2.564082805611222284e+03 1.085332209579567042e+01
2.569578356713426729e+03 1.085892867239652837e+01
2.575073907815631173e+03 1.086454128419126164e+01
2.580569458917835618e+03 1.087015967249056381e+01
2.586065010020040063e+03 1.087578357994610911e+01
2.591560561122244508e+03 1.088141275064236879e+01
2.597056112224448952e+03 1.088704693018832614e+01
2.602551663326653397e+03 1.089268586580932130e+01
2.608047214428857387e+03 1.089832930643884268e+01
2.613542765531062287e+03 1.090397700281029358e+01
2.619038316633266732e+03 1.090962870754875347e+01
2.624533867735471176e+03 1.091528417526283334e+01
2.630029418837675166e+03 1.092094316263641574e+01
2.635524969939879611e+03 1.092660542852048877e+01
2.641020521042084511e+03 1.093227073402485416e+01
2.646516072144288501e+03 1.093793884261001637e+01
2.652011623246492491e+03 1.094360952017888877e+01
2.657507174348697390e+03 1.094928253516862249e+01
2.663002725450901380e+03 1.095495765864241378e+01
2.668498276553105825e+03 1.096063466438125289e+01
2.673993827655310270e+03 1.096631332897571909e+01
2.679489378757514714e+03 1.097199343191778809e+01
2.684984929859719159e+03 1.097767475569263596e+01
2.690480480961923604e+03 1.098335708587036130e+01
2.695976032064128049e+03 1.098904021119784247e+01
2.701471583166332493e+03 1.099472392369050056e+01
2.706967134268536938e+03 1.100040801872408736e+01
2.712462685370741383e+03 1.100609229512648923e+01
2.717958236472945828e+03 1.101177655526948129e+01
2.723453787575150272e+03 1.101746060516055969e+01
2.728949338677354717e+03 1.102314425453469227e+01
2.734444889779559162e+03 1.102882731694614371e+01
2.739940440881763607e+03 1.103450960986025464e+01
2.745435991983968051e+03 1.104019095474513890e+01
2.750931543086172042e+03 1.104587117716367572e+01
2.756427094188376941e+03 1.105155010686509875e+01
2.761922645290581386e+03 1.105722757787692068e+01
2.767418196392785831e+03 1.106290342859661280e+01
2.772913747494989821e+03 1.106857750188345690e+01
2.778409298597194265e+03 1.107424964515035626e+01
2.783904849699398710e+03 1.107991971045556312e+01
2.789400400801602700e+03 1.108558755459453948e+01
2.794895951903807600e+03 1.109125303919165617e+01
2.800391503006012044e+03 1.109691603079203048e+01
2.805887054108216034e+03 1.110257640095338516e+01
2.811382605210420479e+03 1.110823402633766577e+01
2.816878156312624924e+03 1.111388878880303110e+01
2.822373707414829369e+03 1.111954057549545993e+01
2.827869258517033813e+03 1.112518927894070053e+01
2.833364809619238258e+03 1.113083479713588630e+01
2.838860360721442703e+03 1.113647703364148711e+01
2.844355911823647148e+03 1.114211589767302968e+01
2.849851462925851592e+03 1.114775130419287308e+01
2.855347014028056037e+03 1.115338317400204282e+01
2.860842565130260482e+03 1.115901143383191219e+01
2.866338116232464927e+03 1.116463601643613934e+01
2.871833667334669371e+03 1.117025686068238599e+01
2.877329218436873816e+03 1.117587391164406085e+01
2.882824769539078261e+03 1.118148712069219286e+01
2.888320320641282251e+03 1.118709644558718352e+01
2.893815871743487151e+03 1.119270185057055400e+01
2.899311422845691595e+03 1.119830330645681826e+01
2.904806973947896040e+03 1.120390079072521416e+01
2.910302525050100030e+03 1.120949428761151978e+01
2.915798076152304475e+03 1.121508378819976848e+01
2.921293627254508920e+03 1.122066929051415229e+01
2.926789178356713819e+03 1.122625079961076722e+01
2.932284729458917354e+03 1.123182832766935846e+01
2.937780280561122254e+03 1.123740189408516343e+01
2.943275831663326699e+03 1.124297152556067658e+01
2.948771382765530689e+03 1.124853725619742661e+01
2.954266933867735133e+03 1.125409912758782482e+01
2.959762484969939578e+03 1.125965718890683220e+01
2.965258036072144478e+03 1.126521149700391078e+01
2.970753587174348468e+03 1.127076211649465876e+01
2.976249138276552912e+03 1.127630911985275119e+01
2.981744689378757357e+03 1.128185258750153785e+01
2.987240240480961802e+03 1.128739260790606735e+01
2.992735791583166247e+03 1.129292927766463173e+01
2.998231342685370691e+03 1.129846270160076749e+01
3.003726893787575136e+03 1.130399299285486947e+01
3.009222444889779581e+03 1.130952027297616169e+01
3.014717995991984026e+03 1.131504467201428099e+01
3.020213547094188471e+03 1.132056632861121770e+01
3.025709098196392915e+03 1.132608539009308757e+01
3.031204649298596905e+03 1.133160201256182731e+01
3.036700200400801805e+03 1.133711636098713171e+01
3.042195751503006250e+03 1.134262860929808880e+01
3.047691302605210694e+03 1.134813894047503879e+01
3.053186853707414684e+03 1.135364754664141529e+01
3.058682404809619129e+03 1.135915462915542662e+01
3.064177955911824029e+03 1.136466039870194145e+01
3.069673507014027564e+03 1.137016507538422871e+01
3.075169058116232009e+03 1.137566888881571892e+01
3.080664609218436908e+03 1.138117207821188970e+01
3.086160160320641353e+03 1.138667489248195430e+01
3.091655711422845343e+03 1.139217759032066368e+01
3.097151262525049788e+03 1.139768044030020988e+01
3.102646813627254232e+03 1.140318372096183452e+01
3.108142364729459132e+03 1.140868772090775352e+01
3.113637915831663122e+03 1.141419273889292008e+01
3.119133466933867567e+03 1.141969908391675403e+01
3.124629018036072011e+03 1.142520707531498836e+01
3.130124569138276456e+03 1.143071704285149792e+01
3.135620120240480901e+03 1.143622932680994531e+01
3.141115671342685346e+03 1.144174427808571792e+01
3.146611222444889790e+03 1.144726225827759691e+01
3.152106773547094235e+03 1.145278363977971381e+01
3.157602324649298680e+03 1.145830880587311640e+01
3.163097875751503125e+03 1.146383815081777513e+01
3.168593426853707570e+03 1.146937207994418628e+01
3.174088977955911560e+03 1.147491100974529488e+01
3.179584529058116459e+03 1.148045536796822397e+01
3.185080080160320904e+03 1.148600559370605367e+01
3.190575631262524439e+03 1.149156213748968192e+01
3.196071182364729339e+03 1.149712546137949332e+01
3.201566733466933783e+03 1.150269603905726967e+01
3.207062284569138683e+03 1.150827435591793346e+01
3.212557835671342218e+03 1.151386090916125049e+01
3.218053386773546663e+03 1.151945620788379721e+01
3.223548937875751562e+03 1.152506077317060118e+01
3.229044488977956007e+03 1.153067513818699652e+01
3.234540040080159997e+03 1.153629984827035493e+01
3.240035591182364442e+03 1.154193546102196244e+01
3.245531142284568887e+03 1.154758254639873982e+01
3.251026693386773331e+03 1.155324168680509800e+01
3.256522244488977776e+03 1.155891347718457141e+01
3.262017795591182221e+03 1.154735638062851244e+01
3.311635796618362292e+03 1.159544966134625277e+01
3.361253797645542363e+03 1.164354294206399487e+01
3.410871798672721980e+03 1.169163622278173520e+01
3.460489799699902051e+03 1.173972950349947730e+01
3.510107800727082122e+03 1.178782278421721941e+01
3.559725801754262193e+03 1.183591606493496151e+01
3.609343802781442264e+03 1.188400934565270184e+01
3.658961803808621880e+03 1.193210262637044394e+01
3.708579804835801951e+03 1.198019590708818427e+01
3.758197805862982023e+03 1.202828918780592637e+01
3.807815806890162094e+03 1.207638246852366848e+01
3.857433807917342165e+03 1.212447574924140881e+01
3.907051808944522236e+03 1.217256902995915091e+01
3.956669809971702307e+03 1.222066231067689301e+01
4.006287810998881923e+03 1.226875559139463334e+01
4.055905812026061994e+03 1.231684887211237545e+01
4.105523813053241611e+03 1.236494215283011755e+01
4.155141814080421682e+03 1.241303543354785788e+01
4.204759815107601753e+03 1.246112871426559998e+01
4.254377816134781824e+03 1.250922199498334209e+01
4.303995817161961895e+03 1.255731527570108241e+01
4.353613818189141966e+03 1.260540855641882452e+01
4.403231819216322037e+03 1.265350183713656662e+01
4.452849820243502108e+03 1.270159511785430695e+01
4.502467821270682180e+03 1.274968839857205083e+01
4.552085822297862251e+03 1.279778167928979116e+01
4.601703823325042322e+03 1.284587496000753148e+01
4.651321824352222393e+03 1.289396824072527536e+01
4.700939825379401555e+03 1.294206152144301569e+01
4.750557826406581626e+03 1.299015480216075602e+01
4.800175827433761697e+03 1.303824808287849812e+01
4.849793828460941768e+03 1.308634136359624023e+01
4.899411829488121839e+03 1.313443464431398056e+01
4.949029830515301910e+03 1.318252792503172266e+01
4.998647831542481981e+03 1.323062120574946476e+01
5.048265832569661143e+03 1.327871448646720509e+01
5.097883833596841214e+03 1.332680776718494542e+01
5.147501834624021285e+03 1.337490104790268930e+01
5.197119835651201356e+03 1.342299432862042963e+01
5.246737836678381427e+03 1.347108760933817173e+01
5.296355837705561498e+03 1.351918089005591384e+01
5.345973838732741569e+03 1.356727417077365416e+01
5.395591839759921641e+03 1.361536745149139627e+01
5.445209840787101712e+03 1.366346073220913837e+01
5.494827841814281783e+03 1.371155401292687870e+01
5.544445842841461854e+03 1.375964729364462080e+01
5.594063843868641925e+03 1.380774057436236291e+01
5.643681844895821996e+03 1.385583385508010323e+01
5.693299845923002067e+03 1.390392713579784534e+01
5.742917846950182138e+03 1.395202041651558744e+01
5.792535847977361300e+03 1.400011369723332777e+01
5.842153849004541371e+03 1.404820697795106987e+01
5.891771850031721442e+03 1.409630025866881198e+01
5.941389851058901513e+03 1.414439353938655231e+01
5.991007852086081584e+03 1.419248682010429441e+01
6.040625853113261655e+03 1.424058010082203651e+01
6.090243854140440817e+03 1.428867338153977684e+01
6.139861855167620888e+03 1.433676666225751717e+01
6.189479856194800959e+03 1.438485994297525927e+01
6.239097857221981030e+03 1.443295322369300138e+01
6.288715858249161101e+03 1.448104650441074170e+01
6.338333859276341173e+03 1.452913978512848558e+01
6.387951860303521244e+03 1.457723306584622591e+01
6.437569861330701315e+03 1.462532634656396802e+01
6.487187862357881386e+03 1.467341962728171012e+01
6.536805863385061457e+03 1.472151290799945045e+01
6.586423864412241528e+03 1.476960618871719255e+01
6.636041865439421599e+03 1.481769946943493466e+01
6.685659866466601670e+03 1.486579275015267498e+01
6.735277867493781741e+03 1.491388603087041709e+01
6.784895868520961812e+03 1.496197931158815919e+01
6.834513869548140974e+03 1.501007259230589952e+01
6.884131870575321045e+03 1.505816587302363985e+01
6.933749871602501116e+03 1.510625915374138373e+01
6.983367872629681187e+03 1.515435243445912405e+01
7.032985873656861258e+03 1.520244571517686438e+01
7.082603874684041330e+03 1.525053899589460826e+01
7.132221875711220491e+03 1.529863227661234859e+01
7.181839876738400562e+03 1.534672555733008892e+01
7.231457877765580633e+03 1.539481883804783102e+01
7.281075878792760705e+03 1.544291211876557313e+01
7.330693879819940776e+03 1.549100539948331345e+01
7.380311880847120847e+03 1.553909868020105556e+01
7.429929881874300918e+03 1.558719196091879766e+01
7.479547882901480989e+03 1.563528524163653799e+01
7.529165883928661060e+03 1.568337852235428187e+01
7.578783884955841131e+03 1.573147180307202220e+01
7.628401885983021202e+03 1.577956508378976253e+01
7.678019887010201273e+03 1.582765836450750641e+01
7.727637888037381344e+03 1.587575164522524673e+01
7.777255889064560506e+03 1.592384492594298706e+01
7.826873890091740577e+03 1.597193820666072916e+01
7.876491891118920648e+03 1.602003148737847127e+01
7.926109892146100719e+03 1.606812476809621160e+01
7.975727893173280791e+03 1.611621804881395548e+01
8.025345894200460862e+03 1.616431132953169580e+01
8.074963895227640933e+03 1.621240461024943613e+01
8.124581896254821004e+03 1.626049789096718001e+01
8.174199897282001075e+03 1.630859117168492034e+01
8.223817898309182056e+03 1.635668445240266067e+01
8.273435899336360308e+03 1.640477773312040455e+01
8.323053900363540379e+03 1.645287101383814488e+01
8.372671901390720450e+03 1.650096429455588520e+01
8.422289902417900521e+03 1.654905757527362908e+01
8.471907903445080592e+03 1.659715085599136941e+01
8.521525904472260663e+03 1.664524413670910974e+01
8.571143905499440734e+03 1.669333741742685362e+01
8.620761906526620805e+03 1.674143069814459395e+01
8.670379907553800876e+03 1.678952397886233427e+01
8.719997908580980948e+03 1.683761725958007816e+01
8.769615909608161019e+03 1.688571054029781848e+01
8.819233910635341090e+03 1.693380382101555881e+01
8.868851911662521161e+03 1.698189710173330269e+01
8.918469912689699413e+03 1.702999038245103947e+01
8.968087913716881303e+03 1.707808366316878335e+01
9.017705914744059555e+03 1.712617694388652367e+01
9.067323915771241445e+03 1.717427022460426755e+01
9.116941916798419697e+03 1.722236350532200788e+01
9.166559917825601588e+03 1.727045678603975176e+01
9.216177918852779840e+03 1.731855006675748854e+01
9.265795919879961730e+03 1.736664334747523242e+01
9.315413920907139982e+03 1.741473662819297630e+01
9.365031921934320053e+03 1.746282990891071307e+01
9.414649922961500124e+03 1.751092318962845695e+01
9.464267923988680195e+03 1.755901647034620083e+01
9.513885925015860266e+03 1.760710975106393761e+01
9.563503926043040337e+03 1.765520303178168149e+01
9.613121927070220408e+03 1.770329631249942537e+01
9.662739928097400480e+03 1.775138959321716570e+01
9.712357929124580551e+03 1.779948287393490602e+01
9.761975930151760622e+03 1.784757615465264990e+01
9.811593931178940693e+03 1.789566943537039023e+01
9.861211932206120764e+03 1.794376271608813056e+01
9.910829933233300835e+03 1.799185599680587444e+01
9.960447934260479087e+03 1.803994927752361122e+01
1.001006593528766098e+04 1.808804255824135510e+01
1.005968393631483923e+04 1.813613583895909542e+01
1.010930193734202112e+04 1.818422911967683930e+01
1.015891993836919937e+04 1.823232240039457963e+01
1.020853793939638126e+04 1.828041568111232351e+01
1.025815594042355951e+04 1.832850896183006029e+01
1.030777394145074140e+04 1.837660224254780417e+01
1.035739194247791966e+04 1.842469552326554449e+01
1.040700994350509973e+04 1.847278880398328482e+01
1.045662794453227980e+04 1.852088208470102870e+01
1.050624594555945987e+04 1.856897536541877258e+01
1.055586394658663994e+04 1.861706864613650936e+01
1.060548194761382001e+04 1.866516192685425324e+01
1.065509994864100008e+04 1.871325520757199712e+01
1.070471794966818015e+04 1.876134848828973389e+01
1.075433595069536022e+04 1.880944176900747777e+01
1.080395395172254030e+04 1.885753504972522165e+01
1.085357195274972037e+04 1.890562833044296198e+01
1.090318995377690044e+04 1.895372161116070231e+01
1.095280795480408051e+04 1.900181489187844619e+01
1.100242595583125876e+04 1.904990817259618296e+01
1.105204395685844065e+04 1.909800145331392685e+01
1.110166195788561890e+04 1.914609473403166717e+01
1.115127995891280079e+04 1.919418801474941105e+01
1.120089795993997905e+04 1.924228129546715138e+01
1.125051596096716094e+04 1.929037457618489526e+01
1.130013396199433919e+04 1.933846785690263204e+01
1.134975196302152108e+04 1.938656113762037592e+01
1.139936996404869933e+04 1.943465441833811624e+01
1.144898796507588122e+04 1.948274769905586012e+01
1.149860596610305947e+04 1.953084097977360045e+01
1.154822396713023954e+04 1.957893426049134078e+01
1.159784196815741961e+04 1.962702754120908111e+01
1.164745996918459969e+04 1.967512082192682499e+01
1.169707797021177976e+04 1.972321410264456532e+01
1.174669597123895983e+04 1.977130738336230564e+01
1.179631397226613990e+04 1.981940066408004952e+01
1.184593197329331997e+04 1.986749394479779340e+01
1.189554997432050004e+04 1.991558722551553018e+01
1.194516797534768011e+04 1.996368050623327406e+01
1.199478597637486018e+04 2.001177378695101794e+01
1.204440397740204025e+04 2.005986706766875471e+01
1.209402197842922033e+04 2.010796034838649859e+01
1.214363997945640040e+04 2.015605362910424248e+01
1.219325798048358047e+04 2.020414690982198280e+01
1.224287598151076054e+04 2.025224019053972313e+01
1.229249398253793879e+04 2.030033347125746346e+01
1.234211198356511886e+04 2.034842675197520379e+01
1.239172998459229893e+04 2.039652003269294767e+01
1.244134798561947900e+04 2.044461331341068799e+01
1.249096598664665908e+04 2.049270659412842832e+01
1.254058398767383915e+04 2.054079987484617220e+01
1.259020198870101922e+04 2.058889315556391253e+01
1.263981998972819929e+04 2.063698643628165286e+01
1.268943799075537936e+04 2.068507971699939674e+01
1.273905599178255943e+04 2.073317299771713706e+01
1.278867399280973950e+04 2.078126627843487739e+01
1.283829199383691957e+04 2.082935955915262127e+01
1.288790999486409964e+04 2.087745283987036160e+01
1.293752799589127972e+04 2.092554612058810193e+01
1.298714599691845979e+04 2.097363940130584581e+01
1.303676399794563986e+04 2.102173268202358969e+01
1.308638199897281993e+04 2.106982596274132646e+01
1.313600000000000000e+04 2.111791924345907034e+01
