4.835990000000000464e+02 1.680185356627189819e+00
4.892456953907815773e+02 1.730185115467513857e+00
4.948923907815631651e+02 1.779576233665008056e+00
5.005390861723446960e+02 1.828364820489904119e+00
5.061857815631262838e+02 1.876556945733953263e+00
5.118324769539078716e+02 1.924158639834087303e+00
5.174791723446894594e+02 1.971175893996080397e+00
5.231258677354709334e+02 2.017614660318206798e+00
5.287725631262525212e+02 2.063480851914900605e+00
5.344192585170341090e+02 2.108780343040415950e+00
5.400659539078156968e+02 2.153518969212488976e+00
5.457126492985972845e+02 2.197702527335994471e+00
5.513593446893787586e+02 2.241336775826606065e+00
5.570060400801603464e+02 2.284427434734460860e+00
5.626527354709419342e+02 2.326980185867811635e+00
5.682994308617234083e+02 2.369000672916696804e+00
5.739461262525049960e+02 2.410494501576586401e+00
5.795928216432865838e+02 2.451467239672055598e+00
5.852395170340681716e+02 2.491924417280439563e+00
5.908862124248497594e+02 2.531871526855488330e+00
5.965329078156312335e+02 2.571314023351034095e+00
6.021796032064128212e+02 2.610257324344648300e+00
6.078262985971944090e+02 2.648706810161300051e+00
6.134729939879759968e+02 2.686667823997017202e+00
6.191196893787575846e+02 2.724145672042548760e+00
6.247663847695391723e+02 2.761145623607018429e+00
6.304130801603206464e+02 2.797672911241593674e+00
6.360597755511022342e+02 2.833732730863135707e+00
6.417064709418838220e+02 2.869330241877865451e+00
6.473531663326652961e+02 2.904470567305023287e+00
6.529998617234468838e+02 2.939158793900527478e+00
6.586465571142284716e+02 2.973399972280634795e+00
6.642932525050100594e+02 3.007199117045594505e+00
6.699399478957916472e+02 3.040561206903321878e+00
6.755866432865732349e+02 3.073491184793047282e+00
6.812333386773547090e+02 3.105993958008971489e+00
6.868800340681364105e+02 3.138074398323944081e+00
6.925267294589177709e+02 3.169737342113104539e+00
6.981734248496994724e+02 3.200987590477553990e+00
7.038201202404809464e+02 3.231829909368006959e+00
7.094668156312625342e+02 3.262269029708456003e+00
7.151135110220441220e+02 3.292309647519833682e+00
7.207602064128257098e+02 3.321956424043662981e+00
7.264069018036072976e+02 3.351213985865730383e+00
7.320535971943888853e+02 3.380086925039738066e+00
7.377002925851703594e+02 3.408579799210960104e+00
7.433469879759520609e+02 3.436697131739910205e+00
7.489936833667335350e+02 3.464443411825997465e+00
7.546403787575151227e+02 3.491823094631191449e+00
7.602870741482965968e+02 3.518840601403669499e+00
7.659337695390781846e+02 3.545500319601493366e+00
7.715804649298597724e+02 3.571806603016256076e+00
7.772271603206413602e+02 3.597763771896748342e+00
7.828738557114229479e+02 3.623376113072612981e+00
7.885205511022044220e+02 3.648647880078013106e+00
7.941672464929860098e+02 3.673583293275282990e+00
7.998139418837677113e+02 3.698186539978597587e+00
8.054606372745491853e+02 3.722461774577623395e+00
8.111073326653306594e+02 3.746413118661180430e+00
8.167540280561122472e+02 3.770044661140909970e+00
8.224007234468938350e+02 3.793360458374921862e+00
8.280474188376754228e+02 3.816364534291463162e+00
8.336941142284570105e+02 3.839060880512577878e+00
8.393408096192385983e+02 3.861453456477760060e+00
8.449875050100200724e+02 3.883546189567623319e+00
8.506342004008016602e+02 3.905342975227550806e+00
8.562808957915831343e+02 3.926847677091366062e+00
8.619275911823648357e+02 3.948064127104977228e+00
8.675742865731463098e+02 3.968996125650059437e+00
8.732209819639278976e+02 3.989647441667690142e+00
8.788676773547094854e+02 4.010021812782026629e+00
8.845143727454910731e+02 4.030122945423961767e+00
8.901610681362726609e+02 4.049954514954772655e+00
8.958077635270541350e+02 4.069520165789802135e+00
9.014544589178357228e+02 4.088823511522098997e+00
9.071011543086174242e+02 4.107868135046088831e+00
9.127478496993988983e+02 4.126657588681223565e+00
9.183945450901803724e+02 4.145195394295661195e+00
9.240412404809619602e+02 4.163485043429899335e+00
9.296879358717436617e+02 4.181529997420456723e+00
9.353346312625251358e+02 4.199333687523523650e+00
9.409813266533066098e+02 4.216899515038618595e+00
9.466280220440883113e+02 4.234230851432259080e+00
9.522747174348698991e+02 4.251331038461612088e+00
9.579214128256513732e+02 4.268203388298156042e+00
9.635681082164328473e+02 4.284851183651342765e+00
9.692148036072145487e+02 4.301277677892258566e+00
9.748614989979960228e+02 4.317486095177277328e+00
9.805081943887776106e+02 4.333479630571725139e+00
9.861548897795591984e+02 4.349261450173546706e+00
9.918015851703407861e+02 4.364834691236950448e+00
9.974482805611222602e+02 4.380202462296081123e+00
1.003094975951903962e+03 4.395367843288675580e+00
1.008741671342685436e+03 4.410333885679715848e+00
1.014388366733467024e+03 4.425103612585102653e+00
1.020035062124248611e+03 4.439680018895305835e+00
1.025681757515030085e+03 4.454066071399023663e+00
1.031328452905811673e+03 4.468264708906848348e+00
1.036975148296593261e+03 4.482278842374919137e+00
1.042621843687374849e+03 4.496111355028594048e+00
1.048268539078156209e+03 4.509765102486095856e+00
1.053915234468937797e+03 4.523242912882174060e+00
1.059561929859719612e+03 4.536547586991780179e+00
1.065208625250500972e+03 4.549681898353703957e+00
1.070855320641282560e+03 4.562648593394255769e+00
1.076502016032064148e+03 4.575450391550905493e+00
1.082148711422845736e+03 4.588089985395963133e+00
1.087795406813627324e+03 4.600570040760224799e+00
1.093442102204408911e+03 4.612893196856635569e+00
1.099088797595190499e+03 4.625062066403948791e+00
1.104735492985972087e+03 4.637079235750388051e+00
1.110382188376753675e+03 4.648947264997314477e+00
1.116028883767535262e+03 4.660668688122868275e+00
1.121675579158316850e+03 4.672246013105644913e+00
1.127322274549098438e+03 4.683681722048341101e+00
1.132968969939880026e+03 4.694978271301435413e+00
1.138615665330661386e+03 4.706138091586822725e+00
1.144262360721442974e+03 4.717163588121501050e+00
1.149909056112224562e+03 4.728057140741197983e+00
1.155555751503005922e+03 4.738821104024072639e+00
1.161202446893787510e+03 4.749457807414330546e+00
1.166849142284569325e+03 4.759969555345921144e+00
1.172495837675350685e+03 4.770358627366177551e+00
1.178142533066132273e+03 4.780627278259478530e+00
1.183789228456913861e+03 4.790777738170916678e+00
1.189435923847695449e+03 4.800812212729944406e+00
1.195082619238477037e+03 4.810732883174049235e+00
1.200729314629258624e+03 4.820541906472405991e+00
1.206376010020040212e+03 4.830241415449533449e+00
1.212022705410821800e+03 4.839833518908960741e+00
1.217669400801603388e+03 4.849320301756883111e+00
1.223316096192384975e+03 4.858703825125825659e+00
1.228962791583166563e+03 4.867986126498296429e+00
1.234609486973948151e+03 4.877169219830456370e+00
1.240256182364729739e+03 4.886255095675769766e+00
1.245902877755511099e+03 4.895245721308669751e+00
1.251549573146292687e+03 4.904143040848209623e+00
1.257196268537074502e+03 4.912948975381741690e+00
1.262842963927855862e+03 4.921665423088556146e+00
1.268489659318637223e+03 4.930294259363551035e+00
1.274136354709418811e+03 4.938837336940896883e+00
1.279783050100200398e+03 4.947296486017680017e+00
1.285429745490981986e+03 4.955673514377577860e+00
1.291076440881763574e+03 4.963970207514519117e+00
1.296723136272545162e+03 4.972188328756335984e+00
1.302369831663326750e+03 4.980329619388419005e+00
1.308016527054108337e+03 4.988395798777391477e+00
1.313663222444889925e+03 4.996388564494765205e+00
1.319309917835671513e+03 5.004309592440591814e+00
1.324956613226453101e+03 5.012160536967129154e+00
1.330603308617234688e+03 5.019943031002506828e+00
1.336250004008016276e+03 5.027658686174365954e+00
1.341896699398797864e+03 5.035309092933546893e+00
1.347543394789579224e+03 5.042895820677729901e+00
1.353190090180360812e+03 5.050420417875100654e+00
1.358836785571142400e+03 5.057884412188009549e+00
1.364483480961923988e+03 5.065289310596627459e+00
1.370130176352705575e+03 5.072636599522619250e+00
1.375776871743486936e+03 5.079927744952787094e+00
1.381423567134268524e+03 5.087164192562736886e+00
1.387070262525050111e+03 5.094347367840544649e+00
1.392716957915831699e+03 5.101478676210410512e+00
1.398363653306613287e+03 5.108559503156307358e+00
1.404010348697394875e+03 5.115591214345666771e+00
1.409657044088176463e+03 5.122575155753020582e+00
1.415303739478958050e+03 5.129512653783656617e+00
1.420950434869739638e+03 5.136405015397290441e+00
1.426597130260521226e+03 5.143253528231728211e+00
1.432243825651302814e+03 5.150059460726513549e+00
1.437890521042084174e+03 5.156824062246586848e+00
1.443537216432865762e+03 5.163548563205970332e+00
1.449183911823647577e+03 5.170234175191388282e+00
1.454830607214428937e+03 5.176882091085963644e+00
1.460477302605210298e+03 5.183493485192851580e+00
1.466123997995992113e+03 5.190069513358916531e+00
1.471770693386773701e+03 5.196611313098388862e+00
1.477417388777555061e+03 5.203120003716509956e+00
1.483064084168336649e+03 5.209596686433218160e+00
1.488710779559118237e+03 5.216042444506778786e+00
1.494357474949899824e+03 5.222458343357477162e+00
1.500004170340681412e+03 5.228845430691244189e+00
1.505650865731463000e+03 5.235204736623337851e+00
1.511297561122244588e+03 5.241537273802010510e+00
1.516944256513026176e+03 5.247844037532132688e+00
1.522590951903807763e+03 5.254126005898903884e+00
1.528237647294589351e+03 5.260384139891464805e+00
1.533884342685370939e+03 5.266619383526585096e+00
1.539531038076152527e+03 5.272832663972318201e+00
1.545177733466934114e+03 5.279024891671651787e+00
1.550824428857715475e+03 5.285196960466178595e+00
1.556471124248497290e+03 5.291349747719759300e+00
1.562117819639278878e+03 5.297484114442170267e+00
1.567764515030060011e+03 5.303600905412762856e+00
1.573411210420841826e+03 5.309700949304135165e+00
1.579057905811623414e+03 5.315785058805788665e+00
1.584704601202404774e+03 5.321854030747775965e+00
1.590351296593186362e+03 5.327908646224384093e+00
1.595997991983967950e+03 5.333949670717771596e+00
1.601644687374749537e+03 5.339977854221637621e+00
1.607291382765531125e+03 5.345993931364882989e+00
1.612938078156312713e+03 5.351998621535265066e+00
1.618584773547094301e+03 5.357992629003069496e+00
1.624231468937875889e+03 5.363976643044752635e+00
1.629878164328657476e+03 5.369951338066618618e+00
1.635524859719439064e+03 5.375917373728466231e+00
1.641171555110220652e+03 5.381875395067257983e+00
1.646818250501002240e+03 5.387826032620770533e+00
1.652464945891783827e+03 5.393769902551257545e+00
1.658111641282565188e+03 5.399707606769121426e+00
1.663758336673346776e+03 5.405639733056565532e+00
1.669405032064128591e+03 5.411566855191238368e+00
1.675051727454909951e+03 5.417489533069917762e+00
1.680698422845691312e+03 5.423408312832151523e+00
1.686345118236473127e+03 5.429323726983940723e+00
1.691991813627254714e+03 5.435236294521375910e+00
1.697638509018036075e+03 5.441146521054299967e+00
1.703285204408817663e+03 5.447054898929986955e+00
1.708931899799599250e+03 5.452961907356788984e+00
1.714578595190380838e+03 5.458868012527779534e+00
1.720225290581162426e+03 5.464773667744444730e+00
1.725871985971944014e+03 5.470679313540330213e+00
1.731518681362725602e+03 5.476585377804687127e+00
1.737165376753507189e+03 5.482492275906166945e+00
1.742812072144288777e+03 5.488400410816431929e+00
1.748458767535070365e+03 5.494310173233850847e+00
1.754105462925851953e+03 5.500221941707156503e+00
1.759752158316633540e+03 5.506136082759104156e+00
1.765398853707414901e+03 5.512052951010113944e+00
1.771045549098196489e+03 5.517972889301946182e+00
1.776692244488978304e+03 5.523896228821352672e+00
1.782338939879759891e+03 5.529823289223755545e+00
1.787985635270541025e+03 5.535754378756882588e+00
1.793632330661322840e+03 5.541689794384450529e+00
1.799279026052104427e+03 5.547629821909799475e+00
1.804925721442885788e+03 5.553574736099571751e+00
1.810572416833667376e+03 5.559524800807362332e+00
1.816219112224448963e+03 5.565480269097390575e+00
1.821865807615230551e+03 5.571441383368156863e+00
1.827512503006012139e+03 5.577408375476064606e+00
1.833159198396793727e+03 5.583381466859156816e+00
1.838805893787575314e+03 5.589360868660708803e+00
1.844452589178356902e+03 5.595346781852908791e+00
1.850099284569138490e+03 5.601339397360529659e+00
1.855745979959920078e+03 5.607338896184574040e+00
1.861392675350701666e+03 5.613345449525961151e+00
1.867039370741483253e+03 5.619359218909126596e+00
1.872686066132264614e+03 5.625380356305751839e+00
1.878332761523046202e+03 5.631409004258387085e+00
1.883979456913828017e+03 5.637445296004104378e+00
1.889626152304609604e+03 5.643489355598189761e+00
1.895272847695390737e+03 5.649541298037768833e+00
1.900919543086172325e+03 5.655601229385503359e+00
1.906566238476954140e+03 5.661669246893190177e+00
1.912212933867735728e+03 5.667745439125504880e+00
1.917859629258517089e+03 5.673829886083589180e+00
1.923506324649298676e+03 5.679922659328756396e+00
1.929153020040080264e+03 5.686023822106110792e+00
1.934799715430861852e+03 5.692133429468261063e+00
1.940446410821643440e+03 5.698251528398923682e+00
1.946093106212425027e+03 5.704378157936623950e+00
1.951739801603206615e+03 5.710513349298329544e+00
1.957386496993988203e+03 5.716657126003139133e+00
1.963033192384769791e+03 5.722809503995900826e+00
1.968679887775551379e+03 5.728970491770938089e+00
1.974326583166332966e+03 5.735140090495599807e+00
1.979973278557114327e+03 5.741318294134054590e+00
1.985619973947895915e+03 5.747505089570849712e+00
1.991266669338677502e+03 5.753700456734621049e+00
1.996913364729459317e+03 5.759904368721723955e+00
2.002560060120240450e+03 5.766116791919905893e+00
2.008206755511022038e+03 5.772337686131978174e+00
2.013853450901803853e+03 5.778567004699461052e+00
2.019500146292585441e+03 5.784804694626242139e+00
2.025146841683366802e+03 5.791050696702251699e+00
2.030793537074148389e+03 5.797304945627105077e+00
2.036440232464929977e+03 5.803567370133768222e+00
2.042086927855711565e+03 5.809837893112218765e+00
2.047733623246493153e+03 5.816116431733109771e+00
2.053380318637274740e+03 5.822402897571442359e+00
2.059027014028056328e+03 5.828697196730160179e+00
2.064673709418837916e+03 5.834999229963923284e+00
2.070320404809619504e+03 5.841308892802654640e+00
2.075967100200401092e+03 5.847626075675261603e+00
2.081613795591182679e+03 5.853950664033295226e+00
2.087260490981963812e+03 5.860282538474583802e+00
2.092907186372745855e+03 5.866621574866926814e+00
2.098553881763526988e+03 5.872967644471694726e+00
2.104200577154309030e+03 5.879320614067570006e+00
2.109847272545090163e+03 5.885680346074140701e+00
2.115493967935871751e+03 5.892046698675606820e+00
2.121140663326653339e+03 5.898419525944404995e+00
2.126787358717435382e+03 5.904798677964867792e+00
2.132434054108216515e+03 5.911184000956935414e+00
2.138080749498998102e+03 5.917575337399749280e+00
2.143727444889779690e+03 5.923972526155337093e+00
2.149374140280561278e+03 5.930375402592306777e+00
2.155020835671342866e+03 5.936783798709459603e+00
2.160667531062124453e+03 5.943197543259447713e+00
2.166314226452906041e+03 5.949616461872490270e+00
2.171960921843687629e+03 5.956040377179951939e+00
2.177607617234469217e+03 5.962469108938099893e+00
2.183254312625250805e+03 5.968902474151656534e+00
2.188901008016032392e+03 5.975340287197560940e+00
2.194547703406813980e+03 5.981782359948539352e+00
2.200194398797595568e+03 5.988228501896852407e+00
2.205841094188376701e+03 5.994678520277863853e+00
2.211487789579158743e+03 6.001132220193770905e+00
2.217134484969940331e+03 6.007589404737240457e+00
2.222781180360721919e+03 6.014049875115060395e+00
2.228427875751503052e+03 6.020513430771813113e+00
2.234074571142285095e+03 6.026979869513533039e+00
2.239721266533066228e+03 6.033448987631341076e+00
2.245367961923847815e+03 6.039920580025156305e+00
2.251014657314629403e+03 6.046394440327309994e+00
2.256661352705411446e+03 6.052870361026217338e+00
2.262308048096192579e+03 6.059348133590040320e+00
2.267954743486974166e+03 6.065827548590382534e+00
2.273601438877755754e+03 6.072308395825855243e+00
2.279248134268537342e+03 6.078790464445848585e+00
2.284894829659318930e+03 6.085273543074125158e+00
2.290541525050100063e+03 6.091757419932482875e+00
2.296188220440882105e+03 6.098241882964460459e+00
2.301834915831663693e+03 6.104726719958896375e+00
2.307481611222445281e+03 6.111211718673727589e+00
2.313128306613226414e+03 6.117696666959555607e+00
2.318775002004008456e+03 6.124181352883304008e+00
2.324421697394789589e+03 6.130665564851933702e+00
2.330068392785571177e+03 6.137149091736053386e+00
2.335715088176352765e+03 6.143631722993624145e+00
2.341361783567134808e+03 6.150113248793545928e+00
2.347008478957915941e+03 6.156593460139423435e+00
2.352655174348697528e+03 6.163072148993122390e+00
2.358301869739479116e+03 6.169549108398483028e+00
2.363948565130260704e+03 6.176024132605005157e+00
2.369595260521042292e+03 6.182497017191421307e+00
2.375241955911823879e+03 6.188967559189455514e+00
2.380888651302605467e+03 6.195435557207403576e+00
2.386535346693387055e+03 6.201900811553869630e+00
2.392182042084168643e+03 6.208363124361328644e+00
2.397828737474949776e+03 6.214822299709884312e+00
2.403475432865731818e+03 6.221278143750863521e+00
2.409122128256513406e+03 6.227730464830495194e+00
2.414768823647294994e+03 6.234179073613600686e+00
2.420415519038076127e+03 6.240623783207204234e+00
2.426062214428858169e+03 6.247064409284215358e+00
2.431708909819639302e+03 6.253500770207107706e+00
2.437355605210420890e+03 6.259932687151509079e+00
2.443002300601202478e+03 6.266359984229970870e+00
2.448648995991984521e+03 6.272782488615554541e+00
2.454295691382765654e+03 6.279200030665473165e+00
2.459942386773547241e+03 6.285612444044821778e+00
2.465589082164328829e+03 6.292019565850182516e+00
2.471235777555110417e+03 6.298421236733295459e+00
2.476882472945892005e+03 6.304817301024742804e+00
2.482529168336673592e+03 6.311207606857583308e+00
2.488175863727455180e+03 6.317592006291017803e+00
2.493822559118236768e+03 6.323970355434048507e+00
2.499469254509018356e+03 6.330342514569125889e+00
2.505115949899799489e+03 6.336708348275863933e+00
2.510762645290581531e+03 6.343067725554615954e+00
2.516409340681363119e+03 6.349420519950224495e+00
2.522056036072144707e+03 6.355766609675579382e+00
2.527702731462925840e+03 6.362105877735396930e+00
2.533349426853707882e+03 6.368438212049746916e+00
2.538996122244489015e+03 6.374763505577851319e+00
2.544642817635270603e+03 6.381081656441610406e+00
2.550289513026052191e+03 6.387392568049399699e+00
2.555936208416834234e+03 6.393696149219563196e+00
2.561582903807615367e+03 6.399992314304277841e+00
2.567229599198396954e+03 6.406280983312989896e+00
2.572876294589178542e+03 6.412562082036266986e+00
2.578522989979960130e+03 6.418835542169358810e+00
2.584169685370741718e+03 6.425101301435884871e+00
2.589816380761523305e+03 6.431359303711444930e+00
2.595463076152304893e+03 6.437609499147368020e+00
2.601109771543086481e+03 6.443851844294282039e+00
2.606756466933868069e+03 6.450086302225866319e+00
2.612403162324649202e+03 6.456312842662429219e+00
2.618049857715431244e+03 6.462531442094617162e+00
2.623696553106212377e+03 6.468742083907034868e+00
2.629343248496994420e+03 6.474944758501935738e+00
2.634989943887775553e+03 6.481139463422880276e+00
2.640636639278557595e+03 6.487326203478395392e+00
2.646283334669338728e+03 6.493504990865639037e+00
2.651930030060120316e+03 6.499675845294008880e+00
2.657576725450901904e+03 6.505838794108864676e+00
2.663223420841683946e+03 6.511993872415187568e+00
2.668870116232465080e+03 6.518141123201182552e+00
2.674516811623246667e+03 6.524280597462008835e+00
2.680163507014028255e+03 6.530412354323376078e+00
2.685810202404809843e+03 6.536536461165250778e+00
2.691456897795591431e+03 6.542652993745524448e+00
2.697103593186372564e+03 6.548762036323572566e+00
2.702750288577154606e+03 6.554863681784056872e+00
2.708396983967936194e+03 6.560958031760512732e+00
2.714043679358717782e+03 6.567045196759004888e+00
2.719690374749498915e+03 6.573125296281776109e+00
2.725337070140280957e+03 6.579198458950942907e+00
2.730983765531062090e+03 6.585264822632158399e+00
2.736630460921844133e+03 6.591324534558236969e+00
2.742277156312625266e+03 6.597377751452841999e+00
2.747923851703407308e+03 6.603424639654138950e+00
2.753570547094188441e+03 6.609465375238407603e+00
2.759217242484970484e+03 6.615500144143822148e+00
2.764863937875751617e+03 6.621529142293960390e+00
2.770510633266533205e+03 6.627552575721596284e+00
2.776157328657314793e+03 6.633570660692268639e+00
2.781804024048096835e+03 6.639583623828002601e+00
2.787450719438877968e+03 6.645591702230904119e+00
2.793097414829659556e+03 6.651595143606876093e+00
2.798744110220441144e+03 6.657594206389271463e+00
2.804390805611222277e+03 6.663589159862508993e+00
2.810037501002004319e+03 6.669580284285803629e+00
2.815684196392785907e+03 6.675567871016773402e+00
2.821330891783567495e+03 6.681552222635101401e+00
2.826977587174348628e+03 6.687533653066235928e+00
2.832624282565130670e+03 6.693512487704953884e+00
2.838270977955911803e+03 6.699489063539174616e+00
2.843917673346693846e+03 6.705463729273513529e+00
2.849564368737474979e+03 6.711436845452914746e+00
2.855211064128257021e+03 6.717408784586405446e+00
2.860857759519038154e+03 6.723379931270706322e+00
2.866504454909820197e+03 6.729350682313876675e+00
2.872151150300601330e+03 6.735321446858992367e+00
2.877797845691382918e+03 6.741292646507829112e+00
2.883444541082164505e+03 6.747264715444468486e+00
2.889091236472946093e+03 6.753238100559020296e+00
2.894737931863727681e+03 6.759213261571228593e+00
2.900384627254509269e+03 6.765190671154147850e+00
2.906031322645290857e+03 6.771170815057825365e+00
2.911678018036071990e+03 6.777154192232956120e+00
2.917324713426854032e+03 6.783141314954487022e+00
2.922971408817635620e+03 6.789132708945356143e+00
2.928618104208417208e+03 6.795128913500096068e+00
2.934264799599198341e+03 6.801130481608542055e+00
2.939911494989980383e+03 6.807137980079436268e+00
2.945558190380761516e+03 6.813151989664151031e+00
2.951204885771543104e+03 6.819173105180262873e+00
2.956851581162324692e+03 6.825201935635287320e+00
2.962498276553106734e+03 6.831239104350359526e+00
2.968144971943887867e+03 6.837285249083758565e+00
2.973791667334669455e+03 6.843341022154721287e+00
2.979438362725451043e+03 6.849407090567069645e+00
2.985085058116232631e+03 6.855484136132733219e+00
2.990731753507014218e+03 6.861572855595614584e+00
2.996378448897795806e+03 6.867673960755116269e+00
3.002025144288577394e+03 6.873788178589793851e+00
3.007671839679358982e+03 6.879916251381129833e+00
3.013318535070140570e+03 6.886058936837096134e+00
3.018965230460921703e+03 6.892217008215814289e+00
3.024611925851703745e+03 6.898391254449247612e+00
3.030258621242485333e+03 6.904582480266877376e+00
3.035905316633266921e+03 6.910791506319287514e+00
3.041552012024048054e+03 6.917019169301942050e+00
3.047198707414830096e+03 6.923266322078724500e+00
3.052845402805611229e+03 6.929533833805689547e+00
3.058492098196393272e+03 6.935822590054664616e+00
3.064138793587174405e+03 6.942133492936924277e+00
3.069785488977956447e+03 6.948467461226852215e+00
3.075432184368737580e+03 6.954825430485644056e+00
3.081078879759519623e+03 6.961208353184856534e+00
3.086725575150300756e+03 6.967617198830228453e+00
3.092372270541082344e+03 6.974052954085201428e+00
3.098018965931863931e+03 6.980516622894604950e+00
3.103665661322645519e+03 6.987009226608384083e+00
3.109312356713427107e+03 6.993531804105196592e+00
3.114959052104208695e+03 7.000085411916117550e+00
3.120605747494990283e+03 7.006671124348232027e+00
3.126252442885771416e+03 7.013290033608347684e+00
3.131899138276553458e+03 7.019943249926693163e+00
3.137545833667335046e+03 7.026631901680439718e+00
3.143192529058116634e+03 7.033357135517546155e+00
3.148839224448897767e+03 7.040120116480220958e+00
3.154485919839679809e+03 7.046922028128808080e+00
3.160132615230460942e+03 7.053764072665188678e+00
3.165779310621242985e+03 7.060647471056675784e+00
3.171426006012024118e+03 7.067573463159527947e+00
3.177072701402806160e+03 7.074543307842706241e+00
3.182719396793587293e+03 7.081558283111339946e+00
3.188366092184369336e+03 7.088619686230732242e+00
3.194012787575150469e+03 7.095728833849636707e+00
3.199659482965932057e+03 7.102887062124219497e+00
3.205306178356713644e+03 7.110095726841540120e+00
3.210952873747495687e+03 7.117356203543285353e+00
3.216599569138276820e+03 7.124669887649367261e+00
3.222246264529058408e+03 7.132038194581737045e+00
3.227892959919839996e+03 7.139462559887809867e+00
3.233539655310621129e+03 7.146944439364318669e+00
3.239186350701403171e+03 7.154485309180907748e+00
3.244833046092184304e+03 7.162086666003774305e+00
3.250479741482966347e+03 7.169750027119330404e+00
3.256126436873747480e+03 7.177476930557904922e+00
3.261773132264529522e+03 7.185268935217381525e+00
3.267419827655310655e+03 7.193127620986811799e+00
3.273066523046092698e+03 7.201054588870147377e+00
3.278713218436873831e+03 7.191872023178579987e+00
3.328595061560306476e+03 7.247458250676460878e+00
3.378476904683739576e+03 7.303044478174342657e+00
3.428358747807172222e+03 7.358630705672224437e+00
3.478240590930604867e+03 7.414216933170106216e+00
3.528122434054037967e+03 7.469803160667987996e+00
3.578004277177470613e+03 7.525389388165867999e+00
3.627886120300903258e+03 7.580975615663749778e+00
3.677767963424336358e+03 7.636561843161631558e+00
3.727649806547769003e+03 7.692148070659513337e+00
3.777531649671201649e+03 7.747734298157394228e+00
3.827413492794634294e+03 7.803320525655276008e+00
3.877295335918067394e+03 7.858906753153157787e+00
3.927177179041500040e+03 7.914492980651038678e+00
3.977059022164932685e+03 7.970079208148919570e+00
4.026940865288365785e+03 8.025665435646800461e+00
4.076822708411798430e+03 8.081251663144684017e+00
4.126704551535231076e+03 8.136837890642564020e+00
4.176586394658664176e+03 8.192424118140445799e+00
4.226468237782097276e+03 8.248010345638327578e+00
4.276350080905529467e+03 8.303596573136207581e+00
4.326231924028962567e+03 8.359182800634091137e+00
4.376113767152395667e+03 8.414769028131971140e+00
4.425995610275827858e+03 8.470355255629852920e+00
4.475877453399260958e+03 8.525941483127734699e+00
4.525759296522694058e+03 8.581527710625616479e+00
4.575641139646126248e+03 8.637113938123498258e+00
4.625522982769559349e+03 8.692700165621378261e+00
4.675404825892992449e+03 8.748286393119261817e+00
4.725286669016424639e+03 8.803872620617141820e+00
4.775168512139857739e+03 8.859458848115023599e+00
4.825050355263290840e+03 8.915045075612905379e+00
4.874932198386723030e+03 8.970631303110785382e+00
4.924814041510156130e+03 9.026217530608668937e+00
4.974695884633589230e+03 9.081803758106548941e+00
5.024577727757021421e+03 9.137389985604430720e+00
5.074459570880454521e+03 9.192976213102312499e+00
5.124341414003887621e+03 9.248562440600194279e+00
5.174223257127319812e+03 9.304148668098074282e+00
5.224105100250752912e+03 9.359734895595956061e+00
5.273986943374186012e+03 9.415321123093837841e+00
5.323868786497618203e+03 9.470907350591719620e+00
5.373750629621051303e+03 9.526493578089599623e+00
5.423632472744484403e+03 9.582079805587483179e+00
5.473514315867916594e+03 9.637666033085363182e+00
5.523396158991349694e+03 9.693252260583244961e+00
5.573278002114782794e+03 9.748838488081126741e+00
5.623159845238214984e+03 9.804424715579006744e+00
5.673041688361648085e+03 9.860010943076890300e+00
5.722923531485081185e+03 9.915597170574770303e+00
5.772805374608513375e+03 9.971183398072652082e+00
5.822687217731946475e+03 1.002676962557053386e+01
5.872569060855379576e+03 1.008235585306841564e+01
5.922450903978811766e+03 1.013794208056629742e+01
5.972332747102244866e+03 1.019352830806417742e+01
6.022214590225677966e+03 1.024911453556206098e+01
6.072096433349110157e+03 1.030470076305994098e+01
6.121978276472543257e+03 1.036028699055782276e+01
6.171860119595976357e+03 1.041587321805570454e+01
6.221741962719408548e+03 1.047145944555358454e+01
6.271623805842841648e+03 1.052704567305146810e+01
6.321505648966274748e+03 1.058263190054934810e+01
6.371387492089706939e+03 1.063821812804722811e+01
6.421269335213140039e+03 1.069380435554511166e+01
6.471151178336573139e+03 1.074939058304299166e+01
6.521033021460005330e+03 1.080497681054087344e+01
6.570914864583438430e+03 1.086056303803875522e+01
6.620796707706871530e+03 1.091614926553663700e+01
6.670678550830303720e+03 1.097173549303451878e+01
6.720560393953736821e+03 1.102732172053239879e+01
6.770442237077169921e+03 1.108290794803028234e+01
6.820324080200602111e+03 1.113849417552816234e+01
6.870205923324035211e+03 1.119408040302604412e+01
6.920087766447468312e+03 1.124966663052392590e+01
6.969969609570900502e+03 1.130525285802180591e+01
7.019851452694333602e+03 1.136083908551968946e+01
7.069733295817766702e+03 1.141642531301756947e+01
7.119615138941198893e+03 1.147201154051545124e+01
7.169496982064631993e+03 1.152759776801333302e+01
7.219378825188065093e+03 1.158318399551121303e+01
7.269260668311497284e+03 1.163877022300909658e+01
7.319142511434930384e+03 1.169435645050697659e+01
7.369024354558363484e+03 1.174994267800486014e+01
7.418906197681795675e+03 1.180552890550274014e+01
7.468788040805228775e+03 1.186111513300062015e+01
7.518669883928660965e+03 1.191670136049850370e+01
7.568551727052094066e+03 1.197228758799638371e+01
7.618433570175527166e+03 1.202787381549426726e+01
7.668315413298959356e+03 1.208346004299214727e+01
7.718197256422392456e+03 1.213904627049002727e+01
7.768079099545825557e+03 1.219463249798791082e+01
7.817960942669257747e+03 1.225021872548579083e+01
7.867842785792690847e+03 1.230580495298367438e+01
7.917724628916123947e+03 1.236139118048155439e+01
7.967606472039556138e+03 1.241697740797943439e+01
8.017488315162989238e+03 1.247256363547731794e+01
8.067370158286422338e+03 1.252814986297519795e+01
8.117252001409854529e+03 1.258373609047308150e+01
8.167133844533287629e+03 1.263932231797096151e+01
8.217015687656719820e+03 1.269490854546884151e+01
8.266897530780152010e+03 1.275049477296672151e+01
8.316779373903586020e+03 1.280608100046460507e+01
8.366661217027020029e+03 1.286166722796248862e+01
8.416543060150452220e+03 1.291725345546036863e+01
8.466424903273884411e+03 1.297283968295824863e+01
8.516306746397316601e+03 1.302842591045613219e+01
8.566188589520748792e+03 1.308401213795401219e+01
8.616070432644182802e+03 1.313959836545189575e+01
8.665952275767616811e+03 1.319518459294977575e+01
8.715834118891049002e+03 1.325077082044765930e+01
8.765715962014481192e+03 1.330635704794553931e+01
8.815597805137913383e+03 1.336194327544341931e+01
8.865479648261345574e+03 1.341752950294129931e+01
8.915361491384779583e+03 1.347311573043918287e+01
8.965243334508213593e+03 1.352870195793706642e+01
9.015125177631645784e+03 1.358428818543494643e+01
9.065007020755077974e+03 1.363987441293282643e+01
9.114888863878510165e+03 1.369546064043070999e+01
9.164770707001942355e+03 1.375104686792858999e+01
9.214652550125376365e+03 1.380663309542647355e+01
9.264534393248810375e+03 1.386221932292435355e+01
9.314416236372242565e+03 1.391780555042223710e+01
9.364298079495674756e+03 1.397339177792011711e+01
9.414179922619106947e+03 1.402897800541799711e+01
9.464061765742539137e+03 1.408456423291587711e+01
9.513943608865973147e+03 1.414015046041376067e+01
9.563825451989407156e+03 1.419573668791164422e+01
9.613707295112839347e+03 1.425132291540952423e+01
9.663589138236271538e+03 1.430690914290740423e+01
9.713470981359703728e+03 1.436249537040528423e+01
9.763352824483135919e+03 1.441808159790316779e+01
9.813234667606569928e+03 1.447366782540104779e+01
9.863116510730003938e+03 1.452925405289893135e+01
9.912998353853436129e+03 1.458484028039681135e+01
9.962880196976868319e+03 1.464042650789469491e+01
1.001276204010030051e+04 1.469601273539257491e+01
1.006264388322373270e+04 1.475159896289045491e+01
1.011252572634716671e+04 1.480718519038833847e+01
1.016240756947060072e+04 1.486277141788622203e+01
1.021228941259403291e+04 1.491835764538410203e+01
1.026217125571746510e+04 1.497394387288198203e+01
1.031205309884089729e+04 1.502953010037986203e+01
1.036193494196432948e+04 1.508511632787774559e+01
1.041181678508776349e+04 1.514070255537562559e+01
1.046169862821119750e+04 1.519628878287350915e+01
1.051158047133462969e+04 1.525187501037138915e+01
1.056146231445806188e+04 1.530746123786927271e+01
1.061134415758149407e+04 1.536304746536715271e+01
1.066122600070492626e+04 1.541863369286503271e+01
1.071110784382836027e+04 1.547421992036291627e+01
1.076098968695179428e+04 1.552980614786079983e+01
1.081087153007522647e+04 1.558539237535867983e+01
1.086075337319865866e+04 1.564097860285655983e+01
1.091063521632209086e+04 1.569656483035443983e+01
1.096051705944552305e+04 1.575215105785231984e+01
1.101039890256895706e+04 1.580773728535020339e+01
1.106028074569239106e+04 1.586332351284808695e+01
1.111016258881582326e+04 1.591890974034596695e+01
1.116004443193925545e+04 1.597449596784384696e+01
1.120992627506268764e+04 1.603008219534173051e+01
1.125980811818611983e+04 1.608566842283961051e+01
1.130968996130955384e+04 1.614125465033749407e+01
1.135957180443298785e+04 1.619684087783537407e+01
1.140945364755642004e+04 1.625242710533325763e+01
1.145933549067985223e+04 1.630801333283113763e+01
1.150921733380328442e+04 1.636359956032901763e+01
1.155909917692671661e+04 1.641918578782689764e+01
1.160898102005014880e+04 1.647477201532477764e+01
1.165886286317358463e+04 1.653035824282266475e+01
1.170874470629701682e+04 1.658594447032054475e+01
1.175862654942044901e+04 1.664153069781842476e+01
1.180850839254388120e+04 1.669711692531630476e+01
1.185839023566731339e+04 1.675270315281418831e+01
1.190827207879074558e+04 1.680828938031206832e+01
1.195815392191418141e+04 1.686387560780995187e+01
1.200803576503761360e+04 1.691946183530783543e+01
1.205791760816104579e+04 1.697504806280571543e+01
1.210779945128447798e+04 1.703063429030359544e+01
1.215768129440791017e+04 1.708622051780147544e+01
1.220756313753134236e+04 1.714180674529935544e+01
1.225744498065477819e+04 1.719739297279724255e+01
1.230732682377821038e+04 1.725297920029512255e+01
1.235720866690164257e+04 1.730856542779300256e+01
1.240709051002507476e+04 1.736415165529088256e+01
1.245697235314850695e+04 1.741973788278876611e+01
1.250685419627193914e+04 1.747532411028664612e+01
1.255673603939537497e+04 1.753091033778452967e+01
1.260661788251880716e+04 1.758649656528240968e+01
1.265649972564223935e+04 1.764208279278029323e+01
1.270638156876567155e+04 1.769766902027817324e+01
1.275626341188910374e+04 1.775325524777605324e+01
1.280614525501253593e+04 1.780884147527393324e+01
1.285602709813597176e+04 1.786442770277182035e+01
1.290590894125940395e+04 1.792001393026970035e+01
1.295579078438283614e+04 1.797560015776758036e+01
1.300567262750626833e+04 1.803118638526546036e+01
1.305555447062970052e+04 1.808677261276334036e+01
1.310543631375313271e+04 1.814235884026122392e+01
1.315531815687656854e+04 1.819794506775910747e+01
1.320520000000000073e+04 1.825353129525698748e+01
