5.069800000000000182e+02 3.208349715971908545e+00
5.125576953907816460e+02 3.262010502978613502e+00
5.181353907815631601e+02 3.314936741040587442e+00
5.237130861723446742e+02 3.367136388448279671e+00
5.292907815631263020e+02 3.418617348887999174e+00
5.348684769539078161e+02 3.469387471621524721e+00
5.404461723446894439e+02 3.519454551665734066e+00
5.460238677354709580e+02 3.568826329972222489e+00
5.516015631262524721e+02 3.617510493606926225e+00
5.571792585170340999e+02 3.665514675929743227e+00
5.627569539078156140e+02 3.712846456774157922e+00
5.683346492985972418e+02 3.759513362626860200e+00
5.739123446893788696e+02 3.805522866807365290e+00
5.794900400801602700e+02 3.850882389647645176e+00
5.850677354709418978e+02 3.895599298671739597e+00
5.906454308617235256e+02 3.939680908775383017e+00
5.962231262525050397e+02 3.983134482405628063e+00
6.018008216432865538e+02 4.025967229740463615e+00
6.073785170340681816e+02 4.068186308868440015e+00
6.129562124248496957e+02 4.109798825968289826e+00
6.185339078156313235e+02 4.150811835488548596e+00
6.241116032064128376e+02 4.191232340327178285e+00
6.296892985971944654e+02 4.231067292011190695e+00
6.352669939879759795e+02 4.270323590876264674e+00
6.408446893787574936e+02 4.309008086246374880e+00
6.464223847695391214e+02 4.347127576613403654e+00
6.520000801603207492e+02 4.384688809816780442e+00
6.575777755511022633e+02 4.421698483223078568e+00
6.631554709418837774e+02 4.458163243905661766e+00
6.687331663326654052e+02 4.494089688824291606e+00
6.743108617234469193e+02 4.529484365004752711e+00
6.798885571142284334e+02 4.564353769718478837e+00
6.854662525050100612e+02 4.598704350662165652e+00
6.910439478957915753e+02 4.632542506137406590e+00
6.966216432865732031e+02 4.665874585230298521e+00
7.021993386773547172e+02 4.698706887991076719e+00
7.077770340681362313e+02 4.731045665613731188e+00
7.133547294589178591e+02 4.762897120615629198e+00
7.189324248496993732e+02 4.794267407017136939e+00
7.245101202404810010e+02 4.825162630521243834e+00
7.300878156312626288e+02 4.855588848693179749e+00
7.356655110220440292e+02 4.885552071140044639e+00
7.412432064128256570e+02 4.915058259690418652e+00
7.468209018036072848e+02 4.944113328574000654e+00
7.523985971943889126e+02 4.972723144601209455e+00
7.579762925851703130e+02 5.000893527342828548e+00
7.635539879759519408e+02 5.028630249309610001e+00
7.691316833667335686e+02 5.055939036131903208e+00
7.747093787575150827e+02 5.082825566739279211e+00
7.802870741482967105e+02 5.109295473540148791e+00
7.858647695390782246e+02 5.135354342601385014e+00
7.914424649298597387e+02 5.161007713827947541e+00
7.970201603206413665e+02 5.186261081142502505e+00
8.025978557114228806e+02 5.211119892665044162e+00
8.081755511022045084e+02 5.235589550892520982e+00
8.137532464929860225e+02 5.259675412878448419e+00
8.193309418837675366e+02 5.283382790412542107e+00
8.249086372745491644e+02 5.306716950200329741e+00
8.304863326653306785e+02 5.329683114042783387e+00
8.360640280561123063e+02 5.352286459015934028e+00
8.416417234468938204e+02 5.374532117650489660e+00
8.472194188376753345e+02 5.396425178111472931e+00
8.527971142284569623e+02 5.417970684377823254e+00
8.583748096192384764e+02 5.439173636422036218e+00
8.639525050100201042e+02 5.460038990389776359e+00
8.695302004008016183e+02 5.480571658779496147e+00
8.751078957915831324e+02 5.500776510622066517e+00
8.806855911823647602e+02 5.520658371660395858e+00
8.862632865731463880e+02 5.540222024529046330e+00
8.918409819639280158e+02 5.559472208933867066e+00
8.974186773547094162e+02 5.578413621831602498e+00
9.029963727454910440e+02 5.597050917609526444e+00
9.085740681362726718e+02 5.615388708265057538e+00
9.141517635270540723e+02 5.633431563585382662e+00
9.197294589178357000e+02 5.651184011327077705e+00
9.253071543086173278e+02 5.668650537395732769e+00
9.308848496993988419e+02 5.685835586025568489e+00
9.364625450901804697e+02 5.702743559959068342e+00
9.420402404809619838e+02 5.719378820626586979e+00
9.476179358717436116e+02 5.735745688325983416e+00
9.531956312625251257e+02 5.751848442402232919e+00
9.587733266533066399e+02 5.767691321427064644e+00
9.643510220440882676e+02 5.783278523378565517e+00
9.699287174348697818e+02 5.798614205820812550e+00
9.755064128256514095e+02 5.813702486083491827e+00
9.810841082164329237e+02 5.828547441441521038e+00
9.866618036072144378e+02 5.843153109294678238e+00
9.922394989979960656e+02 5.857523487347206625e+00
9.978171943887775797e+02 5.871662533787455729e+00
1.003394889779559207e+03 5.885574167467488849e+00
1.008972585170340722e+03 5.899262268082714478e+00
1.014550280561122236e+03 5.912730676351501735e+00
1.020127975951903863e+03 5.925983194194810899e+00
1.025705671342685491e+03 5.939023584915801734e+00
1.031283366733467119e+03 5.951855573379471132e+00
1.036861062124248519e+03 5.964482846192265875e+00
1.042438757515030147e+03 5.976909051881698076e+00
1.048016452905811775e+03 5.989137801075987255e+00
1.053594148296593175e+03 6.001172666683660673e+00
1.059171843687374803e+03 6.013017184073192745e+00
1.064749539078156431e+03 6.024674851252611596e+00
1.070327234468937831e+03 6.036149129049134032e+00
1.075904929859719459e+03 6.047443441288780974e+00
1.081482625250501087e+03 6.058561174975997332e+00
1.087060320641282715e+03 6.069505680473283427e+00
1.092638016032064115e+03 6.080280271680805981e+00
1.098215711422845743e+03 6.090888226216021550e+00
1.103793406813627371e+03 6.101332785593310604e+00
1.109371102204408999e+03 6.111617155403583190e+00
1.114948797595190626e+03 6.121744505493911248e+00
1.120526492985972027e+03 6.131717970147150254e+00
1.126104188376753427e+03 6.141540648261553770e+00
1.131681883767535055e+03 6.151215603530401310e+00
1.137259579158316683e+03 6.160745864621619106e+00
1.142837274549098311e+03 6.170134425357407970e+00
1.148414969939879938e+03 6.179384244893850742e+00
1.153992665330661339e+03 6.188498247900545479e+00
1.159570360721442739e+03 6.197479324740228890e+00
1.165148056112224367e+03 6.206330331648391763e+00
1.170725751503005995e+03 6.215054090912903284e+00
1.176303446893787623e+03 6.223653391053632689e+00
1.181881142284569250e+03 6.232130987002069133e+00
1.187458837675350651e+03 6.240489600280955784e+00
1.193036533066132279e+03 6.248731919183893702e+00
1.198614228456913906e+03 6.256860598954970598e+00
1.204191923847695534e+03 6.264878261968393147e+00
1.209769619238476935e+03 6.272787497908096199e+00
1.215347314629258562e+03 6.280590863947363545e+00
1.220925010020040190e+03 6.288290884928466440e+00
1.226502705410821818e+03 6.295890053542265719e+00
1.232080400801603218e+03 6.303390830507842324e+00
1.237658096192384846e+03 6.310795644752122513e+00
1.243235791583166247e+03 6.318106893589500395e+00
1.248813486973947875e+03 6.325326942901449812e+00
1.254391182364729502e+03 6.332458127316153096e+00
1.259968877755511130e+03 6.339502750388126273e+00
1.265546573146292758e+03 6.346463084777832719e+00
1.271124268537074158e+03 6.353341372431314582e+00
1.276701963927855786e+03 6.360139824759807325e+00
1.282279659318637414e+03 6.366860622819364934e+00
1.287857354709418814e+03 6.373505917490479789e+00
1.293435050100200442e+03 6.380077829657707866e+00
1.299012745490982070e+03 6.386578450389290396e+00
1.304590440881763698e+03 6.393009841116768399e+00
1.310168136272545325e+03 6.399374033814615892e+00
1.315745831663326726e+03 6.405673031179853538e+00
1.321323527054108126e+03 6.411908806811682737e+00
1.326901222444889754e+03 6.418083305391086846e+00
1.332478917835671382e+03 6.424198442860463487e+00
1.338056613226453010e+03 6.430256106603257749e+00
1.343634308617234637e+03 6.436258155623571398e+00
1.349212004008016038e+03 6.442206420725780980e+00
1.354789699398797666e+03 6.448102704694179899e+00
1.360367394789579066e+03 6.453948782472568091e+00
1.365945090180360921e+03 6.459746401343912758e+00
1.371522785571142322e+03 6.465497281109931826e+00
1.377100480961923950e+03 6.471203114270751122e+00
1.382678176352705350e+03 6.476865566204498492e+00
1.388255871743487205e+03 6.482486275346939664e+00
1.393833567134268606e+03 6.488066853371102560e+00
1.399411262525050233e+03 6.493608885366883854e+00
1.404988957915831634e+03 6.499113930020697261e+00
1.410566653306613262e+03 6.504583519795060553e+00
1.416144348697394889e+03 6.510019161108249186e+00
1.421722044088176517e+03 6.515422334513903735e+00
1.427299739478958145e+03 6.520794494880651548e+00
1.432877434869739545e+03 6.526137071571730175e+00
1.438455130260520946e+03 6.531451468624611678e+00
1.444032825651302574e+03 6.536739064930623400e+00
1.449610521042084201e+03 6.542001214414574051e+00
1.455188216432865829e+03 6.547239246214353159e+00
1.460765911823647457e+03 6.552454464860601568e+00
1.466343607214428857e+03 6.557648150456266478e+00
1.471921302605210485e+03 6.562821558856288817e+00
1.477498997995992113e+03 6.567975921847187593e+00
1.483076693386773513e+03 6.573112447326682428e+00
1.488654388777555141e+03 6.578232319483332091e+00
1.494232084168336769e+03 6.583336698976144596e+00
1.499809779559118397e+03 6.588426723114199746e+00
1.505387474949900025e+03 6.593503506036285877e+00
1.510965170340681425e+03 6.598568138890492207e+00
1.516542865731462825e+03 6.603621690013861567e+00
1.522120561122244453e+03 6.608665205111996954e+00
1.527698256513026081e+03 6.613699707438678743e+00
1.533275951903807709e+03 6.618726197975501435e+00
1.538853647294589337e+03 6.623745655611482874e+00
1.544431342685370964e+03 6.628759037322694780e+00
1.550009038076152365e+03 6.633767278351875518e+00
1.555586733466933993e+03 6.638771292388065959e+00
1.561164428857715620e+03 6.643771971746211591e+00
1.566742124248497021e+03 6.648770187546807264e+00
1.572319819639278649e+03 6.653766789895502853e+00
1.577897515030060276e+03 6.658762608062730237e+00
1.583475210420841904e+03 6.663758450663324950e+00
1.589052905811623532e+03 6.668755105836151387e+00
1.594630601202404932e+03 6.673753341423719121e+00
1.600208296593186333e+03 6.678753905151806336e+00
1.605785991983967961e+03 6.683757524809086803e+00
1.611363687374749588e+03 6.688764908426740874e+00
1.616941382765531216e+03 6.693776744458093120e+00
1.622519078156312844e+03 6.698793701958219771e+00
1.628096773547094244e+03 6.703816430763586354e+00
1.633674468937875645e+03 6.708845561671648028e+00
1.639252164328657273e+03 6.713881706620482781e+00
1.644829859719438900e+03 6.718925458868430844e+00
1.650407555110220528e+03 6.723977393173683481e+00
1.655985250501002156e+03 6.729038065973929506e+00
1.661562945891783556e+03 6.734108015565960059e+00
1.667140641282565184e+03 6.739187762285311578e+00
1.672718336673346812e+03 6.744277808685867903e+00
1.678296032064128212e+03 6.749378639719497031e+00
1.683873727454909840e+03 6.754490722915661216e+00
1.689451422845691468e+03 6.759614508561035962e+00
1.695029118236473096e+03 6.764750429879162752e+00
1.700606813627254724e+03 6.769898903210029850e+00
1.706184509018036351e+03 6.775060328189706382e+00
1.711762204408817752e+03 6.780235087929987969e+00
1.717339899799599152e+03 6.785423549198009496e+00
1.722917595190380780e+03 6.790626062595819690e+00
1.728495290581162408e+03 6.795842962740083593e+00
1.734072985971944036e+03 6.801074568441644708e+00
1.739650681362725663e+03 6.806321182885155530e+00
1.745228376753507064e+03 6.811583093808737388e+00
1.750806072144288692e+03 6.816860573683546143e+00
1.756383767535070092e+03 6.822153879893436468e+00
1.761961462925851720e+03 6.827463254914569291e+00
1.767539158316633348e+03 6.832788926495039661e+00
1.773116853707414975e+03 6.838131107834480638e+00
1.778694549098196603e+03 6.843489997763702704e+00
1.784272244488978004e+03 6.848865780924313640e+00
1.789849939879759631e+03 6.854258627948331295e+00
1.795427635270541032e+03 6.859668695637829217e+00
1.801005330661322660e+03 6.865096127144520111e+00
1.806583026052104287e+03 6.870541052149412131e+00
1.812160721442885915e+03 6.876003587042416321e+00
1.817738416833667543e+03 6.881483835101958491e+00
1.823316112224448943e+03 6.886981886674634623e+00
1.828893807615230344e+03 6.892497819354799660e+00
1.834471503006011972e+03 6.898031698164191816e+00
1.840049198396793599e+03 6.903583575731565780e+00
1.845626893787575227e+03 6.909153492472340119e+00
1.851204589178356855e+03 6.914741476768149653e+00
1.856782284569138483e+03 6.920347545146547041e+00
1.862359979959920111e+03 6.925971702460557822e+00
1.867937675350701511e+03 6.931613942068352685e+00
1.873515370741483139e+03 6.937274246012828272e+00
1.879093066132264539e+03 6.942952585201276783e+00
1.884670761523046167e+03 6.948648919584947237e+00
1.890248456913827795e+03 6.954363198338726626e+00
1.895826152304609195e+03 6.960095360040728707e+00
1.901403847695391050e+03 6.965845332851923644e+00
1.906981543086172451e+03 6.971613034695744560e+00
1.912559238476953851e+03 6.977398373437754486e+00
1.918136933867735706e+03 6.983201247065197848e+00
1.923714629258517107e+03 6.989021543866711816e+00
1.929292324649298735e+03 6.994859142611861813e+00
1.934870020040080362e+03 7.000713912730804012e+00
1.940447715430861763e+03 7.006585714493928307e+00
1.946025410821643163e+03 7.012474399191424013e+00
1.951603106212424791e+03 7.018379809312962792e+00
1.957180801603206419e+03 7.024301778727279455e+00
1.962758496993988047e+03 7.030240132861798941e+00
1.968336192384769674e+03 7.036194688882279280e+00
1.973913887775551302e+03 7.042165255872418150e+00
1.979491583166332930e+03 7.048151635013462979e+00
1.985069278557114330e+03 7.054153619763849470e+00
1.990646973947895731e+03 7.060170996038852564e+00
1.996224669338677359e+03 7.066203542390129044e+00
2.001802364729458986e+03 7.072251030185416454e+00
2.007380060120240387e+03 7.078313223788121888e+00
2.012957755511022242e+03 7.084389880736935652e+00
2.018535450901803870e+03 7.090480751925475111e+00
2.024113146292585270e+03 7.096585581781900132e+00
2.029690841683367125e+03 7.102704108448525844e+00
2.035268537074148526e+03 7.108836063961444296e+00
2.040846232464929926e+03 7.114981174430165645e+00
2.046423927855711554e+03 7.121139160217227371e+00
2.052001623246493182e+03 7.127309736117793726e+00
2.057579318637274810e+03 7.133492611539326234e+00
2.063157014028055983e+03 7.139687490681165372e+00
2.068734709418838065e+03 7.145894072714177980e+00
2.074312404809619238e+03 7.152112051960342498e+00
2.079890100200400866e+03 7.158341118072426568e+00
2.085467795591182494e+03 7.164580956213550067e+00
2.091045490981964122e+03 7.170831247236867156e+00
2.096623186372745749e+03 7.177091667865134639e+00
2.102200881763526922e+03 7.183361890870357591e+00
2.107778577154308550e+03 7.189641585253411904e+00
2.113356272545090178e+03 7.195930416423677478e+00
2.118933967935871806e+03 7.202228046378627013e+00
2.124511663326653434e+03 7.208534133883464534e+00
2.130089358717435061e+03 7.214848334650779016e+00
2.135667054108216689e+03 7.221170301520107415e+00
2.141244749498998317e+03 7.227499684637607835e+00
2.146822444889779945e+03 7.233836131635651867e+00
2.152400140280561118e+03 7.240179287812456899e+00
2.157977835671342746e+03 7.246528796311688225e+00
2.163555531062124373e+03 7.252884298302142874e+00
2.169133226452905546e+03 7.259245433157281546e+00
2.174710921843687174e+03 7.265611838634938202e+00
2.180288617234469257e+03 7.271983151056867101e+00
2.185866312625250430e+03 7.278359005488400868e+00
2.191444008016032058e+03 7.284739035918116556e+00
2.197021703406813685e+03 7.291122875437336504e+00
2.202599398797595313e+03 7.297510156419881433e+00
2.208177094188376941e+03 7.303900510701627269e+00
2.213754789579158569e+03 7.310293569760119681e+00
2.219332484969940197e+03 7.316688964894213498e+00
2.224910180360721370e+03 7.323086327403703244e+00
2.230487875751502997e+03 7.329485288768935902e+00
2.236065571142285080e+03 7.335885480830439676e+00
2.241643266533066253e+03 7.342286535968497674e+00
2.247220961923847426e+03 7.348688087282859271e+00
2.252798657314629509e+03 7.355089768772291592e+00
2.258376352705411136e+03 7.361491215514232245e+00
2.263954048096192309e+03 7.367892063844386108e+00
2.269531743486973937e+03 7.374291951536385170e+00
2.275109438877755565e+03 7.380690517981371102e+00
2.280687134268537193e+03 7.387087404367614241e+00
2.286264829659318821e+03 7.393482253860237385e+00
2.291842525050100448e+03 7.399874711780660697e+00
2.297420220440882076e+03 7.406264425786385885e+00
2.302997915831663704e+03 7.412651046050507730e+00
2.308575611222445332e+03 7.419034225441423658e+00
2.314153306613226505e+03 7.425413619702365686e+00
2.319731002004008133e+03 7.431788887631110896e+00
2.325308697394789760e+03 7.438159691259524919e+00
2.330886392785570933e+03 7.444525696033262641e+00
2.336464088176352561e+03 7.450886570991309910e+00
2.342041783567134189e+03 7.457241988945654043e+00
2.347619478957915817e+03 7.463591626660907252e+00
2.353197174348697445e+03 7.469935165033911417e+00
2.358774869739479072e+03 7.476272289273346416e+00
2.364352565130260700e+03 7.482602689079409508e+00
2.369930260521042328e+03 7.488926058823357934e+00
2.375507955911823956e+03 7.495242097727196295e+00
2.381085651302605584e+03 7.501550510043276887e+00
2.386663346693386757e+03 7.507851005233907138e+00
2.392241042084168384e+03 7.514143298150987249e+00
2.397818737474949558e+03 7.520427109215614081e+00
2.403396432865731185e+03 7.526702164597748990e+00
2.408974128256512813e+03 7.532968196395780858e+00
2.414551823647294441e+03 7.539224942816170838e+00
2.420129519038076523e+03 7.545472148353121966e+00
2.425707214428857696e+03 7.551709563968094230e+00
2.431284909819639324e+03 7.557936947269549677e+00
2.436862605210420952e+03 7.564154062692475478e+00
2.442440300601202580e+03 7.570360681678051762e+00
2.448017995991984208e+03 7.576556582853292809e+00
2.453595691382765835e+03 7.582741552210615410e+00
2.459173386773547008e+03 7.588915383287494265e+00
2.464751082164329091e+03 7.595077877346073869e+00
2.470328777555110264e+03 7.601228843552823911e+00
2.475906472945892347e+03 7.607368099158078323e+00
2.481484168336673520e+03 7.613495469675772398e+00
2.487061863727455147e+03 7.619610789062964074e+00
2.492639559118236321e+03 7.625713899899507986e+00
2.498217254509017948e+03 7.631804653567652252e+00
2.503794949899799576e+03 7.637882910431706307e+00
2.509372645290581204e+03 7.643948540017581728e+00
2.514950340681362832e+03 7.650001421192520468e+00
2.520528036072144459e+03 7.656041442344576176e+00
2.526105731462926087e+03 7.662068501562425027e+00
2.531683426853707715e+03 7.668082506814767108e+00
2.537261122244489343e+03 7.674083376130177214e+00
2.542838817635270971e+03 7.680071037776505349e+00
2.548416513026052144e+03 7.686045430440678672e+00
2.553994208416833771e+03 7.692006503408205020e+00
2.559571903807614945e+03 7.697954216742870948e+00
2.565149599198396572e+03 7.703888541466327844e+00
2.570727294589178200e+03 7.709809459737712700e+00
2.576304989979959828e+03 7.715716965033260877e+00
2.581882685370741456e+03 7.721611062325971275e+00
2.587460380761523083e+03 7.727491768265176475e+00
2.593038076152304711e+03 7.733359111356210569e+00
2.598615771543086339e+03 7.739213132140002394e+00
2.604193466933867967e+03 7.745053883372674974e+00
2.609771162324649595e+03 7.750881430205242673e+00
2.615348857715431222e+03 7.756695850363154676e+00
2.620926553106212396e+03 7.762497234325961060e+00
2.626504248496994023e+03 7.768285685506926441e+00
2.632081943887775651e+03 7.774061320432638311e+00
2.637659639278557279e+03 7.779824268922663322e+00
2.643237334669338907e+03 7.785574674269139628e+00
2.648815030060120534e+03 7.791312693416314161e+00
2.654392725450901708e+03 7.797038497140426294e+00
2.659970420841683335e+03 7.802752270229000864e+00
2.665548116232464963e+03 7.808454211660731836e+00
2.671125811623246591e+03 7.814144534784944973e+00
2.676703507014028219e+03 7.819823467501294090e+00
2.682281202404809846e+03 7.825491252439357837e+00
2.687858897795591474e+03 7.831148147138260462e+00
2.693436593186373102e+03 7.836794424226336986e+00
2.699014288577154730e+03 7.842430371600669581e+00
2.704591983967936358e+03 7.848056292606790940e+00
2.710169679358717531e+03 7.853672506218268623e+00
2.715747374749499158e+03 7.859279347216326705e+00
2.721325070140280332e+03 7.864877166369484307e+00
2.726902765531061959e+03 7.870466330613142603e+00
2.732480460921843587e+03 7.876047223229270422e+00
2.738058156312625215e+03 7.881620244025937971e+00
2.743635851703406843e+03 7.887185809517061941e+00
2.749213547094188471e+03 7.892744353101862842e+00
2.754791242484970098e+03 7.898296325244644756e+00
2.760368937875751726e+03 7.903842193654308623e+00
2.765946633266533354e+03 7.909382443464063606e+00
2.771524328657314982e+03 7.914917577410951921e+00
2.777102024048096609e+03 7.920448116015548656e+00
2.782679719438877783e+03 7.925974597761525686e+00
2.788257414829659410e+03 7.931497579275368359e+00
2.793835110220440583e+03 7.937017635505855040e+00
2.799412805611222666e+03 7.942535359903785341e+00
2.804990501002003839e+03 7.948051364601599111e+00
2.810568196392785921e+03 7.953566280592918147e+00
2.816145891783567095e+03 7.959080757912301074e+00
2.821723587174348722e+03 7.964595465814685582e+00
2.827301282565130350e+03 7.970111092955222354e+00
2.832878977955911978e+03 7.975628347568682663e+00
2.838456673346693606e+03 7.981147957649252334e+00
2.844034368737475234e+03 7.986670671130061017e+00
2.849612064128256861e+03 7.992197256062809174e+00
2.855189759519038489e+03 7.997728500797459894e+00
2.860767454909819662e+03 8.003265214161768171e+00
2.866345150300601290e+03 8.008808225640960288e+00
2.871922845691382463e+03 8.014358385557319053e+00
2.877500541082164546e+03 8.019916565249872065e+00
2.883078236472945719e+03 8.025483657253902336e+00
2.888655931863727346e+03 8.031060575480726271e+00
2.894233627254508974e+03 8.036648255397146556e+00
2.899811322645290602e+03 8.042247654205162632e+00
2.905389018036072230e+03 8.047859751021615438e+00
2.910966713426853858e+03 8.053485547057771754e+00
2.916544408817635485e+03 8.059126065798942307e+00
2.922122104208417113e+03 8.064782353184135388e+00
2.927699799599198741e+03 8.070455477785591469e+00
2.933277494989980369e+03 8.076146530988546957e+00
2.938855190380761996e+03 8.081856627170726171e+00
2.944432885771543170e+03 8.087586903882032274e+00
2.950010581162324797e+03 8.093338522024211557e+00
2.955588276553105970e+03 8.099112666030288565e+00
2.961165971943888053e+03 8.104910544044482634e+00
2.966743667334669226e+03 8.110733388101490249e+00
2.972321362725450854e+03 8.116582454306399796e+00
2.977899058116232482e+03 8.122459023014188872e+00
2.983476753507014109e+03 8.128364399009274877e+00
2.989054448897795737e+03 8.134299911685285878e+00
2.994632144288577365e+03 8.140266915224605881e+00
3.000209839679358993e+03 8.146266788777943191e+00
3.005787535070140621e+03 8.152300936644060414e+00
3.011365230460921794e+03 8.158370788449364142e+00
3.016942925851703876e+03 8.164477799327478635e+00
3.022520621242485049e+03 8.170623450098869256e+00
3.028098316633266677e+03 8.176809247450570695e+00
3.033676012024047850e+03 8.183036724115677174e+00
3.039253707414829478e+03 8.189307439053010285e+00
3.044831402805611106e+03 8.195622977626781491e+00
3.050409098196392733e+03 8.201984951786197797e+00
3.055986793587174361e+03 8.208395000245044315e+00
3.061564488977955989e+03 8.214854788661316576e+00
3.067142184368737617e+03 8.221366009816815534e+00
3.072719879759519245e+03 8.227930383796962843e+00
3.078297575150300872e+03 8.234549658170109865e+00
3.083875270541082500e+03 8.241225608167422223e+00
3.089452965931864128e+03 8.247960036862309607e+00
3.095030661322645301e+03 8.254754775350246376e+00
3.100608356713427384e+03 8.261611682928219125e+00
3.106186052104208557e+03 8.268532647274369651e+00
3.111763747494990184e+03 8.275519584627769376e+00
3.117341442885771357e+03 8.282574439967874014e+00
3.122919138276552985e+03 8.289699187194202068e+00
3.128496833667334613e+03 8.296895829305970693e+00
3.134074529058116241e+03 8.304166398581712016e+00
3.139652224448897869e+03 8.311512956758882353e+00
3.145229919839679496e+03 8.318937595213480307e+00
3.150807615230461124e+03 8.326442435139700393e+00
3.156385310621242752e+03 8.334029627729558243e+00
3.161963006012024380e+03 8.341701354352414555e+00
3.167540701402806008e+03 8.349459826734737078e+00
3.173118396793587181e+03 8.357307287139649432e+00
3.178696092184368808e+03 8.365246008546531442e+00
3.184273787575150436e+03 8.373278294830699409e+00
3.189851482965932064e+03 8.381406480942953152e+00
3.195429178356713237e+03 8.389632933089348654e+00
3.201006873747494865e+03 8.397960048910565689e+00
3.206584569138276493e+03 8.406390257661822574e+00
3.212162264529058120e+03 8.414926020392224260e+00
3.217739959919839748e+03 8.423569830124662872e+00
3.223317655310621376e+03 8.432324212035130273e+00
3.228895350701403004e+03 8.441191723632691435e+00
3.234473046092184632e+03 8.450174954938695748e+00
3.240050741482966259e+03 8.459276528666771711e+00
3.245628436873747887e+03 8.468499100402290480e+00
3.251206132264529515e+03 8.477845358781930685e+00
3.256783827655310688e+03 8.487318025673378230e+00
3.262361523046092316e+03 8.496919856355015455e+00
3.267939218436873944e+03 8.460898451042098145e+00
3.317653091711060370e+03 8.515205354566090179e+00
3.367366964985247250e+03 8.569512258090082213e+00
3.417080838259433676e+03 8.623819161614076023e+00
3.466794711533620102e+03 8.678126065138066281e+00
3.516508584807806983e+03 8.732432968662060091e+00
3.566222458081993409e+03 8.786739872186052125e+00
3.615936331356179835e+03 8.841046775710044159e+00
3.665650204630366716e+03 8.895353679234037969e+00
3.715364077904553142e+03 8.949660582758030003e+00
3.765077951178739568e+03 9.003967486282022037e+00
3.814791824452926448e+03 9.058274389806015847e+00
3.864505697727112874e+03 9.112581293330007881e+00
3.914219571001299300e+03 9.166888196853999915e+00
3.963933444275486181e+03 9.221195100377993725e+00
4.013647317549672607e+03 9.275502003901985759e+00
4.063361190823859033e+03 9.329808907425977793e+00
4.113075064098045914e+03 9.384115810949971603e+00
4.162788937372231885e+03 9.438422714473961861e+00
4.212502810646418766e+03 9.492729617997955671e+00
4.262216683920605647e+03 9.547036521521949481e+00
4.311930557194791618e+03 9.601343425045939739e+00
4.361644430468978499e+03 9.655650328569933549e+00
4.411358303743165379e+03 9.709957232093927360e+00
4.461072177017351351e+03 9.764264135617917617e+00
4.510786050291538231e+03 9.818571039141911427e+00
4.560499923565725112e+03 9.872877942665905238e+00
4.610213796839911083e+03 9.927184846189895495e+00
4.659927670114097964e+03 9.981491749713889305e+00
4.709641543388284845e+03 1.003579865323788312e+01
4.759355416662470816e+03 1.009010555676187337e+01
4.809069289936657697e+03 1.014441246028586718e+01
4.858783163210844577e+03 1.019871936380986099e+01
4.908497036485030549e+03 1.025302626733385125e+01
4.958210909759217429e+03 1.030733317085784506e+01
5.007924783033404310e+03 1.036164007438183887e+01
5.057638656307590281e+03 1.041594697790582913e+01
5.107352529581777162e+03 1.047025388142982294e+01
5.157066402855964043e+03 1.052456078495381497e+01
5.206780276130150014e+03 1.057886768847780701e+01
5.256494149404336895e+03 1.063317459200180082e+01
5.306208022678523776e+03 1.068748149552579285e+01
5.355921895952709747e+03 1.074178839904978489e+01
5.405635769226895718e+03 1.079609530257377692e+01
5.455349642501083508e+03 1.085040220609777073e+01
5.505063515775269479e+03 1.090470910962176276e+01
5.554777389049455451e+03 1.095901601314575480e+01
5.604491262323643241e+03 1.101332291666974861e+01
5.654205135597829212e+03 1.106762982019374064e+01
5.703919008872015183e+03 1.112193672371773268e+01
5.753632882146202974e+03 1.117624362724172649e+01
5.803346755420388945e+03 1.123055053076571852e+01
5.853060628694574916e+03 1.128485743428970878e+01
5.902774501968762706e+03 1.133916433781370436e+01
5.952488375242948678e+03 1.139347124133769640e+01
6.002202248517134649e+03 1.144777814486168666e+01
6.051916121791322439e+03 1.150208504838568047e+01
6.101629995065508410e+03 1.155639195190967428e+01
6.151343868339694382e+03 1.161069885543366453e+01
6.201057741613881262e+03 1.166500575895765834e+01
6.250771614888068143e+03 1.171931266248165215e+01
6.300485488162254114e+03 1.177361956600564241e+01
6.350199361436440995e+03 1.182792646952963622e+01
6.399913234710627876e+03 1.188223337305363003e+01
6.449627107984813847e+03 1.193654027657762029e+01
6.499340981259000728e+03 1.199084718010161410e+01
6.549054854533187608e+03 1.204515408362560791e+01
6.598768727807373580e+03 1.209946098714959817e+01
6.648482601081560460e+03 1.215376789067359198e+01
6.698196474355747341e+03 1.220807479419758579e+01
6.747910347629933312e+03 1.226238169772157605e+01
6.797624220904120193e+03 1.231668860124556986e+01
6.847338094178307074e+03 1.237099550476956189e+01
6.897051967452493045e+03 1.242530240829355392e+01
6.946765840726679926e+03 1.247960931181754773e+01
6.996479714000866807e+03 1.253391621534153977e+01
7.046193587275052778e+03 1.258822311886553180e+01
7.095907460549239659e+03 1.264253002238952561e+01
7.145621333823426539e+03 1.269683692591351765e+01
7.195335207097612511e+03 1.275114382943750968e+01
7.245049080371799391e+03 1.280545073296150349e+01
7.294762953645986272e+03 1.285975763648549552e+01
7.344476826920172243e+03 1.291406454000948756e+01
7.394190700194358215e+03 1.296837144353347782e+01
7.443904573468546005e+03 1.302267834705747163e+01
7.493618446742731976e+03 1.307698525058146544e+01
7.543332320016917947e+03 1.313129215410545569e+01
7.593046193291105737e+03 1.318559905762944950e+01
7.642760066565291709e+03 1.323990596115344331e+01
7.692473939839477680e+03 1.329421286467743357e+01
7.742187813113665470e+03 1.334851976820142738e+01
7.791901686387851441e+03 1.340282667172542119e+01
7.841615559662037413e+03 1.345713357524941145e+01
7.891329432936225203e+03 1.351144047877340526e+01
7.941043306210411174e+03 1.356574738229739907e+01
7.990757179484597145e+03 1.362005428582138933e+01
8.040471052758784936e+03 1.367436118934538314e+01
8.090184926032970907e+03 1.372866809286937695e+01
8.139898799307156878e+03 1.378297499639336721e+01
8.189612672581344668e+03 1.383728189991736102e+01
8.239326545855530640e+03 1.389158880344135483e+01
8.289040419129716611e+03 1.394589570696534508e+01
8.338754292403904401e+03 1.400020261048933889e+01
8.388468165678090372e+03 1.405450951401333270e+01
8.438182038952276343e+03 1.410881641753732296e+01
8.487895912226464134e+03 1.416312332106131677e+01
8.537609785500650105e+03 1.421743022458531058e+01
8.587323658774836076e+03 1.427173712810930084e+01
8.637037532049023866e+03 1.432604403163329465e+01
8.686751405323209838e+03 1.438035093515728846e+01
8.736465278597395809e+03 1.443465783868127872e+01
8.786179151871583599e+03 1.448896474220527253e+01
8.835893025145769570e+03 1.454327164572926634e+01
8.885606898419955542e+03 1.459757854925325660e+01
8.935320771694143332e+03 1.465188545277725041e+01
8.985034644968329303e+03 1.470619235630124422e+01
9.034748518242515274e+03 1.476049925982523447e+01
9.084462391516703065e+03 1.481480616334922829e+01
9.134176264790889036e+03 1.486911306687321854e+01
9.183890138065075007e+03 1.492341997039721235e+01
9.233604011339262797e+03 1.497772687392120616e+01
9.283317884613448769e+03 1.503203377744519642e+01
9.333031757887634740e+03 1.508634068096919023e+01
9.382745631161822530e+03 1.514064758449318404e+01
9.432459504436008501e+03 1.519495448801717430e+01
9.482173377710194472e+03 1.524926139154116811e+01
9.531887250984382263e+03 1.530356829506516192e+01
9.581601124258568234e+03 1.535787519858915218e+01
9.631314997532754205e+03 1.541218210211314599e+01
9.681028870806941995e+03 1.546648900563713980e+01
9.730742744081127967e+03 1.552079590916113006e+01
9.780456617355313938e+03 1.557510281268512387e+01
9.830170490629501728e+03 1.562940971620911768e+01
9.879884363903687699e+03 1.568371661973310793e+01
9.929598237177873671e+03 1.573802352325710174e+01
9.979312110452061461e+03 1.579233042678109555e+01
1.002902598372624743e+04 1.584663733030508581e+01
1.007873985700043340e+04 1.590094423382907962e+01
1.012845373027462119e+04 1.595525113735307343e+01
1.017816760354880716e+04 1.600955804087706369e+01
1.022788147682299314e+04 1.606386494440105750e+01
1.027759535009718093e+04 1.611817184792505131e+01
1.032730922337136690e+04 1.617247875144904157e+01
1.037702309664555287e+04 1.622678565497303538e+01
1.042673696991973884e+04 1.628109255849702564e+01
1.047645084319392663e+04 1.633539946202101945e+01
1.052616471646811260e+04 1.638970636554501326e+01
1.057587858974229857e+04 1.644401326906900351e+01
1.062559246301648636e+04 1.649832017259299732e+01
1.067530633629067233e+04 1.655262707611699113e+01
1.072502020956485831e+04 1.660693397964098139e+01
1.077473408283904610e+04 1.666124088316497520e+01
1.082444795611323207e+04 1.671554778668896546e+01
1.087416182938741804e+04 1.676985469021295927e+01
1.092387570266160583e+04 1.682416159373695308e+01
1.097358957593579180e+04 1.687846849726094334e+01
1.102330344920997777e+04 1.693277540078493715e+01
1.107301732248416556e+04 1.698708230430893096e+01
1.112273119575835153e+04 1.704138920783292122e+01
1.117244506903253750e+04 1.709569611135691503e+01
1.122215894230672529e+04 1.715000301488090884e+01
1.127187281558091126e+04 1.720430991840489909e+01
1.132158668885509724e+04 1.725861682192889290e+01
1.137130056212928503e+04 1.731292372545288671e+01
1.142101443540347100e+04 1.736723062897687697e+01
1.147072830867765697e+04 1.742153753250087078e+01
1.152044218195184294e+04 1.747584443602486104e+01
1.157015605522603073e+04 1.753015133954885485e+01
1.161986992850021670e+04 1.758445824307284866e+01
1.166958380177440267e+04 1.763876514659683892e+01
1.171929767504859046e+04 1.769307205012083273e+01
1.176901154832277643e+04 1.774737895364482654e+01
1.181872542159696241e+04 1.780168585716881680e+01
1.186843929487115020e+04 1.785599276069281061e+01
1.191815316814533617e+04 1.791029966421680442e+01
1.196786704141952214e+04 1.796460656774079467e+01
1.201758091469370993e+04 1.801891347126478848e+01
1.206729478796789590e+04 1.807322037478878229e+01
1.211700866124208187e+04 1.812752727831277255e+01
1.216672253451626966e+04 1.818183418183676636e+01
1.221643640779045563e+04 1.823614108536076017e+01
1.226615028106464160e+04 1.829044798888475043e+01
1.231586415433882939e+04 1.834475489240874424e+01
1.236557802761301537e+04 1.839906179593273805e+01
1.241529190088720134e+04 1.845336869945672831e+01
1.246500577416138913e+04 1.850767560298072212e+01
1.251471964743557510e+04 1.856198250650471593e+01
1.256443352070976107e+04 1.861628941002870619e+01
1.261414739398394886e+04 1.867059631355270000e+01
1.266386126725813483e+04 1.872490321707669025e+01
1.271357514053232080e+04 1.877921012060068406e+01
1.276328901380650859e+04 1.883351702412467787e+01
1.281300288708069456e+04 1.888782392764866813e+01
1.286271676035488053e+04 1.894213083117266194e+01
1.291243063362906832e+04 1.899643773469665575e+01
1.296214450690325430e+04 1.905074463822064601e+01
1.301185838017744027e+04 1.910505154174463982e+01
1.306157225345162806e+04 1.915935844526863363e+01
1.311128612672581403e+04 1.921366534879262389e+01
1.316100000000000000e+04 1.926797225231661770e+01
