4.768899999999999636e+03 1.591911701800450274e+01
4.799278957915831597e+03 1.595785553776524601e+01
4.829657915831663558e+03 1.599616796090904103e+01
4.860036873747494610e+03 1.603405911759336178e+01
4.890415831663327481e+03 1.607153380297545198e+01
4.920794789579158532e+03 1.610859677733304807e+01
4.951173747494990494e+03 1.614525276618515193e+01
4.981552705410821545e+03 1.618150646041272012e+01
5.011931663326653506e+03 1.621736251637944903e+01
5.042310621242484558e+03 1.625282555605248547e+01
5.072689579158316519e+03 1.628790016712316557e+01
5.103068537074148480e+03 1.632259090312776806e+01
5.133447494989979532e+03 1.635690228356823894e+01
5.163826452905811493e+03 1.639083879403293054e+01
5.194205410821643454e+03 1.642440488631735107e+01
5.224584368737474506e+03 1.645760497854488236e+01
5.254963326653307377e+03 1.649044345528754008e+01
5.285342284569138428e+03 1.652292466768669499e+01
5.315721242484969480e+03 1.655505293357381902e+01
5.346100200400802350e+03 1.658683253759122778e+01
5.376479158316633402e+03 1.661826773131280532e+01
5.406858116232465363e+03 1.664936273336474670e+01
5.437237074148296415e+03 1.668012172954631112e+01
5.467616032064128376e+03 1.671054887295053959e+01
5.497994989979959428e+03 1.674064828408499395e+01
5.528373947895792298e+03 1.677042405099251710e+01
5.558752905811623350e+03 1.679988022937194359e+01
5.589131863727454402e+03 1.682902084269885989e+01
5.619510821643287272e+03 1.685784988234632209e+01
5.649889779559118324e+03 1.688637130770561257e+01
5.680268737474950285e+03 1.691458904630696480e+01
5.710647695390782246e+03 1.694250699394031301e+01
5.741026653306613298e+03 1.697012901477602043e+01
5.771405611222445259e+03 1.699745894148561121e+01
5.801784569138277220e+03 1.702450057536253070e+01
5.832163527054108272e+03 1.705125768644286666e+01
5.862542484969940233e+03 1.707773401362609178e+01
5.892921442885771285e+03 1.710393326479579912e+01
5.923300400801603246e+03 1.712985911694044816e+01
5.953679358717434297e+03 1.715551521627408249e+01
5.984058316633267168e+03 1.718090517835710074e+01
6.014437274549098220e+03 1.720603258821695647e+01
6.044816232464929271e+03 1.723090100046893980e+01
6.075195190380762142e+03 1.725551393943687373e+01
6.105574148296593194e+03 1.727987489927387088e+01
6.135953106212425155e+03 1.730398734408308314e+01
6.166332064128257116e+03 1.732785470803840866e+01
6.196711022044088168e+03 1.735148039550526988e+01
6.227089979959919219e+03 1.737486778116131703e+01
6.257468937875752090e+03 1.739802021011717770e+01
6.287847895791583142e+03 1.742094099803719587e+01
6.318226853707415103e+03 1.744363343126018862e+01
6.348605811623247064e+03 1.746610076692014957e+01
6.378984769539078115e+03 1.748834623306699498e+01
6.409363727454910077e+03 1.751037302878733826e+01
6.439742685370742038e+03 1.753218432432517204e+01
6.470121643286573089e+03 1.755378326120265342e+01
6.500500601202405051e+03 1.757517295234082155e+01
6.530879559118237012e+03 1.759635648218031534e+01
6.561258517034068063e+03 1.761733690680215858e+01
6.591637474949900025e+03 1.763811725404847408e+01
6.622016432865731986e+03 1.765870052364318354e+01
6.652395390781563037e+03 1.767908968731283892e+01
6.682774348697394089e+03 1.769928768890724768e+01
6.713153306613226960e+03 1.771929744452030775e+01
6.743532264529058011e+03 1.773912184261068603e+01
6.773911222444889972e+03 1.775876374412257874e+01
6.804290180360721934e+03 1.777822598260644327e+01
6.834669138276552985e+03 1.779751136433974779e+01
6.865048096192384946e+03 1.781662266844769249e+01
6.895427054108216907e+03 1.783556264702395566e+01
6.925806012024047959e+03 1.785433402525143265e+01
6.956184969939879920e+03 1.787293950152297839e+01
6.986563927855711881e+03 1.789138174756213573e+01
7.016942885771542933e+03 1.790966340854387084e+01
7.047321843687374894e+03 1.792778710321533353e+01
7.077700801603206855e+03 1.794575542401656776e+01
7.108079759519037907e+03 1.796357093720125420e+01
7.138458717434869868e+03 1.798123618295748827e+01
7.168837675350701829e+03 1.799875367552844807e+01
7.199216633266532881e+03 1.801612590333319375e+01
7.229595591182365752e+03 1.803335532908737449e+01
7.259974549098196803e+03 1.805044438992397460e+01
7.290353507014027855e+03 1.806739549751404894e+01
7.320732464929859816e+03 1.808421103818746545e+01
7.351111422845691777e+03 1.810089337305364054e+01
7.381490380761522829e+03 1.811744483812227813e+01
7.411869338677355699e+03 1.813386774442410143e+01
7.442248296593186751e+03 1.815016437813161332e+01
7.472627254509017803e+03 1.816633700067978907e+01
7.503006212424849764e+03 1.818238784888687931e+01
7.533385170340681725e+03 1.819831913507507082e+01
7.563764128256513686e+03 1.821413304719129655e+01
7.594143086172344738e+03 1.822983174892792846e+01
7.624522044088176699e+03 1.824541737984353418e+01
7.654901002004007751e+03 1.826089205548361605e+01
7.685279959919838802e+03 1.827625786750132875e+01
7.715658917835671673e+03 1.829151688377824669e+01
7.746037875751502725e+03 1.830667114854507815e+01
7.776416833667334686e+03 1.832172268250241487e+01
7.806795791583166647e+03 1.833667348294147814e+01
7.837174749498998608e+03 1.835152552386482938e+01
7.867553707414830569e+03 1.836628075610713040e+01
7.897932665330661621e+03 1.838094110745588949e+01
7.928311623246492672e+03 1.839550848277217554e+01
7.958690581162324634e+03 1.840998476411136764e+01
7.989069539078156595e+03 1.842437181084390119e+01
8.019448496993988556e+03 1.843867145977597488e+01
8.049827454909819608e+03 1.845288552527033232e+01
8.080206412825651569e+03 1.846701579936698323e+01
8.110585370741483530e+03 1.848106405190391399e+01
8.140964328657315491e+03 1.849503203063786572e+01
8.171343286573146543e+03 1.850892146136505190e+01
8.201722244488977594e+03 1.852273404804189383e+01
8.232101202404810465e+03 1.853647147290578800e+01
8.262480160320641517e+03 1.855013539659578115e+01
8.292859118236472568e+03 1.856372745827340154e+01
8.323238076152305439e+03 1.857724927574327722e+01
8.353617034068136491e+03 1.859070244557400287e+01
8.383995991983967542e+03 1.860408854321877214e+01
8.414374949899800413e+03 1.861740912313618423e+01
8.444753907815631464e+03 1.863066571891094725e+01
8.475132865731462516e+03 1.864385984337462787e+01
8.505511823647295387e+03 1.865699298872637968e+01
8.535890781563126438e+03 1.867006662665369987e+01
8.566269739478957490e+03 1.868308220845315759e+01
8.596648697394790361e+03 1.869604116515111514e+01
8.627027655310621412e+03 1.870894490762449180e+01
8.657406613226452464e+03 1.872179482672149220e+01
8.687785571142285335e+03 1.873459229338235232e+01
8.718164529058116386e+03 1.874733865876004302e+01
8.748543486973947438e+03 1.876003525434104802e+01
8.778922444889780309e+03 1.877268339206611358e+01
8.809301402805611360e+03 1.878528436445090932e+01
8.839680360721442412e+03 1.879783944470685952e+01
8.870059318637275283e+03 1.881034988686182885e+01
8.900438276553106334e+03 1.882281692588086486e+01
8.930817234468937386e+03 1.883524177778694053e+01
8.961196192384770256e+03 1.884762563978169680e+01
8.991575150300601308e+03 1.885996969036618864e+01
9.021954108216432360e+03 1.887227508946159915e+01
9.052333066132265230e+03 1.888454297852999630e+01
9.082712024048096282e+03 1.889677448069505772e+01
9.113090981963927334e+03 1.890897070086283094e+01
9.143469939879760204e+03 1.892113272584244754e+01
9.173848897795593075e+03 1.893326162446686922e+01
9.204227855711422308e+03 1.894535844771363031e+01
9.234606813627255178e+03 1.895742422882557321e+01
9.264985771543088049e+03 1.896945998343158379e+01
9.295364729458919101e+03 1.898146670966734106e+01
9.325743687374750152e+03 1.899344538829602413e+01
9.356122645290581204e+03 1.900539698282909384e+01
9.386501603206412256e+03 1.901732243964699620e+01
9.416880561122245126e+03 1.902922268811992268e+01
9.447259519038076178e+03 1.904109864072852787e+01
9.477638476953907229e+03 1.905295119318469332e+01
9.508017434869740100e+03 1.906478122455222746e+01
9.538396392785572971e+03 1.907658959736765070e+01
9.568775350701404022e+03 1.908837715776089539e+01
9.599154308617235074e+03 1.910014473557606252e+01
9.629533266533066126e+03 1.911189314449215004e+01
9.659912224448897177e+03 1.912362318214380963e+01
9.690291182364730048e+03 1.913533563024206074e+01
9.720670140280561100e+03 1.914703125469503675e+01
9.751049098196392151e+03 1.915871080572873097e+01
9.781428056112225022e+03 1.917037501800772503e+01
9.811807014028056074e+03 1.918202461075593845e+01
9.842185971943888944e+03 1.919366028787734990e+01
9.872564929859719996e+03 1.920528273807675035e+01
9.902943887775551048e+03 1.921689263498048206e+01
9.933322845691382099e+03 1.922849063725715268e+01
9.963701803607214970e+03 1.924007738873841333e+01
9.994080761523046021e+03 1.925165351853963713e+01
1.002445971943887707e+04 1.926321964118073282e+01
1.005483867735470994e+04 1.927477635670683398e+01
1.008521763527054281e+04 1.928632425080903801e+01
1.011559659318637387e+04 1.929786389494515220e+01
1.014597555110220492e+04 1.930939584646043627e+01
1.017635450901803597e+04 1.932092064870834491e+01
1.020673346693386702e+04 1.933243883117124895e+01
1.023711242484969989e+04 1.934395090958118146e+01
1.026749138276553094e+04 1.935545738604058386e+01
1.029787034068136199e+04 1.936695874914303062e+01
1.032824929859719487e+04 1.937845547409398250e+01
1.035862825651302774e+04 1.938994802283150065e+01
1.038900721442885697e+04 1.940143684414701397e+01
1.041938617234468984e+04 1.941292237380603325e+01
1.044976513026052271e+04 1.942440503466890789e+01
1.048014408817635376e+04 1.943588523681154356e+01
1.051052304609218481e+04 1.944736337764614831e+01
1.054090200400801587e+04 1.945883984204199635e+01
1.057128096192384692e+04 1.947031500244613511e+01
1.060165991983967979e+04 1.948178921900410288e+01
1.063203887775551266e+04 1.949326283968074591e+01
1.066241783567134189e+04 1.950473620038084732e+01
1.069279679358717476e+04 1.951620962506998325e+01
1.072317575150300763e+04 1.952768342589517303e+01
1.075355470941883868e+04 1.953915790330564306e+01
1.078393366733466974e+04 1.955063334617355508e+01
1.081431262525050079e+04 1.956211003191479847e+01
1.084469158316633184e+04 1.957358822660965103e+01
1.087507054108216471e+04 1.958506818512356773e+01
1.090544949899799576e+04 1.959655015122789479e+01
1.093582845691382681e+04 1.960803435772062286e+01
1.096620741482965968e+04 1.961952102654711894e+01
1.099658637274549255e+04 1.963101036892086881e+01
1.102696533066132361e+04 1.964250258544419125e+01
1.105734428857715466e+04 1.965399786622901956e+01
1.108772324649298571e+04 1.966549639101761215e+01
1.111810220440881676e+04 1.967699832930326664e+01
1.114848116232464963e+04 1.968850384045110502e+01
1.117886012024048068e+04 1.970001307381881617e+01
1.120923907815631173e+04 1.971152616887732734e+01
1.123961803607214460e+04 1.972304325533161062e+01
1.126999699398797748e+04 1.973456445324136865e+01
1.130037595190380853e+04 1.974608987314184816e+01
1.133075490981963958e+04 1.975761961616446882e+01
1.136113386773547245e+04 1.976915377415765107e+01
1.139151282565130350e+04 1.978069242980755149e+01
1.142189178356713455e+04 1.979223565675871654e+01
1.145227074148296560e+04 1.980378351973492101e+01
1.148264969939879666e+04 1.981533607465983948e+01
1.151302865731462953e+04 1.982689336877781017e+01
1.154340761523046240e+04 1.983845544077460232e+01
1.157378657314629345e+04 1.985002232089805929e+01
1.160416553106212450e+04 1.986159403107896892e+01
1.163454448897795737e+04 1.987317058505168887e+01
1.166492344689378842e+04 1.988475198847493175e+01
1.169530240480961947e+04 1.989633823905251830e+01
1.172568136272545053e+04 1.990792932665408443e+01
1.175606032064128158e+04 1.991952523343582016e+01
1.178643927855711445e+04 1.993112593396124765e+01
1.181681823647294732e+04 1.994273139532190697e+01
1.184719719438877655e+04 1.995434157725811986e+01
1.187757615230460942e+04 1.996595643227974293e+01
1.190795511022044229e+04 1.997757590578685694e+01
1.193833406813627334e+04 1.998919993619059099e+01
1.196871302605210440e+04 2.000082845503372653e+01
1.199909198396793545e+04 2.001246138711159261e+01
1.202947094188376650e+04 2.002409865059268768e+01
1.205984989979959937e+04 2.003574015713945400e+01
1.209022885771543224e+04 2.004738581202902026e+01
1.212060781563126147e+04 2.005903551427395115e+01
1.215098677354709434e+04 2.007068915674296505e+01
1.218136573146292722e+04 2.008234662628166234e+01
1.221174468937875827e+04 2.009400780383331409e+01
1.224212364729458932e+04 2.010567256455952645e+01
1.227250260521042219e+04 2.011734077796103293e+01
1.230288156312625324e+04 2.012901230799842978e+01
1.233326052104208429e+04 2.014068701321290789e+01
1.236363947895791534e+04 2.015236474684694201e+01
1.239401843687374640e+04 2.016404535696509726e+01
1.242439739478957927e+04 2.017572868657476448e+01
1.245477635270541214e+04 2.018741457374683534e+01
1.248515531062124319e+04 2.019910285173649811e+01
1.251553426853707424e+04 2.021079334910395886e+01
1.254591322645290711e+04 2.022248588983518758e+01
1.257629218436873634e+04 2.023418029346262159e+01
1.260667114228456921e+04 2.024587637518594718e+01
1.263705010020040027e+04 2.025757394599281369e+01
1.266742905811623314e+04 2.026927281277957960e+01
1.269780801603206419e+04 2.028097277847205504e+01
1.272818697394789706e+04 2.029267364214622660e+01
1.275856593186372811e+04 2.030437519914897848e+01
1.278894488977955916e+04 2.031607724121889902e+01
1.281932384769539203e+04 2.032777955660694857e+01
1.284970280561122308e+04 2.033948193019720918e+01
1.288008176352705414e+04 2.035118414362766615e+01
1.291046072144288701e+04 2.036288597541089729e+01
1.294083967935871624e+04 2.037458720105484389e+01
1.297121863727454911e+04 2.038628759318351769e+01
1.300159759519038198e+04 2.039798692165774696e+01
1.303197655310621303e+04 2.040968495369597235e+01
1.306235551102204408e+04 2.042138145399486859e+01
1.309273446893787695e+04 2.043307618485019361e+01
1.312311342685370801e+04 2.044476890627749910e+01
1.315349238476953906e+04 2.045645937613281262e+01
1.318387134268537193e+04 2.046814735023340859e+01
1.321425030060120116e+04 2.047983258247860761e+01
1.324462925851703403e+04 2.049151482497039467e+01
1.327500821643286690e+04 2.050319382813427893e+01
1.330538717434869795e+04 2.051486934083994385e+01
1.333576613226452901e+04 2.052654111052201102e+01
1.336614509018036188e+04 2.053820888330081829e+01
1.339652404809619293e+04 2.054987240410308047e+01
1.342690300601202398e+04 2.056153141678270302e+01
1.345728196392785685e+04 2.057318566424148543e+01
1.348766092184368608e+04 2.058483488854983534e+01
1.351803987975951895e+04 2.059647883106755017e+01
1.354841883767535001e+04 2.060811723256453831e+01
1.357879779559118469e+04 2.061974983334157940e+01
1.360917675350701393e+04 2.063137637335097452e+01
1.363955571142284680e+04 2.064299659231741302e+01
1.366993466933867785e+04 2.065461022985862627e+01
1.370031362725450890e+04 2.066621702560613727e+01
1.373069258517034177e+04 2.067781671932601029e+01
1.376107154308617282e+04 2.068940905103958983e+01
1.379145050100200388e+04 2.070099376114421830e+01
1.382182945891783675e+04 2.071257059053403893e+01
1.385220841683366598e+04 2.072413928072062816e+01
1.388258737474949885e+04 2.073569957395383057e+01
1.391296633266533172e+04 2.074725121334242317e+01
1.394334529058116277e+04 2.075879394297493974e+01
1.397372424849699382e+04 2.077032750804029604e+01
1.400410320641282669e+04 2.078185165494862474e+01
1.403448216432865775e+04 2.079336613145197177e+01
1.406486112224448880e+04 2.080487068676504947e+01
1.409524008016032167e+04 2.081636507168592942e+01
1.412561903807615090e+04 2.082784903871686311e+01
1.415599799599198559e+04 2.083932234218494273e+01
1.418637695390781664e+04 2.085078473836286861e+01
1.421675591182364951e+04 2.086223598558973080e+01
1.424713486973947875e+04 2.087367584439163792e+01
1.427751382765531162e+04 2.088510407760256982e+01
1.430789278557114267e+04 2.089652045048504192e+01
1.433827174348697372e+04 2.090792473085089043e+01
1.436865070140280659e+04 2.091931668918197573e+01
1.439902965931863582e+04 2.093069609875094272e+01
1.442940861723446869e+04 2.094206273574193489e+01
1.445978757515030156e+04 2.095341637937137591e+01
1.449016653306613443e+04 2.096475681200861629e+01
1.452054549098196367e+04 2.097608381929683219e+01
1.455092444889779654e+04 2.098739719027358319e+01
1.458130340681362759e+04 2.099869671749166500e+01
1.461168236472945864e+04 2.100998219713979509e+01
1.464206132264529151e+04 2.102125342916341566e+01
1.467244028056112256e+04 2.103251021738533666e+01
1.470281923847695361e+04 2.104375236962653872e+01
1.473319819639278649e+04 2.105497969782692280e+01
1.476357715430861936e+04 2.106619201816599940e+01
1.479395611222444859e+04 2.107738915118364531e+01
1.482433507014028146e+04 2.108857092190085325e+01
1.485471402805611251e+04 2.109973715994046017e+01
1.488509298597194356e+04 2.111088769964787559e+01
1.491547194388777643e+04 2.112202238021187028e+01
1.494585090180360748e+04 2.113314104578521579e+01
1.497622985971943854e+04 2.114424354560554775e+01
1.500660881763527141e+04 2.115532973411598761e+01
1.503698777555110428e+04 2.116639947108593844e+01
1.506736673346693533e+04 2.117745262173185239e+01
1.509774569138276638e+04 2.118848905683787365e+01
1.512812464929859925e+04 2.119950865287671959e+01
1.515850360721442848e+04 2.121051129213023501e+01
1.518888256513026136e+04 2.122149686281027314e+01
1.521926152304609241e+04 2.123246525917942762e+01
1.524964048096192346e+04 2.124341638167166479e+01
1.528001943887775633e+04 2.125435013701320486e+01
1.531039839679358920e+04 2.126526643834312225e+01
1.534077735470942025e+04 2.127616520533413791e+01
1.537115631262525130e+04 2.128704636431345065e+01
1.540153527054108417e+04 2.129790984838329848e+01
1.543191422845691341e+04 2.130875559754182547e+01
1.546229318637274628e+04 2.131958355880380296e+01
1.549267214428857733e+04 2.133039368632130461e+01
1.552305110220440838e+04 2.134118594150454129e+01
1.555343006012024125e+04 2.135196029314248989e+01
1.558380901803607048e+04 2.136271671752369983e+01
1.561418797595190517e+04 2.137345519855705334e+01
1.564456693386773622e+04 2.138417572789242627e+01
1.567494589178356910e+04 2.139487830504150168e+01
1.570532484969939833e+04 2.140556293749843775e+01
1.573570380761523120e+04 2.141622964086068492e+01
1.576608276553106225e+04 2.142687843894962185e+01
1.579646172344689330e+04 2.143750936393144002e+01
1.582684068136272617e+04 2.144812245643770510e+01
1.585721963927855722e+04 2.145871776568623090e+01
1.588759859719438828e+04 2.146929534960177932e+01
1.591797755511022115e+04 2.147985527493676727e+01
1.594835651302605402e+04 2.149039761739201992e+01
1.597873547094188507e+04 2.150092246173753807e+01
1.600911442885771612e+04 2.151142990193319093e+01
1.603949338677354717e+04 2.152192004124952973e+01
1.606987234468937822e+04 2.153239299238840232e+01
1.610025130260521109e+04 2.154284887760383072e+01
1.613063026052104215e+04 2.155328782882263994e+01
1.616100921843687320e+04 2.156370998776525028e+01
1.619138817635270607e+04 2.157411550606635942e+01
1.622176713426853894e+04 2.158450454539580221e+01
1.625214609218436999e+04 2.159487727757915820e+01
1.628252505010020104e+04 2.160523388471855100e+01
1.631290400801603391e+04 2.161557455931337657e+01
1.634328296593186315e+04 2.162589950438106712e+01
1.637366192384769602e+04 2.163620893357772346e+01
1.640404088176352525e+04 2.164650307131906004e+01
1.643441983967935812e+04 2.165678215290088104e+01
1.646479879759519099e+04 2.166704642462004671e+01
1.649517775551102386e+04 2.167729614389508441e+01
1.652555671342685673e+04 2.168753157938695608e+01
1.655593567134268596e+04 2.169775301111982913e+01
1.658631462925851520e+04 2.170796073060174791e+01
1.661669358717434807e+04 2.171815504094541183e+01
1.664707254509018094e+04 2.172833625698898885e+01
1.667745150300601381e+04 2.173850470541663071e+01
1.670783046092184668e+04 2.174866072487951385e+01
1.673820941883767591e+04 2.175880466611629060e+01
1.676858837675350878e+04 2.176893689207401650e+01
1.679896733466933802e+04 2.177905777802884302e+01
1.682934629258517089e+04 2.178916771170673883e+01
1.685972525050100376e+04 2.179926709340417901e+01
1.689010420841683299e+04 2.180935633610895863e+01
1.692048316633266586e+04 2.181943586562093884e+01
1.695086212424849509e+04 2.182950612067270413e+01
1.698124108216432796e+04 2.183956755305040076e+01
1.701162004008016083e+04 2.184962062771435143e+01
1.704199899799599370e+04 2.185966582291993632e+01
1.707237795591182658e+04 2.186970363033822906e+01
1.710275691382765581e+04 2.187973455517677479e+01
1.713313587174348504e+04 2.188975911630026161e+01
1.716351482965931791e+04 2.189977784635141234e+01
1.719389378757515078e+04 2.190979129187156715e+01
1.722427274549098365e+04 2.191980001342146522e+01
1.725465170340681652e+04 2.192980458570201563e+01
1.728503066132264576e+04 2.193980559767505412e+01
1.731540961923847499e+04 2.194980365268399680e+01
1.734578857715430786e+04 2.195979936857465020e+01
1.737616753507014073e+04 2.196979337781591823e+01
1.740654649298597360e+04 2.197978632762050566e+01
1.743692545090180647e+04 2.198977888006577786e+01
1.746730440881763570e+04 2.199977171221435412e+01
1.749768336673346857e+04 2.200976551623494970e+01
1.752806232464929781e+04 2.201976099952306498e+01
1.755844128256513068e+04 2.202975888482172806e+01
1.758882024048096355e+04 2.203975991034218396e+01
1.761919919839679278e+04 2.204976482988479702e+01
1.764957815631262565e+04 2.205977441295954122e+01
1.767995711422845852e+04 2.206978944490708727e+01
1.771033607214428775e+04 2.207981072701905134e+01
1.774071503006012063e+04 2.208983907665921720e+01
1.777109398797595350e+04 2.209987532738401583e+01
1.780147294589178637e+04 2.210992032906324312e+01
1.783185190380761560e+04 2.211997494800098707e+01
1.786223086172344483e+04 2.213004006705616433e+01
1.789260981963927770e+04 2.214011658576337993e+01
1.792298877755511057e+04 2.215020542045358098e+01
1.795336773547094344e+04 2.216030750437491292e+01
1.798374669338677631e+04 2.217042378781333412e+01
1.801412565130260919e+04 2.218055523821340813e+01
1.804450460921843842e+04 2.219070284029907469e+01
1.807488356713426765e+04 2.220086759619432115e+01
1.810526252505010052e+04 2.221105052554394277e+01
1.813564148296593339e+04 2.222125266563431012e+01
1.816602044088176262e+04 2.223147507151413294e+01
1.819639939879759186e+04 2.224171881611506763e+01
1.822677835671342837e+04 2.225198499037256283e+01
1.825715731462925760e+04 2.226227470334659841e+01
1.828753627254509047e+04 2.227258908234242085e+01
1.831791523046092334e+04 2.228292927303116855e+01
1.834829418837675621e+04 2.229329643957083462e+01
1.837867314629258544e+04 2.230369176472677140e+01
1.840905210420841468e+04 2.231411644999252530e+01
1.843943106212424755e+04 2.232457171571062560e+01
1.846981002004008042e+04 2.233505880119325937e+01
1.850018897795591329e+04 2.234557896484304962e+01
1.853056793587174616e+04 2.235613348427371250e+01
1.856094689378757903e+04 2.236672365643089933e+01
1.859132585170340826e+04 2.237735079771288582e+01
1.862170480961923749e+04 2.238801624409127200e+01
1.865208376753507036e+04 2.239872135123180641e+01
1.868246272545090324e+04 2.240946749461505050e+01
1.871284168336673247e+04 2.242025606965712825e+01
1.874322064128256534e+04 2.243108849183055753e+01
1.877359959919839457e+04 2.244196619678481852e+01
1.880397855711423108e+04 2.245289064046719218e+01
1.883435751503006031e+04 2.246386329924356318e+01
1.886473647294589318e+04 2.247488567001905224e+01
1.889511543086172605e+04 2.248595927035867348e+01
1.892549438877755529e+04 2.249708563860844635e+01
1.895587334669338452e+04 2.250826633401558752e+01
1.898625230460921739e+04 2.251950293684969040e+01
1.901663126252505026e+04 2.253079704852329712e+01
1.904701022044088313e+04 2.254215029171256646e+01
1.907738917835671600e+04 2.255356431047821886e+01
1.910776813627254887e+04 2.256504077038608358e+01
1.913814709418837811e+04 2.257658135862780924e+01
1.916852605210420734e+04 2.258818778414184081e+01
1.919890501002004021e+04 2.259986177773395610e+01
1.922928396793587308e+04 2.261160509219804027e+01
1.925966292585170595e+04 2.262341950243681055e+01
1.929004188376753518e+04 2.263530680558270802e+01
1.932042084168336805e+04 2.264726882111837369e+01
1.935079979959919729e+04 2.265930739099759705e+01
1.938117875751503016e+04 2.267142437976595204e+01
1.941155771543086303e+04 2.268362167468158574e+01
1.944193667334669590e+04 2.269590118583598581e+01
1.947231563126252513e+04 2.270826484627452402e+01
1.950269458917835436e+04 2.272071461211752563e+01
1.953307354709418723e+04 2.273325246268064959e+01
1.956345250501002010e+04 2.274588040059594363e+01
1.959383146292585297e+04 2.275860045193228842e+01
1.962421042084168585e+04 2.277141466631649180e+01
1.965458937875751508e+04 2.278432511705355523e+01
1.968496833667334795e+04 2.279733390124786041e+01
1.971534729458917718e+04 2.281044313992371286e+01
1.974572625250501005e+04 2.282365497814602406e+01
1.977610521042084292e+04 2.283697158514117831e+01
1.980648416833667579e+04 2.283235622122364106e+01
2.010751691120935720e+04 2.293902252475977122e+01
2.040854965408203498e+04 2.304568882829589782e+01
2.070958239695471639e+04 2.315235513183202798e+01
2.101061513982739416e+04 2.325902143536815458e+01
2.131164788270007557e+04 2.336568773890428474e+01
2.161268062557275698e+04 2.347235404244041490e+01
2.191371336844543475e+04 2.357902034597654151e+01
2.221474611131811616e+04 2.368568664951267166e+01
2.251577885419079757e+04 2.379235295304880182e+01
2.281681159706347535e+04 2.389901925658492843e+01
2.311784433993615676e+04 2.400568556012105859e+01
2.341887708280883817e+04 2.411235186365718874e+01
2.371990982568151594e+04 2.421901816719331890e+01
2.402094256855419735e+04 2.432568447072944551e+01
2.432197531142687512e+04 2.443235077426557211e+01
2.462300805429955653e+04 2.453901707780170227e+01
2.492404079717223794e+04 2.464568338133783243e+01
2.522507354004491572e+04 2.475234968487396259e+01
2.552610628291759713e+04 2.485901598841009275e+01
2.582713902579027490e+04 2.496568229194621935e+01
2.612817176866295631e+04 2.507234859548234596e+01
2.642920451153563772e+04 2.517901489901847611e+01
2.673023725440831913e+04 2.528568120255460627e+01
2.703126999728099690e+04 2.539234750609073643e+01
2.733230274015367468e+04 2.549901380962686304e+01
2.763333548302635609e+04 2.560568011316299319e+01
2.793436822589903750e+04 2.571234641669911980e+01
2.823540096877171891e+04 2.581901272023524996e+01
2.853643371164439668e+04 2.592567902377138012e+01
2.883746645451707809e+04 2.603234532730751027e+01
2.913849919738975586e+04 2.613901163084363688e+01
2.943953194026243727e+04 2.624567793437976704e+01
2.974056468313511868e+04 2.635234423791589364e+01
3.004159742600779646e+04 2.645901054145202380e+01
3.034263016888047787e+04 2.656567684498815396e+01
3.064366291175315564e+04 2.667234314852428056e+01
3.094469565462583705e+04 2.677900945206041072e+01
3.124572839749851846e+04 2.688567575559654088e+01
3.154676114037119987e+04 2.699234205913266749e+01
3.184779388324387764e+04 2.709900836266879764e+01
3.214882662611655542e+04 2.720567466620492780e+01
3.244985936898923683e+04 2.731234096974105441e+01
3.275089211186191824e+04 2.741900727327718457e+01
3.305192485473459965e+04 2.752567357681331472e+01
3.335295759760728106e+04 2.763233988034944133e+01
3.365399034047995519e+04 2.773900618388557149e+01
3.395502308335263660e+04 2.784567248742170165e+01
3.425605582622531801e+04 2.795233879095782825e+01
3.455708856909799943e+04 2.805900509449395841e+01
3.485812131197068084e+04 2.816567139803008857e+01
3.515915405484335497e+04 2.827233770156621517e+01
3.546018679771603638e+04 2.837900400510234533e+01
3.576121954058871779e+04 2.848567030863847549e+01
3.606225228346139920e+04 2.859233661217460210e+01
3.636328502633408061e+04 2.869900291571073225e+01
3.666431776920675475e+04 2.880566921924685886e+01
3.696535051207944343e+04 2.891233552278298902e+01
3.726638325495211757e+04 2.901900182631911917e+01
3.756741599782479898e+04 2.912566812985524933e+01
3.786844874069748039e+04 2.923233443339137594e+01
3.816948148357015452e+04 2.933900073692750254e+01
3.847051422644284321e+04 2.944566704046363625e+01
3.877154696931551734e+04 2.955233334399976286e+01
3.907257971218819876e+04 2.965899964753589302e+01
3.937361245506088017e+04 2.976566595107202318e+01
3.967464519793355430e+04 2.987233225460814623e+01
3.997567794080624299e+04 2.997899855814427994e+01
4.027671068367891712e+04 3.008566486168040655e+01
4.057774342655159853e+04 3.019233116521653670e+01
4.087877616942427994e+04 3.029899746875266686e+01
4.117980891229695408e+04 3.040566377228878991e+01
4.148084165516964276e+04 3.051233007582492363e+01
4.178187439804231690e+04 3.061899637936105023e+01
4.208290714091499831e+04 3.072566268289718039e+01
4.238393988378767972e+04 3.083232898643331055e+01
4.268497262666036113e+04 3.093899528996944071e+01
4.298600536953304254e+04 3.104566159350557086e+01
4.328703811240571667e+04 3.115232789704169392e+01
4.358807085527839808e+04 3.125899420057782407e+01
4.388910359815107950e+04 3.136566050411395423e+01
4.419013634102376091e+04 3.147232680765008439e+01
4.449116908389644232e+04 3.157899311118621455e+01
4.479220182676911645e+04 3.168565941472233760e+01
4.509323456964179786e+04 3.179232571825846776e+01
4.539426731251447927e+04 3.189899202179459792e+01
4.569530005538716068e+04 3.200565832533072808e+01
4.599633279825984209e+04 3.211232462886685823e+01
4.629736554113251623e+04 3.221899093240298839e+01
4.659839828400520491e+04 3.232565723593911855e+01
4.689943102687787905e+04 3.243232353947524160e+01
4.720046376975056046e+04 3.253898984301137176e+01
4.750149651262324187e+04 3.264565614654750192e+01
4.780252925549591600e+04 3.275232245008362497e+01
4.810356199836860469e+04 3.285898875361976224e+01
4.840459474124127883e+04 3.296565505715588529e+01
4.870562748411396024e+04 3.307232136069201545e+01
4.900666022698664165e+04 3.317898766422814560e+01
4.930769296985931578e+04 3.328565396776427576e+01
4.960872571273200447e+04 3.339232027130040592e+01
4.990975845560467860e+04 3.349898657483653608e+01
5.021079119847736001e+04 3.360565287837266624e+01
5.051182394135004142e+04 3.371231918190878929e+01
5.081285668422271556e+04 3.381898548544491945e+01
5.111388942709540424e+04 3.392565178898104961e+01
5.141492216996807838e+04 3.403231809251717266e+01
5.171595491284075979e+04 3.413898439605330282e+01
5.201698765571344120e+04 3.424565069958943297e+01
5.231802039858612261e+04 3.435231700312556313e+01
5.261905314145880402e+04 3.445898330666169329e+01
5.292008588433147816e+04 3.456564961019782345e+01
5.322111862720415957e+04 3.467231591373395361e+01
5.352215137007684098e+04 3.477898221727008377e+01
5.382318411294952239e+04 3.488564852080621392e+01
5.412421685582220380e+04 3.499231482434233698e+01
5.442524959869487793e+04 3.509898112787846713e+01
5.472628234156755934e+04 3.520564743141459019e+01
5.502731508444024075e+04 3.531231373495072035e+01
5.532834782731292216e+04 3.541898003848685050e+01
5.562938057018560357e+04 3.552564634202298066e+01
5.593041331305828498e+04 3.563231264555911082e+01
5.623144605593095912e+04 3.573897894909524098e+01
5.653247879880364053e+04 3.584564525263137114e+01
5.683351154167632194e+04 3.595231155616750129e+01
5.713454428454900335e+04 3.605897785970363145e+01
5.743557702742168476e+04 3.616564416323976161e+01
5.773660977029435890e+04 3.627231046677588466e+01
5.803764251316704031e+04 3.637897677031201482e+01
5.833867525603972172e+04 3.648564307384813787e+01
5.863970799891240313e+04 3.659230937738426803e+01
5.894074074178508454e+04 3.669897568092039819e+01
5.924177348465775867e+04 3.680564198445652835e+01
5.954280622753044008e+04 3.691230828799265851e+01
5.984383897040312149e+04 3.701897459152878866e+01
6.014487171327580290e+04 3.712564089506491882e+01
6.044590445614848431e+04 3.723230719860104898e+01
6.074693719902115845e+04 3.733897350213717203e+01
6.104796994189383986e+04 3.744563980567330219e+01
6.134900268476652127e+04 3.755230610920943235e+01
6.165003542763920268e+04 3.765897241274556251e+01
6.195106817051188409e+04 3.776563871628168556e+01
6.225210091338456550e+04 3.787230501981781572e+01
6.255313365625723964e+04 3.797897132335394588e+01
6.285416639912992105e+04 3.808563762689007604e+01
6.315519914200260246e+04 3.819230393042620619e+01
6.345623188487528387e+04 3.829897023396233635e+01
6.375726462774796528e+04 3.840563653749846651e+01
6.405829737062063941e+04 3.851230284103458956e+01
6.435933011349332082e+04 3.861896914457071972e+01
6.466036285636600223e+04 3.872563544810684988e+01
6.496139559923868364e+04 3.883230175164298004e+01
6.526242834211136505e+04 3.893896805517911019e+01
6.556346108498403919e+04 3.904563435871523325e+01
6.586449382785672788e+04 3.915230066225136341e+01
6.616552657072940201e+04 3.925896696578749356e+01
6.646655931360207614e+04 3.936563326932362372e+01
6.676759205647476483e+04 3.947229957285975388e+01
6.706862479934745352e+04 3.957896587639588404e+01
6.736965754222011310e+04 3.968563217993200709e+01
6.767069028509280179e+04 3.979229848346813725e+01
6.797172302796549047e+04 3.989896478700427451e+01
6.827275577083816461e+04 4.000563109054039757e+01
6.857378851371083874e+04 4.011229739407652062e+01
6.887482125658352743e+04 4.021896369761265788e+01
6.917585399945620156e+04 4.032563000114878093e+01
6.947688674232887570e+04 4.043229630468491109e+01
6.977791948520156438e+04 4.053896260822104125e+01
7.007895222807425307e+04 4.064562891175717141e+01
7.037998497094691265e+04 4.075229521529329446e+01
7.068101771381960134e+04 4.085896151882943172e+01
7.098205045669229003e+04 4.096562782236556188e+01
7.128308319956496416e+04 4.107229412590168494e+01
7.158411594243763830e+04 4.117896042943780799e+01
7.188514868531032698e+04 4.128562673297394525e+01
7.218618142818300112e+04 4.139229303651006830e+01
7.248721417105567525e+04 4.149895934004619846e+01
7.278824691392836394e+04 4.160562564358232862e+01
7.308927965680105262e+04 4.171229194711845878e+01
7.339031239967372676e+04 4.181895825065458894e+01
7.369134514254640089e+04 4.192562455419071910e+01
7.399237788541908958e+04 4.203229085772684925e+01
7.429341062829176371e+04 4.213895716126297941e+01
7.459444337116443785e+04 4.224562346479910246e+01
7.489547611403712654e+04 4.235228976833523262e+01
7.519650885690981522e+04 4.245895607187136989e+01
7.549754159978247480e+04 4.256562237540748583e+01
7.579857434265516349e+04 4.267228867894361599e+01
7.609960708552785218e+04 4.277895498247975326e+01
7.640063982840052631e+04 4.288562128601587631e+01
7.670167257127320045e+04 4.299228758955200647e+01
7.700270531414588913e+04 4.309895389308813662e+01
7.730373805701856327e+04 4.320562019662426678e+01
7.760477079989123740e+04 4.331228650016038983e+01
7.790580354276392609e+04 4.341895280369652710e+01
7.820683628563661478e+04 4.352561910723265726e+01
7.850786902850927436e+04 4.363228541076877320e+01
7.880890177138196304e+04 4.373895171430490336e+01
7.910993451425465173e+04 4.384561801784104063e+01
7.941096725712732587e+04 4.395228432137716368e+01
7.971200000000000000e+04 4.405895062491329384e+01
