4.140649999999999636e+03 1.342186413853480431e+01
4.172249899799599007e+03 1.347725896850151095e+01
4.203849799599198377e+03 1.353206801851485075e+01
4.235449699398797748e+03 1.358629691883919222e+01
4.267049599198397118e+03 1.363995126474328501e+01
4.298649498997996488e+03 1.369303661660581461e+01
4.330249398797595859e+03 1.374555850002096591e+01
4.361849298597194320e+03 1.379752240590397427e+01
4.393449198396793690e+03 1.384893379059668206e+01
4.425049098196392151e+03 1.389979807597310035e+01
4.456648997995992431e+03 1.395012064954495479e+01
4.488248897795591802e+03 1.399990686456725442e+01
4.519848797595190263e+03 1.404916204014384462e+01
4.551448697394789633e+03 1.409789146133295468e+01
4.583048597194389004e+03 1.414610037925277197e+01
4.614648496993988374e+03 1.419379401118698070e+01
4.646248396793587744e+03 1.424097754069032717e+01
4.677848296593186205e+03 1.428765611769417632e+01
4.709448196392785576e+03 1.433383485861206630e+01
4.741048096192384946e+03 1.437951884644526857e+01
4.772647995991984317e+03 1.442471313088834250e+01
4.804247895791583687e+03 1.446942272843468658e+01
4.835847795591182148e+03 1.451365262248210186e+01
4.867447695390781519e+03 1.455740776343834497e+01
4.899047595190380889e+03 1.460069306882668805e+01
4.930647494989980260e+03 1.464351342339147699e+01
4.962247394789579630e+03 1.468587367920367548e+01
4.993847294589179000e+03 1.472777865576643741e+01
5.025447194388778371e+03 1.476923314012065447e+01
5.057047094188376832e+03 1.481024188695051436e+01
5.088646993987976202e+03 1.485080961868905902e+01
5.120246893787574663e+03 1.489094102562373934e+01
5.151846793587174034e+03 1.493064076600196977e+01
5.183446693386773404e+03 1.496991346613669194e+01
5.215046593186372775e+03 1.500876372051192575e+01
5.246646492985972145e+03 1.504719609188832230e+01
5.278246392785571516e+03 1.508521511140872917e+01
5.309846292585170886e+03 1.512282527870374338e+01
5.341446192384769347e+03 1.516003106199726602e+01
5.373046092184368717e+03 1.519683689821206229e+01
5.404645991983968088e+03 1.523324719307530728e+01
5.436245891783566549e+03 1.526926632122416905e+01
5.467845791583165919e+03 1.530489862631133136e+01
5.499445691382765290e+03 1.534014842111056609e+01
5.531045591182364660e+03 1.537501998762230748e+01
5.562645490981964031e+03 1.540951757717917125e+01
5.594245390781563401e+03 1.544364541055154305e+01
5.625845290581162772e+03 1.547740767805311535e+01
5.657445190380761233e+03 1.551080853964646167e+01
5.689045090180360603e+03 1.554385212504857705e+01
5.720644989979959973e+03 1.557654253383643805e+01
5.752244889779558434e+03 1.560888383555256809e+01
5.783844789579157805e+03 1.564088006981058498e+01
5.815444689378757175e+03 1.567253524640076634e+01
5.847044589178356546e+03 1.570385334539558642e+01
5.878644488977955916e+03 1.573483831725530635e+01
5.910244388777555287e+03 1.576549408293349330e+01
5.941844288577154657e+03 1.579582453398260355e+01
5.973444188376754028e+03 1.582583353265953008e+01
6.005044088176353398e+03 1.585552491203115721e+01
6.036643987975952768e+03 1.588490247607991890e+01
6.068243887775551229e+03 1.591396999980936044e+01
6.099843787575150600e+03 1.594273122934968612e+01
6.131443687374749061e+03 1.597118988206331736e+01
6.163043587174348431e+03 1.599934964665046166e+01
6.194643486973947802e+03 1.602721418325464953e+01
6.226243386773547172e+03 1.605478712356829973e+01
6.257843286573146543e+03 1.608207207093829183e+01
6.289443186372745913e+03 1.610907260047149236e+01
6.321043086172345284e+03 1.613579225914033799e+01
6.352642985971944654e+03 1.616223456588836882e+01
6.384242885771543115e+03 1.618840301173580443e+01
6.415842785571142485e+03 1.621430105988510206e+01
6.447442685370741856e+03 1.623993214582649358e+01
6.479042585170341226e+03 1.626529967744355076e+01
6.510642484969940597e+03 1.629040703511875066e+01
6.542242384769539058e+03 1.631525757183901959e+01
6.573842284569138428e+03 1.633985461330130562e+01
6.605442184368737799e+03 1.636420145801811543e+01
6.637042084168337169e+03 1.638830137742308679e+01
6.668641983967936540e+03 1.641215761597653255e+01
6.700241883767535910e+03 1.643577339127100956e+01
6.731841783567134371e+03 1.645915189413686264e+01
6.763441683366733741e+03 1.648229628874780062e+01
6.795041583166333112e+03 1.650520971272642612e+01
6.826641482965932482e+03 1.652789527724981156e+01
6.858241382765530943e+03 1.655035606715505025e+01
6.889841282565130314e+03 1.657259514104481468e+01
6.921441182364729684e+03 1.659461553139290757e+01
6.953041082164329055e+03 1.661642024464982370e+01
6.984640981963928425e+03 1.663801226134830813e+01
7.016240881763527796e+03 1.665939453620890731e+01
7.047840781563126257e+03 1.668056999824552733e+01
7.079440681362725627e+03 1.670154155087098857e+01
7.111040581162324997e+03 1.672231207200259817e+01
7.142640480961924368e+03 1.674288441416767270e+01
7.174240380761522829e+03 1.676326140460912484e+01
7.205840280561122199e+03 1.678344584539101447e+01
7.237440180360721570e+03 1.680344051350410695e+01
7.269040080160320940e+03 1.682324816097140285e+01
7.300639979959920311e+03 1.684287151495373180e+01
7.332239879759518772e+03 1.686231327785529288e+01
7.363839779559118142e+03 1.688157612742919866e+01
7.395439679358717513e+03 1.690066271688306188e+01
7.427039579158316883e+03 1.691957567498452164e+01
7.458639478957916253e+03 1.693831760616681237e+01
7.490239378757514714e+03 1.695689109063433264e+01
7.521839278557114085e+03 1.697529868446817858e+01
7.553439178356713455e+03 1.699354291973171627e+01
7.585039078156312826e+03 1.701162630457612579e+01
7.616638977955912196e+03 1.702955132334598431e+01
7.648238877755510657e+03 1.704732043668479236e+01
7.679838777555110028e+03 1.706493608164053200e+01
7.711438677354709398e+03 1.708240067177125354e+01
7.743038577154308769e+03 1.709971659725059823e+01
7.774638476953908139e+03 1.711688622497337775e+01
7.806238376753506600e+03 1.713391189866110409e+01
7.837838276553105970e+03 1.715079593896759746e+01
7.869438176352705341e+03 1.716754064358447351e+01
7.901038076152304711e+03 1.718414828734675481e+01
7.932637975951904082e+03 1.720062112233841134e+01
7.964237875751503452e+03 1.721696137799789383e+01
7.995837775551102823e+03 1.723317126122373111e+01
8.027437675350702193e+03 1.724925295648006340e+01
8.059037575150301564e+03 1.726520862590218641e+01
8.090637474949900934e+03 1.728104040940213793e+01
8.122237374749498485e+03 1.729675042477423119e+01
8.153837274549097856e+03 1.731234076780062736e+01
8.185437174348697226e+03 1.732781351235687595e+01
8.217037074148296597e+03 1.734317071051749437e+01
8.248636973947895967e+03 1.735841439266148356e+01
8.280236873747495338e+03 1.737354656757793592e+01
8.311836773547094708e+03 1.738856922257155802e+01
8.343436673346694079e+03 1.740348432356823594e+01
8.375036573146293449e+03 1.741829381522059350e+01
8.406636472945892820e+03 1.743299962101354339e+01
8.438236372745490371e+03 1.744760364336984892e+01
8.469836272545089741e+03 1.746210776375568230e+01
8.501436172344689112e+03 1.747651384278618281e+01
8.533036072144288482e+03 1.749082372033099375e+01
8.564635971943887853e+03 1.750503921561985265e+01
8.596235871743487223e+03 1.751916212734811040e+01
8.627835771543086594e+03 1.753319423378231789e+01
8.659435671342685964e+03 1.754713729286577717e+01
8.691035571142285335e+03 1.756099304232407832e+01
8.722635470941884705e+03 1.757476319977067902e+01
8.754235370741484076e+03 1.758844946281244859e+01
8.785835270541083446e+03 1.760205350915522615e+01
8.817435170340682816e+03 1.761557699670938604e+01
8.849035070140280368e+03 1.762902156369538531e+01
8.880634969939881557e+03 1.764238882874931136e+01
8.912234869739479109e+03 1.765568039102846143e+01
8.943834769539078479e+03 1.766889783031689021e+01
8.975434669338677850e+03 1.768204270713094672e+01
9.007034569138275401e+03 1.769511656282486811e+01
9.038634468937876591e+03 1.770812091969630586e+01
9.070234368737474142e+03 1.772105728109188760e+01
9.101834268537073513e+03 1.773392713151278954e+01
9.133434168336672883e+03 1.774673193672026628e+01
9.165034068136272253e+03 1.775947314384123388e+01
9.196633967935871624e+03 1.777215218147382103e+01
9.228233867735470994e+03 1.778477045979290594e+01
9.259833767535070365e+03 1.779732937065569587e+01
9.291433667334669735e+03 1.780983028770727117e+01
9.323033567134269106e+03 1.782227456648615416e+01
9.354633466933868476e+03 1.783466354452983893e+01
9.386233366733467847e+03 1.784699854148039222e+01
9.417833266533067217e+03 1.785928085918994768e+01
9.449433166332666588e+03 1.787151178182634226e+01
9.481033066132264139e+03 1.788369257597859274e+01
9.512632965931865328e+03 1.789582449076250370e+01
9.544232865731462880e+03 1.790790875792621506e+01
9.575832765531062250e+03 1.791994659195573547e+01
9.607432665330661621e+03 1.793193919018053606e+01
9.639032565130259172e+03 1.794388773287906957e+01
9.670632464929860362e+03 1.795579338338435704e+01
9.702232364729459732e+03 1.796765728818952468e+01
9.733832264529057284e+03 1.797948057705336566e+01
9.765432164328658473e+03 1.799126436310591259e+01
9.797032064128256025e+03 1.800300974295395662e+01
9.828631963927857214e+03 1.801471779678664475e+01
9.860231863727454765e+03 1.802638958848102035e+01
9.891831763527054136e+03 1.803802616570757067e+01
9.923431663326653506e+03 1.804962856003578864e+01
9.955031563126252877e+03 1.806119778703973822e+01
9.986631462925852247e+03 1.807273484640360550e+01
1.001823136272545162e+04 1.808424072202724631e+01
1.004983126252505099e+04 1.809571638213176215e+01
1.008143116232465036e+04 1.810716277936503715e+01
1.011303106212424791e+04 1.811858085090730697e+01
1.014463096192384910e+04 1.812997151857670985e+01
1.017623086172344665e+04 1.814133568893484494e+01
1.020783076152304784e+04 1.815267425339232688e+01
1.023943066132264539e+04 1.816398808831435119e+01
1.027103056112224476e+04 1.817527805512624184e+01
1.030263046092184413e+04 1.818654500041899524e+01
1.033423036072144350e+04 1.819778975605486693e+01
1.036583026052104105e+04 1.820901313927291909e+01
1.039743016032064224e+04 1.822021595279454687e+01
1.042903006012023980e+04 1.823139898492908273e+01
1.046062995991984099e+04 1.824256300967930855e+01
1.049222985971943854e+04 1.825370878684705644e+01
1.052382975951903791e+04 1.826483706213871017e+01
1.055542965931863728e+04 1.827594856727082018e+01
1.058702955911823665e+04 1.828704402007562635e+01
1.061862945891783602e+04 1.829812412460661619e+01
1.065022935871743539e+04 1.830918957124409019e+01
1.068182925851703476e+04 1.832024103680070226e+01
1.071342915831663413e+04 1.833127918462704997e+01
1.074502905811623350e+04 1.834230466471720078e+01
1.077662895791583287e+04 1.835331811381425737e+01
1.080822885771543224e+04 1.836432015551590169e+01
1.083982875751503161e+04 1.837531140037999577e+01
1.087142865731463098e+04 1.838629244603006185e+01
1.090302855711422853e+04 1.839726387726094003e+01
1.093462845691382972e+04 1.840822626614424351e+01
1.096622835671342727e+04 1.841918017213396297e+01
1.099782825651302664e+04 1.843012614217205680e+01
1.102942815631262602e+04 1.844106471079393827e+01
1.106102805611222357e+04 1.845199640023406573e+01
1.109262795591182476e+04 1.846292172053151859e+01
1.112422785571142231e+04 1.847384116963553424e+01
1.115582775551102168e+04 1.848475523351102368e+01
1.118742765531062105e+04 1.849566438624423270e+01
1.121902755511022042e+04 1.850656909014817586e+01
1.125062745490981979e+04 1.851746979586829056e+01
1.128222735470941916e+04 1.852836694248794203e+01
1.131382725450901853e+04 1.853926095763399218e+01
1.134542715430861790e+04 1.855015225758234720e+01
1.137702705410821727e+04 1.856104124736353356e+01
1.140862695390781664e+04 1.857192832086825618e+01
1.144022685370741601e+04 1.858281386095292476e+01
1.147182675350701538e+04 1.859369823954524392e+01
1.150342665330661475e+04 1.860458181774973241e+01
1.153502655310621230e+04 1.861546494595333456e+01
1.156662645290581349e+04 1.862634796393090397e+01
1.159822635270541105e+04 1.863723120095085406e+01
1.162982625250501042e+04 1.864811497588059908e+01
1.166142615230460979e+04 1.865899959729222601e+01
1.169302605210420916e+04 1.866988536356796402e+01
1.172462595190380671e+04 1.868077256300581013e+01
1.175622585170340790e+04 1.869166147392500221e+01
1.178782575150300545e+04 1.870255236477165539e+01
1.181942565130260664e+04 1.871344549422428827e+01
1.185102555110220419e+04 1.872434111129936696e+01
1.188262545090180356e+04 1.873523945545687752e+01
1.191422535070140293e+04 1.874614075670588420e+01
1.194582525050100230e+04 1.875704523571007343e+01
1.197742515030060167e+04 1.876795310389330496e+01
1.200902505010020104e+04 1.877886456354520561e+01
1.204062494989980041e+04 1.878977980792668490e+01
1.207222484969939978e+04 1.880069902137551452e+01
1.210382474949899915e+04 1.881162237941185822e+01
1.213542464929859852e+04 1.882255004884387617e+01
1.216702454909819608e+04 1.883348218787323702e+01
1.219862444889779727e+04 1.884441894620069746e+01
1.223022434869739482e+04 1.885536046513164621e+01
1.226182424849699601e+04 1.886630687768166226e+01
1.229342414829659356e+04 1.887725830868208021e+01
1.232502404809619293e+04 1.888821487488556983e+01
1.235662394789579048e+04 1.889917668507160187e+01
1.238822384769539167e+04 1.891014384015212357e+01
1.241982374749498922e+04 1.892111643327703518e+01
1.245142364729459041e+04 1.893209454993979080e+01
1.248302354709418796e+04 1.894307826808289619e+01
1.251462344689378733e+04 1.895406765820354877e+01
1.254622334669338670e+04 1.896506278345911767e+01
1.257782324649298607e+04 1.897606369977273388e+01
1.260942314629258544e+04 1.898707045593887699e+01
1.264102304609218481e+04 1.899808309372885873e+01
1.267262294589178418e+04 1.900910164799644875e+01
1.270422284569138355e+04 1.902012614678339375e+01
1.273582274549098292e+04 1.903115661142497572e+01
1.276742264529058230e+04 1.904219305665558437e+01
1.279902254509017985e+04 1.905323549071427180e+01
1.283062244488978104e+04 1.906428391545027523e+01
1.286222234468937859e+04 1.907533832642865690e+01
1.289382224448897796e+04 1.908639871303573443e+01
1.292542214428857733e+04 1.909746505858475984e+01
1.295702204408817670e+04 1.910853734042139962e+01
1.298862194388777425e+04 1.911961553002932490e+01
1.302022184368737544e+04 1.913069959313576263e+01
1.305182174348697299e+04 1.914178948981703243e+01
1.308342164328657418e+04 1.915288517460412976e+01
1.311502154308617173e+04 1.916398659658828052e+01
1.314662144288577110e+04 1.917509369952647802e+01
1.317822134268537047e+04 1.918620642194703407e+01
1.320982124248496984e+04 1.919732469725519763e+01
1.324142114228456921e+04 1.920844845383862065e+01
1.327302104208416858e+04 1.921957761517297314e+01
1.330462094188376796e+04 1.923071209992751207e+01
1.333622084168336733e+04 1.924185182207055078e+01
1.336782074148296670e+04 1.925299669097516642e+01
1.339942064128256607e+04 1.926414661152458052e+01
1.343102054108216544e+04 1.927530148421785583e+01
1.346262044088176481e+04 1.928646120527537633e+01
1.349422034068136418e+04 1.929762566674441615e+01
1.352582024048096355e+04 1.930879475660476174e+01
1.355742014028056292e+04 1.931996835887414221e+01
1.358902004008016047e+04 1.933114635371387990e+01
1.362061993987976166e+04 1.934232861753447708e+01
1.365221983967935921e+04 1.935351502310102489e+01
1.368381973947896040e+04 1.936470543963894642e+01
1.371541963927855613e+04 1.937589973293940915e+01
1.374701953907815732e+04 1.938709776546490815e+01
1.377861943887775487e+04 1.939829939645492729e+01
1.381021933867735606e+04 1.940950448203138023e+01
1.384181923847695361e+04 1.942071287530416512e+01
1.387341913827655299e+04 1.943192442647680451e+01
1.390501903807615236e+04 1.944313898295193610e+01
1.393661893787575173e+04 1.945435638943691714e+01
1.396821883767535110e+04 1.946557648804931517e+01
1.399981873747495047e+04 1.947679911842253375e+01
1.403141863727454984e+04 1.948802411781134225e+01
1.406301853707414921e+04 1.949925132119738436e+01
1.409461843687374858e+04 1.951048056139483577e+01
1.412621833667334795e+04 1.952171166915584166e+01
1.415781823647294732e+04 1.953294447327623828e+01
1.418941813627254669e+04 1.954417880070088387e+01
1.422101803607214424e+04 1.955541447662941579e+01
1.425261793587174543e+04 1.956665132462169865e+01
1.428421783567134298e+04 1.957788916670344292e+01
1.431581773547094417e+04 1.958912782347169923e+01
1.434741763527053990e+04 1.960036711420044853e+01
1.437901753507014109e+04 1.961160685694617101e+01
1.441061743486973864e+04 1.962284686865339367e+01
1.444221733466933983e+04 1.963408696526022368e+01
1.447381723446893739e+04 1.964532696180392435e+01
1.450541713426853676e+04 1.965656667252647338e+01
1.453701703406813613e+04 1.966780591098010689e+01
1.456861693386773550e+04 1.967904449013293089e+01
1.460021683366733487e+04 1.969028222247435522e+01
1.463181673346693424e+04 1.970151892012078321e+01
1.466341663326653361e+04 1.971275439492110948e+01
1.469501653306613298e+04 1.972398845856224625e+01
1.472661643286573235e+04 1.973522092267472772e+01
1.475821633266533172e+04 1.974645159893826829e+01
1.478981623246493109e+04 1.975768029918728530e+01
1.482141613226453046e+04 1.976890683551646077e+01
1.485301603206412801e+04 1.978013102038637783e+01
1.488461593186372920e+04 1.979135266672890481e+01
1.491621583166332675e+04 1.980257158805291340e+01
1.494781573146292794e+04 1.981378759854980842e+01
1.497941563126252368e+04 1.982500051319898660e+01
1.501101553106212486e+04 1.983621014787350134e+01
1.504261543086172242e+04 1.984741631944556417e+01
1.507421533066132361e+04 1.985861884589214554e+01
1.510581523046092116e+04 1.986981754640046205e+01
1.513741513026052053e+04 1.988101224147359147e+01
1.516901503006011990e+04 1.989220275303600260e+01
1.520061492985971927e+04 1.990338890453910992e+01
1.523221482965931864e+04 1.991457052106688863e+01
1.526381472945891801e+04 1.992574742944132282e+01
1.529541462925851738e+04 1.993691945832807022e+01
1.532701452905811675e+04 1.994808643834191741e+01
1.535861442885771612e+04 1.995924820215245177e+01
1.539021432865731549e+04 1.997040458458947398e+01
1.542181422845691486e+04 1.998155542274874108e+01
1.545341412825651423e+04 1.999270055609732566e+01
1.548501402805611360e+04 2.000383982657930915e+01
1.551661392785571297e+04 2.001497307872129028e+01
1.554821382765531234e+04 2.002610015973793622e+01
1.557981372745490989e+04 2.003722091963755503e+01
1.561141362725451108e+04 2.004833521132765739e+01
1.564301352705410864e+04 2.005944289072044739e+01
1.567461342685370983e+04 2.007054381683852640e+01
1.570621332665330738e+04 2.008163785192026296e+01
1.573781322645290675e+04 2.009272486152551096e+01
1.576941312625250430e+04 2.010380471464102925e+01
1.580101302605210549e+04 2.011487728378618556e+01
1.583261292585170304e+04 2.012594244511836905e+01
1.586421282565130423e+04 2.013700007853867646e+01
1.589581272545090178e+04 2.014805006779732821e+01
1.592741262525050115e+04 2.015909230059936874e+01
1.595901252505010052e+04 2.017012666871011106e+01
1.599061242484969989e+04 2.018115306806076248e+01
1.602221232464929926e+04 2.019217139885392243e+01
1.605381222444889863e+04 2.020318156566924017e+01
1.608541212424849618e+04 2.021418347756884515e+01
1.611701202404809737e+04 2.022517704820295492e+01
1.614861192384769674e+04 2.023616219591551157e+01
1.618021182364729611e+04 2.024713884384959073e+01
1.621181172344689367e+04 2.025810692005306279e+01
1.624341162324649486e+04 2.026906635758414765e+01
1.627501152304609241e+04 2.028001709461688051e+01
1.630661142284569178e+04 2.029095907454676961e+01
1.633821132264529115e+04 2.030189224609631893e+01
1.636981122244489052e+04 2.031281656342058284e+01
1.640141112224448807e+04 2.032373198621273858e+01
1.643301102204409108e+04 2.033463847980956274e+01
1.646461092184369045e+04 2.034553601529709965e+01
1.649621082164328982e+04 2.035642456961612723e+01
1.652781072144288555e+04 2.036730412566784310e+01
1.655941062124248856e+04 2.037817467241922742e+01
1.659101052104208429e+04 2.038903620500875036e+01
1.662261042084168366e+04 2.039988872485192672e+01
1.665421032064128303e+04 2.041073223974670725e+01
1.668581022044088240e+04 2.042156676397930681e+01
1.671741012024047814e+04 2.043239231842952108e+01
1.674901002004008114e+04 2.044320893067638423e+01
1.678060991983968051e+04 2.045401663510370938e+01
1.681220981963927989e+04 2.046481547300566106e+01
1.684380971943887562e+04 2.047560549269230989e+01
1.687540961923847863e+04 2.048638674959519790e+01
1.690700951903807436e+04 2.049715930637283279e+01
1.693860941883767373e+04 2.050792323301629594e+01
1.697020931863727310e+04 2.051867860695480772e+01
1.700180921843687247e+04 2.052942551316126085e+01
1.703340911823647184e+04 2.054016404425781417e+01
1.706500901803607121e+04 2.055089430062135136e+01
1.709660891783567058e+04 2.056161639048916356e+01
1.712820881763526995e+04 2.057233043006445783e+01
1.715980871743486932e+04 2.058303654362184432e+01
1.719140861723446869e+04 2.059373486361300820e+01
1.722300851703406806e+04 2.060442553077218264e+01
1.725460841683366743e+04 2.061510869422171766e+01
1.728620831663326680e+04 2.062578451157772719e+01
1.731780821643286617e+04 2.063645314905544126e+01
1.734940811623246555e+04 2.064711478157505553e+01
1.738100801603206492e+04 2.065776959286694847e+01
1.741260791583166429e+04 2.066841777557755222e+01
1.744420781563126366e+04 2.067905953137474384e+01
1.747580771543086303e+04 2.068969507105335737e+01
1.750740761523046240e+04 2.070032461464086637e+01
1.753900751503006177e+04 2.071094839150289602e+01
1.757060741482966114e+04 2.072156664044875285e+01
1.760220731462926051e+04 2.073217960983701147e+01
1.763380721442885988e+04 2.074278755768098748e+01
1.766540711422845925e+04 2.075339075175451242e+01
1.769700701402805862e+04 2.076398946969717940e+01
1.772860691382765799e+04 2.077458399912015707e+01
1.776020681362725372e+04 2.078517463771162710e+01
1.779180671342685673e+04 2.079576169334237790e+01
1.782340661322645610e+04 2.080634548417133090e+01
1.785500651302605547e+04 2.081692633875113074e+01
1.788660641282565120e+04 2.082750459613365734e+01
1.791820631262525421e+04 2.083808060597565870e+01
1.794980621242484995e+04 2.084865472864419189e+01
1.798140611222444932e+04 2.085922733532233764e+01
1.801300601202404869e+04 2.086979880811454890e+01
1.804460591182365170e+04 2.088036954015250046e+01
1.807620581162324379e+04 2.089093993570023855e+01
1.810780571142284680e+04 2.090151041026017964e+01
1.813940561122244617e+04 2.091208139067835248e+01
1.817100551102204554e+04 2.092265331525004513e+01
1.820260541082164127e+04 2.093322663382544135e+01
1.823420531062124428e+04 2.094380180791510071e+01
1.826580521042084001e+04 2.095437931079542082e+01
1.829740511022043938e+04 2.096495962761445497e+01
1.832900501002003875e+04 2.097554325549720389e+01
1.836060490981964176e+04 2.098613070365129474e+01
1.839220480961923749e+04 2.099672249347259978e+01
1.842380470941883686e+04 2.100731915865060273e+01
1.845540460921843624e+04 2.101792124527413463e+01
1.848700450901803561e+04 2.102852931193689301e+01
1.851860440881763498e+04 2.103914392984290416e+01
1.855020430861723435e+04 2.104976568291217731e+01
1.858180420841683372e+04 2.106039516788624866e+01
1.861340410821643309e+04 2.107103299443366495e+01
1.864500400801603246e+04 2.108167978525565900e+01
1.867660390781563183e+04 2.109233617619160839e+01
1.870820380761523120e+04 2.110300281632461861e+01
1.873980370741483057e+04 2.111368036808709547e+01
1.877140360721442994e+04 2.112436950736628916e+01
1.880300350701402931e+04 2.113507092360988793e+01
1.883460340681362868e+04 2.114578531993147337e+01
1.886620330661322805e+04 2.115651341321621715e+01
1.889780320641282742e+04 2.116725593422633267e+01
1.892940310621242679e+04 2.117801362770660489e+01
1.896100300601202616e+04 2.118878725249012263e+01
1.899260290581162553e+04 2.119957758160362715e+01
1.902420280561122127e+04 2.121038540237321968e+01
1.905580270541082427e+04 2.122121151652979876e+01
1.908740260521042364e+04 2.123205674031475354e+01
1.911900250501002301e+04 2.124292190458536211e+01
1.915060240480961875e+04 2.125380785492046343e+01
1.918220230460922176e+04 2.126471545172596933e+01
1.921380220440881749e+04 2.127564557034046544e+01
1.924540210420841686e+04 2.128659910114074449e+01
1.927700200400801623e+04 2.129757694964727932e+01
1.930860190380761560e+04 2.130858003662986988e+01
1.934020180360721133e+04 2.131960929821329387e+01
1.937180170340681434e+04 2.133066568598255941e+01
1.940340160320641371e+04 2.134175016708876882e+01
1.943500150300601308e+04 2.135286372435460578e+01
1.946660140280560881e+04 2.136400735637977277e+01
1.949820130260521182e+04 2.137518207764660971e+01
1.952980120240480755e+04 2.138638891862572677e+01
1.956140110220440693e+04 2.139762892588142407e+01
1.959300100200400630e+04 2.140890316217736355e+01
1.962460090180360567e+04 2.142021270658208465e+01
1.965620080160320504e+04 2.143155865457455889e+01
1.968780070140280441e+04 2.144294211814966644e+01
1.971940060120240378e+04 2.145436422592399239e+01
1.975100050100200315e+04 2.146582612324109007e+01
1.978260040080160252e+04 2.148453346537357334e+01
2.008337125305888185e+04 2.158887543571854906e+01
2.038414210531615754e+04 2.169321740606352478e+01
2.068491295757343687e+04 2.179755937640850050e+01
2.098568380983071620e+04 2.190190134675347622e+01
2.128645466208799553e+04 2.200624331709845194e+01
2.158722551434527122e+04 2.211058528744342411e+01
2.188799636660255055e+04 2.221492725778839983e+01
2.218876721885982988e+04 2.231926922813337555e+01
2.248953807111710921e+04 2.242361119847835127e+01
2.279030892337438490e+04 2.252795316882332344e+01
2.309107977563166423e+04 2.263229513916829916e+01
2.339185062788894356e+04 2.273663710951327488e+01
2.369262148014621926e+04 2.284097907985825060e+01
2.399339233240349859e+04 2.294532105020322632e+01
2.429416318466077792e+04 2.304966302054820204e+01
2.459493403691805725e+04 2.315400499089317776e+01
2.489570488917533658e+04 2.325834696123815348e+01
2.519647574143261227e+04 2.336268893158312920e+01
2.549724659368989160e+04 2.346703090192810137e+01
2.579801744594717093e+04 2.357137287227307709e+01
2.609878829820444662e+04 2.367571484261804926e+01
2.639955915046172595e+04 2.378005681296302498e+01
2.670033000271900528e+04 2.388439878330800070e+01
2.700110085497628461e+04 2.398874075365297642e+01
2.730187170723356030e+04 2.409308272399795214e+01
2.760264255949083963e+04 2.419742469434292786e+01
2.790341341174811896e+04 2.430176666468790359e+01
2.820418426400539465e+04 2.440610863503287931e+01
2.850495511626267398e+04 2.451045060537785503e+01
2.880572596851995331e+04 2.461479257572283075e+01
2.910649682077723264e+04 2.471913454606780647e+01
2.940726767303451197e+04 2.482347651641278219e+01
2.970803852529178766e+04 2.492781848675775436e+01
3.000880937754906699e+04 2.503216045710273008e+01
3.030958022980634269e+04 2.513650242744770225e+01
3.061035108206362202e+04 2.524084439779267797e+01
3.091112193432090135e+04 2.534518636813765369e+01
3.121189278657818068e+04 2.544952833848262941e+01
3.151266363883546001e+04 2.555387030882760513e+01
3.181343449109273934e+04 2.565821227917258085e+01
3.211420534335001503e+04 2.576255424951755657e+01
3.241497619560729436e+04 2.586689621986253229e+01
3.271574704786457005e+04 2.597123819020750801e+01
3.301651790012184938e+04 2.607558016055248373e+01
3.331728875237912871e+04 2.617992213089745590e+01
3.361805960463640804e+04 2.628426410124243162e+01
3.391883045689368737e+04 2.638860607158740734e+01
3.421960130915096670e+04 2.649294804193238306e+01
3.452037216140824603e+04 2.659729001227735878e+01
3.482114301366551808e+04 2.670163198262233095e+01
3.512191386592279741e+04 2.680597395296730667e+01
3.542268471818007674e+04 2.691031592331228239e+01
3.572345557043735607e+04 2.701465789365725811e+01
3.602422642269463540e+04 2.711899986400223383e+01
3.632499727495190746e+04 2.722334183434720600e+01
3.662576812720918679e+04 2.732768380469218172e+01
3.692653897946646612e+04 2.743202577503715744e+01
3.722730983172374545e+04 2.753636774538213317e+01
3.752808068398102478e+04 2.764070971572710889e+01
3.782885153623830411e+04 2.774505168607208461e+01
3.812962238849558344e+04 2.784939365641706033e+01
3.843039324075286277e+04 2.795373562676203605e+01
3.873116409301014210e+04 2.805807759710700822e+01
3.903193494526742143e+04 2.816241956745198394e+01
3.933270579752470076e+04 2.826676153779695966e+01
3.963347664978197281e+04 2.837110350814193538e+01
3.993424750203925214e+04 2.847544547848691110e+01
4.023501835429653147e+04 2.857978744883188682e+01
4.053578920655381080e+04 2.868412941917686254e+01
4.083656005881108285e+04 2.878847138952183471e+01
4.113733091106836218e+04 2.889281335986681043e+01
4.143810176332564151e+04 2.899715533021178615e+01
4.173887261558292084e+04 2.910149730055675832e+01
4.203964346784020017e+04 2.920583927090173404e+01
4.234041432009747950e+04 2.931018124124670976e+01
4.264118517235475883e+04 2.941452321159168548e+01
4.294195602461203816e+04 2.951886518193666120e+01
4.324272687686931749e+04 2.962320715228163692e+01
4.354349772912659682e+04 2.972754912262661264e+01
4.384426858138387615e+04 2.983189109297158836e+01
4.414503943364114821e+04 2.993623306331656408e+01
4.444581028589842754e+04 3.004057503366153981e+01
4.474658113815570687e+04 3.014491700400651553e+01
4.504735199041298620e+04 3.024925897435149125e+01
4.534812284267025825e+04 3.035360094469645986e+01
4.564889369492753758e+04 3.045794291504143558e+01
4.594966454718481691e+04 3.056228488538641130e+01
4.625043539944209624e+04 3.066662685573138702e+01
4.655120625169937557e+04 3.077096882607636275e+01
4.685197710395665490e+04 3.087531079642133847e+01
4.715274795621393423e+04 3.097965276676631419e+01
4.745351880847121356e+04 3.108399473711128991e+01
4.775428966072849289e+04 3.118833670745626563e+01
4.805506051298577222e+04 3.129267867780124135e+01
4.835583136524305155e+04 3.139702064814621707e+01
4.865660221750032360e+04 3.150136261849119279e+01
4.895737306975760293e+04 3.160570458883616851e+01
4.925814392201488226e+04 3.171004655918114423e+01
4.955891477427216159e+04 3.181438852952611995e+01
4.985968562652943365e+04 3.191873049987108857e+01
5.016045647878671298e+04 3.202307247021606429e+01
5.046122733104399231e+04 3.212741444056104001e+01
5.076199818330127164e+04 3.223175641090601573e+01
5.106276903555855097e+04 3.233609838125099145e+01
5.136353988781583030e+04 3.244044035159596717e+01
5.166431074007310963e+04 3.254478232194094289e+01
5.196508159233038896e+04 3.264912429228591861e+01
5.226585244458766829e+04 3.275346626263089433e+01
5.256662329684494762e+04 3.285780823297587006e+01
5.286739414910221967e+04 3.296215020332083867e+01
5.316816500135949900e+04 3.306649217366581439e+01
5.346893585361677833e+04 3.317083414401079011e+01
5.376970670587405766e+04 3.327517611435576583e+01
5.407047755813133699e+04 3.337951808470074155e+01
5.437124841038861632e+04 3.348386005504571727e+01
5.467201926264589565e+04 3.358820202539069300e+01
5.497279011490316771e+04 3.369254399573566872e+01
5.527356096716044703e+04 3.379688596608064444e+01
5.557433181941772636e+04 3.390122793642562016e+01
5.587510267167500569e+04 3.400556990677059588e+01
5.617587352393228502e+04 3.410991187711557160e+01
5.647664437618956435e+04 3.421425384746054732e+01
5.677741522844684368e+04 3.431859581780552304e+01
5.707818608070412301e+04 3.442293778815049876e+01
5.737895693296139507e+04 3.452727975849546738e+01
5.767972778521867440e+04 3.463162172884044310e+01
5.798049863747595373e+04 3.473596369918541882e+01
5.828126948973323306e+04 3.484030566953039454e+01
5.858204034199051239e+04 3.494464763987537026e+01
5.888281119424779172e+04 3.504898961022034598e+01
5.918358204650507105e+04 3.515333158056532170e+01
5.948435289876234310e+04 3.525767355091029742e+01
5.978512375101962243e+04 3.536201552125527314e+01
6.008589460327690176e+04 3.546635749160024886e+01
6.038666545553418109e+04 3.557069946194522458e+01
6.068743630779146042e+04 3.567504143229020031e+01
6.098820716004873975e+04 3.577938340263517603e+01
6.128897801230601908e+04 3.588372537298015175e+01
6.158974886456329841e+04 3.598806734332512747e+01
6.189051971682057047e+04 3.609240931367009608e+01
6.219129056907784980e+04 3.619675128401507180e+01
6.249206142133512913e+04 3.630109325436004752e+01
6.279283227359240846e+04 3.640543522470502324e+01
6.309360312584968779e+04 3.650977719504999897e+01
6.339437397810696712e+04 3.661411916539497469e+01
6.369514483036424645e+04 3.671846113573995041e+01
6.399591568262151850e+04 3.682280310608492613e+01
6.429668653487879783e+04 3.692714507642990185e+01
6.459745738713607716e+04 3.703148704677487757e+01
6.489822823939335649e+04 3.713582901711985329e+01
6.519899909165063582e+04 3.724017098746482191e+01
6.549976994390791515e+04 3.734451295780979763e+01
6.580054079616519448e+04 3.744885492815477335e+01
6.610131164842247381e+04 3.755319689849974907e+01
6.640208250067973859e+04 3.765753886884472479e+01
6.670285335293703247e+04 3.776188083918970051e+01
6.700362420519429725e+04 3.786622280953467623e+01
6.730439505745159113e+04 3.797056477987965195e+01
6.760516590970885591e+04 3.807490675022462767e+01
6.790593676196614979e+04 3.817924872056960339e+01
6.820670761422341457e+04 3.828359069091457201e+01
6.850747846648069390e+04 3.838793266125954773e+01
6.880824931873797323e+04 3.849227463160452345e+01
6.910902017099525256e+04 3.859661660194949917e+01
6.940979102325253189e+04 3.870095857229447489e+01
6.971056187550981122e+04 3.880530054263945061e+01
7.001133272776709055e+04 3.890964251298442633e+01
7.031210358002436988e+04 3.901398448332940205e+01
7.061287443228164921e+04 3.911832645367437777e+01
7.091364528453891398e+04 3.922266842401935349e+01
7.121441613679620787e+04 3.932701039436432922e+01
7.151518698905347264e+04 3.943135236470929783e+01
7.181595784131076653e+04 3.953569433505428066e+01
7.211672869356803130e+04 3.964003630539924927e+01
7.241749954582532519e+04 3.974437827574423210e+01
7.271827039808258996e+04 3.984872024608920071e+01
7.301904125033986929e+04 3.995306221643417643e+01
7.331981210259714862e+04 4.005740418677915216e+01
7.362058295485442795e+04 4.016174615712412788e+01
7.392135380711170728e+04 4.026608812746910360e+01
7.422212465936898661e+04 4.037043009781407932e+01
7.452289551162626594e+04 4.047477206815905504e+01
7.482366636388354527e+04 4.057911403850403076e+01
7.512443721614082460e+04 4.068345600884900648e+01
7.542520806839808938e+04 4.078779797919397510e+01
7.572597892065538326e+04 4.089213994953895792e+01
7.602674977291264804e+04 4.099648191988392654e+01
7.632752062516994192e+04 4.110082389022890936e+01
7.662829147742720670e+04 4.120516586057387798e+01
7.692906232968450058e+04 4.130950783091886080e+01
7.722983318194176536e+04 4.141384980126382942e+01
7.753060403419904469e+04 4.151819177160880514e+01
7.783137488645632402e+04 4.162253374195378086e+01
7.813214573871360335e+04 4.172687571229875658e+01
7.843291659097088268e+04 4.183121768264373230e+01
7.873368744322816201e+04 4.193555965298870802e+01
7.903445829548544134e+04 4.203990162333368374e+01
7.933522914774272067e+04 4.214424359367865947e+01
7.963600000000000000e+04 4.224858556402363519e+01
