3.951900000000000091e+03 1.258849061066735331e+01
3.983862124248496912e+03 1.264476512383072304e+01
4.015824248496994187e+03 1.270050996177681668e+01
4.047786372745491462e+03 1.275572943217575528e+01
4.079748496993987828e+03 1.281042782091665622e+01
4.111710621242485104e+03 1.286460939215871058e+01
4.143672745490981470e+03 1.291827838838231912e+01
4.175634869739478745e+03 1.297143903044018032e+01
4.207596993987976020e+03 1.302409551760841389e+01
4.239559118236473296e+03 1.307625202763766126e+01
4.271521242484970571e+03 1.312791271680420202e+01
4.303483366733466937e+03 1.317908171996105970e+01
4.335445490981963303e+03 1.322976315058910046e+01
4.367407615230460578e+03 1.327996110084816905e+01
4.399369739478957854e+03 1.332967964162816799e+01
4.431331863727455129e+03 1.337892282260018106e+01
4.463293987975952405e+03 1.342769467226759339e+01
4.495256112224449680e+03 1.347599919801717760e+01
4.527218236472946046e+03 1.352384038617021034e+01
4.559180360721443321e+03 1.357122220203360108e+01
4.591142484969939687e+03 1.361814858995096955e+01
4.623104609218436963e+03 1.366462347335378524e+01
4.655066733466934238e+03 1.371065075481244655e+01
4.687028857715431513e+03 1.375623431608741853e+01
4.718990981963927879e+03 1.380137801818032273e+01
4.750953106212425155e+03 1.384608570138505357e+01
4.782915230460922430e+03 1.389036118533889130e+01
4.814877354709418796e+03 1.393420826907359711e+01
4.846839478957916072e+03 1.397763073106654552e+01
4.878801603206413347e+03 1.402063232929180714e+01
4.910763727454909713e+03 1.406321680127127927e+01
4.942725851703406988e+03 1.410538786412577750e+01
4.974687975951904264e+03 1.414714921462616459e+01
5.006650100200400630e+03 1.418850452924444205e+01
5.038612224448897905e+03 1.422945746420486657e+01
5.070574348697395180e+03 1.427001165553506112e+01
5.102536472945891546e+03 1.431017071911711724e+01
5.134498597194388822e+03 1.434993825073872031e+01
5.166460721442886097e+03 1.438931782614423582e+01
5.198422845691382463e+03 1.442831300108582937e+01
5.230384969939879738e+03 1.446692731137458132e+01
5.262347094188377014e+03 1.450516427293159438e+01
5.294309218436874289e+03 1.454302738183909938e+01
5.326271342685370655e+03 1.458052011439154505e+01
5.358233466933867930e+03 1.461764592714675359e+01
5.390195591182364296e+03 1.465440825697699267e+01
5.422157715430861572e+03 1.469081052112009189e+01
5.454119839679358847e+03 1.472685611723055388e+01
5.486081963927856123e+03 1.476254842343067253e+01
5.518044088176353398e+03 1.479789079836162813e+01
5.550006212424849764e+03 1.483288658123460380e+01
5.581968336673346130e+03 1.486753909188189482e+01
5.613930460921843405e+03 1.490185163080801800e+01
5.645892585170340681e+03 1.493582747924081389e+01
5.677854709418837956e+03 1.496946989918256676e+01
5.709816833667335231e+03 1.500278213346109801e+01
5.741778957915832507e+03 1.503576740578091098e+01
5.773741082164328873e+03 1.506842892077424700e+01
5.805703206412825239e+03 1.510076986405223920e+01
5.837665330661322514e+03 1.513279340225599512e+01
5.869627454909819789e+03 1.516450268310772742e+01
5.901589579158317065e+03 1.519590083546184189e+01
5.933551703406814340e+03 1.522699096935605567e+01
5.965513827655310706e+03 1.525777617606251724e+01
5.997475951903807072e+03 1.528825952813889444e+01
6.029438076152304347e+03 1.531844407947950160e+01
6.061400200400801623e+03 1.534833286536639818e+01
6.093362324649298898e+03 1.537792890252050526e+01
6.125324448897796174e+03 1.540723518915270063e+01
6.157286573146293449e+03 1.543625470501495300e+01
6.189248697394789815e+03 1.546499041145141007e+01
6.221210821643286181e+03 1.549344525144951135e+01
6.253172945891783456e+03 1.552162214969109755e+01
6.285135070140280732e+03 1.554952401260353589e+01
6.317097194388778007e+03 1.557715372841079926e+01
6.349059318637274373e+03 1.560451416718460571e+01
6.381021442885771648e+03 1.563160818089550119e+01
6.412983567134268924e+03 1.565843860346399552e+01
6.444945691382765290e+03 1.568500825081164862e+01
6.476907815631262565e+03 1.571131992091218166e+01
6.508869939879759841e+03 1.573737639384261122e+01
6.540832064128257116e+03 1.576318043183432316e+01
6.572794188376753482e+03 1.578873477932420677e+01
6.604756312625250757e+03 1.581404216300575882e+01
6.636718436873748033e+03 1.583910529188018401e+01
6.668680561122244399e+03 1.586392685730751495e+01
6.700642685370741674e+03 1.588850953305771441e+01
6.732604809619238949e+03 1.591285597536178109e+01
6.764566933867736225e+03 1.593696882296287853e+01
6.796529058116232591e+03 1.596085069716741600e+01
6.828491182364728957e+03 1.598450420189617915e+01
6.860453306613226232e+03 1.600793192373543761e+01
6.892415430861723507e+03 1.603113643198802762e+01
6.924377555110220783e+03 1.605412027872450409e+01
6.956339679358717149e+03 1.607688599883422143e+01
6.988301803607215334e+03 1.609943611007643938e+01
7.020263927855711700e+03 1.612177311313145367e+01
7.052226052104208065e+03 1.614389949165169469e+01
7.084188176352705341e+03 1.616581771231282971e+01
7.116150300601202616e+03 1.618753022486486515e+01
7.148112424849699892e+03 1.620903946218329139e+01
7.180074549098196258e+03 1.623034784032016375e+01
7.212036673346693533e+03 1.625145775855520469e+01
7.243998797595189899e+03 1.627237159944692735e+01
7.275960921843688084e+03 1.629309172888375912e+01
7.307923046092184450e+03 1.631362049613511900e+01
7.339885170340680816e+03 1.633396023390254115e+01
7.371847294589179000e+03 1.635411325837079488e+01
7.403809418837675366e+03 1.637408186925897979e+01
7.435771543086172642e+03 1.639386834987163155e+01
7.467733667334669008e+03 1.641347496714985255e+01
7.499695791583166283e+03 1.643290397172239636e+01
7.531657915831663558e+03 1.645215759795678423e+01
7.563620040080160834e+03 1.647123806401043922e+01
7.595582164328658109e+03 1.649014757188174940e+01
7.627544288577154475e+03 1.650888830746121272e+01
7.659506412825651751e+03 1.652746244058253566e+01
7.691468537074148117e+03 1.654587212507373906e+01
7.723430661322645392e+03 1.656411949880826384e+01
7.755392785571142667e+03 1.658220668375610884e+01
7.787354909819639033e+03 1.660013578603488682e+01
7.819317034068136309e+03 1.661790889596099063e+01
7.851279158316634494e+03 1.663552808810065642e+01
7.883241282565129950e+03 1.665299542132111199e+01
7.915203406813627225e+03 1.667031293884163645e+01
7.947165531062124501e+03 1.668748266828474058e+01
7.979127655310621776e+03 1.670450662172719802e+01
8.011089779559119052e+03 1.672138679575121500e+01
8.043051903807615417e+03 1.673812517149550416e+01
8.075014028056111783e+03 1.675472371470640098e+01
8.106976152304609059e+03 1.677118437578899801e+01
8.138938276553106334e+03 1.678750908985820800e+01
8.170900400801603610e+03 1.680369977678992655e+01
8.202862525050100885e+03 1.681975834127207392e+01
8.234824649298596341e+03 1.683568667285579323e+01
8.266786773547093617e+03 1.685148664600646740e+01
8.298748897795590892e+03 1.686716012015489241e+01
8.330711022044088168e+03 1.688270893974836184e+01
8.362673146292585443e+03 1.689813493430177260e+01
8.394635270541082718e+03 1.691343991844874139e+01
8.426597394789579994e+03 1.692862569199272826e+01
8.458559519038077269e+03 1.694369403995811041e+01
8.490521643286572726e+03 1.695864673264133415e+01
8.522483767535070001e+03 1.697348552566199231e+01
8.554445891783567276e+03 1.698821216001390866e+01
8.586408016032064552e+03 1.700282836211633253e+01
8.618370140280561827e+03 1.701733584386498066e+01
8.650332264529057284e+03 1.703173630268315009e+01
8.682294388777554559e+03 1.704603142157284523e+01
8.714256513026051834e+03 1.706022286916588726e+01
8.746218637274549110e+03 1.707431229977501630e+01
8.778180761523046385e+03 1.708830135344499013e+01
8.810142885771543661e+03 1.710219165600371838e+01
8.842105010020040936e+03 1.711598481911335767e+01
8.874067134268538211e+03 1.712968244032141385e+01
8.906029258517035487e+03 1.714328610311186907e+01
8.937991382765530943e+03 1.715679737695626272e+01
8.969953507014028219e+03 1.717021781736484343e+01
9.001915631262525494e+03 1.718354896593762504e+01
9.033877755511022769e+03 1.719679235041554932e+01
9.065839879759518226e+03 1.720994948473156683e+01
9.097802004008015501e+03 1.722302186906173205e+01
9.129764128256512777e+03 1.723601098987634472e+01
9.161726252505010052e+03 1.724891831999104141e+01
9.193688376753507328e+03 1.726174531861790484e+01
9.225650501002004603e+03 1.727449343141658034e+01
9.257612625250501878e+03 1.728716409054536385e+01
9.289574749498999154e+03 1.729975871471234683e+01
9.321536873747496429e+03 1.731227870922651135e+01
9.353498997995991886e+03 1.732472546604880392e+01
9.385461122244489161e+03 1.733710036384331232e+01
9.417423246492984617e+03 1.734940476802830744e+01
9.449385370741481893e+03 1.736164003082739526e+01
9.481347494989980987e+03 1.737380749132060842e+01
9.513309619238476444e+03 1.738590847549552620e+01
9.545271743486973719e+03 1.739794429629838390e+01
9.577233867735470994e+03 1.740991625368515372e+01
9.609195991983968270e+03 1.742182563467268963e+01
9.641158116232465545e+03 1.743367371338982608e+01
9.673120240480962821e+03 1.744546175112848019e+01
9.705082364729458277e+03 1.745719099639476468e+01
9.737044488977957371e+03 1.746886268496009720e+01
9.769006613226454647e+03 1.748047803991230609e+01
9.800968737474950103e+03 1.749203827170674685e+01
9.832930861723447379e+03 1.750354457821740795e+01
9.864892985971942835e+03 1.751499814478802364e+01
9.896855110220440110e+03 1.752640014428316562e+01
9.928817234468937386e+03 1.753775173713937718e+01
9.960779358717434661e+03 1.754905407141625773e+01
9.992741482965931937e+03 1.756030828284760403e+01
1.002470360721442921e+04 1.757151549489248765e+01
1.005666573146292649e+04 1.758267681878638911e+01
1.008862785571142376e+04 1.759379335359226815e+01
1.012058997995992104e+04 1.760486618625172639e+01
1.015255210420841649e+04 1.761589639163607401e+01
1.018451422845691559e+04 1.762688503259747463e+01
1.021647635270541105e+04 1.763783316002000845e+01
1.024843847695390832e+04 1.764874181287082422e+01
1.028040060120240378e+04 1.765961201825122373e+01
1.031236272545090105e+04 1.767044479144779245e+01
1.034432484969939833e+04 1.768124113598347336e+01
1.037628697394789560e+04 1.769200204366870821e+01
1.040824909819639288e+04 1.770272849465254694e+01
1.044021122244489015e+04 1.771342145747374275e+01
1.047217334669338743e+04 1.772408188911183657e+01
1.050413547094188471e+04 1.773471073503834461e+01
1.053609759519038198e+04 1.774530892926777170e+01
1.056805971943887744e+04 1.775587739440879886e+01
1.060002184368737471e+04 1.776641704171533576e+01
1.063198396793587199e+04 1.777692877113766201e+01
1.066394609218436926e+04 1.778741347137354722e+01
1.069590821643286654e+04 1.779787201991930345e+01
1.072787034068136199e+04 1.780830528312097982e+01
1.075983246492985927e+04 1.781871411622537948e+01
1.079179458917835655e+04 1.782909936343123292e+01
1.082375671342685382e+04 1.783946185794028949e+01
1.085571883767535110e+04 1.784980242200843392e+01
1.088768096192384837e+04 1.786012186699676718e+01
1.091964308617234565e+04 1.787042099342273715e+01
1.095160521042084292e+04 1.788070059101126219e+01
1.098356733466933838e+04 1.789096143874580491e+01
1.101552945891783565e+04 1.790120430491950998e+01
1.104749158316633293e+04 1.791142994718630632e+01
1.107945370741482839e+04 1.792163911261199516e+01
1.111141583166332748e+04 1.793183253772540553e+01
1.114337795591182294e+04 1.794201094856946099e+01
1.117534008016032021e+04 1.795217506075229608e+01
1.120730220440881749e+04 1.796232557949837627e+01
1.123926432865731476e+04 1.797246319969961093e+01
1.127122645290581204e+04 1.798258860596646613e+01
1.130318857715430931e+04 1.799270247267903144e+01
1.133515070140280477e+04 1.800280546403817539e+01
1.136711282565130387e+04 1.801289823411664770e+01
1.139907494989980114e+04 1.802298142691017091e+01
1.143103707414829660e+04 1.803305567638856743e+01
1.146299919839679387e+04 1.804312160654684760e+01
1.149496132264529115e+04 1.805317983145635452e+01
1.152692344689378842e+04 1.806323095531582368e+01
1.155888557114228388e+04 1.807327557250253136e+01
1.159084769539078115e+04 1.808331426762339333e+01
1.162280981963927843e+04 1.809334761556605997e+01
1.165477194388777571e+04 1.810337618155006112e+01
1.168673406813627298e+04 1.811340052117787991e+01
1.171869619238477026e+04 1.812342118048606210e+01
1.175065831663326753e+04 1.813343869599634672e+01
1.178262044088176299e+04 1.814345359476677544e+01
1.181458256513026026e+04 1.815346639444276278e+01
1.184654468937875936e+04 1.816347760330827299e+01
1.187850681362725481e+04 1.817348772033685123e+01
1.191046893787575027e+04 1.818349723524281103e+01
1.194243106212424755e+04 1.819350662853226197e+01
1.197439318637274664e+04 1.820351637155430780e+01
1.200635531062124210e+04 1.821352692655207406e+01
1.203831743486973937e+04 1.822353874671386365e+01
1.207027955911823665e+04 1.823355227622425545e+01
1.210224168336673392e+04 1.824356795031521727e+01
1.213420380761523120e+04 1.825358619531719739e+01
1.216616593186372847e+04 1.826360742871027298e+01
1.219812805611222575e+04 1.827363205917519196e+01
1.223009018036072302e+04 1.828366048664454979e+01
1.226205230460921848e+04 1.829369310235388468e+01
1.229401442885771576e+04 1.830373028889275844e+01
1.232597655310621303e+04 1.831377242025586938e+01
1.235793867735470849e+04 1.832381986189419720e+01
1.238990080160320576e+04 1.833387297076608036e+01
1.242186292585170304e+04 1.834393209538831826e+01
1.245382505010020031e+04 1.835399757588731973e+01
1.248578717434869759e+04 1.836406974405017678e+01
1.251774929859719487e+04 1.837414892337578110e+01
1.254971142284569214e+04 1.838423542912596176e+01
1.258167354709418942e+04 1.839432956837652000e+01
1.261363567134268669e+04 1.840443164006845223e+01
1.264559779559118215e+04 1.841454193505892789e+01
1.267755991983967942e+04 1.842466073617252320e+01
1.270952204408817852e+04 1.843478831825226294e+01
1.274148416833667397e+04 1.844492494821070849e+01
1.277344629258516943e+04 1.845507088508112403e+01
1.280540841683366671e+04 1.846522638006854322e+01
1.283737054108216398e+04 1.847539167660092474e+01
1.286933266533066126e+04 1.848556701038021544e+01
1.290129478957915853e+04 1.849575260943345612e+01
1.293325691382765581e+04 1.850594869416396193e+01
1.296521903807615308e+04 1.851615547740231449e+01
1.299718116232465036e+04 1.852637316445758486e+01
1.302914328657314763e+04 1.853660195316839321e+01
1.306110541082164309e+04 1.854684203395396835e+01
1.309306753507014037e+04 1.855709358986540281e+01
1.312502965931863582e+04 1.856735679663657379e+01
1.315699178356713492e+04 1.857763182273540181e+01
1.318895390781563219e+04 1.858791882941486762e+01
1.322091603206412765e+04 1.859821797076418903e+01
1.325287815631262492e+04 1.860852939375989834e+01
1.328484028056112220e+04 1.861885323831691963e+01
1.331680240480961947e+04 1.862918963733974920e+01
1.334876452905811675e+04 1.863953871677350449e+01
1.338072665330661403e+04 1.864990059565504765e+01
1.341268877755510948e+04 1.866027538616413040e+01
1.344465090180360858e+04 1.867066319367444294e+01
1.347661302605210585e+04 1.868106411680476953e+01
1.350857515030060131e+04 1.869147824747011200e+01
1.354053727454909676e+04 1.870190567093270317e+01
1.357249939879759768e+04 1.871234646585323702e+01
1.360446152304609313e+04 1.872280070434188559e+01
1.363642364729458859e+04 1.873326845200950785e+01
1.366838577154308587e+04 1.874374976801861337e+01
1.370034789579158314e+04 1.875424470513463859e+01
1.373231002004008042e+04 1.876475330977691414e+01
1.376427214428857769e+04 1.877527562206984157e+01
1.379623426853707497e+04 1.878581167589403123e+01
1.382819639278557224e+04 1.879636149893733332e+01
1.386015851703406770e+04 1.880692511274598644e+01
1.389212064128256679e+04 1.881750253277574814e+01
1.392408276553106225e+04 1.882809376844301852e+01
1.395604488977955953e+04 1.883869882317581457e+01
1.398800701402805498e+04 1.884931769446506422e+01
1.401996913827655408e+04 1.885995037391561269e+01
1.405193126252504953e+04 1.887059684729734244e+01
1.408389338677354681e+04 1.888125709459630031e+01
1.411585551102204408e+04 1.889193109006576066e+01
1.414781763527054136e+04 1.890261880227741642e+01
1.417977975951903863e+04 1.891332019417241384e+01
1.421174188376753591e+04 1.892403522311251152e+01
1.424370400801603319e+04 1.893476384093111875e+01
1.427566613226452864e+04 1.894550599398453272e+01
1.430762825651302592e+04 1.895626162320289154e+01
1.433959038076152501e+04 1.896703066414143279e+01
1.437155250501002047e+04 1.897781304703147143e+01
1.440351462925851592e+04 1.898860869683154462e+01
1.443547675350701320e+04 1.899941753327868810e+01
1.446743887775551229e+04 1.901023947093921151e+01
1.449940100200400775e+04 1.902107441926013109e+01
1.453136312625250503e+04 1.903192228262009422e+01
1.456332525050100230e+04 1.904278296038055629e+01
1.459528737474949958e+04 1.905365634693686872e+01
1.462724949899799685e+04 1.906454233176936697e+01
1.465921162324649413e+04 1.907544079949455096e+01
1.469117374749499140e+04 1.908635162991610912e+01
1.472313587174348686e+04 1.909727469807612721e+01
1.475509799599198595e+04 1.910820987430605200e+01
1.478706012024048141e+04 1.911915702427794628e+01
1.481902224448897869e+04 1.913011600905552001e+01
1.485098436873747414e+04 1.914108668514525746e+01
1.488294649298597142e+04 1.915206890454754429e+01
1.491490861723446869e+04 1.916306251480772715e+01
1.494687074148296597e+04 1.917406735906726212e+01
1.497883286573146324e+04 1.918508327611483821e+01
1.501079498997996052e+04 1.919611010043748323e+01
1.504275711422845598e+04 1.920714766227154513e+01
1.507471923847695507e+04 1.921819578765406433e+01
1.510668136272545235e+04 1.922925429847359879e+01
1.513864348697394780e+04 1.924032301252156429e+01
1.517060561122244326e+04 1.925140174354312705e+01
1.520256773547094417e+04 1.926249030128855821e+01
1.523452985971943963e+04 1.927358849156415133e+01
1.526649198396793508e+04 1.928469611628335656e+01
1.529845410821643236e+04 1.929581297351801794e+01
1.533041623246492964e+04 1.930693885754928374e+01
1.536237835671342691e+04 1.931807355891889699e+01
1.539434048096192419e+04 1.932921686448023024e+01
1.542630260521042146e+04 1.934036855744935934e+01
1.545826472945891874e+04 1.935152841745622965e+01
1.549022685370741601e+04 1.936269622059575468e+01
1.552218897795591329e+04 1.937387173947887931e+01
1.555415110220441056e+04 1.938505474328379563e+01
1.558611322645290602e+04 1.939624499780687472e+01
1.561807535070140148e+04 1.940744226551397134e+01
1.565003747494990057e+04 1.941864630559143379e+01
1.568199959919839785e+04 1.942985687399716710e+01
1.571396172344689330e+04 1.944107372351184893e+01
1.574592384769539058e+04 1.945229660379001047e+01
1.577788597194388785e+04 1.946352526141103212e+01
1.580984809619238513e+04 1.947475943993043046e+01
1.584181022044088240e+04 1.948599887993082547e+01
1.587377234468937968e+04 1.949724331907320618e+01
1.590573446893787514e+04 1.950849249214774872e+01
1.593769659318637423e+04 1.951974613112533774e+01
1.596965871743487151e+04 1.953100396520828497e+01
1.600162084168336696e+04 1.954226572088166591e+01
1.603358296593186242e+04 1.955353112196440435e+01
1.606554509018035969e+04 1.956479988966032124e+01
1.609750721442885879e+04 1.957607174260922278e+01
1.612946933867735424e+04 1.958734639693814827e+01
1.616143146292585152e+04 1.959862356631230185e+01
1.619339358717434880e+04 1.960990296198630745e+01
1.622535571142284607e+04 1.962118429285521159e+01
1.625731783567134335e+04 1.963246726550569576e+01
1.628927995991984062e+04 1.964375158426706491e+01
1.632124208416833790e+04 1.965503695126248118e+01
1.635320420841683335e+04 1.966632306645991335e+01
1.638516633266533245e+04 1.967760962772352684e+01
1.641712845691382972e+04 1.968889633086442359e+01
1.644909058116232336e+04 1.970018286969204269e+01
1.648105270541082064e+04 1.971146893606513828e+01
1.651301482965931791e+04 1.972275421994287825e+01
1.654497695390781882e+04 1.973403840943608856e+01
1.657693907815631246e+04 1.974532119085816717e+01
1.660890120240480974e+04 1.975660224877638171e+01
1.664086332665330701e+04 1.976788126606275853e+01
1.667282545090180429e+04 1.977915792394545491e+01
1.670478757515030156e+04 1.979043190205970149e+01
1.673674969939879884e+04 1.980170287849886535e+01
1.676871182364729611e+04 1.981297052986572282e+01
1.680067394789578975e+04 1.982423453132349067e+01
1.683263607214429067e+04 1.983549455664688921e+01
1.686459819639278430e+04 1.984675027827326232e+01
1.689656032064128158e+04 1.985800136735377208e+01
1.692852244488977885e+04 1.986924749380448674e+01
1.696048456913827613e+04 1.988048832635734442e+01
1.699244669338677340e+04 1.989172353261145787e+01
1.702440881763527068e+04 1.990295277908411009e+01
1.705637094188376796e+04 1.991417573126188856e+01
1.708833306613226159e+04 1.992539205365179811e+01
1.712029519038076251e+04 1.993660140983238449e+01
1.715225731462925978e+04 1.994780346250482950e+01
1.718421943887775706e+04 1.995899787354407096e+01
1.721618156312625069e+04 1.997018430404980194e+01
1.724814368737475161e+04 1.998136241439785010e+01
1.728010581162324524e+04 1.999253186429096374e+01
1.731206793587174616e+04 2.000369231281017335e+01
1.734403006012023980e+04 2.001484341846573756e+01
1.737599218436873707e+04 2.002598483924830575e+01
1.740795430861723435e+04 2.003711623268012332e+01
1.743991643286573526e+04 2.004823725586592786e+01
1.747187855711422890e+04 2.005934756554433918e+01
1.750384068136272253e+04 2.007044681813867371e+01
1.753580280561122345e+04 2.008153466980824220e+01
1.756776492985972072e+04 2.009261077649943417e+01
1.759972705410821800e+04 2.010367479399679524e+01
1.763168917835671164e+04 2.011472637797410101e+01
1.766365130260521255e+04 2.012576518404559422e+01
1.769561342685370619e+04 2.013679086781691296e+01
1.772757555110220710e+04 2.014780308493634919e+01
1.775953767535070074e+04 2.015880149114592257e+01
1.779149979959919801e+04 2.016978574233241517e+01
1.782346192384769529e+04 2.018075549457860518e+01
1.785542404809619620e+04 2.019171040421421282e+01
1.788738617234468984e+04 2.020265012786720860e+01
1.791934829659318711e+04 2.021357432251474151e+01
1.795131042084168439e+04 2.022448264553444375e+01
1.798327254509017803e+04 2.023537475475524161e+01
1.801523466933867894e+04 2.024625030850879170e+01
1.804719679358717622e+04 2.025710896568035935e+01
1.807915891783567349e+04 2.026795038576007357e+01
1.811112104208416713e+04 2.027877422889392989e+01
1.814308316633266804e+04 2.028958015593497777e+01
1.817504529058116168e+04 2.030036782849432697e+01
1.820700741482965896e+04 2.031113690899245228e+01
1.823896953907815623e+04 2.032188706071003992e+01
1.827093166332665351e+04 2.033261794783934207e+01
1.830289378757515078e+04 2.034332923553507300e+01
1.833485591182364806e+04 2.035402058996574226e+01
1.836681803607214533e+04 2.036469167836455085e+01
1.839878016032063897e+04 2.037534216908057516e+01
1.843074228456913988e+04 2.038597173163002196e+01
1.846270440881763716e+04 2.039658003674711395e+01
1.849466653306613443e+04 2.040716675643523814e+01
1.852662865731462807e+04 2.041773156401829681e+01
1.855859078156312898e+04 2.042827413419145444e+01
1.859055290581162262e+04 2.043879414307250642e+01
1.862251503006011990e+04 2.044929126825284627e+01
1.865447715430861717e+04 2.045976518884876327e+01
1.868643927855711445e+04 2.047021558555227116e+01
1.871840140280561172e+04 2.048064214068247679e+01
1.875036352705410900e+04 2.049104453823651539e+01
1.878232565130260627e+04 2.050142246394077006e+01
1.881428777555109991e+04 2.051177560530191357e+01
1.884624989979960083e+04 2.052210365165802131e+01
1.887821202404809446e+04 2.053240629422979779e+01
1.891017414829659538e+04 2.054268322617144449e+01
1.894213627254508901e+04 2.055293414262199292e+01
1.897409839679358993e+04 2.056315874075634653e+01
1.900606052104208356e+04 2.057335671983636871e+01
1.903802264529058448e+04 2.058352778126197080e+01
1.906998476953907812e+04 2.059367162862226763e+01
1.910194689378757539e+04 2.060378796774665489e+01
1.913390901803607267e+04 2.061387650675599303e+01
1.916587114228456630e+04 2.062393695611357813e+01
1.919783326653306722e+04 2.063396902867633287e+01
1.922979539078156449e+04 2.064397243974599760e+01
1.926175751503006177e+04 2.065394690712007275e+01
1.929371963927855541e+04 2.066389215114306666e+01
1.932568176352705632e+04 2.067380789475748770e+01
1.935764388777554996e+04 2.068369386355502115e+01
1.938960601202405087e+04 2.069354978582770599e+01
1.942156813627254451e+04 2.070337539261888082e+01
1.945353026052104178e+04 2.071317041777442824e+01
1.948549238476953906e+04 2.072293459799381310e+01
1.951745450901803633e+04 2.073266767288126999e+01
1.954941663326653361e+04 2.074236938499677407e+01
1.958137875751503088e+04 2.075203947990728182e+01
1.961334088176352816e+04 2.076167770623776931e+01
1.964530300601202543e+04 2.077128381572241977e+01
1.967726513026052271e+04 2.078085756325559430e+01
1.970922725450901635e+04 2.079039870694311531e+01
1.974118937875751726e+04 2.079990700815318405e+01
1.977315150300601090e+04 2.083026623676902034e+01
2.007380903314166062e+04 2.093256478646027574e+01
2.037446656327730670e+04 2.103486333615153114e+01
2.067512409341295643e+04 2.113716188584278655e+01
2.097578162354860251e+04 2.123946043553404195e+01
2.127643915368425223e+04 2.134175898522529735e+01
2.157709668381990195e+04 2.144405753491655275e+01
2.187775421395554804e+04 2.154635608460780816e+01
2.217841174409119776e+04 2.164865463429906356e+01
2.247906927422684385e+04 2.175095318399031896e+01
2.277972680436249357e+04 2.185325173368157436e+01
2.308038433449813965e+04 2.195555028337282977e+01
2.338104186463378937e+04 2.205784883306408517e+01
2.368169939476943546e+04 2.216014738275534057e+01
2.398235692490508518e+04 2.226244593244659598e+01
2.428301445504073490e+04 2.236474448213785138e+01
2.458367198517638099e+04 2.246704303182910678e+01
2.488432951531203071e+04 2.256934158152036218e+01
2.518498704544767679e+04 2.267164013121161759e+01
2.548564457558332651e+04 2.277393868090287299e+01
2.578630210571897624e+04 2.287623723059412839e+01
2.608695963585462232e+04 2.297853578028538379e+01
2.638761716599027204e+04 2.308083432997663920e+01
2.668827469612591813e+04 2.318313287966789460e+01
2.698893222626156785e+04 2.328543142935915000e+01
2.728958975639721757e+04 2.338772997905040540e+01
2.759024728653286365e+04 2.349002852874166081e+01
2.789090481666850974e+04 2.359232707843291621e+01
2.819156234680415946e+04 2.369462562812417161e+01
2.849221987693980918e+04 2.379692417781542702e+01
2.879287740707545890e+04 2.389922272750668242e+01
2.909353493721110499e+04 2.400152127719793782e+01
2.939419246734675107e+04 2.410381982688919322e+01
2.969484999748240079e+04 2.420611837658044863e+01
2.999550752761805052e+04 2.430841692627170403e+01
3.029616505775369660e+04 2.441071547596295943e+01
3.059682258788934632e+04 2.451301402565421483e+01
3.089748011802499241e+04 2.461531257534547024e+01
3.119813764816064213e+04 2.471761112503672564e+01
3.149879517829629185e+04 2.481990967472798104e+01
3.179945270843193794e+04 2.492220822441923644e+01
3.210011023856758402e+04 2.502450677411049185e+01
3.240076776870323374e+04 2.512680532380174725e+01
3.270142529883888346e+04 2.522910387349300265e+01
3.300208282897453319e+04 2.533140242318425805e+01
3.330274035911017563e+04 2.543370097287551346e+01
3.360339788924582535e+04 2.553599952256676886e+01
3.390405541938147508e+04 2.563829807225802426e+01
3.420471294951712480e+04 2.574059662194927967e+01
3.450537047965277452e+04 2.584289517164053507e+01
3.480602800978842424e+04 2.594519372133179047e+01
3.510668553992406669e+04 2.604749227102304587e+01
3.540734307005971641e+04 2.614979082071430128e+01
3.570800060019536613e+04 2.625208937040555668e+01
3.600865813033100858e+04 2.635438792009681208e+01
3.630931566046665830e+04 2.645668646978806748e+01
3.660997319060230802e+04 2.655898501947932289e+01
3.691063072073795774e+04 2.666128356917057829e+01
3.721128825087360747e+04 2.676358211886183369e+01
3.751194578100925719e+04 2.686588066855308909e+01
3.781260331114490691e+04 2.696817921824434805e+01
3.811326084128054936e+04 2.707047776793559990e+01
3.841391837141619908e+04 2.717277631762685530e+01
3.871457590155184153e+04 2.727507486731811071e+01
3.901523343168749125e+04 2.737737341700936611e+01
3.931589096182314097e+04 2.747967196670062151e+01
3.961654849195879069e+04 2.758197051639187691e+01
3.991720602209444041e+04 2.768426906608313232e+01
4.021786355223009014e+04 2.778656761577438772e+01
4.051852108236573986e+04 2.788886616546564667e+01
4.081917861250138230e+04 2.799116471515689852e+01
4.111983614263703203e+04 2.809346326484815393e+01
4.142049367277268175e+04 2.819576181453940933e+01
4.172115120290832419e+04 2.829806036423066473e+01
4.202180873304397392e+04 2.840035891392192013e+01
4.232246626317962364e+04 2.850265746361317554e+01
4.262312379331527336e+04 2.860495601330443094e+01
4.292378132345092308e+04 2.870725456299568634e+01
4.322443885358657280e+04 2.880955311268694174e+01
4.352509638372222253e+04 2.891185166237820070e+01
4.382575391385786497e+04 2.901415021206945255e+01
4.412641144399351469e+04 2.911644876176070795e+01
4.442706897412915714e+04 2.921874731145196336e+01
4.472772650426480686e+04 2.932104586114321876e+01
4.502838403440045658e+04 2.942334441083447416e+01
4.532904156453610631e+04 2.952564296052572956e+01
4.562969909467175603e+04 2.962794151021698497e+01
4.593035662480740575e+04 2.973024005990824037e+01
4.623101415494305547e+04 2.983253860959949932e+01
4.653167168507869792e+04 2.993483715929075117e+01
4.683232921521434764e+04 3.003713570898200658e+01
4.713298674534999736e+04 3.013943425867326553e+01
4.743364427548563981e+04 3.024173280836451738e+01
4.773430180562128953e+04 3.034403135805577278e+01
4.803495933575693925e+04 3.044632990774702819e+01
4.833561686589258898e+04 3.054862845743828359e+01
4.863627439602823870e+04 3.065092700712954255e+01
4.893693192616388842e+04 3.075322555682079795e+01
4.923758945629953814e+04 3.085552410651205335e+01
4.953824698643518059e+04 3.095782265620330520e+01
4.983890451657083031e+04 3.106012120589456416e+01
5.013956204670647276e+04 3.116241975558581601e+01
5.044021957684212248e+04 3.126471830527707141e+01
5.074087710697777220e+04 3.136701685496832681e+01
5.104153463711342192e+04 3.146931540465958221e+01
5.134219216724907164e+04 3.157161395435084117e+01
5.164284969738472137e+04 3.167391250404209657e+01
5.194350722752037109e+04 3.177621105373335197e+01
5.224416475765601353e+04 3.187850960342460382e+01
5.254482228779166326e+04 3.198080815311585923e+01
5.284547981792731298e+04 3.208310670280711463e+01
5.314613734806296270e+04 3.218540525249837003e+01
5.344679487819860515e+04 3.228770380218962543e+01
5.374745240833425487e+04 3.239000235188088084e+01
5.404810993846990459e+04 3.249230090157213624e+01
5.434876746860555431e+04 3.259459945126339164e+01
5.464942499874120404e+04 3.269689800095464705e+01
5.495008252887684648e+04 3.279919655064590245e+01
5.525074005901249620e+04 3.290149510033715785e+01
5.555139758914814593e+04 3.300379365002841325e+01
5.585205511928379565e+04 3.310609219971966866e+01
5.615271264941943809e+04 3.320839074941092406e+01
5.645337017955508782e+04 3.331068929910217946e+01
5.675402770969073754e+04 3.341298784879343486e+01
5.705468523982638726e+04 3.351528639848469027e+01
5.735534276996203698e+04 3.361758494817594567e+01
5.765600030009767943e+04 3.371988349786720107e+01
5.795665783023332915e+04 3.382218204755845647e+01
5.825731536036897887e+04 3.392448059724971188e+01
5.855797289050462859e+04 3.402677914694096728e+01
5.885863042064027832e+04 3.412907769663222268e+01
5.915928795077592076e+04 3.423137624632347809e+01
5.945994548091157048e+04 3.433367479601473349e+01
5.976060301104722021e+04 3.443597334570598889e+01
6.006126054118286993e+04 3.453827189539724429e+01
6.036191807131851965e+04 3.464057044508849970e+01
6.066257560145416210e+04 3.474286899477975510e+01
6.096323313158981182e+04 3.484516754447101050e+01
6.126389066172546154e+04 3.494746609416226590e+01
6.156454819186111126e+04 3.504976464385352131e+01
6.186520572199675371e+04 3.515206319354477671e+01
6.216586325213240343e+04 3.525436174323603211e+01
6.246652078226805315e+04 3.535666029292728751e+01
6.276717831240370288e+04 3.545895884261854292e+01
6.306783584253935260e+04 3.556125739230979832e+01
6.336849337267499504e+04 3.566355594200105372e+01
6.366915090281064477e+04 3.576585449169230913e+01
6.396980843294629449e+04 3.586815304138356453e+01
6.427046596308194421e+04 3.597045159107481993e+01
6.457112349321759393e+04 3.607275014076607533e+01
6.487178102335323638e+04 3.617504869045733074e+01
6.517243855348888610e+04 3.627734724014858614e+01
6.547309608362453582e+04 3.637964578983984154e+01
6.577375361376018554e+04 3.648194433953109694e+01
6.607441114389583527e+04 3.658424288922235235e+01
6.637506867403147044e+04 3.668654143891360775e+01
6.667572620416712016e+04 3.678883998860486315e+01
6.697638373430276988e+04 3.689113853829611855e+01
6.727704126443841960e+04 3.699343708798737396e+01
6.757769879457406932e+04 3.709573563767862936e+01
6.787835632470971905e+04 3.719803418736988476e+01
6.817901385484536877e+04 3.730033273706114016e+01
6.847967138498101849e+04 3.740263128675239557e+01
6.878032891511666821e+04 3.750492983644365097e+01
6.908098644525231794e+04 3.760722838613490637e+01
6.938164397538796766e+04 3.770952693582616178e+01
6.968230150552361738e+04 3.781182548551741718e+01
6.998295903565926710e+04 3.791412403520867969e+01
7.028361656579491682e+04 3.801642258489993509e+01
7.058427409593055199e+04 3.811872113459118339e+01
7.088493162606620172e+04 3.822101968428243879e+01
7.118558915620185144e+04 3.832331823397369419e+01
7.148624668633750116e+04 3.842561678366494959e+01
7.178690421647315088e+04 3.852791533335620500e+01
7.208756174660878605e+04 3.863021388304746040e+01
7.238821927674443577e+04 3.873251243273871580e+01
7.268887680688008550e+04 3.883481098242997120e+01
7.298953433701573522e+04 3.893710953212122661e+01
7.329019186715138494e+04 3.903940808181248201e+01
7.359084939728703466e+04 3.914170663150373741e+01
7.389150692742268438e+04 3.924400518119499282e+01
7.419216445755833411e+04 3.934630373088624822e+01
7.449282198769398383e+04 3.944860228057750362e+01
7.479347951782963355e+04 3.955090083026875902e+01
7.509413704796528327e+04 3.965319937996001443e+01
7.539479457810093299e+04 3.975549792965126983e+01
7.569545210823658272e+04 3.985779647934253234e+01
7.599610963837223244e+04 3.996009502903378774e+01
7.629676716850786761e+04 4.006239357872503604e+01
7.659742469864351733e+04 4.016469212841629144e+01
7.689808222877916705e+04 4.026699067810754684e+01
7.719873975891481678e+04 4.036928922779880224e+01
7.749939728905046650e+04 4.047158777749005765e+01
7.780005481918610167e+04 4.057388632718131305e+01
7.810071234932175139e+04 4.067618487687256845e+01
7.840136987945740111e+04 4.077848342656382385e+01
7.870202740959305083e+04 4.088078197625507926e+01
7.900268493972870056e+04 4.098308052594633466e+01
7.930334246986435028e+04 4.108537907563759006e+01
7.960400000000000000e+04 4.118767762532884547e+01
