4.168000000000000000e+03 1.335184696520907721e+01
4.199547094188376832e+03 1.340965660971843576e+01
4.231094188376753664e+03 1.346683934318308928e+01
4.262641282565130496e+03 1.352340123816925299e+01
4.294188376753507328e+03 1.357934832937060499e+01
4.325735470941884159e+03 1.363468661372256285e+01
4.357282565130260991e+03 1.368942205051662775e+01
4.388829659318636914e+03 1.374356056151469119e+01
4.420376753507014655e+03 1.379710803106335604e+01
4.451923847695390577e+03 1.385007030620824864e+01
4.483470941883767409e+03 1.390245319680834513e+01
4.515018036072144241e+03 1.395426247565027467e+01
4.546565130260521073e+03 1.400550387856264933e+01
4.578112224448897905e+03 1.405618310453037623e+01
4.609659318637274737e+03 1.410630581580896958e+01
4.641206412825651569e+03 1.415587763803887178e+01
4.672753507014027491e+03 1.420490416035978143e+01
4.704300601202404323e+03 1.425339093552494774e+01
4.735847695390781155e+03 1.430134348001550570e+01
4.767394789579157987e+03 1.434876727415478470e+01
4.798941883767534819e+03 1.439566776222262590e+01
4.830488977955911650e+03 1.444205035256970859e+01
4.862036072144288482e+03 1.448792041773184991e+01
4.893583166332665314e+03 1.453328329454433643e+01
4.925130260521042146e+03 1.457814428425623987e+01
4.956677354709418978e+03 1.462250865264472566e+01
4.988224448897795810e+03 1.466638163012937213e+01
5.019771543086172642e+03 1.470976841188650042e+01
5.051318637274549474e+03 1.475267415796347059e+01
5.082865731462925396e+03 1.479510399339301685e+01
5.114412825651303137e+03 1.483706300830755076e+01
5.145959919839679060e+03 1.487855625805349291e+01
5.177507014028055892e+03 1.491958876330557082e+01
5.209054108216432724e+03 1.496016551018115415e+01
5.240601202404809555e+03 1.500029145035456146e+01
5.272148296593186387e+03 1.503997150117138304e+01
5.303695390781562310e+03 1.507921054576278941e+01
5.335242484969940051e+03 1.511801343315986124e+01
5.366789579158315973e+03 1.515638497840788546e+01
5.398336673346693715e+03 1.519432996268070823e+01
5.429883767535069637e+03 1.523185313339500269e+01
5.461430861723447379e+03 1.526895920432463072e+01
5.492977955911823301e+03 1.530565285571493206e+01
5.524525050100201042e+03 1.534193873439706479e+01
5.556072144288576965e+03 1.537782145390229083e+01
5.587619238476954706e+03 1.541330559457632177e+01
5.619166332665330629e+03 1.544839570369362036e+01
5.650713426853707460e+03 1.548309629557173039e+01
5.682260521042084292e+03 1.551741185168557280e+01
5.713807615230461124e+03 1.555134682078177555e+01
5.745354709418837956e+03 1.558490561899300531e+01
5.776901803607213878e+03 1.561809262995225822e+01
5.808448897795591620e+03 1.565091220490718626e+01
5.839995991983967542e+03 1.568336866283441822e+01
5.871543086172344374e+03 1.571546629055388067e+01
5.903090180360721206e+03 1.574720934284309948e+01
5.934637274549098947e+03 1.577860204255152965e+01
5.966184368737474870e+03 1.580964858071487100e+01
5.997731462925851702e+03 1.584035311666938028e+01
6.029278557114228533e+03 1.587071977816619039e+01
6.060825651302605365e+03 1.590075266148563315e+01
6.092372745490982197e+03 1.593045583155154254e+01
6.123919839679358120e+03 1.595983332204558813e+01
6.155466933867735861e+03 1.598888913552157831e+01
6.187014028056112693e+03 1.601762724351978306e+01
6.218561122244489525e+03 1.604605158668125853e+01
6.250108216432865447e+03 1.607416607486214843e+01
6.281655310621242279e+03 1.610197458724801223e+01
6.313202404809619111e+03 1.612948097246813361e+01
6.344749498997995943e+03 1.615668904870985756e+01
6.376296593186372775e+03 1.618360260383287041e+01
6.407843687374749607e+03 1.621022539548355823e+01
6.439390781563126438e+03 1.623656115120930110e+01
6.470937875751502361e+03 1.626261356857278173e+01
6.502484969939879193e+03 1.628838631526632952e+01
6.534032064128256025e+03 1.631388302922621136e+01
6.565579158316633766e+03 1.633910731874697220e+01
6.597126252505009688e+03 1.636406276259572223e+01
6.628673346693386520e+03 1.638875291012648461e+01
6.660220440881763352e+03 1.641318128139449684e+01
6.691767535070140184e+03 1.643735136727052293e+01
6.723314629258517016e+03 1.646126662955518682e+01
6.754861723446893848e+03 1.648493050109327385e+01
6.786408817635270680e+03 1.650834638588806058e+01
6.817955911823647511e+03 1.653151765921561278e+01
6.849503006012024343e+03 1.655444766773912946e+01
6.881050100200400266e+03 1.657713972962323723e+01
6.912597194388778007e+03 1.659959713464831310e+01
6.944144288577153930e+03 1.662182314432480723e+01
6.975691382765531671e+03 1.664382099200755505e+01
7.007238476953907593e+03 1.666559388301009648e+01
7.038785571142284425e+03 1.668714499471899870e+01
7.070332665330661257e+03 1.670847747670815409e+01
7.101879759519038998e+03 1.672959445085311359e+01
7.133426853707414921e+03 1.675049901144539888e+01
7.164973947895791753e+03 1.677119422530683579e+01
7.196521042084168585e+03 1.679168313190382378e+01
7.228068136272545416e+03 1.681196874346171910e+01
7.259615230460922248e+03 1.683205404507909364e+01
7.291162324649298171e+03 1.685194199484208610e+01
7.322709418837675003e+03 1.687163552393870347e+01
7.354256513026052744e+03 1.689113753677315088e+01
7.385803607214429576e+03 1.691045091108014020e+01
7.417350701402805498e+03 1.692957849803919856e+01
7.448897795591182330e+03 1.694852312238899827e+01
7.480444889779559162e+03 1.696728758254167957e+01
7.511991983967936903e+03 1.698587465069714142e+01
7.543539078156312826e+03 1.700428707295739628e+01
7.575086172344689658e+03 1.702252756944083956e+01
7.606633266533066490e+03 1.704059883439662570e+01
7.638180360721442412e+03 1.705850353631892347e+01
7.669727454909819244e+03 1.707624431806127774e+01
7.701274549098196076e+03 1.709382379695090748e+01
7.732821643286572908e+03 1.711124456490302492e+01
7.764368737474949739e+03 1.712850918853515481e+01
7.795915831663326571e+03 1.714562020928145358e+01
7.827462925851703403e+03 1.716258014350700734e+01
7.859010020040080235e+03 1.717939148262219717e+01
7.890557114228457067e+03 1.719605669319695096e+01
7.922104208416833899e+03 1.721257821707510516e+01
7.953651302605210731e+03 1.722895847148871695e+01
7.985198396793586653e+03 1.724519984917236215e+01
8.016745490981964394e+03 1.726130471847747572e+01
8.048292585170340317e+03 1.727727542348663903e+01
8.079839679358717149e+03 1.729311428412794527e+01
8.111386773547093981e+03 1.730882359628925471e+01
8.142933867735471722e+03 1.732440563193255656e+01
8.174480961923847644e+03 1.733986263920827753e+01
8.206028056112223567e+03 1.735519684256959039e+01
8.237575150300601308e+03 1.737041044288671543e+01
8.269122244488977231e+03 1.738550561756130008e+01
8.300669338677354972e+03 1.740048452064064577e+01
8.332216432865730894e+03 1.741534928293209816e+01
8.363763527054108636e+03 1.743010201211732735e+01
8.395310621242484558e+03 1.744474479286666480e+01
8.426857715430862299e+03 1.745927968695339771e+01
8.458404809619238222e+03 1.747370873336810959e+01
8.489951903807614144e+03 1.748803394843297809e+01
8.521498997995991886e+03 1.750225732591610495e+01
8.553046092184369627e+03 1.751638083714583161e+01
8.584593186372745549e+03 1.753040643112503716e+01
8.616140280561121472e+03 1.754433603464550373e+01
8.647687374749499213e+03 1.755817155240216465e+01
8.679234468937876954e+03 1.757191486710747341e+01
8.710781563126252877e+03 1.758556783960570868e+01
8.742328657314628799e+03 1.759913230898728642e+01
8.773875751503006541e+03 1.761261009270307198e+01
8.805422845691382463e+03 1.762600298667869936e+01
8.836969939879760204e+03 1.763931276542891524e+01
8.868517034068136127e+03 1.765254118217184853e+01
8.900064128256512049e+03 1.766568996894335797e+01
8.931611222444889790e+03 1.767876083671135135e+01
8.963158316633267532e+03 1.769175547549007987e+01
8.994705410821643454e+03 1.770467555445447871e+01
9.026252505010019377e+03 1.771752272205447909e+01
9.057799599198397118e+03 1.773029860612930975e+01
9.089346693386774859e+03 1.774300481402182328e+01
9.120893787575150782e+03 1.775564293269282956e+01
9.152440881763526704e+03 1.776821452883538655e+01
9.183987975951904446e+03 1.778072114898912659e+01
9.215535070140280368e+03 1.779316431965458634e+01
9.247082164328658109e+03 1.780554554740751172e+01
9.278629258517034032e+03 1.781786631901315587e+01
9.310176352705409954e+03 1.783012810154064809e+01
9.341723446893787695e+03 1.784233234247724909e+01
9.373270541082165437e+03 1.785448046984271997e+01
9.404817635270541359e+03 1.786657389230361304e+01
9.436364729458917282e+03 1.787861399928758033e+01
9.467911823647295023e+03 1.789060216109771062e+01
9.499458917835672764e+03 1.790253972902685220e+01
9.531006012024048687e+03 1.791442803547189300e+01
9.562553106212424609e+03 1.792626839404812245e+01
9.594100200400800531e+03 1.793806209970350807e+01
9.625647294589178273e+03 1.794981042883306088e+01
9.657194388777554195e+03 1.796151463939308712e+01
9.688741482965931937e+03 1.797317597101556430e+01
9.720288577154307859e+03 1.798479564512243911e+01
9.751835671342685600e+03 1.799637486503992534e+01
9.783382765531063342e+03 1.800791481611283729e+01
9.814929859719439264e+03 1.801941666581891610e+01
9.846476953907815187e+03 1.803088156388313479e+01
9.878024048096192928e+03 1.804231064239201032e+01
9.909571142284568850e+03 1.805370501590793353e+01
9.941118236472946592e+03 1.806506578158347764e+01
9.972665330661322514e+03 1.807639401927571043e+01
1.000421242484969844e+04 1.808769079166052052e+01
1.003575951903807618e+04 1.809895714434694014e+01
1.006730661322645210e+04 1.811019410599145374e+01
1.009885370741482984e+04 1.812140268841231361e+01
1.013040080160320576e+04 1.813258388670384491e+01
1.016194789579158169e+04 1.814373867935078977e+01
1.019349498997996125e+04 1.815486802834260516e+01
1.022504208416833717e+04 1.816597287928779991e+01
1.025658917835671309e+04 1.817705416152821485e+01
1.028813627254509083e+04 1.818811278825337752e+01
1.031968336673346676e+04 1.819914965661480011e+01
1.035123046092184450e+04 1.821016564784029512e+01
1.038277755511022042e+04 1.822116162734829814e+01
1.041432464929859634e+04 1.823213844486220481e+01
1.044587174348697408e+04 1.824309693452464032e+01
1.047741883767535001e+04 1.825403791501180706e+01
1.050896593186372775e+04 1.826496218964780383e+01
1.054051302605210367e+04 1.827587054651895215e+01
1.057206012024047959e+04 1.828676375858806935e+01
1.060360721442885915e+04 1.829764258380882680e+01
1.063515430861723507e+04 1.830850776524006918e+01
1.066670140280561100e+04 1.831936003116008749e+01
1.069824849699398874e+04 1.833020009518099158e+01
1.072979559118236466e+04 1.834102865636297963e+01
1.076134268537074240e+04 1.835184639932869288e+01
1.079288977955911832e+04 1.836265399437750290e+01
1.082443687374749425e+04 1.837345209759986631e+01
1.085598396793587199e+04 1.838424135099157297e+01
1.088753106212424791e+04 1.839502238256814337e+01
1.091907815631262565e+04 1.840579580647910873e+01
1.095062525050100157e+04 1.841656222312230540e+01
1.098217234468937750e+04 1.842732221925822955e+01
1.101371943887775706e+04 1.843807636812434225e+01
1.104526653306613298e+04 1.844882522954938509e+01
1.107681362725450890e+04 1.845956935006769584e+01
1.110836072144288664e+04 1.847030926303350640e+01
1.113990781563126257e+04 1.848104548873530462e+01
1.117145490981964031e+04 1.849177853451010378e+01
1.120300200400801623e+04 1.850250889485780448e+01
1.123454909819639215e+04 1.851323705155547827e+01
1.126609619238476807e+04 1.852396347377168695e+01
1.129764328657314582e+04 1.853468861818081237e+01
1.132919038076152356e+04 1.854541292907738637e+01
1.136073747494989948e+04 1.855613683849036022e+01
1.139228456913827540e+04 1.856686076629748072e+01
1.142383166332665496e+04 1.857758512033953835e+01
1.145537875751503088e+04 1.858831029653477174e+01
1.148692585170340681e+04 1.859903667899311586e+01
1.151847294589178273e+04 1.860976464013052833e+01
1.155002004008016047e+04 1.862049454078333355e+01
1.158156713426853639e+04 1.863122673032250631e+01
1.161311422845691413e+04 1.864196154676804795e+01
1.164466132264529006e+04 1.865269931690320249e+01
1.167620841683366598e+04 1.866344035638888954e+01
1.170775551102204554e+04 1.867418496987793475e+01
1.173930260521042146e+04 1.868493345112941739e+01
1.177084969939879738e+04 1.869568608312299318e+01
1.180239679358717513e+04 1.870644313817319926e+01
1.183394388777555105e+04 1.871720487804379829e+01
1.186549098196392879e+04 1.872797155406204439e+01
1.189703807615230471e+04 1.873874340723305920e+01
1.192858517034068063e+04 1.874952066835408004e+01
1.196013226452905838e+04 1.876030355812887507e+01
1.199167935871743430e+04 1.877109228728194878e+01
1.202322645290581204e+04 1.878188705667291813e+01
1.205477354709418796e+04 1.879268805741086013e+01
1.208632064128256388e+04 1.880349547096855645e+01
1.211786773547094344e+04 1.881430946929686954e+01
1.214941482965931937e+04 1.882513021493900496e+01
1.218096192384769529e+04 1.883595786114490522e+01
1.221250901803607303e+04 1.884679255198547310e+01
1.224405611222444895e+04 1.885763442246697963e+01
1.227560320641282669e+04 1.886848359864530522e+01
1.230715030060120262e+04 1.887934019774030503e+01
1.233869739478957854e+04 1.889020432825009976e+01
1.237024448897795628e+04 1.890107609006543044e+01
1.240179158316633220e+04 1.891195557458390653e+01
1.243333867735470994e+04 1.892284286482441757e+01
1.246488577154308587e+04 1.893373803554133872e+01
1.249643286573146179e+04 1.894464115333894938e+01
1.252797995991984135e+04 1.895555227678570276e+01
1.255952705410821727e+04 1.896647145652852373e+01
1.259107414829659319e+04 1.897739873540716005e+01
1.262262124248497094e+04 1.898833414856850510e+01
1.265416833667334686e+04 1.899927772358088163e+01
1.268571543086172460e+04 1.901022948054840356e+01
1.271726252505010052e+04 1.902118943222518510e+01
1.274880961923847644e+04 1.903215758412984826e+01
1.278035671342685418e+04 1.904313393465965021e+01
1.281190380761523011e+04 1.905411847520491975e+01
1.284345090180360603e+04 1.906511119026330192e+01
1.287499799599198377e+04 1.907611205755413408e+01
1.290654509018035969e+04 1.908712104813275090e+01
1.293809218436873925e+04 1.909813812650472542e+01
1.296963927855711518e+04 1.910916325074029487e+01
1.300118637274549110e+04 1.912019637258861593e+01
1.303273346693386884e+04 1.913123743759210527e+01
1.306428056112224476e+04 1.914228638520074099e+01
1.309582765531062068e+04 1.915334314888637479e+01
1.312737474949899843e+04 1.916440765625707243e+01
1.315892184368737435e+04 1.917547982917142235e+01
1.319046893787575209e+04 1.918655958385284066e+01
1.322201603206412801e+04 1.919764683100389391e+01
1.325356312625250393e+04 1.920874147592060766e+01
1.328511022044088168e+04 1.921984341860682832e+01
1.331665731462925760e+04 1.923095255388845715e+01
1.334820440881763534e+04 1.924206877152786888e+01
1.337975150300601308e+04 1.925319195633812797e+01
1.341129859719438900e+04 1.926432198829740372e+01
1.344284569138276674e+04 1.927545874266315096e+01
1.347439278557114267e+04 1.928660209008662463e+01
1.350593987975951859e+04 1.929775189672701430e+01
1.353748697394789633e+04 1.930890802436584508e+01
1.356903406813627225e+04 1.932007033052126133e+01
1.360058116232464818e+04 1.933123866856240269e+01
1.363212825651302592e+04 1.934241288782369850e+01
1.366367535070140184e+04 1.935359283371907324e+01
1.369522244488977958e+04 1.936477834785645058e+01
1.372676953907815732e+04 1.937596926815194820e+01
1.375831663326653324e+04 1.938716542894422901e+01
1.378986372745491099e+04 1.939836666110880969e+01
1.382141082164328691e+04 1.940957279217238352e+01
1.385295791583166283e+04 1.942078364642711819e+01
1.388450501002004057e+04 1.943199904504502484e+01
1.391605210420841649e+04 1.944321880619222043e+01
1.394759919839679424e+04 1.945444274514328242e+01
1.397914629258517016e+04 1.946567067439550414e+01
1.401069338677354608e+04 1.947690240378332049e+01
1.404224048096192382e+04 1.948813774059251003e+01
1.407378757515029974e+04 1.949937648967456738e+01
1.410533466933867567e+04 1.951061845356107227e+01
1.413688176352705523e+04 1.952186343257785239e+01
1.416842885771543115e+04 1.953311122495947671e+01
1.419997595190380889e+04 1.954436162696347878e+01
1.423152304609218481e+04 1.955561443298465107e+01
1.426307014028056074e+04 1.956686943566943171e+01
1.429461723446893848e+04 1.957812642603020592e+01
1.432616432865731440e+04 1.958938519355956842e+01
1.435771142284569214e+04 1.960064552634467461e+01
1.438925851703406806e+04 1.961190721118162372e+01
1.442080561122244399e+04 1.962317003368961466e+01
1.445235270541082173e+04 1.963443377842546766e+01
1.448389979959919765e+04 1.964569822899774110e+01
1.451544689378757539e+04 1.965696316818121758e+01
1.454699398797595313e+04 1.966822837803108825e+01
1.457854108216432905e+04 1.967949363999737855e+01
1.461008817635270680e+04 1.969075873503917506e+01
1.464163527054108272e+04 1.970202344373898740e+01
1.467318236472945864e+04 1.971328754641707803e+01
1.470472945891783638e+04 1.972455082324574960e+01
1.473627655310621230e+04 1.973581305436368183e+01
1.476782364729458823e+04 1.974707401999020817e+01
1.479937074148296597e+04 1.975833350053970605e+01
1.483091783567134189e+04 1.976959127673583083e+01
1.486246492985971963e+04 1.978084712972594161e+01
1.489401202404809555e+04 1.979210084119525703e+01
1.492555911823647330e+04 1.980335219348134501e+01
1.495710621242485104e+04 1.981460096968833540e+01
1.498865330661322696e+04 1.982584695380123208e+01
1.502020040080160288e+04 1.983708993080029614e+01
1.505174749498998062e+04 1.984832968677533316e+01
1.508329458917835655e+04 1.985956600903995195e+01
1.511484168336673429e+04 1.987079868624600465e+01
1.514638877755511021e+04 1.988202750849776024e+01
1.517793587174348613e+04 1.989325226746638720e+01
1.520948296593186387e+04 1.990447275650408088e+01
1.524103006012023980e+04 1.991568877075851418e+01
1.527257715430861572e+04 1.992690010728712480e+01
1.530412424849699528e+04 1.993810656517144508e+01
1.533567134268537120e+04 1.994930794563133247e+01
1.536721843687374894e+04 1.996050405213942014e+01
1.539876553106212486e+04 1.997169469053532964e+01
1.543031262525050079e+04 1.998287966914005764e+01
1.546185971943887853e+04 1.999405879887019921e+01
1.549340681362725445e+04 2.000523189335240204e+01
1.552495390781563037e+04 2.001639876903755066e+01
1.555650100200400811e+04 2.002755924531513898e+01
1.558804809619238404e+04 2.003871314462762143e+01
1.561959519038076178e+04 2.004986029258471092e+01
1.565114228456913770e+04 2.006100051807763762e+01
1.568268937875751362e+04 2.007213365339351796e+01
1.571423647294589318e+04 2.008325953432964184e+01
1.574578356713426911e+04 2.009437800030790200e+01
1.577733066132264503e+04 2.010548889448892851e+01
1.580887775551102277e+04 2.011659206388650389e+01
1.584042484969939869e+04 2.012768735948194632e+01
1.587197194388777643e+04 2.013877463633827958e+01
1.590351903807615236e+04 2.014985375371466247e+01
1.593506613226452828e+04 2.016092457518065117e+01
1.596661322645290602e+04 2.017198696873051489e+01
1.599816032064128194e+04 2.018304080689766522e+01
1.602970741482965786e+04 2.019408596686871249e+01
1.606125450901803561e+04 2.020512233059811535e+01
1.609280160320641335e+04 2.021614978492223713e+01
1.612434869739479109e+04 2.022716822167380712e+01
1.615589579158316701e+04 2.023817753779614037e+01
1.618744288577154293e+04 2.024917763545750660e+01
1.621898997995992067e+04 2.026016842216549207e+01
1.625053707414829660e+04 2.027114981088124779e+01
1.628208416833667434e+04 2.028212172013379089e+01
1.631363126252505026e+04 2.029308407413435233e+01
1.634517835671342618e+04 2.030403680289079915e+01
1.637672545090180392e+04 2.031497984232169074e+01
1.640827254509017803e+04 2.032591313437091429e+01
1.643981963927855395e+04 2.033683662712174822e+01
1.647136673346693351e+04 2.034775027491129151e+01
1.650291382765531307e+04 2.035865403844477228e+01
1.653446092184368899e+04 2.036954788490982793e+01
1.656600801603206492e+04 2.038043178809091671e+01
1.659755511022044084e+04 2.039130572848351619e+01
1.662910220440881676e+04 2.040216969340851705e+01
1.666064929859719268e+04 2.041302367712643218e+01
1.669219639278556861e+04 2.042386768095193617e+01
1.672374348697394817e+04 2.043470171336795360e+01
1.675529058116232409e+04 2.044552579014008842e+01
1.678683767535070365e+04 2.045633993443087206e+01
1.681838476953907957e+04 2.046714417691421772e+01
1.684993186372745549e+04 2.047793855588953349e+01
1.688147895791583142e+04 2.048872311739631868e+01
1.691302605210420734e+04 2.049949791532810295e+01
1.694457314629258326e+04 2.051026301154713138e+01
1.697612024048096282e+04 2.052101847599847417e+01
1.700766733466933874e+04 2.053176438682435290e+01
1.703921442885771830e+04 2.054250083047856279e+01
1.707076152304609423e+04 2.055322790184073156e+01
1.710230861723447015e+04 2.056394570433052493e+01
1.713385571142284607e+04 2.057465435002221454e+01
1.716540280561122199e+04 2.058535395975872717e+01
1.719694989979959792e+04 2.059604466326617001e+01
1.722849699398797384e+04 2.060672659926799355e+01
1.726004408817634976e+04 2.061739991559944585e+01
1.729159118236473296e+04 2.062806476932173183e+01
1.732313827655310888e+04 2.063872132683651728e+01
1.735468537074148480e+04 2.064936976400006330e+01
1.738623246492986073e+04 2.066001026623766990e+01
1.741777955911823665e+04 2.067064302865796321e+01
1.744932665330661257e+04 2.068126825616717213e+01
1.748087374749498849e+04 2.069188616358344746e+01
1.751242084168336442e+04 2.070249697575128778e+01
1.754396793587174398e+04 2.071310092765569877e+01
1.757551503006011990e+04 2.072369826453660480e+01
1.760706212424849582e+04 2.073428924200312196e+01
1.763860921843687538e+04 2.074487412614797677e+01
1.767015631262525130e+04 2.075545319366164776e+01
1.770170340681362723e+04 2.076602673194688009e+01
1.773325050100200315e+04 2.077659503923279161e+01
1.776479759519037907e+04 2.078715842468937325e+01
1.779634468937875863e+04 2.079771720854173722e+01
1.782789178356713455e+04 2.080827172218436161e+01
1.785943887775551048e+04 2.081882230829554459e+01
1.789098597194389004e+04 2.082936932095166327e+01
1.792253306613226596e+04 2.083991312574137567e+01
1.795408016032064188e+04 2.085045409988018861e+01
1.798562725450901780e+04 2.086099263232451761e+01
1.801717434869739373e+04 2.087152912388612336e+01
1.804872144288576965e+04 2.088206398734646285e+01
1.808026853707414921e+04 2.089259764757100868e+01
1.811181563126252513e+04 2.090313054162335504e+01
1.814336272545090469e+04 2.091366311887988161e+01
1.817490981963928061e+04 2.092419584114374587e+01
1.820645691382765654e+04 2.093472918275946171e+01
1.823800400801603246e+04 2.094526363072704100e+01
1.826955110220440838e+04 2.095579968481632349e+01
1.830109819639278430e+04 2.096633785768143454e+01
1.833264529058116022e+04 2.097687867497491254e+01
1.836419238476953615e+04 2.098742267546222351e+01
1.839573947895791571e+04 2.099797041113589202e+01
1.842728657314629163e+04 2.100852244732988083e+01
1.845883366733467119e+04 2.101907936283399891e+01
1.849038076152304711e+04 2.102964175000813185e+01
1.852192785571142304e+04 2.104021021489654686e+01
1.855347494989979896e+04 2.105078537734220845e+01
1.858502204408817488e+04 2.106136787110120778e+01
1.861656913827655080e+04 2.107195834395693623e+01
1.864811623246493036e+04 2.108255745783445079e+01
1.867966332665330629e+04 2.109316588891482169e+01
1.871121042084168585e+04 2.110378432774948720e+01
1.874275751503006177e+04 2.111441347937441293e+01
1.877430460921843769e+04 2.112505406342454961e+01
1.880585170340681361e+04 2.113570681424812392e+01
1.883739879759518954e+04 2.114637248102092926e+01
1.886894589178356546e+04 2.115705182786066629e+01
1.890049298597194502e+04 2.116774563394120179e+01
1.893204008016032094e+04 2.117845469360699440e+01
1.896358717434870050e+04 2.118917981648731086e+01
1.899513426853707642e+04 2.119992182761058785e+01
1.902668136272545235e+04 2.121068156751875478e+01
1.905822845691382827e+04 2.122145989238150321e+01
1.908977555110220419e+04 2.123225767411069853e+01
1.912132264529058011e+04 2.124307580047459254e+01
1.915286973947895603e+04 2.125391517521214269e+01
1.918441683366733196e+04 2.126477671814752313e+01
1.921596392785571152e+04 2.127566136530409224e+01
1.924751102204409108e+04 2.128657006901906712e+01
1.927905811623246700e+04 2.129750379805760119e+01
1.931060521042084292e+04 2.130846353772719581e+01
1.934215230460921885e+04 2.131945028999199820e+01
1.937369939879759477e+04 2.133046507358717037e+01
1.940524649298597069e+04 2.134150892413306977e+01
1.943679358717434661e+04 2.135258289424971778e+01
1.946834068136272617e+04 2.136368805367106205e+01
1.949988777555110210e+04 2.137482548935924953e+01
1.953143486973948166e+04 2.138599630561900256e+01
1.956298196392785758e+04 2.139720162421187410e+01
1.959452905811623350e+04 2.140844258447066295e+01
1.962607615230460942e+04 2.141972034341361919e+01
1.965762324649298534e+04 2.143103607585885229e+01
1.968917034068136127e+04 2.144239097453858278e+01
1.972071743486974083e+04 2.145378625021348284e+01
1.975226452905811675e+04 2.146522313178700614e+01
1.978381162324649631e+04 2.148552900181843128e+01
2.008459648946133893e+04 2.159004205642769136e+01
2.038538135567618156e+04 2.169455511103694789e+01
2.068616622189102054e+04 2.179906816564620797e+01
2.098695108810586316e+04 2.190358122025546805e+01
2.128773595432070579e+04 2.200809427486472458e+01
2.158852082053554477e+04 2.211260732947398466e+01
2.188930568675038739e+04 2.221712038408324474e+01
2.219009055296523002e+04 2.232163343869250127e+01
2.249087541918007264e+04 2.242614649330176135e+01
2.279166028539491526e+04 2.253065954791102143e+01
2.309244515160975425e+04 2.263517260252027796e+01
2.339323001782459687e+04 2.273968565712953804e+01
2.369401488403943949e+04 2.284419871173879812e+01
2.399479975025427848e+04 2.294871176634805465e+01
2.429558461646912110e+04 2.305322482095731473e+01
2.459636948268396372e+04 2.315773787556657481e+01
2.489715434889880635e+04 2.326225093017583134e+01
2.519793921511364897e+04 2.336676398478509498e+01
2.549872408132848796e+04 2.347127703939435150e+01
2.579950894754333058e+04 2.357579009400360803e+01
2.610029381375817320e+04 2.368030314861287167e+01
2.640107867997301219e+04 2.378481620322212819e+01
2.670186354618785481e+04 2.388932925783138472e+01
2.700264841240269743e+04 2.399384231244064836e+01
2.730343327861754005e+04 2.409835536704990488e+01
2.760421814483238268e+04 2.420286842165916497e+01
2.790500301104722166e+04 2.430738147626842149e+01
2.820578787726206428e+04 2.441189453087768158e+01
2.850657274347690691e+04 2.451640758548694166e+01
2.880735760969174589e+04 2.462092064009619818e+01
2.910814247590658852e+04 2.472543369470545827e+01
2.940892734212143114e+04 2.482994674931471479e+01
2.970971220833627376e+04 2.493445980392397843e+01
3.001049707455111638e+04 2.503897285853323496e+01
3.031128194076595537e+04 2.514348591314249148e+01
3.061206680698079799e+04 2.524799896775175512e+01
3.091285167319564061e+04 2.535251202236101165e+01
3.121363653941047960e+04 2.545702507697026817e+01
3.151442140562532222e+04 2.556153813157953181e+01
3.181520627184016485e+04 2.566605118618878834e+01
3.211599113805500747e+04 2.577056424079804842e+01
3.241677600426985009e+04 2.587507729540730850e+01
3.271756087048468908e+04 2.597959035001656503e+01
3.301834573669952806e+04 2.608410340462582155e+01
3.331913060291437432e+04 2.618861645923508519e+01
3.361991546912921331e+04 2.629312951384434172e+01
3.392070033534405229e+04 2.639764256845359824e+01
3.422148520155889855e+04 2.650215562306286188e+01
3.452227006777374481e+04 2.660666867767211841e+01
3.482305493398858380e+04 2.671118173228137849e+01
3.512383980020342278e+04 2.681569478689063857e+01
3.542462466641826904e+04 2.692020784149989510e+01
3.572540953263310803e+04 2.702472089610915518e+01
3.602619439884794701e+04 2.712923395071841526e+01
3.632697926506279327e+04 2.723374700532767179e+01
3.662776413127763226e+04 2.733826005993693187e+01
3.692854899749247124e+04 2.744277311454619195e+01
3.722933386370731751e+04 2.754728616915544848e+01
3.753011872992215649e+04 2.765179922376470856e+01
3.783090359613699547e+04 2.775631227837396864e+01
3.813168846235184174e+04 2.786082533298322517e+01
3.843247332856668072e+04 2.796533838759248525e+01
3.873325819478151971e+04 2.806985144220174178e+01
3.903404306099636597e+04 2.817436449681100186e+01
3.933482792721121223e+04 2.827887755142026549e+01
3.963561279342605121e+04 2.838339060602952202e+01
3.993639765964089020e+04 2.848790366063877855e+01
4.023718252585573646e+04 2.859241671524804218e+01
4.053796739207057544e+04 2.869692976985729871e+01
4.083875225828541443e+04 2.880144282446655524e+01
4.113953712450026069e+04 2.890595587907581887e+01
4.144032199071509967e+04 2.901046893368507540e+01
4.174110685692993866e+04 2.911498198829433193e+01
4.204189172314478492e+04 2.921949504290359201e+01
4.234267658935962390e+04 2.932400809751285209e+01
4.264346145557446289e+04 2.942852115212210862e+01
4.294424632178930915e+04 2.953303420673136870e+01
4.324503118800414813e+04 2.963754726134062878e+01
4.354581605421898712e+04 2.974206031594988531e+01
4.384660092043383338e+04 2.984657337055914539e+01
4.414738578664867964e+04 2.995108642516840547e+01
4.444817065286351863e+04 3.005559947977766200e+01
4.474895551907835761e+04 3.016011253438692208e+01
4.504974038529320387e+04 3.026462558899618216e+01
4.535052525150804286e+04 3.036913864360543869e+01
4.565131011772288184e+04 3.047365169821469877e+01
4.595209498393772810e+04 3.057816475282395885e+01
4.625287985015256709e+04 3.068267780743321538e+01
4.655366471636740607e+04 3.078719086204247191e+01
4.685444958258225233e+04 3.089170391665173554e+01
4.715523444879709132e+04 3.099621697126099207e+01
4.745601931501193030e+04 3.110073002587024860e+01
4.775680418122677656e+04 3.120524308047951223e+01
4.805758904744161555e+04 3.130975613508876876e+01
4.835837391365645453e+04 3.141426918969802529e+01
4.865915877987130079e+04 3.151878224430728892e+01
4.895994364608614706e+04 3.162329529891655255e+01
4.926072851230098604e+04 3.172780835352580908e+01
4.956151337851582502e+04 3.183232140813506561e+01
4.986229824473067129e+04 3.193683446274432214e+01
5.016308311094551027e+04 3.204134751735358577e+01
5.046386797716034926e+04 3.214586057196284230e+01
5.076465284337519552e+04 3.225037362657209883e+01
5.106543770959003450e+04 3.235488668118136246e+01
5.136622257580487349e+04 3.245939973579061899e+01
5.166700744201971975e+04 3.256391279039987552e+01
5.196779230823455873e+04 3.266842584500913915e+01
5.226857717444939772e+04 3.277293889961839568e+01
5.256936204066424398e+04 3.287745195422765221e+01
5.287014690687908296e+04 3.298196500883691584e+01
5.317093177309392922e+04 3.308647806344617237e+01
5.347171663930876821e+04 3.319099111805542890e+01
5.377250150552360719e+04 3.329550417266469253e+01
5.407328637173845345e+04 3.340001722727394906e+01
5.437407123795329244e+04 3.350453028188320559e+01
5.467485610416813870e+04 3.360904333649246922e+01
5.497564097038297768e+04 3.371355639110172575e+01
5.527642583659781667e+04 3.381806944571098228e+01
5.557721070281266293e+04 3.392258250032024591e+01
5.587799556902750192e+04 3.402709555492950244e+01
5.617878043524234090e+04 3.413160860953875897e+01
5.647956530145718716e+04 3.423612166414802260e+01
5.678035016767202615e+04 3.434063471875727913e+01
5.708113503388686513e+04 3.444514777336653566e+01
5.738191990010171139e+04 3.454966082797579929e+01
5.768270476631655038e+04 3.465417388258505582e+01
5.798348963253139664e+04 3.475868693719431946e+01
5.828427449874623562e+04 3.486319999180357598e+01
5.858505936496107461e+04 3.496771304641283251e+01
5.888584423117592087e+04 3.507222610102209615e+01
5.918662909739075985e+04 3.517673915563135267e+01
5.948741396360560611e+04 3.528125221024060920e+01
5.978819882982044510e+04 3.538576526484987284e+01
6.008898369603528408e+04 3.549027831945912936e+01
6.038976856225013034e+04 3.559479137406838589e+01
6.069055342846496933e+04 3.569930442867764242e+01
6.099133829467980831e+04 3.580381748328690605e+01
6.129212316089465457e+04 3.590833053789616258e+01
6.159290802710949356e+04 3.601284359250541911e+01
6.189369289332433254e+04 3.611735664711468274e+01
6.219447775953917881e+04 3.622186970172393927e+01
6.249526262575401779e+04 3.632638275633319580e+01
6.279604749196886405e+04 3.643089581094245943e+01
6.309683235818370304e+04 3.653540886555171596e+01
6.339761722439854202e+04 3.663992192016097249e+01
6.369840209061338828e+04 3.674443497477023612e+01
6.399918695682822727e+04 3.684894802937949265e+01
6.429997182304307353e+04 3.695346108398875629e+01
6.460075668925791251e+04 3.705797413859801281e+01
6.490154155547275150e+04 3.716248719320726934e+01
6.520232642168759776e+04 3.726700024781653298e+01
6.550311128790243674e+04 3.737151330242578950e+01
6.580389615411727573e+04 3.747602635703504603e+01
6.610468102033212199e+04 3.758053941164430967e+01
6.640546588654696825e+04 3.768505246625356619e+01
6.670625075276179996e+04 3.778956552086282272e+01
6.700703561897664622e+04 3.789407857547208636e+01
6.730782048519147793e+04 3.799859163008133578e+01
6.760860535140632419e+04 3.810310468469059941e+01
6.790939021762117045e+04 3.820761773929986305e+01
6.821017508383601671e+04 3.831213079390911957e+01
6.851095995005086297e+04 3.841664384851838321e+01
6.881174481626569468e+04 3.852115690312763974e+01
6.911252968248054094e+04 3.862566995773689627e+01
6.941331454869537265e+04 3.873018301234615279e+01
6.971409941491021891e+04 3.883469606695541643e+01
7.001488428112506517e+04 3.893920912156467296e+01
7.031566914733991143e+04 3.904372217617393659e+01
7.061645401355474314e+04 3.914823523078318601e+01
7.091723887976958940e+04 3.925274828539244965e+01
7.121802374598442111e+04 3.935726134000170617e+01
7.151880861219926737e+04 3.946177439461096270e+01
7.181959347841411363e+04 3.956628744922022634e+01
7.212037834462895989e+04 3.967080050382948997e+01
7.242116321084380616e+04 3.977531355843874650e+01
7.272194807705863786e+04 3.987982661304800303e+01
7.302273294327346957e+04 3.998433966765725955e+01
7.332351780948831583e+04 4.008885272226651608e+01
7.362430267570316209e+04 4.019336577687577972e+01
7.392508754191800836e+04 4.029787883148504335e+01
7.422587240813285462e+04 4.040239188609429988e+01
7.452665727434768633e+04 4.050690494070355641e+01
7.482744214056253259e+04 4.061141799531281293e+01
7.512822700677736429e+04 4.071593104992206946e+01
7.542901187299221056e+04 4.082044410453133310e+01
7.572979673920705682e+04 4.092495715914058962e+01
7.603058160542190308e+04 4.102947021374985326e+01
7.633136647163673479e+04 4.113398326835910979e+01
7.663215133785158105e+04 4.123849632296836631e+01
7.693293620406641276e+04 4.134300937757762284e+01
7.723372107028125902e+04 4.144752243218688648e+01
7.753450593649610528e+04 4.155203548679614300e+01
7.783529080271095154e+04 4.165654854140540664e+01
7.813607566892579780e+04 4.176106159601466317e+01
7.843686053514062951e+04 4.186557465062391969e+01
7.873764540135547577e+04 4.197008770523318333e+01
7.903843026757030748e+04 4.207460075984243986e+01
7.933921513378515374e+04 4.217911381445169638e+01
7.964000000000000000e+04 4.228362686906096002e+01
