4.043099999999999909e+03 1.306496489996853327e+01
4.074885370741482802e+03 1.311962743701172229e+01
4.106670741482966150e+03 1.317374555051826590e+01
4.138456112224448589e+03 1.322732413107752159e+01
4.170241482965931937e+03 1.328036804098626966e+01
4.202026853707415285e+03 1.333288211432805781e+01
4.233812224448897723e+03 1.338487115705258290e+01
4.265597595190380162e+03 1.343633994705502843e+01
4.297382965931863509e+03 1.348729323425543747e+01
4.329168336673346857e+03 1.353773574067806607e+01
4.360953707414830205e+03 1.358767216053074733e+01
4.392739078156312644e+03 1.363710716028424486e+01
4.424524448897795082e+03 1.368604537875161853e+01
4.456309819639278430e+03 1.373449142716757265e+01
4.488095190380761778e+03 1.378244988926783776e+01
4.519880561122244217e+03 1.382992532136850272e+01
4.551665931863727565e+03 1.387692225244539657e+01
4.583451302605210003e+03 1.392344518421343480e+01
4.615236673346693351e+03 1.396949859120597992e+01
4.647022044088175790e+03 1.401508692085421082e+01
4.678807414829659137e+03 1.406021459356647085e+01
4.710592785571142485e+03 1.410488600280763194e+01
4.742378156312624924e+03 1.414910551517844972e+01
4.774163527054108272e+03 1.419287747049493476e+01
4.805948897795590710e+03 1.423620618186770415e+01
4.837734268537074058e+03 1.427909593578133496e+01
4.869519639278557406e+03 1.432155099217372651e+01
4.901305010020039845e+03 1.436357558451548044e+01
4.933090380761523193e+03 1.440517391988922213e+01
4.964875751503005631e+03 1.444635017906899321e+01
4.996661122244488979e+03 1.448710851659959431e+01
5.028446492985971418e+03 1.452745306087595267e+01
5.060231863727454765e+03 1.456738791422247559e+01
5.092017234468938113e+03 1.460691715297240556e+01
5.123802605210420552e+03 1.464604482754719861e+01
5.155587975951903900e+03 1.468477496253586168e+01
5.187373346693386338e+03 1.472311155677432737e+01
5.219158717434869686e+03 1.476105858342480381e+01
5.250944088176353034e+03 1.479861999005514051e+01
5.282729458917835473e+03 1.483579969871818349e+01
5.314514829659317911e+03 1.487260160603113945e+01
5.346300200400801259e+03 1.490902958325492733e+01
5.378085571142284607e+03 1.494508747637355128e+01
5.409870941883767955e+03 1.498077910617344344e+01
5.441656312625250393e+03 1.501610826832283507e+01
5.473441683366732832e+03 1.505107873345111003e+01
5.505227054108216180e+03 1.508569424722816876e+01
5.537012424849699528e+03 1.511995853044379245e+01
5.568797795591181966e+03 1.515387527908698218e+01
5.600583166332665314e+03 1.518744816442534074e+01
5.632368537074147753e+03 1.522068083308442255e+01
5.664153907815631101e+03 1.525357690712709058e+01
5.695939278557114449e+03 1.528613998413288222e+01
5.727724649298596887e+03 1.531837363727736445e+01
5.759510020040079326e+03 1.535028141541149438e+01
5.791295390781562674e+03 1.538186684314098152e+01
5.823080761523046021e+03 1.541313342090563765e+01
5.854866132264529369e+03 1.544408462505874979e+01
5.886651503006011808e+03 1.547472390794642649e+01
5.918436873747495156e+03 1.550505469798697433e+01
5.950222244488977594e+03 1.553508039975023181e+01
5.982007615230460942e+03 1.556480439403696003e+01
6.013792985971944290e+03 1.559423003795817486e+01
6.045578356713426729e+03 1.562336066501451626e+01
6.077363727454909167e+03 1.565219958517561949e+01
6.109149098196392515e+03 1.568075008495945255e+01
6.140934468937875863e+03 1.570901542751169266e+01
6.172719839679358302e+03 1.573699885268508325e+01
6.204505210420841649e+03 1.576470357711878023e+01
6.236290581162324088e+03 1.579213279431773387e+01
6.268075951903807436e+03 1.581928967473202263e+01
6.299861322645290784e+03 1.584617736583623682e+01
6.331646693386773222e+03 1.587279899220882484e+01
6.363432064128255661e+03 1.589915765561145022e+01
6.395217434869739009e+03 1.592525643506835564e+01
6.427002805611222357e+03 1.595109838694573057e+01
6.458788176352705705e+03 1.597668654503105934e+01
6.490573547094188143e+03 1.600202392061247281e+01
6.522358917835670582e+03 1.602711350255813372e+01
6.554144288577153930e+03 1.605195825739557236e+01
6.585929659318637277e+03 1.607656112939105952e+01
6.617715030060119716e+03 1.610092504062896168e+01
6.649500400801603064e+03 1.612505289109109441e+01
6.681285771543085502e+03 1.614894755873609711e+01
6.713071142284568850e+03 1.617261189957876866e+01
6.744856513026052198e+03 1.619604874776945636e+01
6.776641883767535546e+03 1.621926091567339157e+01
6.808427254509017075e+03 1.624225119395005379e+01
6.840212625250500423e+03 1.626502235163255250e+01
6.871997995991983771e+03 1.628757713620694503e+01
6.903783366733467119e+03 1.630991827369162905e+01
6.935568737474949558e+03 1.633204846871669957e+01
6.967354108216432905e+03 1.635397040460329166e+01
6.999139478957915344e+03 1.637568674344294806e+01
7.030924849699397782e+03 1.639720012617698686e+01
7.062710220440881130e+03 1.641851317267584776e+01
7.094495591182363569e+03 1.643962848181845970e+01
7.126280961923846917e+03 1.646054863157159787e+01
7.158066332665330265e+03 1.648127617906925124e+01
7.189851703406813613e+03 1.650181366069196187e+01
7.221637074148296961e+03 1.652216359214619956e+01
7.253422444889779399e+03 1.654232846854372241e+01
7.285207815631262747e+03 1.656231076448093376e+01
7.316993186372745186e+03 1.658211293411823561e+01
7.348778557114228533e+03 1.660173741125939628e+01
7.380563927855710972e+03 1.662118660943090021e+01
7.412349298597193410e+03 1.664046292196132271e+01
7.444134669338676758e+03 1.665956872206067629e+01
7.475920040080160106e+03 1.667850636289976762e+01
7.507705410821643454e+03 1.669727817768957578e+01
7.539490781563126802e+03 1.671588647976058795e+01
7.571276152304608331e+03 1.673433356264217053e+01
7.603061523046091679e+03 1.675262170014193686e+01
7.634846893787575027e+03 1.677075314642509696e+01
7.666632264529057466e+03 1.678873013609381815e+01
7.698417635270540814e+03 1.680655488426657129e+01
7.730203006012023252e+03 1.682422958665751622e+01
7.761988376753506600e+03 1.684175641965584447e+01
7.793773747494989948e+03 1.685913754040515045e+01
7.825559118236473296e+03 1.687637508688276711e+01
7.857344488977956644e+03 1.689347117797915843e+01
7.889129859719438173e+03 1.691042791357725150e+01
7.920915230460921521e+03 1.692724737463180418e+01
7.952700601202404869e+03 1.694393162324877267e+01
7.984485971943887307e+03 1.696048270276467562e+01
8.016271342685370655e+03 1.697690263782591913e+01
8.048056713426853094e+03 1.699319343446818920e+01
8.079842084168336442e+03 1.700935708019581938e+01
8.111627454909818880e+03 1.702539554406110156e+01
8.143412825651301318e+03 1.704131077674370687e+01
8.175198196392784666e+03 1.705710471062998579e+01
8.206983567134268014e+03 1.707277925989238554e+01
8.238768937875751362e+03 1.708833632056875729e+01
8.270554308617234710e+03 1.710377777064176286e+01
8.302339679358716239e+03 1.711910547011818551e+01
8.334125050100199587e+03 1.713432126110832598e+01
8.365910420841682935e+03 1.714942696790535592e+01
8.397695791583166283e+03 1.716442439706466416e+01
8.429481162324649631e+03 1.717931533748321016e+01
8.461266533066131160e+03 1.719410156047893068e+01
8.493051903807614508e+03 1.720878481987003994e+01
8.524837274549097856e+03 1.722336685205442208e+01
8.556622645290581204e+03 1.723784937608897749e+01
8.588408016032062733e+03 1.725223409376900463e+01
8.620193386773546081e+03 1.726652268970751791e+01
8.651978757515029429e+03 1.728071683141464376e+01
8.683764128256512777e+03 1.729481816937698468e+01
8.715549498997996125e+03 1.730882833713693003e+01
8.747334869739479473e+03 1.732274895137207693e+01
8.779120240480961002e+03 1.733658161197454461e+01
8.810905611222444350e+03 1.735032790213035980e+01
8.842690981963927698e+03 1.736398938839878880e+01
8.874476352705411045e+03 1.737756762079173356e+01
8.906261723446894393e+03 1.739106413285306729e+01
8.938047094188375922e+03 1.740448044173798081e+01
8.969832464929859270e+03 1.741781804829238922e+01
9.001617835671342618e+03 1.743107843713224270e+01
9.033403206412825966e+03 1.744426307672290477e+01
9.065188577154309314e+03 1.745737341945852705e+01
9.096973947895790843e+03 1.747041090174137423e+01
9.128759318637274191e+03 1.748337694406122012e+01
9.160544689378755720e+03 1.749627295107467262e+01
9.192330060120239068e+03 1.750910031168456982e+01
9.224115430861722416e+03 1.752186039911930493e+01
9.255900801603205764e+03 1.753455457101220816e+01
9.287686172344689112e+03 1.754718416948089654e+01
9.319471543086172460e+03 1.755975052120663804e+01
9.351256913827655808e+03 1.757225493751371204e+01
9.383042284569139156e+03 1.758469871444875565e+01
9.414827655310620685e+03 1.759708313286014203e+01
9.446613026052104033e+03 1.760940945847732308e+01
9.478398396793587381e+03 1.762167894199020424e+01
9.510183767535068910e+03 1.763389281912849427e+01
9.541969138276552258e+03 1.764605231074106584e+01
9.573754509018035606e+03 1.765815862287531601e+01
9.605539879759518954e+03 1.767021294685652677e+01
9.637325250501000482e+03 1.768221645936721842e+01
9.669110621242483830e+03 1.769417032252652433e+01
9.700895991983967178e+03 1.770607568396953369e+01
9.732681362725450526e+03 1.771793367692664845e+01
9.764466733466933874e+03 1.772974542030296874e+01
9.796252104208415403e+03 1.774151201875762496e+01
9.828037474949898751e+03 1.775323456278315604e+01
9.859822845691382099e+03 1.776491412878484155e+01
9.891608216432865447e+03 1.777655177916010132e+01
9.923393587174348795e+03 1.778814856237782038e+01
9.955178957915832143e+03 1.779970551305773085e+01
9.986964328657315491e+03 1.781122365204975111e+01
1.001874969939879702e+04 1.782270398651336052e+01
1.005053507014027855e+04 1.783414750999696707e+01
1.008232044088176190e+04 1.784555520251723948e+01
1.011410581162324524e+04 1.785692803063847833e+01
1.014589118236472859e+04 1.786826694755199796e+01
1.017767655310621194e+04 1.787957289315544074e+01
1.020946192384769529e+04 1.789084679413218382e+01
1.024124729458917864e+04 1.790208956403067475e+01
1.027303266533066017e+04 1.791330210334378847e+01
1.030481803607214351e+04 1.792448529958817716e+01
1.033660340681362686e+04 1.793564002738367336e+01
1.036838877755511021e+04 1.794676714853260435e+01
1.040017414829659356e+04 1.795786751209916332e+01
1.043195951903807509e+04 1.796894195448877696e+01
1.046374488977955843e+04 1.797999129952746955e+01
1.049553026052104178e+04 1.799101635854120218e+01
1.052731563126252513e+04 1.800201793043524390e+01
1.055910100200400848e+04 1.801299680177355356e+01
1.059088637274549183e+04 1.802395374685808349e+01
1.062267174348697336e+04 1.803488952780819687e+01
1.065445711422845670e+04 1.804580489463998560e+01
1.068624248496993823e+04 1.805670058534565925e+01
1.071802785571142158e+04 1.806757732597288779e+01
1.074981322645290493e+04 1.807843583070415860e+01
1.078159859719438828e+04 1.808927680193616538e+01
1.081338396793587162e+04 1.810010093035911893e+01
1.084516933867735497e+04 1.811090889503613610e+01
1.087695470941883832e+04 1.812170136348260741e+01
1.090874008016031985e+04 1.813247899174553623e+01
1.094052545090180320e+04 1.814324242448292779e+01
1.097231082164328654e+04 1.815399229504308209e+01
1.100409619238476989e+04 1.816472922554404335e+01
1.103588156312625324e+04 1.817545382695289291e+01
1.106766693386773477e+04 1.818616669916513473e+01
1.109945230460921812e+04 1.819686843108404517e+01
1.113123767535070147e+04 1.820755960070005841e+01
1.116302304609218481e+04 1.821824077517008789e+01
1.119480841683366816e+04 1.822891251089690456e+01
1.122659378757514969e+04 1.823957535360849391e+01
1.125837915831663122e+04 1.825022983843742708e+01
1.129016452905811457e+04 1.826087649000020718e+01
1.132194989979959792e+04 1.827151582247661921e+01
1.135373527054108126e+04 1.828214833968912245e+01
1.138552064128256461e+04 1.829277453518215424e+01
1.141730601202404796e+04 1.830339489230157568e+01
1.144909138276553131e+04 1.831400988427393628e+01
1.148087675350701466e+04 1.832461997428589839e+01
1.151266212424849800e+04 1.833522561556356933e+01
1.154444749498997953e+04 1.834582725145187254e+01
1.157623286573146288e+04 1.835642531549387968e+01
1.160801823647294441e+04 1.836702023151022090e+01
1.163980360721442776e+04 1.837761241367840270e+01
1.167158897795591110e+04 1.838820226661217205e+01
1.170337434869739445e+04 1.839879018544089462e+01
1.173515971943887598e+04 1.840937655588891175e+01
1.176694509018035933e+04 1.841996175435487260e+01
1.179873046092184268e+04 1.843054614799109459e+01
1.183051583166332603e+04 1.844113009478299148e+01
1.186230120240480937e+04 1.845171394362835571e+01
1.189408657314629272e+04 1.846229803441671891e+01
1.192587194388777425e+04 1.847288269810878703e+01
1.195765731462925760e+04 1.848346825681571914e+01
1.198944268537074095e+04 1.849405502387851286e+01
1.202122805611222429e+04 1.850464330394738255e+01
1.205301342685370764e+04 1.851523339306109506e+01
1.208479879759519099e+04 1.852582557872634084e+01
1.211658416833667434e+04 1.853642013999709803e+01
1.214836953907815405e+04 1.854701734755396103e+01
1.218015490981963740e+04 1.855761746378356136e+01
1.221194028056112074e+04 1.856822074285786783e+01
1.224372565130260409e+04 1.857882743081356125e+01
1.227551102204408744e+04 1.858943776563139494e+01
1.230729639278557079e+04 1.860005197731558724e+01
1.233908176352705232e+04 1.861067028797313583e+01
1.237086713426853566e+04 1.862129291189320668e+01
1.240265250501001901e+04 1.863192005562644482e+01
1.243443787575150236e+04 1.864255191806443435e+01
1.246622324649298571e+04 1.865318869051891326e+01
1.249800861723446906e+04 1.866383055680129033e+01
1.252979398797595240e+04 1.867447769330186702e+01
1.256157935871743393e+04 1.868513026906931529e+01
1.259336472945891728e+04 1.869578844588992794e+01
1.262515010020040063e+04 1.870645237836705377e+01
1.265693547094188398e+04 1.871712221400043674e+01
1.268872084168336733e+04 1.872779809326556233e+01
1.272050621242485067e+04 1.873848014969301090e+01
1.275229158316633402e+04 1.874916850994786444e+01
1.278407695390781373e+04 1.875986329390901730e+01
1.281586232464929708e+04 1.877056461474855809e+01
1.284764769539078043e+04 1.878127257901110880e+01
1.287943306613226378e+04 1.879198728669321028e+01
1.291121843687374712e+04 1.880270883132267912e+01
1.294300380761523047e+04 1.881343730003793979e+01
1.297478917835671200e+04 1.882417277366741004e+01
1.300657454909819535e+04 1.883491532680886138e+01
1.303835991983967870e+04 1.884566502790875830e+01
1.307014529058116204e+04 1.885642193934162592e+01
1.310193066132264539e+04 1.886718611748942465e+01
1.313371603206412692e+04 1.887795761282088591e+01
1.316550140280561027e+04 1.888873646997092237e+01
1.319728677354709362e+04 1.889952272781987475e+01
1.322907214428857696e+04 1.891031641957301801e+01
1.326085751503006031e+04 1.892111757283980467e+01
1.329264288577154366e+04 1.893192620971326079e+01
1.332442825651302701e+04 1.894274234684942115e+01
1.335621362725451036e+04 1.895356599554653343e+01
1.338799899799599189e+04 1.896439716182453950e+01
1.341978436873747341e+04 1.897523584650441109e+01
1.345156973947895676e+04 1.898608204528748900e+01
1.348335511022044011e+04 1.899693574883483649e+01
1.351514048096192346e+04 1.900779694284664600e+01
1.354692585170340681e+04 1.901866560814151796e+01
1.357871122244489015e+04 1.902954172073591366e+01
1.361049659318637168e+04 1.904042525192345536e+01
1.364228196392785321e+04 1.905131616835427621e+01
1.367406733466933656e+04 1.906221443211444466e+01
1.370585270541081991e+04 1.907312000080523262e+01
1.373763807615230326e+04 1.908403282762257902e+01
1.376942344689378660e+04 1.909495286143633663e+01
1.380120881763526995e+04 1.910588004686974983e+01
1.383299418837675330e+04 1.911681432437870143e+01
1.386477955911823665e+04 1.912775563033116200e+01
1.389656492985971818e+04 1.913870389708649000e+01
1.392835030060120152e+04 1.914965905307482075e+01
1.396013567134268487e+04 1.916062102287643398e+01
1.399192104208416822e+04 1.917158972730105404e+01
1.402370641282565157e+04 1.918256508346730982e+01
1.405549178356713310e+04 1.919354700488197807e+01
1.408727715430861645e+04 1.920453540151945049e+01
1.411906252505009979e+04 1.921553017990102319e+01
1.415084789579158314e+04 1.922653124317428919e+01
1.418263326653306649e+04 1.923753849119244563e+01
1.421441863727454984e+04 1.924855182059377512e+01
1.424620400801602955e+04 1.925957112488083567e+01
1.427798937875751290e+04 1.927059629449996692e+01
1.430977474949899624e+04 1.928162721692057957e+01
1.434156012024047959e+04 1.929266377671449106e+01
1.437334549098196294e+04 1.930370585563537134e+01
1.440513086172344629e+04 1.931475333269801808e+01
1.443691623246492964e+04 1.932580608425777768e+01
1.446870160320641116e+04 1.933686398408983820e+01
1.450048697394789451e+04 1.934792690346865385e+01
1.453227234468937786e+04 1.935899471124728422e+01
1.456405771543086121e+04 1.937006727393671568e+01
1.459584308617234456e+04 1.938114445578528588e+01
1.462762845691382790e+04 1.939222611885798386e+01
1.465941382765531125e+04 1.940331212311586029e+01
1.469119919839679278e+04 1.941440232649532760e+01
1.472298456913827613e+04 1.942549658498759868e+01
1.475476993987975948e+04 1.943659475271797277e+01
1.478655531062124282e+04 1.944769668202521729e+01
1.481834068136272617e+04 1.945880222354094968e+01
1.485012605210420952e+04 1.946991122626895532e+01
1.488191142284568923e+04 1.948102353766463679e+01
1.491369679358717258e+04 1.949213900371422525e+01
1.494548216432865593e+04 1.950325746901427948e+01
1.497726753507013927e+04 1.951437877685097533e+01
1.500905290581162262e+04 1.952550276927947692e+01
1.504083827655310597e+04 1.953662928720328296e+01
1.507262364729458932e+04 1.954775817045363340e+01
1.510440901803607085e+04 1.955888925786882382e+01
1.513619438877755420e+04 1.957002238737356592e+01
1.516797975951903754e+04 1.958115739605836936e+01
1.519976513026051907e+04 1.959229412025889161e+01
1.523155050100200242e+04 1.960343239563528783e+01
1.526333587174348577e+04 1.961457205725159980e+01
1.529512124248496912e+04 1.962571293965508801e+01
1.532690661322645246e+04 1.963685487695557441e+01
1.535869198396793581e+04 1.964799770290485625e+01
1.539047735470941916e+04 1.965914125097603460e+01
1.542226272545090251e+04 1.967028535444282866e+01
1.545404809619238586e+04 1.968142984645903937e+01
1.548583346693386738e+04 1.969257456013782814e+01
1.551761883767534891e+04 1.970371932863106323e+01
1.554940420841683226e+04 1.971486398520877970e+01
1.558118957915831561e+04 1.972600836333842267e+01
1.561297494989979896e+04 1.973715229676428251e+01
1.564476032064128231e+04 1.974829561958681978e+01
1.567654569138276565e+04 1.975943816634202932e+01
1.570833106212424900e+04 1.977057977208081496e+01
1.574011643286572871e+04 1.978172027244832520e+01
1.577190180360721206e+04 1.979285950376334569e+01
1.580368717434869541e+04 1.980399730309763129e+01
1.583547254509017876e+04 1.981513350835525955e+01
1.586725791583166210e+04 1.982626795835201960e+01
1.589904328657314545e+04 1.983740049289474427e+01
1.593082865731462880e+04 1.984853095286070612e+01
1.596261402805611215e+04 1.985965918027690691e+01
1.599439939879759368e+04 1.987078501839953404e+01
1.602618476953907702e+04 1.988190831179322515e+01
1.605797014028056037e+04 1.989302890641049970e+01
1.608975551102204372e+04 1.990414664967106262e+01
1.612154088176352707e+04 1.991526139054121813e+01
1.615332625250500860e+04 1.992637297961319121e+01
1.618511162324649194e+04 1.993748126918448804e+01
1.621689699398797529e+04 1.994858611333724241e+01
1.624868236472945864e+04 1.995968736801767207e+01
1.628046773547094017e+04 1.997078489111530075e+01
1.631225310621242352e+04 1.998187854254238260e+01
1.634403847695390687e+04 1.999296818431328404e+01
1.637582384769538839e+04 2.000405368062381228e+01
1.640760921843687174e+04 2.001513489793056166e+01
1.643939458917835509e+04 2.002621170503033809e+01
1.647117995991983844e+04 2.003728397313942367e+01
1.650296533066132179e+04 2.004835157597298689e+01
1.653475070140280513e+04 2.005941438982447522e+01
1.656653607214428484e+04 2.007047229364492580e+01
1.659832144288576819e+04 2.008152516912233310e+01
1.663010681362725154e+04 2.009257290076099167e+01
1.666189218436873489e+04 2.010361537596093484e+01
1.669367755511021824e+04 2.011465248509721349e+01
1.672546292585170158e+04 2.012568412159924236e+01
1.675724829659318493e+04 2.013671018203024232e+01
1.678903366733466828e+04 2.014773056616652980e+01
1.682081903807615163e+04 2.015874517707690217e+01
1.685260440881763498e+04 2.016975392120203026e+01
1.688438977955911832e+04 2.018075670843372293e+01
1.691617515030060167e+04 2.019175345219440487e+01
1.694796052104208502e+04 2.020274406951639534e+01
1.697974589178356837e+04 2.021372848112126519e+01
1.701153126252505172e+04 2.022470661149923998e+01
1.704331663326653143e+04 2.023567838898855342e+01
1.707510200400801477e+04 2.024664374585480076e+01
1.710688737474949812e+04 2.025760261837025666e+01
1.713867274549098147e+04 2.026855494689330328e+01
1.717045811623246482e+04 2.027950067594774097e+01
1.720224348697394453e+04 2.029043975430212043e+01
1.723402885771542788e+04 2.030137213504925953e+01
1.726581422845691122e+04 2.031229777568535866e+01
1.729759959919839457e+04 2.032321663818957802e+01
1.732938496993987792e+04 2.033412868910326665e+01
1.736117034068136127e+04 2.034503389960936914e+01
1.739295571142284462e+04 2.035593224561179682e+01
1.742474108216432796e+04 2.036682370781475271e+01
1.745652645290581131e+04 2.037770827180211342e+01
1.748831182364729466e+04 2.038858592811677184e+01
1.752009719438877801e+04 2.039945667234004389e+01
1.755188256513026136e+04 2.041032050517095797e+01
1.758366793587174470e+04 2.042117743250566519e+01
1.761545330661322805e+04 2.043202746551672888e+01
1.764723867735470776e+04 2.044287062073265204e+01
1.767902404809619111e+04 2.045370692011700697e+01
1.771080941883767446e+04 2.046453639114798762e+01
1.774259478957915780e+04 2.047535906689765284e+01
1.777438016032064115e+04 2.048617498611134025e+01
1.780616553106212450e+04 2.049698419328698762e+01
1.783795090180360421e+04 2.050778673875452185e+01
1.786973627254508756e+04 2.051858267875524433e+01
1.790152164328657091e+04 2.052937207552112397e+01
1.793330701402805425e+04 2.054015499735419681e+01
1.796509238476953760e+04 2.055093151870590518e+01
1.799687775551102095e+04 2.056170172025650800e+01
1.802866312625250430e+04 2.057246568899437023e+01
1.806044849699398765e+04 2.058322351829535535e+01
1.809223386773547099e+04 2.059397530800221432e+01
1.812401923847695434e+04 2.060472116450385727e+01
1.815580460921843769e+04 2.061546120081485611e+01
1.818758997995992104e+04 2.062619553665464522e+01
1.821937535070140439e+04 2.063692429852697074e+01
1.825116072144288773e+04 2.064764761979924756e+01
1.828294609218436744e+04 2.065836564078187720e+01
1.831473146292585079e+04 2.066907850880773978e+01
1.834651683366733414e+04 2.067978637831125610e+01
1.837830220440881385e+04 2.069048941090811411e+01
1.841008757515029720e+04 2.070118777547438071e+01
1.844187294589178055e+04 2.071188164822591915e+01
1.847365831663326389e+04 2.072257121279778858e+01
1.850544368737474724e+04 2.073325666032361880e+01
1.853722905811623059e+04 2.074393818951483581e+01
1.856901442885771394e+04 2.075461600674017859e+01
1.860079979959919729e+04 2.076529032610499215e+01
1.863258517034068063e+04 2.077596136953058448e+01
1.866437054108216398e+04 2.078662936683357287e+01
1.869615591182364733e+04 2.079729455580527997e+01
1.872794128256513068e+04 2.080795718229106583e+01
1.875972665330661403e+04 2.081861750026969915e+01
1.879151202404809737e+04 2.082927577193269997e+01
1.882329739478958072e+04 2.083993226776377128e+01
1.885508276553106407e+04 2.085058726661805650e+01
1.888686813627254742e+04 2.086124105580148580e+01
1.891865350701402713e+04 2.087189393115029645e+01
1.895043887775551048e+04 2.088254619711021220e+01
1.898222424849699382e+04 2.089319816681596009e+01
1.901400961923847717e+04 2.090385016217043557e+01
1.904579498997996052e+04 2.091450251392426907e+01
1.907758036072144387e+04 2.092515556175506930e+01
1.910936573146292722e+04 2.093580965434678731e+01
1.914115110220440693e+04 2.094646514946907701e+01
1.917293647294589027e+04 2.095712241405674447e+01
1.920472184368737362e+04 2.096778182428894155e+01
1.923650721442885697e+04 2.097844376566870039e+01
1.926829258517034032e+04 2.098910863310213060e+01
1.930007795591182366e+04 2.099977683097789694e+01
1.933186332665330701e+04 2.101044877324657634e+01
1.936364869739479036e+04 2.102112488349995800e+01
1.939543406813627371e+04 2.103180559505036840e+01
1.942721943887775342e+04 2.104249135101014900e+01
1.945900480961923677e+04 2.105318260437099553e+01
1.949079018036072011e+04 2.106387981808312659e+01
1.952257555110220346e+04 2.107458346513494263e+01
1.955436092184368681e+04 2.108529402863222302e+01
1.958614629258516652e+04 2.109601200187740488e+01
1.961793166332664987e+04 2.110673788844909282e+01
1.964971703406813322e+04 2.111747220228136968e+01
1.968150240480961656e+04 2.112821546774315706e+01
1.971328777555109991e+04 2.113896821971753326e+01
1.974507314629258326e+04 2.114973100368113634e+01
1.977685851703406661e+04 2.117043481857540854e+01
2.007755772046605489e+04 2.127404881922365831e+01
2.037825692389804681e+04 2.137766281987191519e+01
2.067895612733003509e+04 2.148127682052016496e+01
2.097965533076202337e+04 2.158489082116841828e+01
2.128035453419401529e+04 2.168850482181667161e+01
2.158105373762600357e+04 2.179211882246492493e+01
2.188175294105799549e+04 2.189573282311317826e+01
2.218245214448998377e+04 2.199934682376142803e+01
2.248315134792197205e+04 2.210296082440968135e+01
2.278385055135396397e+04 2.220657482505793467e+01
2.308454975478595225e+04 2.231018882570618800e+01
2.338524895821794053e+04 2.241380282635444132e+01
2.368594816164993244e+04 2.251741682700269109e+01
2.398664736508192073e+04 2.262103082765094797e+01
2.428734656851390901e+04 2.272464482829919774e+01
2.458804577194590092e+04 2.282825882894745106e+01
2.488874497537788920e+04 2.293187282959570439e+01
2.518944417880987749e+04 2.303548683024395416e+01
2.549014338224186940e+04 2.313910083089221104e+01
2.579084258567385768e+04 2.324271483154046081e+01
2.609154178910584596e+04 2.334632883218871413e+01
2.639224099253783788e+04 2.344994283283696745e+01
2.669294019596982616e+04 2.355355683348521723e+01
2.699363939940181444e+04 2.365717083413347410e+01
2.729433860283380636e+04 2.376078483478172387e+01
2.759503780626579464e+04 2.386439883542997720e+01
2.789573700969778656e+04 2.396801283607823052e+01
2.819643621312977484e+04 2.407162683672648384e+01
2.849713541656176676e+04 2.417524083737473717e+01
2.879783461999375504e+04 2.427885483802298694e+01
2.909853382342574332e+04 2.438246883867124382e+01
2.939923302685773524e+04 2.448608283931949359e+01
2.969993223028972352e+04 2.458969683996774691e+01
3.000063143372171180e+04 2.469331084061600023e+01
3.030133063715370372e+04 2.479692484126425356e+01
3.060202984058569200e+04 2.490053884191250688e+01
3.090272904401768028e+04 2.500415284256075665e+01
3.120342824744967220e+04 2.510776684320901353e+01
3.150412745088166048e+04 2.521138084385726330e+01
3.180482665431364876e+04 2.531499484450551307e+01
3.210552585774564068e+04 2.541860884515376995e+01
3.240622506117762896e+04 2.552222284580201972e+01
3.270692426460961724e+04 2.562583684645027304e+01
3.300762346804160916e+04 2.572945084709852637e+01
3.330832267147359380e+04 2.583306484774677614e+01
3.360902187490558572e+04 2.593667884839503301e+01
3.390972107833757764e+04 2.604029284904328279e+01
3.421042028176956228e+04 2.614390684969153611e+01
3.451111948520155420e+04 2.624752085033978943e+01
3.481181868863354612e+04 2.635113485098804276e+01
3.511251789206553804e+04 2.645474885163629608e+01
3.541321709549752268e+04 2.655836285228454585e+01
3.571391629892951460e+04 2.666197685293280273e+01
3.601461550236150651e+04 2.676559085358105250e+01
3.631531470579349843e+04 2.686920485422930938e+01
3.661601390922548308e+04 2.697281885487755915e+01
3.691671311265746772e+04 2.707643285552580892e+01
3.721741231608946691e+04 2.718004685617406579e+01
3.751811151952145156e+04 2.728366085682231557e+01
3.781881072295344347e+04 2.738727485747057244e+01
3.811950992638543539e+04 2.749088885811882221e+01
3.842020912981742003e+04 2.759450285876707554e+01
3.872090833324941195e+04 2.769811685941532886e+01
3.902160753668140387e+04 2.780173086006358218e+01
3.932230674011338851e+04 2.790534486071183551e+01
3.962300594354538043e+04 2.800895886136008528e+01
3.992370514697737235e+04 2.811257286200834216e+01
4.022440435040935699e+04 2.821618686265659193e+01
4.052510355384134891e+04 2.831980086330484525e+01
4.082580275727334083e+04 2.842341486395309857e+01
4.112650196070532547e+04 2.852702886460134835e+01
4.142720116413731739e+04 2.863064286524960522e+01
4.172790036756930931e+04 2.873425686589785499e+01
4.202859957100129395e+04 2.883787086654610832e+01
4.232929877443328587e+04 2.894148486719436164e+01
4.262999797786527779e+04 2.904509886784261496e+01
4.293069718129726243e+04 2.914871286849086474e+01
4.323139638472925435e+04 2.925232686913911806e+01
4.353209558816124627e+04 2.935594086978737494e+01
4.383279479159323091e+04 2.945955487043562471e+01
4.413349399502522283e+04 2.956316887108387448e+01
4.443419319845721475e+04 2.966678287173213135e+01
4.473489240188919939e+04 2.977039687238038113e+01
4.503559160532119131e+04 2.987401087302863445e+01
4.533629080875318323e+04 2.997762487367688777e+01
4.563699001218516787e+04 3.008123887432513754e+01
4.593768921561715979e+04 3.018485287497339442e+01
4.623838841904915171e+04 3.028846687562164419e+01
4.653908762248113635e+04 3.039208087626990107e+01
4.683978682591312827e+04 3.049569487691815084e+01
4.714048602934512019e+04 3.059930887756640772e+01
4.744118523277710483e+04 3.070292287821465749e+01
4.774188443620909675e+04 3.080653687886290726e+01
4.804258363964108867e+04 3.091015087951116413e+01
4.834328284307307331e+04 3.101376488015941391e+01
4.864398204650506523e+04 3.111737888080767078e+01
4.894468124993705715e+04 3.122099288145592055e+01
4.924538045336904179e+04 3.132460688210417032e+01
4.954607965680104098e+04 3.142822088275242720e+01
4.984677886023302563e+04 3.153183488340067697e+01
5.014747806366501027e+04 3.163544888404892674e+01
5.044817726709700946e+04 3.173906288469718362e+01
5.074887647052899410e+04 3.184267688534543339e+01
5.104957567396097875e+04 3.194629088599369027e+01
5.135027487739297794e+04 3.204990488664194714e+01
5.165097408082496258e+04 3.215351888729019691e+01
5.195167328425694723e+04 3.225713288793844669e+01
5.225237248768894642e+04 3.236074688858670356e+01
5.255307169112093106e+04 3.246436088923495333e+01
5.285377089455292298e+04 3.256797488988320310e+01
5.315447009798490762e+04 3.267158889053145998e+01
5.345516930141689954e+04 3.277520289117970975e+01
5.375586850484889146e+04 3.287881689182796663e+01
5.405656770828087610e+04 3.298243089247621640e+01
5.435726691171286802e+04 3.308604489312446617e+01
5.465796611514485994e+04 3.318965889377272305e+01
5.495866531857685186e+04 3.329327289442097282e+01
5.525936452200883650e+04 3.339688689506922969e+01
5.556006372544082842e+04 3.350050089571747947e+01
5.586076292887282034e+04 3.360411489636573634e+01
5.616146213230480498e+04 3.370772889701398611e+01
5.646216133573679690e+04 3.381134289766223588e+01
5.676286053916878882e+04 3.391495689831049276e+01
5.706355974260077346e+04 3.401857089895874253e+01
5.736425894603276538e+04 3.412218489960699941e+01
5.766495814946475730e+04 3.422579890025524918e+01
5.796565735289674194e+04 3.432941290090349895e+01
5.826635655632873386e+04 3.443302690155175583e+01
5.856705575976072578e+04 3.453664090220000560e+01
5.886775496319271042e+04 3.464025490284826247e+01
5.916845416662470234e+04 3.474386890349651225e+01
5.946915337005669426e+04 3.484748290414476912e+01
5.976985257348867890e+04 3.495109690479301889e+01
6.007055177692067082e+04 3.505471090544126866e+01
6.037125098035266274e+04 3.515832490608952554e+01
6.067195018378464738e+04 3.526193890673777531e+01
6.097264938721663930e+04 3.536555290738603219e+01
6.127334859064863122e+04 3.546916690803428196e+01
6.157404779408061586e+04 3.557278090868253173e+01
6.187474699751260778e+04 3.567639490933078861e+01
6.217544620094459970e+04 3.578000890997903838e+01
6.247614540437659161e+04 3.588362291062729525e+01
6.277684460780857626e+04 3.598723691127554503e+01
6.307754381124056817e+04 3.609085091192380190e+01
6.337824301467256009e+04 3.619446491257205167e+01
6.367894221810454474e+04 3.629807891322030144e+01
6.397964142153653665e+04 3.640169291386855832e+01
6.428034062496852857e+04 3.650530691451680809e+01
6.458103982840051322e+04 3.660892091516505786e+01
6.488173903183250513e+04 3.671253491581331474e+01
6.518243823526449705e+04 3.681614891646156451e+01
6.548313743869648169e+04 3.691976291710982139e+01
6.578383664212847361e+04 3.702337691775807116e+01
6.608453584556045826e+04 3.712699091840632093e+01
6.638523504899244290e+04 3.723060491905457781e+01
6.668593425242444209e+04 3.733421891970282758e+01
6.698663345585644129e+04 3.743783292035108445e+01
6.728733265928842593e+04 3.754144692099933422e+01
6.758803186272041057e+04 3.764506092164759110e+01
6.788873106615239521e+04 3.774867492229584087e+01
6.818943026958437986e+04 3.785228892294409064e+01
6.849012947301637905e+04 3.795590292359234752e+01
6.879082867644837825e+04 3.805951692424060440e+01
6.909152787988036289e+04 3.816313092488885417e+01
6.939222708331234753e+04 3.826674492553710394e+01
6.969292628674433217e+04 3.837035892618535371e+01
6.999362549017633137e+04 3.847397292683361059e+01
7.029432469360831601e+04 3.857758692748186036e+01
7.059502389704031521e+04 3.868120092813011723e+01
7.089572310047229985e+04 3.878481492877836700e+01
7.119642230390428449e+04 3.888842892942662388e+01
7.149712150733626913e+04 3.899204293007487365e+01
7.179782071076826833e+04 3.909565693072313053e+01
7.209851991420025297e+04 3.919927093137138030e+01
7.239921911763225216e+04 3.930288493201963718e+01
7.269991832106423681e+04 3.940649893266788695e+01
7.300061752449622145e+04 3.951011293331613672e+01
7.330131672792820609e+04 3.961372693396438649e+01
7.360201593136020529e+04 3.971734093461264337e+01
7.390271513479218993e+04 3.982095493526089314e+01
7.420341433822418912e+04 3.992456893590915001e+01
7.450411354165617377e+04 4.002818293655739978e+01
7.480481274508815841e+04 4.013179693720564956e+01
7.510551194852014305e+04 4.023541093785390643e+01
7.540621115195214225e+04 4.033902493850216331e+01
7.570691035538412689e+04 4.044263893915041308e+01
7.600760955881612608e+04 4.054625293979866996e+01
7.630830876224811072e+04 4.064986694044691973e+01
7.660900796568009537e+04 4.075348094109516950e+01
7.690970716911208001e+04 4.085709494174341927e+01
7.721040637254407920e+04 4.096070894239167615e+01
7.751110557597606385e+04 4.106432294303992592e+01
7.781180477940806304e+04 4.116793694368818279e+01
7.811250398284004768e+04 4.127155094433643256e+01
7.841320318627203233e+04 4.137516494498468234e+01
7.871390238970401697e+04 4.147877894563293921e+01
7.901460159313601616e+04 4.158239294628118898e+01
7.931530079656801536e+04 4.168600694692944586e+01
7.961600000000000000e+04 4.178962094757769563e+01
