4.726750000000000000e+03 1.567298803748884950e+01
4.757209418837675912e+03 1.571199115111664213e+01
4.787668837675350915e+03 1.575058444005947678e+01
4.818128256513025917e+03 1.578877240519072345e+01
4.848587675350701829e+03 1.582655951542387740e+01
4.879047094188376832e+03 1.586395020782140897e+01
4.909506513026051834e+03 1.590094888770362758e+01
4.939965931863727747e+03 1.593755992875754401e+01
4.970425350701403659e+03 1.597378767314572023e+01
5.000884769539077752e+03 1.600963643161513161e+01
5.031344188376753664e+03 1.604511048360602743e+01
5.061803607214428666e+03 1.608021407736079311e+01
5.092263026052103669e+03 1.611495143003278230e+01
5.122722444889779581e+03 1.614932672779521994e+01
5.153181863727455493e+03 1.618334412595002192e+01
5.183641282565129586e+03 1.621700774903667153e+01
5.214100701402805498e+03 1.625032169094106749e+01
5.244560120240481410e+03 1.628329001500439333e+01
5.275019539078156413e+03 1.631591675413197251e+01
5.305478957915831415e+03 1.634820591090212005e+01
5.335938376753507328e+03 1.638016145767501186e+01
5.366397795591182330e+03 1.641178733670152212e+01
5.396857214428857333e+03 1.644308746023211754e+01
5.427316633266533245e+03 1.647406571062566982e+01
5.457776052104209157e+03 1.650472594045836061e+01
5.488235470941884159e+03 1.653507197263250461e+01
5.518694889779559162e+03 1.656510760048541897e+01
5.549154308617234165e+03 1.659483658789829619e+01
5.579613727454910077e+03 1.662426266940503083e+01
5.610073146292585079e+03 1.665338955030110668e+01
5.640532565130260991e+03 1.668222090675244829e+01
5.670991983967935994e+03 1.671076038590427260e+01
5.701451402805610996e+03 1.673901160598994409e+01
5.731910821643286909e+03 1.676697815643984057e+01
5.762370240480961911e+03 1.679466359799021902e+01
5.792829659318636914e+03 1.682207146279205290e+01
5.823289078156312826e+03 1.684920525451991580e+01
5.853748496993987828e+03 1.687606844848080812e+01
5.884207915831662831e+03 1.690266449172305130e+01
5.914667334669338743e+03 1.692899680314511812e+01
5.945126753507014655e+03 1.695506877360450204e+01
5.975586172344689658e+03 1.698088376602657235e+01
6.006045591182364660e+03 1.700644511551344351e+01
6.036505010020040572e+03 1.703175612945281614e+01
6.066964428857714665e+03 1.705682008762685342e+01
6.097423847695390577e+03 1.708164024232100786e+01
6.127883266533066490e+03 1.710621981843292261e+01
6.158342685370742402e+03 1.713056201358126529e+01
6.188802104208416495e+03 1.715466999821457961e+01
6.219261523046092407e+03 1.717854691572015824e+01
6.249720941883767409e+03 1.720219588253289800e+01
6.280180360721442412e+03 1.722561998824415497e+01
6.310639779559118324e+03 1.724882229571060321e+01
6.341099198396794236e+03 1.727180584116310058e+01
6.371558617234469239e+03 1.729457363431552608e+01
6.402018036072144241e+03 1.731712865847366345e+01
6.432477454909820153e+03 1.733947387064404211e+01
6.462936873747495156e+03 1.736161220164280650e+01
6.493396292585170158e+03 1.738354655620457123e+01
6.523855711422846070e+03 1.740527981309126915e+01
6.554315130260521073e+03 1.742681482520102776e+01
6.584774549098196076e+03 1.744815441967700309e+01
6.615233967935871988e+03 1.746930139801626680e+01
6.645693386773546990e+03 1.749025853617864712e+01
6.676152805611222902e+03 1.751102858469558754e+01
6.706612224448897905e+03 1.753161426877900908e+01
6.737071643286573817e+03 1.755201828843016187e+01
6.767531062124247910e+03 1.757224331854850163e+01
6.797990480961923822e+03 1.759229200904051993e+01
6.828449899799599734e+03 1.761216698492862776e+01
6.858909318637274737e+03 1.763187084645999647e+01
6.889368737474949739e+03 1.765140616921543781e+01
6.919828156312625651e+03 1.767077550421821996e+01
6.950287575150300654e+03 1.768998137804298665e+01
6.980746993987975657e+03 1.770902629292455543e+01
7.011206412825651569e+03 1.772791272686681197e+01
7.041665831663327481e+03 1.774664313375156155e+01
7.072125250501002483e+03 1.776521994344739142e+01
7.102584669338677486e+03 1.778364556191850454e+01
7.133044088176353398e+03 1.780192237133360322e+01
7.163503507014027491e+03 1.782005273017475133e+01
7.193962925851703403e+03 1.783803897334620103e+01
7.224422344689378406e+03 1.785588341228328702e+01
7.254881763527054318e+03 1.787358833506126388e+01
7.285341182364729320e+03 1.789115600650416482e+01
7.315800601202405232e+03 1.790858866829367457e+01
7.346260020040080235e+03 1.792588853907796675e+01
7.376719438877755238e+03 1.794305781458057680e+01
7.407178857715431150e+03 1.796009866770926067e+01
7.437638276553107062e+03 1.797701324866483930e+01
7.468097695390781155e+03 1.799380368505007510e+01
7.498557114228457067e+03 1.801047208197852001e+01
7.529016533066132979e+03 1.802702052218337769e+01
7.559475951903807072e+03 1.804345106612633742e+01
7.589935370741482984e+03 1.805976575210648960e+01
7.620394789579158896e+03 1.807596659636912761e+01
7.650854208416833899e+03 1.809205559321462076e+01
7.681313627254508901e+03 1.810803471510730134e+01
7.711773046092184813e+03 1.812390591278428076e+01
7.742232464929859816e+03 1.813967111536432952e+01
7.772691883767535728e+03 1.815533223045675015e+01
7.803151302605210731e+03 1.817089114427019325e+01
7.833610721442886643e+03 1.818634972172156594e+01
7.864070140280561645e+03 1.820170980654485149e+01
7.894529559118236648e+03 1.821697322139997510e+01
7.924988977955911650e+03 1.823214176798169106e+01
7.955448396793586653e+03 1.824721722712838812e+01
7.985907815631262565e+03 1.826220135893101570e+01
8.016367234468938477e+03 1.827709590284187158e+01
8.046826653306613480e+03 1.829190257778351381e+01
8.077286072144288482e+03 1.830662308225757329e+01
8.107745490981964394e+03 1.832125909445366574e+01
8.138204909819640307e+03 1.833581227235821842e+01
8.168664328657314400e+03 1.835028425386330042e+01
8.199123747494990312e+03 1.836467665687554884e+01
8.229583166332664405e+03 1.837899107942497068e+01
8.260042585170340317e+03 1.839322909977382636e+01
8.290502004008016229e+03 1.840739227652547783e+01
8.320961422845692141e+03 1.842148214873325429e+01
8.351420841683368053e+03 1.843550023600930743e+01
8.381880260521042146e+03 1.844944803863346294e+01
8.412339679358718058e+03 1.846332703766209704e+01
8.442799098196392151e+03 1.847713869503697737e+01
8.473258517034068063e+03 1.849088445369412170e+01
8.503717935871743975e+03 1.850456573767266377e+01
8.534177354709419888e+03 1.851818395222371905e+01
8.564636773547095800e+03 1.853174048391921502e+01
8.595096192384769893e+03 1.854523670076078190e+01
8.625555611222443986e+03 1.855867395228859706e+01
8.656015030060119898e+03 1.857205356969023313e+01
8.686474448897795810e+03 1.858537686590952376e+01
8.716933867735471722e+03 1.859864513575544720e+01
8.747393286573147634e+03 1.861185965601092818e+01
8.777852705410821727e+03 1.862502168554176052e+01
8.808312124248497639e+03 1.863813246540540902e+01
8.838771543086171732e+03 1.865119321895990367e+01
8.869230961923847644e+03 1.866420515197269481e+01
8.899690380761523556e+03 1.867716945272949047e+01
8.930149799599197650e+03 1.869008729214313291e+01
8.960609218436873562e+03 1.870295982386245370e+01
8.991068637274549474e+03 1.871578818438113245e+01
9.021528056112223567e+03 1.872857349314654130e+01
9.051987474949899479e+03 1.874131685266862846e+01
9.082446893787575391e+03 1.875401934862874853e+01
9.112906312625251303e+03 1.876668204998856027e+01
9.143365731462927215e+03 1.877930600909881775e+01
9.173825150300601308e+03 1.879189226180831440e+01
9.204284569138277220e+03 1.880444182757266702e+01
9.234743987975953132e+03 1.881695570956321717e+01
9.265203406813627225e+03 1.882943489477587917e+01
9.295662825651303137e+03 1.884188035413998108e+01
9.326122244488979049e+03 1.885429304262716244e+01
9.356581663326654962e+03 1.886667389936017258e+01
9.387041082164329055e+03 1.887902384772179332e+01
9.417500501002003148e+03 1.889134379546365494e+01
9.447959919839679060e+03 1.890363463481511630e+01
9.478419338677354972e+03 1.891589724259210570e+01
9.508878757515029065e+03 1.892813248030598317e+01
9.539338176352704977e+03 1.894034119427242402e+01
9.569797595190380889e+03 1.895252421572022783e+01
9.600257014028054982e+03 1.896468236090021975e+01
9.630716432865730894e+03 1.897681643119411632e+01
9.661175851703406806e+03 1.898892721322331312e+01
9.691635270541082718e+03 1.900101547895782517e+01
9.722094689378758630e+03 1.901308198582511721e+01
9.752554108216432724e+03 1.902512747681891980e+01
9.783013527054108636e+03 1.903715268060815902e+01
9.813472945891784548e+03 1.904915831164577611e+01
9.843932364729458641e+03 1.906114507027757199e+01
9.874391783567134553e+03 1.907311364285108368e+01
9.904851202404810465e+03 1.908506470182447146e+01
9.935310621242486377e+03 1.909699890587531002e+01
9.965770040080162289e+03 1.910891690000949694e+01
9.996229458917836382e+03 1.912081931567011139e+01
1.002668887775551048e+04 1.913270677084624793e+01
1.005714829659318639e+04 1.914457987018187168e+01
1.008760771543086230e+04 1.915643920508473030e+01
1.011806713426853821e+04 1.916828535383513454e+01
1.014852655310621412e+04 1.918011888169486312e+01
1.017898597194388822e+04 1.919194034101603563e+01
1.020944539078156231e+04 1.920375027134991086e+01
1.023990480961923822e+04 1.921554919955582363e+01
1.027036422845691413e+04 1.922733763990996181e+01
1.030082364729459005e+04 1.923911609421428892e+01
1.033128306613226414e+04 1.925088505190537447e+01
1.036174248496994005e+04 1.926264499016324194e+01
1.039220190380761596e+04 1.927439637402025596e+01
1.042266132264529006e+04 1.928613965646994899e+01
1.045312074148296597e+04 1.929787527857593332e+01
1.048358016032064188e+04 1.930960366958066743e+01
1.051403957915831779e+04 1.932132524701440701e+01
1.054449899799599370e+04 1.933304041680401042e+01
1.057495841683366780e+04 1.934474957338181866e+01
1.060541783567134371e+04 1.935645309979449280e+01
1.063587725450901780e+04 1.936815136781190105e+01
1.066633667334669371e+04 1.937984473803596330e+01
1.069679609218436963e+04 1.939153356000949202e+01
1.072725551102204554e+04 1.940321817232506163e+01
1.075771492985971963e+04 1.941489890273390273e+01
1.078817434869739373e+04 1.942657606825471106e+01
1.081863376753506964e+04 1.943824997528249909e+01
1.084909318637274555e+04 1.944992091969754000e+01
1.087955260521042146e+04 1.946158918697408780e+01
1.091001202404809555e+04 1.947325505228938525e+01
1.094047144288577147e+04 1.948491878063239113e+01
1.097093086172344738e+04 1.949658062691274907e+01
1.100139028056112147e+04 1.950824083606954673e+01
1.103184969939879738e+04 1.951989964318023851e+01
1.106230911823647330e+04 1.953155727356950422e+01
1.109276853707414921e+04 1.954321394291806513e+01
1.112322795591182512e+04 1.955486985737157823e+01
1.115368737474949921e+04 1.956652521364947361e+01
1.118414679358717513e+04 1.957818019915384866e+01
1.121460621242484922e+04 1.958983499207825218e+01
1.124506563126252513e+04 1.960148976151663902e+01
1.127552505010020104e+04 1.961314466757213637e+01
1.130598446893787695e+04 1.962479986146598776e+01
1.133644388777555287e+04 1.963645548564632293e+01
1.136690330661322696e+04 1.964811167389710533e+01
1.139736272545090287e+04 1.965976855144691626e+01
1.142782214428857696e+04 1.967142623507785970e+01
1.145828156312625288e+04 1.968308483323440328e+01
1.148874098196392879e+04 1.969474444613221920e+01
1.151920040080160470e+04 1.970640516586708202e+01
1.154965981963928061e+04 1.971806707652370960e+01
1.158011923847695289e+04 1.972973025428458982e+01
1.161057865731462880e+04 1.974139476753888545e+01
1.164103807615230471e+04 1.975306067699128221e+01
1.167149749498998062e+04 1.976472803577082971e+01
1.170195691382765472e+04 1.977639688953979658e+01
1.173241633266533063e+04 1.978806727660256470e+01
1.176287575150300654e+04 1.979973922801443464e+01
1.179333517034068063e+04 1.981141276769053761e+01
1.182379458917835655e+04 1.982308791251465152e+01
1.185425400801603246e+04 1.983476467244809527e+01
1.188471342685370837e+04 1.984644305063854830e+01
1.191517284569138428e+04 1.985812304352895197e+01
1.194563226452905838e+04 1.986980464096630783e+01
1.197609168336673429e+04 1.988148782631061096e+01
1.200655110220441020e+04 1.989317257654365534e+01
1.203701052104208429e+04 1.990485886237789614e+01
1.206746993987976020e+04 1.991654664836532973e+01
1.209792935871743612e+04 1.992823589300634524e+01
1.212838877755511203e+04 1.993992654885856552e+01
1.215884819639278612e+04 1.995161856264574141e+01
1.218930761523046021e+04 1.996331187536653928e+01
1.221976703406813613e+04 1.997500642240350999e+01
1.225022645290581204e+04 1.998670213363184445e+01
1.228068587174348613e+04 1.999839893352826437e+01
1.231114529058116204e+04 2.001009674127992000e+01
1.234160470941883796e+04 2.002179547089317779e+01
1.237206412825651205e+04 2.003349503130255727e+01
1.240252354709418796e+04 2.004519532647952218e+01
1.243298296593186387e+04 2.005689625554137479e+01
1.246344238476953979e+04 2.006859771286010385e+01
1.249390180360721570e+04 2.008029958817122917e+01
1.252436122244488979e+04 2.009200176668269222e+01
1.255482064128256570e+04 2.010370412918370420e+01
1.258528006012024161e+04 2.011540655215357987e+01
1.261573947895791571e+04 2.012710890787061402e+01
1.264619889779559162e+04 2.013881106452093661e+01
1.267665831663326753e+04 2.015051288630739634e+01
1.270711773547094344e+04 2.016221423355836606e+01
1.273757715430861754e+04 2.017391496283663344e+01
1.276803657314629345e+04 2.018561492704827742e+01
1.279849599198396754e+04 2.019731397555148433e+01
1.282895541082164345e+04 2.020901195426543140e+01
1.285941482965931937e+04 2.022070870577915613e+01
1.288987424849699528e+04 2.023240406946039727e+01
1.292033366733467119e+04 2.024409788156441792e+01
1.295079308617234710e+04 2.025578997534295667e+01
1.298125250501001938e+04 2.026748018115296901e+01
1.301171192384769529e+04 2.027916832656559620e+01
1.304217134268537120e+04 2.029085423647494935e+01
1.307263076152304711e+04 2.030253773320702493e+01
1.310309018036072121e+04 2.031421863662847827e+01
1.313354959919839712e+04 2.032589676425556746e+01
1.316400901803607303e+04 2.033757193136296593e+01
1.319446843687374712e+04 2.034924395109265305e+01
1.322492785571142304e+04 2.036091263456271605e+01
1.325538727454909895e+04 2.037257779097628685e+01
1.328584669338677486e+04 2.038423922773032970e+01
1.331630611222444895e+04 2.039589675052452122e+01
1.334676553106212486e+04 2.040755016347014816e+01
1.337722494989980078e+04 2.041919926919890216e+01
1.340768436873747669e+04 2.043084386897176685e+01
1.343814378757515078e+04 2.044248376278790857e+01
1.346860320641282669e+04 2.045411874949347464e+01
1.349906262525050261e+04 2.046574862689049468e+01
1.352952204408817852e+04 2.047737319184572868e+01
1.355998146292585261e+04 2.048899224039948663e+01
1.359044088176352670e+04 2.050060556787457955e+01
1.362090030060120262e+04 2.051221296898507873e+01
1.365135971943887671e+04 2.052381423794522064e+01
1.368181913827655262e+04 2.053540916857826915e+01
1.371227855711422853e+04 2.054699755442534581e+01
1.374273797595190445e+04 2.055857918885433833e+01
1.377319739478957854e+04 2.057015386516868816e+01
1.380365681362725445e+04 2.058172137671634516e+01
1.383411623246493036e+04 2.059328151699849130e+01
1.386457565130260627e+04 2.060483407977855208e+01
1.389503507014028037e+04 2.061637885919090252e+01
1.392549448897795628e+04 2.062791564984988213e+01
1.395595390781563219e+04 2.063944424695850444e+01
1.398641332665330810e+04 2.065096444641743290e+01
1.401687274549098220e+04 2.066247604493374013e+01
1.404733216432865811e+04 2.067397884012986964e+01
1.407779158316633402e+04 2.068547263065239150e+01
1.410825100200400993e+04 2.069695721628096408e+01
1.413871042084168403e+04 2.070843239803708258e+01
1.416916983967935994e+04 2.071989797829303370e+01
1.419962925851703585e+04 2.073135376088067261e+01
1.423008867735470994e+04 2.074279955120034913e+01
1.426054809619238404e+04 2.075423515632972737e+01
1.429100751503005995e+04 2.076566038513267642e+01
1.432146693386773586e+04 2.077707504836806152e+01
1.435192635270540995e+04 2.078847895879871288e+01
1.438238577154308587e+04 2.079987193130015299e+01
1.441284519038076178e+04 2.081125378296955830e+01
1.444330460921843769e+04 2.082262433323455397e+01
1.447376402805611178e+04 2.083398340396213655e+01
1.450422344689378770e+04 2.084533081956745093e+01
1.453468286573146361e+04 2.085666640712272368e+01
1.456514228456913952e+04 2.086798999646607200e+01
1.459560170340681361e+04 2.087930142031036951e+01
1.462606112224448952e+04 2.089060051435214405e+01
1.465652054108216544e+04 2.090188711738039018e+01
1.468697995991984135e+04 2.091316107138543146e+01
1.471743937875751544e+04 2.092442222166778265e+01
1.474789879759519135e+04 2.093567041694708308e+01
1.477835821643286727e+04 2.094690550947078833e+01
1.480881763527054136e+04 2.095812735512319946e+01
1.483927705410821727e+04 2.096933581353420806e+01
1.486973647294589318e+04 2.098053074818824371e+01
1.490019589178356910e+04 2.099171202653303325e+01
1.493065531062124319e+04 2.100287952008852344e+01
1.496111472945891728e+04 2.101403310455575024e+01
1.499157414829659319e+04 2.102517265992564788e+01
1.502203356713426911e+04 2.103629807058793588e+01
1.505249298597194320e+04 2.104740922544000981e+01
1.508295240480961911e+04 2.105850601799568977e+01
1.511341182364729502e+04 2.106958834649422130e+01
1.514387124248497094e+04 2.108065611400900252e+01
1.517433066132264503e+04 2.109170922855658858e+01
1.520479008016032094e+04 2.110274760320538334e+01
1.523524949899799685e+04 2.111377115618457623e+01
1.526570891783567276e+04 2.112477981099311464e+01
1.529616833667334686e+04 2.113577349650833170e+01
1.532662775551102277e+04 2.114675214709495421e+01
1.535708717434869868e+04 2.115771570271398261e+01
1.538754659318637277e+04 2.116866410903146090e+01
1.541800601202404869e+04 2.117959731752733177e+01
1.544846543086172460e+04 2.119051528560441966e+01
1.547892484969940051e+04 2.120141797669712602e+01
1.550938426853707460e+04 2.121230536038043013e+01
1.553984368737475052e+04 2.122317741247862344e+01
1.557030310621242643e+04 2.123403411517429262e+01
1.560076252505010234e+04 2.124487545711705394e+01
1.563122194388777643e+04 2.125570143353245811e+01
1.566168136272545053e+04 2.126651204633095205e+01
1.569214078156312644e+04 2.127730730421657057e+01
1.572260020040080235e+04 2.128808722279588039e+01
1.575305961923847644e+04 2.129885182468684945e+01
1.578351903807615236e+04 2.130960113962768432e+01
1.581397845691382827e+04 2.132033520458562492e+01
1.584443787575150418e+04 2.133105406386593828e+01
1.587489729458917827e+04 2.134175776922069900e+01
1.590535671342685418e+04 2.135244637995761252e+01
1.593581613226453010e+04 2.136311996304893768e+01
1.596627555110220419e+04 2.137377859324030283e+01
1.599673496993988010e+04 2.138442235315962847e+01
1.602719438877755601e+04 2.139505133342589005e+01
1.605765380761523193e+04 2.140566563275804413e+01
1.608811322645290602e+04 2.141626535808384801e+01
1.611857264529058193e+04 2.142685062464881440e+01
1.614903206412825784e+04 2.143742155612485334e+01
1.617949148296593376e+04 2.144797828471940448e+01
1.620995090180360785e+04 2.145852095128410042e+01
1.624041032064128376e+04 2.146904970542369284e+01
1.627086973947895967e+04 2.147956470560489350e+01
1.630132915831663558e+04 2.149006611926525778e+01
1.633178857715430968e+04 2.150055412292199719e+01
1.636224799599198377e+04 2.151102890228094822e+01
1.639270741482965968e+04 2.152149065234524983e+01
1.642316683366733560e+04 2.153193957752436205e+01
1.645362625250501151e+04 2.154237589174282874e+01
1.648408567134268378e+04 2.155279981854925708e+01
1.651454509018036333e+04 2.156321159122498088e+01
1.654500450901803561e+04 2.157361145289304716e+01
1.657546392785571152e+04 2.158399965662712461e+01
1.660592334669338743e+04 2.159437646556025925e+01
1.663638276553106334e+04 2.160474215299371537e+01
1.666684218436873925e+04 2.161509700250596921e+01
1.669730160320641153e+04 2.162544130806138298e+01
1.672776102204409108e+04 2.163577537411929086e+01
1.675822044088176335e+04 2.164609951574260549e+01
1.678867985971943926e+04 2.165641405870687919e+01
1.681913927855711518e+04 2.166671933960907381e+01
1.684959869739479109e+04 2.167701570597635907e+01
1.688005811623246700e+04 2.168730351637513820e+01
1.691051753507013927e+04 2.169758314051972192e+01
1.694097695390781882e+04 2.170785495938137899e+01
1.697143637274549110e+04 2.171811936529693554e+01
1.700189579158316701e+04 2.172837676207793578e+01
1.703235521042084292e+04 2.173862756511926619e+01
1.706281462925851520e+04 2.174887220150813505e+01
1.709327404809619475e+04 2.175911111013282095e+01
1.712373346693386702e+04 2.176934474179173762e+01
1.715419288577154293e+04 2.177957355930205097e+01
1.718465230460921885e+04 2.178979803760866218e+01
1.721511172344689476e+04 2.180001866389307708e+01
1.724557114228457067e+04 2.181023593768220792e+01
1.727603056112224294e+04 2.182045037095726769e+01
1.730648997995992249e+04 2.183066248826266431e+01
1.733694939879759477e+04 2.184087282681472431e+01
1.736740881763527068e+04 2.185108193661072562e+01
1.739786823647294659e+04 2.186129038053759999e+01
1.742832765531062250e+04 2.187149873448095505e+01
1.745878707414829842e+04 2.188170758743376609e+01
1.748924649298597069e+04 2.189191754160530223e+01
1.751970591182365024e+04 2.190212921253009881e+01
1.755016533066132251e+04 2.191234322917653188e+01
1.758062474949899843e+04 2.192256023405601439e+01
1.761108416833667434e+04 2.193278088333156006e+01
1.764154358717435025e+04 2.194300584692693690e+01
1.767200300601202616e+04 2.195323580863517776e+01
1.770246242484969844e+04 2.196347146622780144e+01
1.773292184368737435e+04 2.197371353156334095e+01
1.776338126252505026e+04 2.198396273069642604e+01
1.779384068136272617e+04 2.199421980398658150e+01
1.782430010020040208e+04 2.200448550620706101e+01
1.785475951903807436e+04 2.201476060665368806e+01
1.788521893787575391e+04 2.202504588925378926e+01
1.791567835671342618e+04 2.203534215267498553e+01
1.794613777555110210e+04 2.204565021043406858e+01
1.797659719438877801e+04 2.205597089100583830e+01
1.800705661322645392e+04 2.206630503793207865e+01
1.803751603206412983e+04 2.207665350993017483e+01
1.806797545090180211e+04 2.208701718100224198e+01
1.809843486973948166e+04 2.209739694054385239e+01
1.812889428857715393e+04 2.210779369345283740e+01
1.815935370741482984e+04 2.211820836023823489e+01
1.818981312625250575e+04 2.212864187712915509e+01
1.822027254509018167e+04 2.213909519618361088e+01
1.825073196392785758e+04 2.214956928539728409e+01
1.828119138276552985e+04 2.216006512881256896e+01
1.831165080160320940e+04 2.217058372662729226e+01
1.834211022044088168e+04 2.218112609530363244e+01
1.837256963927856123e+04 2.219169326767694272e+01
1.840302905811623350e+04 2.220228629306457790e+01
1.843348847695390577e+04 2.221290623737488090e+01
1.846394789579158532e+04 2.222355418321592424e+01
1.849440731462925760e+04 2.223423123000442558e+01
1.852486673346693351e+04 2.224493849407454604e+01
1.855532615230460942e+04 2.225567710878680217e+01
1.858578557114228533e+04 2.226644822463692464e+01
1.861624498997996125e+04 2.227725300936467789e+01
1.864670440881763352e+04 2.228809264806273305e+01
1.867716382765531307e+04 2.229896834328556565e+01
1.870762324649298534e+04 2.230988131515825046e+01
1.873808266533066126e+04 2.232083280148539473e+01
1.876854208416833717e+04 2.233182405785986901e+01
1.879900150300601308e+04 2.234285635777186130e+01
1.882946092184368899e+04 2.235393099271753670e+01
1.885992034068136127e+04 2.236504927230806317e+01
1.889037975951904082e+04 2.237621252437826058e+01
1.892083917835671309e+04 2.238742209509575076e+01
1.895129859719439264e+04 2.239867934906951064e+01
1.898175801603206492e+04 2.240998566945894055e+01
1.901221743486974083e+04 2.242134245808263415e+01
1.904267685370741674e+04 2.243275113552731170e+01
1.907313627254509265e+04 2.244421314125652600e+01
1.910359569138276856e+04 2.245572993371971648e+01
1.913405511022044084e+04 2.246730299046087964e+01
1.916451452905811675e+04 2.247893380822755205e+01
1.919497394789579266e+04 2.249062390307970105e+01
1.922543336673346494e+04 2.250237481049844845e+01
1.925589278557114449e+04 2.251418808549493988e+01
1.928635220440881676e+04 2.252606530271938468e+01
1.931681162324649267e+04 2.253800805656969430e+01
1.934727104208416858e+04 2.255001796130047609e+01
1.937773046092184450e+04 2.256209665113184215e+01
1.940818987975952041e+04 2.257424578035827523e+01
1.943864929859719268e+04 2.258646702345749446e+01
1.946910871743487223e+04 2.259876207519922886e+01
1.949956813627254451e+04 2.261113265075428558e+01
1.953002755511022406e+04 2.262358048580323455e+01
1.956048697394789633e+04 2.263610733664520325e+01
1.959094639278557224e+04 2.264871498030702668e+01
1.962140581162324816e+04 2.266140521465175794e+01
1.965186523046092407e+04 2.267417985848770456e+01
1.968232464929859998e+04 2.268704075167733691e+01
1.971278406813627225e+04 2.269998975524607232e+01
1.974324348697395180e+04 2.271302875149112666e+01
1.977370290581162408e+04 2.272615964409030909e+01
1.980416232464929635e+04 2.272257174820888537e+01
2.010516653407317062e+04 2.283001410623034388e+01
2.040617074349704126e+04 2.293745646425179885e+01
2.070717495292091553e+04 2.304489882227325381e+01
2.100817916234478616e+04 2.315234118029470878e+01
2.130918337176866044e+04 2.325978353831616730e+01
2.161018758119253471e+04 2.336722589633762226e+01
2.191119179061640534e+04 2.347466825435907722e+01
2.221219600004027961e+04 2.358211061238053574e+01
2.251320020946415389e+04 2.368955297040199071e+01
2.281420441888802452e+04 2.379699532842344567e+01
2.311520862831189879e+04 2.390443768644490063e+01
2.341621283773577306e+04 2.401188004446635915e+01
2.371721704715964370e+04 2.411932240248781412e+01
2.401822125658351797e+04 2.422676476050926908e+01
2.431922546600738860e+04 2.433420711853072760e+01
2.462022967543126288e+04 2.444164947655218256e+01
2.492123388485513715e+04 2.454909183457363753e+01
2.522223809427900778e+04 2.465653419259509604e+01
2.552324230370288205e+04 2.476397655061655101e+01
2.582424651312675269e+04 2.487141890863800597e+01
2.612525072255062696e+04 2.497886126665946449e+01
2.642625493197450123e+04 2.508630362468091946e+01
2.672725914139837550e+04 2.519374598270237442e+01
2.702826335082224614e+04 2.530118834072383294e+01
2.732926756024611677e+04 2.540863069874528435e+01
2.763027176966999104e+04 2.551607305676674287e+01
2.793127597909386532e+04 2.562351541478820138e+01
2.823228018851773959e+04 2.573095777280965635e+01
2.853328439794161022e+04 2.583840013083111131e+01
2.883428860736548449e+04 2.594584248885256983e+01
2.913529281678935513e+04 2.605328484687402124e+01
2.943629702621322940e+04 2.616072720489547976e+01
2.973730123563710367e+04 2.626816956291693828e+01
3.003830544506097431e+04 2.637561192093838969e+01
3.033930965448484858e+04 2.648305427895984820e+01
3.064031386390871921e+04 2.659049663698130317e+01
3.094131807333259349e+04 2.669793899500275813e+01
3.124232228275646776e+04 2.680538135302421665e+01
3.154332649218034203e+04 2.691282371104567517e+01
3.184433070160421266e+04 2.702026606906712658e+01
3.214533491102808330e+04 2.712770842708858510e+01
3.244633912045195757e+04 2.723515078511004006e+01
3.274734332987583184e+04 2.734259314313149503e+01
3.304834753929970611e+04 2.745003550115295354e+01
3.334935174872358039e+04 2.755747785917441206e+01
3.365035595814745466e+04 2.766492021719586347e+01
3.395136016757132165e+04 2.777236257521732199e+01
3.425236437699519593e+04 2.787980493323877695e+01
3.455336858641907020e+04 2.798724729126023192e+01
3.485437279584293719e+04 2.809468964928168688e+01
3.515537700526681147e+04 2.820213200730314185e+01
3.545638121469068574e+04 2.830957436532460036e+01
3.575738542411456001e+04 2.841701672334605888e+01
3.605838963353843428e+04 2.852445908136751385e+01
3.635939384296230855e+04 2.863190143938896881e+01
3.666039805238618283e+04 2.873934379741042733e+01
3.696140226181005710e+04 2.884678615543188229e+01
3.726240647123392409e+04 2.895422851345333726e+01
3.756341068065779837e+04 2.906167087147479577e+01
3.786441489008167264e+04 2.916911322949624719e+01
3.816541909950553963e+04 2.927655558751770570e+01
3.846642330892941391e+04 2.938399794553916067e+01
3.876742751835328818e+04 2.949144030356061563e+01
3.906843172777716245e+04 2.959888266158207415e+01
3.936943593720103672e+04 2.970632501960352911e+01
3.967044014662491099e+04 2.981376737762498408e+01
3.997144435604878527e+04 2.992120973564644260e+01
4.027244856547265226e+04 3.002865209366789756e+01
4.057345277489652653e+04 3.013609445168935252e+01
4.087445698432040081e+04 3.024353680971081104e+01
4.117546119374426780e+04 3.035097916773226245e+01
4.147646540316814207e+04 3.045842152575372097e+01
4.177746961259201635e+04 3.056586388377517949e+01
4.207847382201589062e+04 3.067330624179663090e+01
4.237947803143976489e+04 3.078074859981808942e+01
4.268048224086363916e+04 3.088819095783954793e+01
4.298148645028751343e+04 3.099563331586100290e+01
4.328249065971138771e+04 3.110307567388245786e+01
4.358349486913525470e+04 3.121051803190391283e+01
4.388449907855912898e+04 3.131796038992536779e+01
4.418550328798300325e+04 3.142540274794682631e+01
4.448650749740687024e+04 3.153284510596828127e+01
4.478751170683074452e+04 3.164028746398973624e+01
4.508851591625461879e+04 3.174772982201119476e+01
4.538952012567849306e+04 3.185517218003265327e+01
4.569052433510236733e+04 3.196261453805410468e+01
4.599152854452624160e+04 3.207005689607556320e+01
4.629253275395011588e+04 3.217749925409702172e+01
4.659353696337399015e+04 3.228494161211847313e+01
4.689454117279785714e+04 3.239238397013993165e+01
4.719554538222173142e+04 3.249982632816139017e+01
4.749654959164560569e+04 3.260726868618284158e+01
4.779755380106947268e+04 3.271471104420430009e+01
4.809855801049334696e+04 3.282215340222575151e+01
4.839956221991722123e+04 3.292959576024721002e+01
4.870056642934109550e+04 3.303703811826866854e+01
4.900157063876496977e+04 3.314448047629011995e+01
4.930257484818884404e+04 3.325192283431157847e+01
4.960357905761271832e+04 3.335936519233303699e+01
4.990458326703658531e+04 3.346680755035448840e+01
5.020558747646045958e+04 3.357424990837594692e+01
5.050659168588433386e+04 3.368169226639740543e+01
5.080759589530820085e+04 3.378913462441885684e+01
5.110860010473207512e+04 3.389657698244031536e+01
5.140960431415594940e+04 3.400401934046177388e+01
5.171060852357982367e+04 3.411146169848322529e+01
5.201161273300369794e+04 3.421890405650468381e+01
5.231261694242757221e+04 3.432634641452614233e+01
5.261362115185144648e+04 3.443378877254759374e+01
5.291462536127531348e+04 3.454123113056905225e+01
5.321562957069918775e+04 3.464867348859050367e+01
5.351663378012306202e+04 3.475611584661196218e+01
5.381763798954693630e+04 3.486355820463342070e+01
5.411864219897081057e+04 3.497100056265487922e+01
5.441964640839467756e+04 3.507844292067633063e+01
5.472065061781855184e+04 3.518588527869778915e+01
5.502165482724242611e+04 3.529332763671924056e+01
5.532265903666630038e+04 3.540076999474069908e+01
5.562366324609017465e+04 3.550821235276215759e+01
5.592466745551404892e+04 3.561565471078361611e+01
5.622567166493791592e+04 3.572309706880506752e+01
5.652667587436179019e+04 3.583053942682652604e+01
5.682768008378566446e+04 3.593798178484797745e+01
5.712868429320953874e+04 3.604542414286943597e+01
5.742968850263341301e+04 3.615286650089089449e+01
5.773069271205728000e+04 3.626030885891234590e+01
5.803169692148115428e+04 3.636775121693380441e+01
5.833270113090502855e+04 3.647519357495526293e+01
5.863370534032890282e+04 3.658263593297671434e+01
5.893470954975277709e+04 3.669007829099817286e+01
5.923571375917664409e+04 3.679752064901962427e+01
5.953671796860051836e+04 3.690496300704108279e+01
5.983772217802439263e+04 3.701240536506254131e+01
6.013872638744826691e+04 3.711984772308399982e+01
6.043973059687214118e+04 3.722729008110545124e+01
6.074073480629600817e+04 3.733473243912690975e+01
6.104173901571988245e+04 3.744217479714836117e+01
6.134274322514375672e+04 3.754961715516981968e+01
6.164374743456763099e+04 3.765705951319127820e+01
6.194475164399150526e+04 3.776450187121273672e+01
6.224575585341537953e+04 3.787194422923418813e+01
6.254676006283924653e+04 3.797938658725564665e+01
6.284776427226312080e+04 3.808682894527709806e+01
6.314876848168699507e+04 3.819427130329855657e+01
6.344977269111086935e+04 3.830171366132001509e+01
6.375077690053474362e+04 3.840915601934146650e+01
6.405178110995861061e+04 3.851659837736292502e+01
6.435278531938248489e+04 3.862404073538438354e+01
6.465378952880635916e+04 3.873148309340583495e+01
6.495479373823023343e+04 3.883892545142729347e+01
6.525579794765410770e+04 3.894636780944875198e+01
6.555680215707798197e+04 3.905381016747020340e+01
6.585780636650184169e+04 3.916125252549165481e+01
6.615881057592571597e+04 3.926869488351311333e+01
6.645981478534959024e+04 3.937613724153457184e+01
6.676081899477346451e+04 3.948357959955603036e+01
6.706182320419733878e+04 3.959102195757748177e+01
6.736282741362121305e+04 3.969846431559894029e+01
6.766383162304508733e+04 3.980590667362039881e+01
6.796483583246896160e+04 3.991334903164185022e+01
6.826584004189283587e+04 4.002079138966330873e+01
6.856684425131671014e+04 4.012823374768476725e+01
6.886784846074058441e+04 4.023567610570622577e+01
6.916885267016445869e+04 4.034311846372767718e+01
6.946985687958833296e+04 4.045056082174913570e+01
6.977086108901220723e+04 4.055800317977059422e+01
7.007186529843608150e+04 4.066544553779205273e+01
7.037286950785994122e+04 4.077288789581350414e+01
7.067387371728381549e+04 4.088033025383495556e+01
7.097487792670768977e+04 4.098777261185641407e+01
7.127588213613156404e+04 4.109521496987787259e+01
7.157688634555543831e+04 4.120265732789932400e+01
7.187789055497931258e+04 4.131009968592078252e+01
7.217889476440317230e+04 4.141754204394223393e+01
7.247989897382704658e+04 4.152498440196369245e+01
7.278090318325092085e+04 4.163242675998515097e+01
7.308190739267479512e+04 4.173986911800660238e+01
7.338291160209866939e+04 4.184731147602806089e+01
7.368391581152254366e+04 4.195475383404951941e+01
7.398492002094641794e+04 4.206219619207097082e+01
7.428592423037029221e+04 4.216963855009242934e+01
7.458692843979416648e+04 4.227708090811388786e+01
7.488793264921804075e+04 4.238452326613534638e+01
7.518893685864191502e+04 4.249196562415679779e+01
7.548994106806578930e+04 4.259940798217825630e+01
7.579094527748966357e+04 4.270685034019971482e+01
7.609194948691353784e+04 4.281429269822116623e+01
7.639295369633741211e+04 4.292173505624262475e+01
7.669395790576128638e+04 4.302917741426408327e+01
7.699496211518514610e+04 4.313661977228553468e+01
7.729596632460902038e+04 4.324406213030699320e+01
7.759697053403289465e+04 4.335150448832844461e+01
7.789797474345676892e+04 4.345894684634990313e+01
7.819897895288064319e+04 4.356638920437136164e+01
7.849998316230450291e+04 4.367383156239281305e+01
7.880098737172837718e+04 4.378127392041427157e+01
7.910199158115225146e+04 4.388871627843572298e+01
7.940299579057612573e+04 4.399615863645718150e+01
7.970400000000000000e+04 4.410360099447864002e+01
