4.372000000000000000e+03 1.471459767719597522e+01
4.384028056112224476e+03 1.474941111592591447e+01
4.396056112224448952e+03 1.478399202111808997e+01
4.408084168336673429e+03 1.481834229433999717e+01
4.420112224448897905e+03 1.485246382549242128e+01
4.432140280561122381e+03 1.488635849284885460e+01
4.444168336673346857e+03 1.492002816309520341e+01
4.456196392785570424e+03 1.495347469136920537e+01
4.468224448897795810e+03 1.498669992130019857e+01
4.480252505010019377e+03 1.501970568504853887e+01
4.492280561122244762e+03 1.505249380334537790e+01
4.504308617234468329e+03 1.508506608553221895e+01
4.516336673346693715e+03 1.511742432960032723e+01
4.528364729458917282e+03 1.514957032223057709e+01
4.540392785571141758e+03 1.518150583883305593e+01
4.552420841683366234e+03 1.521323264358619021e+01
4.564448897795590710e+03 1.524475248947704387e+01
4.576476953907815187e+03 1.527606711834045150e+01
4.588505010020040572e+03 1.530717826089867373e+01
4.600533066132264139e+03 1.533808763680118403e+01
4.612561122244488615e+03 1.536879695466395468e+01
4.624589178356713091e+03 1.539930791210935368e+01
4.636617234468937568e+03 1.542962219580557104e+01
4.648645290581162044e+03 1.545974148150629723e+01
4.660673346693386520e+03 1.548966743409022939e+01
4.672701402805610996e+03 1.551940170760072313e+01
4.684729458917835473e+03 1.554894594528549412e+01
4.696757515030059949e+03 1.557830177963586848e+01
4.708785571142284425e+03 1.560747083242686983e+01
4.720813627254508901e+03 1.563645471475648208e+01
4.732841683366733378e+03 1.566525502708511297e+01
4.744869739478957854e+03 1.569387335927575222e+01
4.756897795591182330e+03 1.572231129063292876e+01
4.768925851703406806e+03 1.575057038994272496e+01
4.780953907815631283e+03 1.577865221551227926e+01
4.792981963927855759e+03 1.580655831520921240e+01
4.805010020040079326e+03 1.583429022650141960e+01
4.817038076152304711e+03 1.586184947649674548e+01
4.829066132264528278e+03 1.588923758198209057e+01
4.841094188376753664e+03 1.591645604946366532e+01
4.853122244488977231e+03 1.594350637520612679e+01
4.865150300601202616e+03 1.597039004527230155e+01
4.877178356713426183e+03 1.599710853556305423e+01
4.889206412825651569e+03 1.602366331185626080e+01
4.901234468937875135e+03 1.605005582984693291e+01
4.913262525050099612e+03 1.607628753518676135e+01
4.925290581162324088e+03 1.610235986352344639e+01
4.937318637274549474e+03 1.612827424054049885e+01
4.949346693386773040e+03 1.615403208199687413e+01
4.961374749498998426e+03 1.617963479376641800e+01
4.973402805611221993e+03 1.620508377187741544e+01
4.985430861723447379e+03 1.623038040255248049e+01
4.997458917835670945e+03 1.625552606224789898e+01
5.009486973947895422e+03 1.628052211769319513e+01
5.021515030060119898e+03 1.630536992593108891e+01
5.033543086172344374e+03 1.633007083435657592e+01
5.045571142284568850e+03 1.635462618075690955e+01
5.057599198396793327e+03 1.637903729335094383e+01
5.069627254509017803e+03 1.640330549082895928e+01
5.081655310621243189e+03 1.642743208239227926e+01
5.093683366733466755e+03 1.645141836779237110e+01
5.105711422845691231e+03 1.647526563737113392e+01
5.117739478957915708e+03 1.649897517210006015e+01
5.129767535070140184e+03 1.652254824361986962e+01
5.141795591182364660e+03 1.654598611428033195e+01
5.153823647294589136e+03 1.656929003717957372e+01
5.165851703406813613e+03 1.659246125620383694e+01
5.177879759519037179e+03 1.661550100606704206e+01
5.189907815631262565e+03 1.663841051235048596e+01
5.201935871743486132e+03 1.666119099154227712e+01
5.213963927855711518e+03 1.668384365107685596e+01
5.225991983967935994e+03 1.670636968937486699e+01
5.238020040080160470e+03 1.672877029588264008e+01
5.250048096192384037e+03 1.675104665111177837e+01
5.262076152304609423e+03 1.677319992667856141e+01
5.274104208416832989e+03 1.679523128534390963e+01
5.286132264529057466e+03 1.681714188105264896e+01
5.298160320641281942e+03 1.683893285897337933e+01
5.310188376753507328e+03 1.686060535553782103e+01
5.322216432865730894e+03 1.688216049848058020e+01
5.334244488977956280e+03 1.690359940687871187e+01
5.346272545090179847e+03 1.692492319119117283e+01
5.358300601202405232e+03 1.694613295329882519e+01
5.370328657314628799e+03 1.696722978654332081e+01
5.382356713426853275e+03 1.698821477576758454e+01
5.394384769539077752e+03 1.700908899735457425e+01
5.406412825651302228e+03 1.702985351926747981e+01
5.418440881763526704e+03 1.705050940108886337e+01
5.430468937875752090e+03 1.707105769406088314e+01
5.442496993987975657e+03 1.709149944112402153e+01
5.454525050100201042e+03 1.711183567695742624e+01
5.466553106212424609e+03 1.713206742801822102e+01
5.478581162324649085e+03 1.715219571258101183e+01
5.490609218436873562e+03 1.717222154077760976e+01
5.502637274549098038e+03 1.719214591463667219e+01
5.514665330661322514e+03 1.721196982812299581e+01
5.526693386773546990e+03 1.723169426717770492e+01
5.538721442885771467e+03 1.725132020975716785e+01
5.550749498997995943e+03 1.727084862587300051e+01
5.562777555110220419e+03 1.729028047763167564e+01
5.574805611222443986e+03 1.730961671927389034e+01
5.586833667334669371e+03 1.732885829721434590e+01
5.598861723446893848e+03 1.734800615008114022e+01
5.610889779559118324e+03 1.736706120875565063e+01
5.622917835671341891e+03 1.738602439641213238e+01
5.634945891783567276e+03 1.740489662855677366e+01
5.646973947895790843e+03 1.742367881306796207e+01
5.659002004008016229e+03 1.744237185023560244e+01
5.671030060120239796e+03 1.746097663280063728e+01
5.683058116232465181e+03 1.747949404599467016e+01
5.695086172344688748e+03 1.749792496757962112e+01
5.707114228456914134e+03 1.751627026788752772e+01
5.719142284569137701e+03 1.753453080985963197e+01
5.731170340681363086e+03 1.755270744908638392e+01
5.743198396793586653e+03 1.757080103384702952e+01
5.755226452905812039e+03 1.758881240514887878e+01
5.767254509018035606e+03 1.760674239676742303e+01
5.779282565130260082e+03 1.762459183528527973e+01
5.791310621242484558e+03 1.764236154013243407e+01
5.803338677354709944e+03 1.766005232362528687e+01
5.815366733466933510e+03 1.767766499100673272e+01
5.827394789579158896e+03 1.769520034048539969e+01
5.839422845691382463e+03 1.771265916327537582e+01
5.851450901803606939e+03 1.773004224363586445e+01
5.863478957915831415e+03 1.774735035891067270e+01
5.875507014028055892e+03 1.776458427956786679e+01
5.887535070140280368e+03 1.778174476923928182e+01
5.899563126252504844e+03 1.779883258476028018e+01
5.911591182364729320e+03 1.781584847620923995e+01
5.923619238476953797e+03 1.783279318694712146e+01
5.935647294589178273e+03 1.784966745365720442e+01
5.947675350701402749e+03 1.786647200638449107e+01
5.959703406813627225e+03 1.788320756857523364e+01
5.971731462925851702e+03 1.789987485711716886e+01
5.983759519038076178e+03 1.791647458237822121e+01
5.995787575150299745e+03 1.793300744824676229e+01
6.007815631262525130e+03 1.794947415217067999e+01
6.019843687374748697e+03 1.796587538519754901e+01
6.031871743486974083e+03 1.798221183201380313e+01
6.043899799599198559e+03 1.799848417098448294e+01
6.055927855711423035e+03 1.801469307419277754e+01
6.067955911823646602e+03 1.803083920747975100e+01
6.079983967935871988e+03 1.804692323048351810e+01
6.092012024048095554e+03 1.806294579667983413e+01
6.104040080160320940e+03 1.807890755342035405e+01
6.116068136272544507e+03 1.809480914197312984e+01
6.128096192384769893e+03 1.811065119756198527e+01
6.140124248496993459e+03 1.812643434940623877e+01
6.152152304609218845e+03 1.814215922075986498e+01
6.164180360721442412e+03 1.815782642895159427e+01
6.176208416833667798e+03 1.817343658542421991e+01
6.188236472945891364e+03 1.818899029577436011e+01
6.200264529058116750e+03 1.820448815979176516e+01
6.212292585170340317e+03 1.821993077149945961e+01
6.224320641282564793e+03 1.823531871919252723e+01
6.236348697394789269e+03 1.825065258547855152e+01
6.248376753507014655e+03 1.826593294731667783e+01
6.260404809619238222e+03 1.828116037605735755e+01
6.272432865731462698e+03 1.829633543748223445e+01
6.284460921843687174e+03 1.831145869184283015e+01
6.296488977955911650e+03 1.832653069390131151e+01
6.308517034068136127e+03 1.834155199296947814e+01
6.320545090180360603e+03 1.835652313294825078e+01
6.332573146292585079e+03 1.837144465236730184e+01
6.344601202404809555e+03 1.838631708442508383e+01
6.356629258517034032e+03 1.840114095702826091e+01
6.368657314629257598e+03 1.841591679283072125e+01
6.380685370741482984e+03 1.843064510927393229e+01
6.392713426853706551e+03 1.844532641862609523e+01
6.404741482965931937e+03 1.845996122802187500e+01
6.416769539078156413e+03 1.847455003950221908e+01
6.428797595190380889e+03 1.848909335005337340e+01
6.440825651302604456e+03 1.850359165164700315e+01
6.452853707414829842e+03 1.851804543127998670e+01
6.464881763527054318e+03 1.853245517101278494e+01
6.476909819639277885e+03 1.854682134801062787e+01
6.488937875751502361e+03 1.856114443458222496e+01
6.500965931863727747e+03 1.857542489821942411e+01
6.512993987975951313e+03 1.858966320163676045e+01
6.525022044088176699e+03 1.860385980281151319e+01
6.537050100200401175e+03 1.861801515502271798e+01
6.549078156312625651e+03 1.863212970689126990e+01
6.561106212424849218e+03 1.864620390241906733e+01
6.573134268537074604e+03 1.866023818102872056e+01
6.585162324649298171e+03 1.867423297760371170e+01
6.597190380761522647e+03 1.868818872252671071e+01
6.609218436873747123e+03 1.870210584172106039e+01
6.621246492985972509e+03 1.871598475668818651e+01
6.633274549098196076e+03 1.872982588454915032e+01
6.645302605210421461e+03 1.874362963808297877e+01
6.657330661322645028e+03 1.875739642576674626e+01
6.669358717434869504e+03 1.877112665181516249e+01
6.681386773547093981e+03 1.878482071621985483e+01
6.693414829659318457e+03 1.879847901478972005e+01
6.705442885771542933e+03 1.881210193918945350e+01
6.717470941883767409e+03 1.882568987698020635e+01
6.729498997995991886e+03 1.883924321165818228e+01
6.741527054108216362e+03 1.885276232269521302e+01
6.753555110220440838e+03 1.886624758557753978e+01
6.765583166332664405e+03 1.887969937184591629e+01
6.777611222444889790e+03 1.889311804913477388e+01
6.789639278557114267e+03 1.890650398121265141e+01
6.801667334669338743e+03 1.891985752802068532e+01
6.813695390781562310e+03 1.893317904571262389e+01
6.825723446893787695e+03 1.894646888669513629e+01
6.837751503006012172e+03 1.895972739966641640e+01
6.849779559118235738e+03 1.897295492965609753e+01
6.861807615230461124e+03 1.898615181806504282e+01
6.873835671342685600e+03 1.899931840270490824e+01
6.885863727454909167e+03 1.901245501783761327e+01
6.897891783567134553e+03 1.902556199421477601e+01
6.909919839679359029e+03 1.903863965911791212e+01
6.921947895791583505e+03 1.905168833639689296e+01
6.933975951903807072e+03 1.906470834651123170e+01
6.946004008016032458e+03 1.907770000656798004e+01
6.958032064128256025e+03 1.909066363036249214e+01
6.970060120240480501e+03 1.910359952841712428e+01
6.982088176352704977e+03 1.911650800802168604e+01
6.994116232464930363e+03 1.912938937327267652e+01
7.006144288577153930e+03 1.914224392511286865e+01
7.018172344689379315e+03 1.915507196137038903e+01
7.030200400801602882e+03 1.916787377679938231e+01
7.042228456913827358e+03 1.918064966311871444e+01
7.054256513026051834e+03 1.919339990905221427e+01
7.066284569138276311e+03 1.920612480036754377e+01
7.078312625250500787e+03 1.921882461991654623e+01
7.090340681362725263e+03 1.923149964767405962e+01
7.102368737474949739e+03 1.924415016077847440e+01
7.114396793587174216e+03 1.925677643357066060e+01
7.126424849699398692e+03 1.926937873763341713e+01
7.138452905811624078e+03 1.928195734183153576e+01
7.150480961923847644e+03 1.929451251235121134e+01
7.162509018036072121e+03 1.930704451273982514e+01
7.174537074148296597e+03 1.931955360394514543e+01
7.186565130260520164e+03 1.933204004435500067e+01
7.198593186372745549e+03 1.934450408983742875e+01
7.210621242484970026e+03 1.935694599377941927e+01
7.222649298597194502e+03 1.936936600712711254e+01
7.234677354709418978e+03 1.938176437842570721e+01
7.246705410821643454e+03 1.939414135385751692e+01
7.258733466933867021e+03 1.940649717728354773e+01
7.270761523046092407e+03 1.941883209028191359e+01
7.282789579158316883e+03 1.943114633218764098e+01
7.294817635270541359e+03 1.944344014013226030e+01
7.306845691382764926e+03 1.945571374908343643e+01
7.318873747494990312e+03 1.946796739188459213e+01
7.330901803607213878e+03 1.948020129929499689e+01
7.342929859719438355e+03 1.949241570002801183e+01
7.354957915831663740e+03 1.950461082079208808e+01
7.366985971943888217e+03 1.951678688632977554e+01
7.379014028056111783e+03 1.952894411945718645e+01
7.391042084168337169e+03 1.954108274110396337e+01
7.403070140280560736e+03 1.955320297035230226e+01
7.415098196392785212e+03 1.956530502447719400e+01
7.427126252505009688e+03 1.957738911898596967e+01
7.439154308617235074e+03 1.958945546765745505e+01
7.451182364729458641e+03 1.960150428258132393e+01
7.463210420841683117e+03 1.961353577419861693e+01
7.475238476953907593e+03 1.962555015134121206e+01
7.487266533066132070e+03 1.963754762127045339e+01
7.499294589178356546e+03 1.964952838971752769e+01
7.511322645290581931e+03 1.966149266092324766e+01
7.523350701402805498e+03 1.967344063767674101e+01
7.535378757515029974e+03 1.968537252135616811e+01
7.547406813627254451e+03 1.969728851196733999e+01
7.559434869739478927e+03 1.970918880818423702e+01
7.571462925851703403e+03 1.972107360738741377e+01
7.583490981963927879e+03 1.973294310570473087e+01
7.595519038076152356e+03 1.974479749805068707e+01
7.607547094188376832e+03 1.975663697816507991e+01
7.619575150300601308e+03 1.976846173865440193e+01
7.631603206412825784e+03 1.978027197102944257e+01
7.643631262525050261e+03 1.979206786574641797e+01
7.655659318637274737e+03 1.980384961224587315e+01
7.667687374749499213e+03 1.981561739899209584e+01
7.679715430861722780e+03 1.982737141351310939e+01
7.691743486973948166e+03 1.983911184244062298e+01
7.703771543086171732e+03 1.985083887154873850e+01
7.715799599198397118e+03 1.986255268579370536e+01
7.727827655310621594e+03 1.987425346935444281e+01
7.739855711422846070e+03 1.988594140567091628e+01
7.751883767535069637e+03 1.989761667748483376e+01
7.763911823647295023e+03 1.990927946687818562e+01
7.775939879759518590e+03 1.992092995531366739e+01
7.787967935871743066e+03 1.993256832367370279e+01
7.799995991983967542e+03 1.994419475230051475e+01
7.812024048096192928e+03 1.995580942103586608e+01
7.824052104208416495e+03 1.996741250925940037e+01
7.836080160320641880e+03 1.997900419592965449e+01
7.848108216432865447e+03 1.999058465962336584e+01
7.860136272545089923e+03 2.000215407857447047e+01
7.872164328657314400e+03 2.001371263071430917e+01
7.884192384769539785e+03 2.002526049371057937e+01
7.896220440881763352e+03 2.003679784500773309e+01
7.908248496993987828e+03 2.004832486186599994e+01
7.920276553106212305e+03 2.005984172140163935e+01
7.932304609218436781e+03 2.007134860062505410e+01
7.944332665330661257e+03 2.008284567648208707e+01
7.956360721442885733e+03 2.009433312589293052e+01
7.968388777555110210e+03 2.010581112579136942e+01
7.980416833667334686e+03 2.011727985316506206e+01
7.992444889779559162e+03 2.012873948509444944e+01
8.004472945891784548e+03 2.014019019879305006e+01
8.016501002004008114e+03 2.015163217164636222e+01
8.028529058116232591e+03 2.016306558125185688e+01
8.040557114228457067e+03 2.017449060545875739e+01
8.052585170340681543e+03 2.018590742240725433e+01
8.064613226452906019e+03 2.019731621056811477e+01
8.076641282565129586e+03 2.020871714878240866e+01
8.088669338677354062e+03 2.022011041630123884e+01
8.100697394789579448e+03 2.023149619282526146e+01
8.112725450901803924e+03 2.024287465854393275e+01
8.124753507014027491e+03 2.025424599417542737e+01
8.136781563126252877e+03 2.026561038100673073e+01
8.148809619238477353e+03 2.027696800093162466e+01
8.160837675350700920e+03 2.028831903649243529e+01
8.172865731462926306e+03 2.029966367091787305e+01
8.184893787575150782e+03 2.031100208816362951e+01
8.196921843687374349e+03 2.032233447295176987e+01
8.208949899799599734e+03 2.033366101080966004e+01
8.220977955911825120e+03 2.034498188811054575e+01
8.233006012024048687e+03 2.035629729211274253e+01
8.245034068136272253e+03 2.036760741099875460e+01
8.257062124248497639e+03 2.037891243391567997e+01
8.269090180360721206e+03 2.039021255101463481e+01
8.281118236472946592e+03 2.040150795348967350e+01
8.293146292585170158e+03 2.041279883361839609e+01
8.305174348697393725e+03 2.042408538480074753e+01
8.317202404809619111e+03 2.043536780159833910e+01
8.329230460921844497e+03 2.044664627977543248e+01
8.341258517034068063e+03 2.045792101633768567e+01
8.353286573146291630e+03 2.046919220957081720e+01
8.365314629258517016e+03 2.048046005908212663e+01
8.377342685370742402e+03 2.049172476583881419e+01
8.389370741482965968e+03 2.050298653220755796e+01
8.401398797595189535e+03 2.051424556199487981e+01
8.413426853707414921e+03 2.052550206048607606e+01
8.425454909819640307e+03 2.053675623448466325e+01
8.437482965931863873e+03 2.054800829235290394e+01
8.449511022044087440e+03 2.055925844405058101e+01
8.461539078156311007e+03 2.057050690117480229e+01
8.473567134268538211e+03 2.058175387699961689e+01
8.485595190380761778e+03 2.059299958651565987e+01
8.497623246492985345e+03 2.060424424646998176e+01
8.509651302605210731e+03 2.061548807540496853e+01
8.521679358717436116e+03 2.062673129369819236e+01
8.533707414829659683e+03 2.063797412360280248e+01
8.545735470941883250e+03 2.064921678928640247e+01
8.557763527054108636e+03 2.066045951686994897e+01
8.569791583166332202e+03 2.067170253446881034e+01
8.581819639278557588e+03 2.068294607223177195e+01
8.593847695390781155e+03 2.069419036238016574e+01
8.605875751503004722e+03 2.070543563924769970e+01
8.617903807615231926e+03 2.071668213932090197e+01
8.629931863727455493e+03 2.072793010127706737e+01
8.641959919839679060e+03 2.073917976602546531e+01
8.653987975951902627e+03 2.075043137674619231e+01
8.666016032064128012e+03 2.076168517892963195e+01
8.678044088176353398e+03 2.077294142041607472e+01
8.690072144288576965e+03 2.078420035143595612e+01
8.702100200400800531e+03 2.079546222464875171e+01
8.714128256513025917e+03 2.080672729518284925e+01
8.726156312625251303e+03 2.081799582067538523e+01
8.738184368737474870e+03 2.082926806131077768e+01
8.750212424849698436e+03 2.084054427986182390e+01
8.762240480961923822e+03 2.085182474172855649e+01
8.774268537074149208e+03 2.086310971497747957e+01
8.786296593186372775e+03 2.087439947038167887e+01
8.798324649298596341e+03 2.088569428146022489e+01
8.810352705410821727e+03 2.089699442451837186e+01
8.822380761523047113e+03 2.090830017868611890e+01
8.834408817635270680e+03 2.091961182595779078e+01
8.846436873747494246e+03 2.093092965123341997e+01
8.858464929859719632e+03 2.094225394235625259e+01
8.870492985971943199e+03 2.095358499015276266e+01
8.882521042084168585e+03 2.096492308847399499e+01
8.894549098196392151e+03 2.097626853423209070e+01
8.906577154308615718e+03 2.098762162744295523e+01
8.918605210420842923e+03 2.099898267126394913e+01
8.930633266533066490e+03 2.101035197203398397e+01
8.942661322645290056e+03 2.102172983931375683e+01
8.954689378757515442e+03 2.103311658592352984e+01
8.966717434869740828e+03 2.104451252798521566e+01
8.978745490981964394e+03 2.105591798496025646e+01
8.990773547094187961e+03 2.106733327968951386e+01
9.002801603206413347e+03 2.107875873843281056e+01
9.014829659318636914e+03 2.109019469090942778e+01
9.026857715430862299e+03 2.110164147033668058e+01
9.038885771543085866e+03 2.111309941346971186e+01
9.050913827655309433e+03 2.112456886064146744e+01
9.062941883767536638e+03 2.113605015580157698e+01
9.074969939879760204e+03 2.114754364655714625e+01
9.086997995991983771e+03 2.115904968421111221e+01
9.099026052104207338e+03 2.117056862380247040e+01
9.111054108216432724e+03 2.118210082414578466e+01
9.123082164328658109e+03 2.119364664787067198e+01
9.135110220440881676e+03 2.120520646146172794e+01
9.147138276553105243e+03 2.121678063529762426e+01
9.159166332665330629e+03 2.122836954369114792e+01
9.171194388777556014e+03 2.123997356492823485e+01
9.183222444889779581e+03 2.125159308130849212e+01
9.195250501002004967e+03 2.126322847918359571e+01
9.207278557114228533e+03 2.127488014899812185e+01
9.219306613226453919e+03 2.128654848532817212e+01
9.231334669338677486e+03 2.129823388692150132e+01
9.243362725450901053e+03 2.130993675673713739e+01
9.255390781563126438e+03 2.132165750198434395e+01
9.267418837675351824e+03 2.133339653416308579e+01
9.279446893787575391e+03 2.134515426910265745e+01
9.291474949899798958e+03 2.135693112700273488e+01
9.303503006012024343e+03 2.136872753247123669e+01
9.315531062124247910e+03 2.138054391456547521e+01
9.327559118236473296e+03 2.139238070682986859e+01
9.339587174348696863e+03 2.140423834733818609e+01
9.351615230460920429e+03 2.141611727873041104e+01
9.363643286573147634e+03 2.142801794825459893e+01
9.375671342685371201e+03 2.143994080780433364e+01
9.387699398797594768e+03 2.145188631396030843e+01
9.399727454909820153e+03 2.146385492802932760e+01
9.411755511022045539e+03 2.147584711608200791e+01
9.423783567134269106e+03 2.148786334899598316e+01
9.435811623246492672e+03 2.149990410249246153e+01
9.447839679358716239e+03 2.151196985717661647e+01
9.459867735470941625e+03 2.152406109857846417e+01
9.471895791583167011e+03 2.153617831719057563e+01
9.483923847695390577e+03 2.154832200850863444e+01
9.495951903807614144e+03 2.156049267307145456e+01
9.507979959919839530e+03 2.157269081649928211e+01
9.520008016032064916e+03 2.158491694953502815e+01
9.532036072144288482e+03 2.159717158808222592e+01
9.544064128256512049e+03 2.160945525324564898e+01
9.556092184368737435e+03 2.162176847137105540e+01
9.568120240480962821e+03 2.163411177408396213e+01
9.580148296593186387e+03 2.164648569832992209e+01
9.592176352705409954e+03 2.165889078641305332e+01
9.604204408817637159e+03 2.167132758603788645e+01
9.616232464929858907e+03 2.168379665034621695e+01
9.628260521042084292e+03 2.169629853795920837e+01
9.640288577154309678e+03 2.170883381301431214e+01
9.652316633266531426e+03 2.172140304520737075e+01
9.664344689378758630e+03 2.173400680983092670e+01
9.676372745490982197e+03 2.174664568781443208e+01
9.688400801603205764e+03 2.175932026576273870e+01
9.700428857715431150e+03 2.177203113599684059e+01
9.712456913827656535e+03 2.178477889659311728e+01
9.724484969939880102e+03 2.179756415142283998e+01
9.736513026052103669e+03 2.181038751019173105e+01
9.748541082164329055e+03 2.182324958847949858e+01
9.760569138276552621e+03 2.183615100778026630e+01
9.772597194388778007e+03 2.184909239554029270e+01
9.784625250501001574e+03 2.186207438519992152e+01
9.796653306613225141e+03 2.187509761623142879e+01
9.808681362725452345e+03 2.188816273417882385e+01
9.820709418837675912e+03 2.190127039069865944e+01
9.832737474949899479e+03 2.191442124359821975e+01
9.844765531062124865e+03 2.192761595687558440e+01
9.856793587174348431e+03 2.194085520076024309e+01
9.868821643286573817e+03 2.195413965175032089e+01
9.880849699398797384e+03 2.196746999265445766e+01
9.892877755511020951e+03 2.198084691263121115e+01
9.904905811623248155e+03 2.199427110722670520e+01
9.916933867735471722e+03 2.200774327841578781e+01
9.928961923847695289e+03 2.202126413464235455e+01
9.940989979959920674e+03 2.203483439085709961e+01
9.953018036072144241e+03 2.204845476855806652e+01
9.965046092184369627e+03 2.206212599583031420e+01
9.977074148296593194e+03 2.207584880738460953e+01
9.989102204408816760e+03 2.208962394459945600e+01
1.000113026052104215e+04 2.210345215555756582e+01
1.001315831663326753e+04 2.211733419508715315e+01
1.002518637274549110e+04 2.213127082480161434e+01
1.003721442885771467e+04 2.214526281313779066e+01
1.004924248496994187e+04 2.215931093539857599e+01
1.006127054108216362e+04 2.217341597378790041e+01
1.007329859719438900e+04 2.218757871745509647e+01
1.008532665330661257e+04 2.220179996253074961e+01
1.009735470941883614e+04 2.221608051216903590e+01
1.010938276553106334e+04 2.223042117658535588e+01
1.012141082164328691e+04 2.224482277309712686e+01
1.013343887775551048e+04 2.225928612616222679e+01
1.014546693386773586e+04 2.227381206742064279e+01
1.015749498997996125e+04 2.228840143573145838e+01
1.016952304609218481e+04 2.230305507721459080e+01
1.018155110220440838e+04 2.231777384528878727e+01
1.019357915831663377e+04 2.233255860071236754e+01
1.020560721442885733e+04 2.234741021162294317e+01
1.021763527054108272e+04 2.236232955357561281e+01
1.022966332665330629e+04 2.237731750958355548e+01
1.024169138276552985e+04 2.239237497015824374e+01
1.025371943887775706e+04 2.240750283334719484e+01
1.026574749498998062e+04 2.242270200477602771e+01
1.027777555110220419e+04 2.243797339768527621e+01
1.028980360721442776e+04 2.245331793297227563e+01
1.030183166332665314e+04 2.246873653922950353e+01
1.031385971943887853e+04 2.248423015278547155e+01
1.032588777555110210e+04 2.241056910799685653e+01
1.048252150532220185e+04 2.256470844212189775e+01
1.063915523509330160e+04 2.271884777624693541e+01
1.079578896486440135e+04 2.287298711037197307e+01
1.095242269463550110e+04 2.302712644449701429e+01
1.110905642440660267e+04 2.318126577862205551e+01
1.126569015417770242e+04 2.333540511274709317e+01
1.142232388394880218e+04 2.348954444687213083e+01
1.157895761371990193e+04 2.364368378099717205e+01
1.173559134349100168e+04 2.379782311512221327e+01
1.189222507326210143e+04 2.395196244924725093e+01
1.204885880303320118e+04 2.410610178337228859e+01
1.220549253280430275e+04 2.426024111749732981e+01
1.236212626257540251e+04 2.441438045162237103e+01
1.251875999234650226e+04 2.456851978574740869e+01
1.267539372211760201e+04 2.472265911987244635e+01
1.283202745188870176e+04 2.487679845399748757e+01
1.298866118165980151e+04 2.503093778812252523e+01
1.314529491143090127e+04 2.518507712224756290e+01
1.330192864120200102e+04 2.533921645637260411e+01
1.345856237097310077e+04 2.549335579049764533e+01
1.361519610074420052e+04 2.564749512462268299e+01
1.377182983051530209e+04 2.580163445874772421e+01
1.392846356028640184e+04 2.595577379287276187e+01
1.408509729005750160e+04 2.610991312699780309e+01
1.424173101982860135e+04 2.626405246112284075e+01
1.439836474959970110e+04 2.641819179524787842e+01
1.455499847937080267e+04 2.657233112937291963e+01
1.471163220914190242e+04 2.672647046349796085e+01
1.486826593891300217e+04 2.688060979762300207e+01
1.502489966868410193e+04 2.703474913174803618e+01
1.518153339845520168e+04 2.718888846587307739e+01
1.533816712822630143e+04 2.734302779999811861e+01
1.549480085799740118e+04 2.749716713412315627e+01
1.565143458776850093e+04 2.765130646824819394e+01
1.580806831753960068e+04 2.780544580237323515e+01
1.596470204731070044e+04 2.795958513649827637e+01
1.612133577708180019e+04 2.811372447062331048e+01
1.627796950685290176e+04 2.826786380474835170e+01
1.643460323662400333e+04 2.842200313887339291e+01
1.659123696639510308e+04 2.857614247299843413e+01
1.674787069616620283e+04 2.873028180712347535e+01
1.690450442593730259e+04 2.888442114124850946e+01
1.706113815570840234e+04 2.903856047537355067e+01
1.721777188547950209e+04 2.919269980949859189e+01
1.737440561525060184e+04 2.934683914362363311e+01
1.753103934502170159e+04 2.950097847774866722e+01
1.768767307479280134e+04 2.965511781187370843e+01
1.784430680456390110e+04 2.980925714599874965e+01
1.800094053433500085e+04 2.996339648012378376e+01
1.815757426410610060e+04 3.011753581424882498e+01
1.831420799387720035e+04 3.027167514837386619e+01
1.847084172364830010e+04 3.042581448249890741e+01
1.862747545341939986e+04 3.057995381662394152e+01
1.878410918319049961e+04 3.073409315074898274e+01
1.894074291296159936e+04 3.088823248487402395e+01
1.909737664273269911e+04 3.104237181899905806e+01
1.925401037250379886e+04 3.119651115312409928e+01
1.941064410227489861e+04 3.135065048724914050e+01
1.956727783204599837e+04 3.150478982137417461e+01
1.972391156181710176e+04 3.165892915549922293e+01
1.988054529158820151e+04 3.181306848962425704e+01
2.003717902135930126e+04 3.196720782374929826e+01
2.019381275113040101e+04 3.212134715787433947e+01
2.035044648090150076e+04 3.227548649199938069e+01
2.050708021067260051e+04 3.242962582612441480e+01
2.066371394044370027e+04 3.258376516024945602e+01
2.082034767021480002e+04 3.273790449437449723e+01
2.097698139998589977e+04 3.289204382849953134e+01
2.113361512975700316e+04 3.304618316262457967e+01
2.129024885952810291e+04 3.320032249674961378e+01
2.144688258929920266e+04 3.335446183087465499e+01
2.160351631907030242e+04 3.350860116499969621e+01
2.176015004884140217e+04 3.366274049912473032e+01
2.191678377861250192e+04 3.381687983324977154e+01
2.207341750838360167e+04 3.397101916737481275e+01
2.223005123815470142e+04 3.412515850149985397e+01
2.238668496792580117e+04 3.427929783562488808e+01
2.254331869769690093e+04 3.443343716974992930e+01
2.269995242746800068e+04 3.458757650387497051e+01
2.285658615723910043e+04 3.474171583800000462e+01
2.301321988701020018e+04 3.489585517212504584e+01
2.316985361678129993e+04 3.504999450625008706e+01
2.332648734655239969e+04 3.520413384037512827e+01
2.348312107632349944e+04 3.535827317450016238e+01
2.363975480609459919e+04 3.551241250862520360e+01
2.379638853586569894e+04 3.566655184275024482e+01
2.395302226563679869e+04 3.582069117687527893e+01
2.410965599540789844e+04 3.597483051100032014e+01
2.426628972517899820e+04 3.612896984512536136e+01
2.442292345495009795e+04 3.628310917925040258e+01
2.457955718472119770e+04 3.643724851337543669e+01
2.473619091449230109e+04 3.659138784750047790e+01
2.489282464426340084e+04 3.674552718162551912e+01
2.504945837403450059e+04 3.689966651575056034e+01
2.520609210380560035e+04 3.705380584987560155e+01
2.536272583357670010e+04 3.720794518400063566e+01
2.551935956334779985e+04 3.736208451812567688e+01
2.567599329311889960e+04 3.751622385225071810e+01
2.583262702288999935e+04 3.767036318637575221e+01
2.598926075266109910e+04 3.782450252050079342e+01
2.614589448243220249e+04 3.797864185462583464e+01
2.630252821220330225e+04 3.813278118875087586e+01
2.645916194197440200e+04 3.828692052287591707e+01
2.661579567174550175e+04 3.844105985700095118e+01
2.677242940151660150e+04 3.859519919112599240e+01
2.692906313128770125e+04 3.874933852525103362e+01
2.708569686105880101e+04 3.890347785937607483e+01
2.724233059082990076e+04 3.905761719350110894e+01
2.739896432060100051e+04 3.921175652762615016e+01
2.755559805037210026e+04 3.936589586175119138e+01
2.771223178014320001e+04 3.952003519587622549e+01
2.786886550991429976e+04 3.967417453000126670e+01
2.802549923968539952e+04 3.982831386412630792e+01
2.818213296945649927e+04 3.998245319825134914e+01
2.833876669922759902e+04 4.013659253237638325e+01
2.849540042899869877e+04 4.029073186650142446e+01
2.865203415876979852e+04 4.044487120062646568e+01
2.880866788854089828e+04 4.059901053475149979e+01
2.896530161831199803e+04 4.075314986887654101e+01
2.912193534808310142e+04 4.090728920300158222e+01
2.927856907785420117e+04 4.106142853712662344e+01
2.943520280762530092e+04 4.121556787125166466e+01
2.959183653739640067e+04 4.136970720537669877e+01
2.974847026716750042e+04 4.152384653950173998e+01
2.990510399693860018e+04 4.167798587362678120e+01
3.006173772670969993e+04 4.183212520775182242e+01
3.021837145648079968e+04 4.198626454187685653e+01
3.037500518625189943e+04 4.214040387600189774e+01
3.053163891602299918e+04 4.229454321012693896e+01
3.068827264579409893e+04 4.244868254425197307e+01
3.084490637556519869e+04 4.260282187837701429e+01
3.100154010533629844e+04 4.275696121250205550e+01
3.115817383510739819e+04 4.291110054662709672e+01
3.131480756487849794e+04 4.306523988075213083e+01
3.147144129464959769e+04 4.321937921487717205e+01
3.162807502442069745e+04 4.337351854900221326e+01
3.178470875419180084e+04 4.352765788312725448e+01
3.194134248396290059e+04 4.368179721725229570e+01
3.209797621373400034e+04 4.383593655137732981e+01
3.225460994350510009e+04 4.399007588550237102e+01
3.241124367327619984e+04 4.414421521962741224e+01
3.256787740304729959e+04 4.429835455375244635e+01
3.272451113281839935e+04 4.445249388787748757e+01
3.288114486258949910e+04 4.460663322200252878e+01
3.303777859236059885e+04 4.476077255612756289e+01
3.319441232213169860e+04 4.491491189025260411e+01
3.335104605190279835e+04 4.506905122437764533e+01
3.350767978167389811e+04 4.522319055850268654e+01
3.366431351144499786e+04 4.537732989262772065e+01
3.382094724121609761e+04 4.553146922675276187e+01
3.397758097098719736e+04 4.568560856087780309e+01
3.413421470075829711e+04 4.583974789500283720e+01
3.429084843052939686e+04 4.599388722912787841e+01
3.444748216030049662e+04 4.614802656325291963e+01
3.460411589007159637e+04 4.630216589737795374e+01
3.476074961984269612e+04 4.645630523150299496e+01
3.491738334961379587e+04 4.661044456562803617e+01
3.507401707938489562e+04 4.676458389975307739e+01
3.523065080915599538e+04 4.691872323387811150e+01
3.538728453892709513e+04 4.707286256800315272e+01
3.554391826869819488e+04 4.722700190212819393e+01
3.570055199846929463e+04 4.738114123625322804e+01
3.585718572824039438e+04 4.753528057037826926e+01
3.601381945801149413e+04 4.768941990450331048e+01
3.617045318778259389e+04 4.784355923862835169e+01
3.632708691755369364e+04 4.799769857275338580e+01
3.648372064732479339e+04 4.815183790687842702e+01
3.664035437709589314e+04 4.830597724100346824e+01
3.679698810686700017e+04 4.846011657512850945e+01
3.695362183663809992e+04 4.861425590925355067e+01
3.711025556640919967e+04 4.876839524337859189e+01
3.726688929618029943e+04 4.892253457750363310e+01
3.742352302595139918e+04 4.907667391162866721e+01
3.758015675572249893e+04 4.923081324575370843e+01
3.773679048549359868e+04 4.938495257987874965e+01
3.789342421526469843e+04 4.953909191400378376e+01
3.805005794503579818e+04 4.969323124812882497e+01
3.820669167480689794e+04 4.984737058225386619e+01
3.836332540457799769e+04 5.000150991637890741e+01
3.851995913434909744e+04 5.015564925050394152e+01
3.867659286412019719e+04 5.030978858462898273e+01
3.883322659389129694e+04 5.046392791875402395e+01
3.898986032366239669e+04 5.061806725287905806e+01
3.914649405343350372e+04 5.077220658700410638e+01
3.930312778320460347e+04 5.092634592112914760e+01
3.945976151297570323e+04 5.108048525525418881e+01
3.961639524274680298e+04 5.123462458937922293e+01
3.977302897251790273e+04 5.138876392350426414e+01
3.992966270228900248e+04 5.154290325762930536e+01
4.008629643206010223e+04 5.169704259175433947e+01
4.024293016183120199e+04 5.185118192587938069e+01
4.039956389160230174e+04 5.200532126000442190e+01
4.055619762137340149e+04 5.215946059412946312e+01
4.071283135114450124e+04 5.231359992825449723e+01
4.086946508091560099e+04 5.246773926237953845e+01
4.102609881068670074e+04 5.262187859650457966e+01
4.118273254045780050e+04 5.277601793062961377e+01
4.133936627022890025e+04 5.293015726475465499e+01
4.149600000000000000e+04 5.308429659887969621e+01
