3.577000000000000000e+03 1.099600000000000044e+01
4.755100000000000364e+03 1.071599999999999930e+01
4.409100000000000364e+03 1.069800000000000040e+01
4.367899999999999636e+03 1.077500000000000036e+01
4.376699999999999818e+03 1.085399999999999920e+01
4.389899999999999636e+03 1.092200000000000060e+01
4.402899999999999636e+03 1.097899999999999920e+01
4.413800000000000182e+03 1.102699999999999925e+01
4.422600000000000364e+03 1.106700000000000017e+01
4.429699999999999818e+03 1.110100000000000087e+01
4.435500000000000000e+03 1.113100000000000023e+01
4.440199999999999818e+03 1.115600000000000058e+01
4.444199999999999818e+03 1.117800000000000082e+01
4.447399999999999636e+03 1.119699999999999918e+01
4.450199999999999818e+03 1.121299999999999919e+01
4.452500000000000000e+03 1.122799999999999976e+01
4.454600000000000364e+03 1.124099999999999966e+01
4.456399999999999636e+03 1.125300000000000011e+01
4.457899999999999636e+03 1.126399999999999935e+01
4.459199999999999818e+03 1.127299999999999969e+01
4.460399999999999636e+03 1.128200000000000003e+01
4.461500000000000000e+03 1.128899999999999970e+01
4.462399999999999636e+03 1.129599999999999937e+01
4.463199999999999818e+03 1.130199999999999960e+01
4.463899999999999636e+03 1.130799999999999983e+01
4.464500000000000000e+03 1.131300000000000061e+01
4.465100000000000364e+03 1.131799999999999962e+01
4.465600000000000364e+03 1.132199999999999918e+01
4.466100000000000364e+03 1.132600000000000051e+01
4.466500000000000000e+03 1.133000000000000007e+01
4.466899999999999636e+03 1.133300000000000018e+01
4.467199999999999818e+03 1.133600000000000030e+01
4.467600000000000364e+03 1.133900000000000041e+01
4.467800000000000182e+03 1.134099999999999930e+01
4.468100000000000364e+03 1.134399999999999942e+01
4.468399999999999636e+03 1.134600000000000009e+01
4.468600000000000364e+03 1.134800000000000075e+01
4.468800000000000182e+03 1.134999999999999964e+01
4.469000000000000000e+03 1.135100000000000087e+01
4.469100000000000364e+03 1.135299999999999976e+01
4.469300000000000182e+03 1.135399999999999920e+01
4.469399999999999636e+03 1.135599999999999987e+01
4.469600000000000364e+03 1.135699999999999932e+01
4.469699999999999818e+03 1.135800000000000054e+01
4.469800000000000182e+03 1.135899999999999999e+01
4.469899999999999636e+03 1.135999999999999943e+01
4.470000000000000000e+03 1.136100000000000065e+01
4.470100000000000364e+03 1.136200000000000010e+01
4.470199999999999818e+03 1.136200000000000010e+01
4.470199999999999818e+03 1.136299999999999955e+01
4.470300000000000182e+03 1.136400000000000077e+01
4.470399999999999636e+03 1.136400000000000077e+01
4.470399999999999636e+03 1.136500000000000021e+01
4.470500000000000000e+03 1.136500000000000021e+01
4.470500000000000000e+03 1.136599999999999966e+01
4.470600000000000364e+03 1.136599999999999966e+01
4.470600000000000364e+03 1.136700000000000088e+01
4.470699999999999818e+03 1.136700000000000088e+01
4.470699999999999818e+03 1.136700000000000088e+01
4.470699999999999818e+03 1.136800000000000033e+01
4.470800000000000182e+03 1.136800000000000033e+01
4.470800000000000182e+03 1.136800000000000033e+01
4.470800000000000182e+03 1.136800000000000033e+01
4.470899999999999636e+03 1.136800000000000033e+01
4.470899999999999636e+03 1.136899999999999977e+01
4.470899999999999636e+03 1.136899999999999977e+01
4.470899999999999636e+03 1.136899999999999977e+01
4.470899999999999636e+03 1.136899999999999977e+01
4.470899999999999636e+03 1.136899999999999977e+01
4.471000000000000000e+03 1.136899999999999977e+01
4.471000000000000000e+03 1.136999999999999922e+01
4.471000000000000000e+03 1.136999999999999922e+01
4.471000000000000000e+03 1.136999999999999922e+01
4.470699999999999818e+03 1.136999999999999922e+01
4.470300000000000182e+03 1.136999999999999922e+01
4.469800000000000182e+03 1.136999999999999922e+01
4.469300000000000182e+03 1.136899999999999977e+01
4.468800000000000182e+03 1.136899999999999977e+01
4.468300000000000182e+03 1.136899999999999977e+01
4.467800000000000182e+03 1.136800000000000033e+01
4.467300000000000182e+03 1.136800000000000033e+01
4.466800000000000182e+03 1.136800000000000033e+01
4.466199999999999818e+03 1.136700000000000088e+01
4.465699999999999818e+03 1.136700000000000088e+01
4.465199999999999818e+03 1.136700000000000088e+01
4.464699999999999818e+03 1.136599999999999966e+01
4.464100000000000364e+03 1.136599999999999966e+01
4.463600000000000364e+03 1.136500000000000021e+01
4.463100000000000364e+03 1.136500000000000021e+01
4.462500000000000000e+03 1.136400000000000077e+01
4.462000000000000000e+03 1.136400000000000077e+01
4.461500000000000000e+03 1.136299999999999955e+01
4.460899999999999636e+03 1.136299999999999955e+01
4.460399999999999636e+03 1.136200000000000010e+01
4.459800000000000182e+03 1.136200000000000010e+01
4.459300000000000182e+03 1.136100000000000065e+01
4.458800000000000182e+03 1.136100000000000065e+01
4.457500000000000000e+03 1.135999999999999943e+01
4.456000000000000000e+03 1.135899999999999999e+01
4.454300000000000182e+03 1.135800000000000054e+01
4.452600000000000364e+03 1.135699999999999932e+01
4.450899999999999636e+03 1.135599999999999987e+01
4.449100000000000364e+03 1.135399999999999920e+01
4.447399999999999636e+03 1.135299999999999976e+01
4.445600000000000364e+03 1.135200000000000031e+01
4.443800000000000182e+03 1.134999999999999964e+01
4.442100000000000364e+03 1.134900000000000020e+01
4.440300000000000182e+03 1.134699999999999953e+01
4.438500000000000000e+03 1.134500000000000064e+01
4.436699999999999818e+03 1.134399999999999942e+01
4.434899999999999636e+03 1.134200000000000053e+01
4.433100000000000364e+03 1.134099999999999930e+01
4.431300000000000182e+03 1.133900000000000041e+01
4.429500000000000000e+03 1.133699999999999974e+01
4.427699999999999818e+03 1.133600000000000030e+01
4.425899999999999636e+03 1.133399999999999963e+01
4.424100000000000364e+03 1.133200000000000074e+01
4.422199999999999818e+03 1.133099999999999952e+01
4.420399999999999636e+03 1.132900000000000063e+01
4.418600000000000364e+03 1.132699999999999996e+01
4.416800000000000182e+03 1.132600000000000051e+01
4.418600000000000364e+03 1.132499999999999929e+01
4.422300000000000182e+03 1.132600000000000051e+01
4.426399999999999636e+03 1.132699999999999996e+01
4.430800000000000182e+03 1.132900000000000063e+01
4.435300000000000182e+03 1.133099999999999952e+01
4.439800000000000182e+03 1.133399999999999963e+01
4.444500000000000000e+03 1.133699999999999974e+01
4.449199999999999818e+03 1.133999999999999986e+01
4.453899999999999636e+03 1.134399999999999942e+01
4.458600000000000364e+03 1.134699999999999953e+01
4.463399999999999636e+03 1.135100000000000087e+01
4.468199999999999818e+03 1.135500000000000043e+01
4.473000000000000000e+03 1.135899999999999999e+01
4.477800000000000182e+03 1.136299999999999955e+01
4.482699999999999818e+03 1.136700000000000088e+01
4.487500000000000000e+03 1.137100000000000044e+01
4.492399999999999636e+03 1.137599999999999945e+01
4.497300000000000182e+03 1.138000000000000078e+01
4.502100000000000364e+03 1.138499999999999979e+01
4.507000000000000000e+03 1.138899999999999935e+01
4.511899999999999636e+03 1.139400000000000013e+01
4.516800000000000182e+03 1.139899999999999913e+01
4.521699999999999818e+03 1.140399999999999991e+01
4.526699999999999818e+03 1.140799999999999947e+01
4.530899999999999636e+03 1.141300000000000026e+01
4.534800000000000182e+03 1.141799999999999926e+01
4.538699999999999818e+03 1.142200000000000060e+01
4.542500000000000000e+03 1.142600000000000016e+01
4.546300000000000182e+03 1.143099999999999916e+01
4.550100000000000364e+03 1.143500000000000050e+01
4.553899999999999636e+03 1.143900000000000006e+01
4.557600000000000364e+03 1.144400000000000084e+01
4.561399999999999636e+03 1.144800000000000040e+01
4.565100000000000364e+03 1.145199999999999996e+01
4.568899999999999636e+03 1.145599999999999952e+01
4.572699999999999818e+03 1.146000000000000085e+01
4.576399999999999636e+03 1.146499999999999986e+01
4.580199999999999818e+03 1.146899999999999942e+01
4.583899999999999636e+03 1.147300000000000075e+01
4.587699999999999818e+03 1.147700000000000031e+01
4.591399999999999636e+03 1.148099999999999987e+01
4.595100000000000364e+03 1.148600000000000065e+01
4.598899999999999636e+03 1.149000000000000021e+01
4.602600000000000364e+03 1.149399999999999977e+01
4.606399999999999636e+03 1.149799999999999933e+01
4.610100000000000364e+03 1.150300000000000011e+01
4.613899999999999636e+03 1.150699999999999967e+01
4.617600000000000364e+03 1.151099999999999923e+01
4.619899999999999636e+03 1.151500000000000057e+01
4.621399999999999636e+03 1.151800000000000068e+01
4.622699999999999818e+03 1.152100000000000080e+01
4.624000000000000000e+03 1.152399999999999913e+01
4.625199999999999818e+03 1.152699999999999925e+01
4.626300000000000182e+03 1.152899999999999991e+01
4.627500000000000000e+03 1.153200000000000003e+01
4.628600000000000364e+03 1.153400000000000070e+01
4.629699999999999818e+03 1.153599999999999959e+01
4.630800000000000182e+03 1.153800000000000026e+01
4.631899999999999636e+03 1.154100000000000037e+01
4.633000000000000000e+03 1.154299999999999926e+01
4.634000000000000000e+03 1.154499999999999993e+01
4.635100000000000364e+03 1.154700000000000060e+01
4.636199999999999818e+03 1.154899999999999949e+01
4.637199999999999818e+03 1.155100000000000016e+01
4.638300000000000182e+03 1.155300000000000082e+01
4.639300000000000182e+03 1.155499999999999972e+01
4.640399999999999636e+03 1.155599999999999916e+01
4.641399999999999636e+03 1.155799999999999983e+01
4.642500000000000000e+03 1.156000000000000050e+01
4.643500000000000000e+03 1.156199999999999939e+01
4.644600000000000364e+03 1.156400000000000006e+01
4.645600000000000364e+03 1.156499999999999950e+01
4.654500000000000000e+03 1.156900000000000084e+01
4.667500000000000000e+03 1.157600000000000051e+01
4.681399999999999636e+03 1.158500000000000085e+01
4.695800000000000182e+03 1.159399999999999942e+01
4.710500000000000000e+03 1.160500000000000043e+01
4.725399999999999636e+03 1.161599999999999966e+01
4.740399999999999636e+03 1.162700000000000067e+01
4.755600000000000364e+03 1.163899999999999935e+01
4.770800000000000182e+03 1.165199999999999925e+01
4.786100000000000364e+03 1.166499999999999915e+01
4.801500000000000000e+03 1.167800000000000082e+01
4.816899999999999636e+03 1.169200000000000017e+01
4.832399999999999636e+03 1.170500000000000007e+01
4.847899999999999636e+03 1.171899999999999942e+01
4.863399999999999636e+03 1.173300000000000054e+01
4.879000000000000000e+03 1.174799999999999933e+01
4.894600000000000364e+03 1.176200000000000045e+01
4.910199999999999818e+03 1.177699999999999925e+01
4.925800000000000182e+03 1.179100000000000037e+01
4.941399999999999636e+03 1.180599999999999916e+01
4.957100000000000364e+03 1.182099999999999973e+01
4.972699999999999818e+03 1.183600000000000030e+01
4.988399999999999636e+03 1.185100000000000087e+01
5.004100000000000364e+03 1.186599999999999966e+01
5.029100000000000364e+03 1.188299999999999912e+01
5.058699999999999818e+03 1.190399999999999991e+01
5.089300000000000182e+03 1.192600000000000016e+01
5.120399999999999636e+03 1.194899999999999984e+01
5.151899999999999636e+03 1.197300000000000075e+01
5.183600000000000364e+03 1.199799999999999933e+01
5.215500000000000000e+03 1.202399999999999913e+01
5.247500000000000000e+03 1.205000000000000071e+01
5.279500000000000000e+03 1.207600000000000051e+01
5.311699999999999818e+03 1.210299999999999976e+01
5.343899999999999636e+03 1.213000000000000078e+01
5.376199999999999818e+03 1.215700000000000003e+01
5.408600000000000364e+03 1.218399999999999928e+01
5.441000000000000000e+03 1.221100000000000030e+01
5.473500000000000000e+03 1.223900000000000077e+01
5.506000000000000000e+03 1.226600000000000001e+01
5.538600000000000364e+03 1.229400000000000048e+01
5.571100000000000364e+03 1.232199999999999918e+01
5.603600000000000364e+03 1.234900000000000020e+01
5.636000000000000000e+03 1.237700000000000067e+01
5.668600000000000364e+03 1.240399999999999991e+01
5.701199999999999818e+03 1.243200000000000038e+01
5.733800000000000182e+03 1.246000000000000085e+01
5.766600000000000364e+03 1.248700000000000010e+01
5.801000000000000000e+03 1.251500000000000057e+01
5.836100000000000364e+03 1.254299999999999926e+01
5.871399999999999636e+03 1.257099999999999973e+01
5.906800000000000182e+03 1.259900000000000020e+01
5.942300000000000182e+03 1.262599999999999945e+01
5.977899999999999636e+03 1.265399999999999991e+01
6.013399999999999636e+03 1.268200000000000038e+01
6.049100000000000364e+03 1.270899999999999963e+01
6.084699999999999818e+03 1.273600000000000065e+01
6.120399999999999636e+03 1.276299999999999990e+01
6.156000000000000000e+03 1.278999999999999915e+01
6.191600000000000364e+03 1.281600000000000072e+01
6.227199999999999818e+03 1.284200000000000053e+01
6.262699999999999818e+03 1.286899999999999977e+01
6.298199999999999818e+03 1.289499999999999957e+01
6.333800000000000182e+03 1.291999999999999993e+01
6.369399999999999636e+03 1.294599999999999973e+01
6.404899999999999636e+03 1.297199999999999953e+01
6.440300000000000182e+03 1.299699999999999989e+01
6.475800000000000182e+03 1.302200000000000024e+01
6.511300000000000182e+03 1.304800000000000004e+01
6.546699999999999818e+03 1.307300000000000040e+01
6.582199999999999818e+03 1.309800000000000075e+01
6.617600000000000364e+03 1.312299999999999933e+01
6.662500000000000000e+03 1.315000000000000036e+01
6.711399999999999636e+03 1.317900000000000027e+01
6.761199999999999818e+03 1.320899999999999963e+01
6.811399999999999636e+03 1.324000000000000021e+01
6.861899999999999636e+03 1.327100000000000080e+01
6.912500000000000000e+03 1.330199999999999960e+01
6.963199999999999818e+03 1.333399999999999963e+01
7.014100000000000364e+03 1.336599999999999966e+01
7.065000000000000000e+03 1.339799999999999969e+01
7.116000000000000000e+03 1.343099999999999916e+01
7.167100000000000364e+03 1.346299999999999919e+01
7.218199999999999818e+03 1.349499999999999922e+01
7.269399999999999636e+03 1.352699999999999925e+01
7.319899999999999636e+03 1.355899999999999928e+01
7.370600000000000364e+03 1.359099999999999930e+01
7.421399999999999636e+03 1.362199999999999989e+01
7.472000000000000000e+03 1.365300000000000047e+01
7.522600000000000364e+03 1.368399999999999928e+01
7.573100000000000364e+03 1.371499999999999986e+01
7.623699999999999818e+03 1.374600000000000044e+01
7.674100000000000364e+03 1.377699999999999925e+01
7.724300000000000182e+03 1.380799999999999983e+01
7.774699999999999818e+03 1.383900000000000041e+01
7.824399999999999636e+03 1.386899999999999977e+01
7.893500000000000000e+03 1.390300000000000047e+01
7.971800000000000182e+03 1.394200000000000017e+01
8.052000000000000000e+03 1.398199999999999932e+01
8.133000000000000000e+03 1.402399999999999913e+01
8.214299999999999272e+03 1.406700000000000017e+01
8.296399999999999636e+03 1.411100000000000065e+01
8.379000000000000000e+03 1.415499999999999936e+01
8.461799999999999272e+03 1.419899999999999984e+01
8.544000000000000000e+03 1.424300000000000033e+01
8.627600000000000364e+03 1.428700000000000081e+01
8.711899999999999636e+03 1.433099999999999952e+01
8.796899999999999636e+03 1.437400000000000055e+01
8.882799999999999272e+03 1.441499999999999915e+01
8.970600000000000364e+03 1.445599999999999952e+01
9.059799999999999272e+03 1.449499999999999922e+01
9.150100000000000364e+03 1.453200000000000003e+01
9.241100000000000364e+03 1.456600000000000072e+01
9.331799999999999272e+03 1.459900000000000020e+01
9.422000000000000000e+03 1.462899999999999956e+01
9.511700000000000728e+03 1.465799999999999947e+01
9.600799999999999272e+03 1.468500000000000050e+01
9.688799999999999272e+03 1.471100000000000030e+01
9.774399999999999636e+03 1.473600000000000065e+01
9.861299999999999272e+03 1.476099999999999923e+01
9.952799999999999272e+03 1.478599999999999959e+01
1.004700000000000000e+04 1.481099999999999994e+01
1.014100000000000000e+04 1.483600000000000030e+01
1.023500000000000000e+04 1.485899999999999999e+01
1.032500000000000000e+04 1.488199999999999967e+01
1.041500000000000000e+04 1.490399999999999991e+01
1.050600000000000000e+04 1.492500000000000071e+01
1.059600000000000000e+04 1.494699999999999918e+01
1.068500000000000000e+04 1.496799999999999997e+01
1.077700000000000000e+04 1.498799999999999955e+01
1.086900000000000000e+04 1.500799999999999912e+01
1.095900000000000000e+04 1.502699999999999925e+01
1.104800000000000000e+04 1.504599999999999937e+01
1.113700000000000000e+04 1.506400000000000006e+01
1.122600000000000000e+04 1.508300000000000018e+01
1.131400000000000000e+04 1.510100000000000087e+01
1.140200000000000000e+04 1.511999999999999922e+01
1.149200000000000000e+04 1.513799999999999990e+01
1.158200000000000000e+04 1.515700000000000003e+01
1.167300000000000000e+04 1.517500000000000071e+01
1.176600000000000000e+04 1.519299999999999962e+01
1.186000000000000000e+04 1.521000000000000085e+01
1.195300000000000000e+04 1.522700000000000031e+01
1.204500000000000000e+04 1.524399999999999977e+01
1.214100000000000000e+04 1.525999999999999979e+01
1.223600000000000000e+04 1.527699999999999925e+01
1.233300000000000000e+04 1.529400000000000048e+01
1.243000000000000000e+04 1.531199999999999939e+01
1.252800000000000000e+04 1.532900000000000063e+01
1.262600000000000000e+04 1.534699999999999953e+01
1.272700000000000000e+04 1.536500000000000021e+01
1.282900000000000000e+04 1.538299999999999912e+01
1.293200000000000000e+04 1.540199999999999925e+01
1.303600000000000000e+04 1.541999999999999993e+01
1.313900000000000000e+04 1.543900000000000006e+01
1.324200000000000000e+04 1.545899999999999963e+01
1.334500000000000000e+04 1.547799999999999976e+01
1.344600000000000000e+04 1.549799999999999933e+01
1.354900000000000000e+04 1.551900000000000013e+01
1.365300000000000000e+04 1.553899999999999970e+01
1.375700000000000000e+04 1.556099999999999994e+01
1.386200000000000000e+04 1.558300000000000018e+01
1.396500000000000000e+04 1.560500000000000043e+01
1.407000000000000000e+04 1.562800000000000011e+01
1.417400000000000000e+04 1.565300000000000047e+01
1.428000000000000000e+04 1.567699999999999960e+01
1.438500000000000000e+04 1.570299999999999940e+01
1.449200000000000000e+04 1.573000000000000043e+01
1.462600000000000000e+04 1.575999999999999979e+01
1.478100000000000000e+04 1.579299999999999926e+01
1.493000000000000000e+04 1.582699999999999996e+01
1.507600000000000000e+04 1.586200000000000010e+01
1.522200000000000000e+04 1.589700000000000024e+01
1.536700000000000000e+04 1.593399999999999928e+01
1.551300000000000000e+04 1.597100000000000009e+01
1.565900000000000000e+04 1.601000000000000156e+01
1.580500000000000000e+04 1.604899999999999949e+01
1.595200000000000000e+04 1.608800000000000097e+01
1.609600000000000000e+04 1.612800000000000011e+01
1.624100000000000000e+04 1.616799999999999926e+01
1.638600000000000000e+04 1.620899999999999963e+01
1.653000000000000000e+04 1.625000000000000000e+01
1.667300000000000000e+04 1.629299999999999926e+01
1.681700000000000000e+04 1.633599999999999852e+01
1.696200000000000000e+04 1.638100000000000023e+01
1.710800000000000000e+04 1.642500000000000071e+01
1.725500000000000000e+04 1.646999999999999886e+01
1.740100000000000000e+04 1.651399999999999935e+01
1.754800000000000000e+04 1.655900000000000105e+01
1.769400000000000000e+04 1.660399999999999920e+01
1.784100000000000000e+04 1.664799999999999969e+01
1.798700000000000000e+04 1.669300000000000139e+01
1.807800000000000000e+04 1.673199999999999932e+01
1.814600000000000000e+04 1.676599999999999824e+01
1.821100000000000000e+04 1.679700000000000060e+01
1.827500000000000000e+04 1.682600000000000051e+01
1.833800000000000000e+04 1.685300000000000153e+01
1.840400000000000000e+04 1.687900000000000134e+01
1.846700000000000000e+04 1.690200000000000102e+01
1.853000000000000000e+04 1.692299999999999827e+01
1.859000000000000000e+04 1.694399999999999906e+01
1.864900000000000000e+04 1.696399999999999864e+01
1.871100000000000000e+04 1.698199999999999932e+01
1.877500000000000000e+04 1.700100000000000122e+01
1.883800000000000000e+04 1.701899999999999835e+01
1.889600000000000000e+04 1.703699999999999903e+01
1.895400000000000000e+04 1.705399999999999849e+01
1.901200000000000000e+04 1.707199999999999918e+01
1.907100000000000000e+04 1.708899999999999864e+01
1.913000000000000000e+04 1.710600000000000165e+01
1.919000000000000000e+04 1.712199999999999989e+01
1.924900000000000000e+04 1.713899999999999935e+01
1.930800000000000000e+04 1.715599999999999881e+01
1.936700000000000000e+04 1.717200000000000060e+01
1.942600000000000000e+04 1.718900000000000006e+01
1.948500000000000000e+04 1.720499999999999829e+01
1.951800000000000000e+04 1.721900000000000119e+01
1.954200000000000000e+04 1.723100000000000165e+01
1.956300000000000000e+04 1.724200000000000088e+01
1.958400000000000000e+04 1.725199999999999889e+01
1.960500000000000000e+04 1.726099999999999923e+01
1.962600000000000000e+04 1.726999999999999957e+01
1.964600000000000000e+04 1.727799999999999869e+01
1.966600000000000000e+04 1.728699999999999903e+01
1.968600000000000000e+04 1.729500000000000171e+01
1.970600000000000000e+04 1.730199999999999960e+01
1.972600000000000000e+04 1.730999999999999872e+01
1.974600000000000000e+04 1.731700000000000017e+01
1.976600000000000000e+04 1.732499999999999929e+01
1.978500000000000000e+04 1.733200000000000074e+01
1.980500000000000000e+04 1.733899999999999864e+01
1.982500000000000000e+04 1.734600000000000009e+01
1.984500000000000000e+04 1.735200000000000031e+01
1.986500000000000000e+04 1.735900000000000176e+01
1.988400000000000000e+04 1.736499999999999844e+01
1.990400000000000000e+04 1.737099999999999866e+01
1.992400000000000000e+04 1.737699999999999889e+01
1.994300000000000000e+04 1.738299999999999912e+01
1.996300000000000000e+04 1.738899999999999935e+01
1.998200000000000000e+04 1.739499999999999957e+01
