3.562300000000000182e+03 1.112400000000000055e+01
4.621500000000000000e+03 1.099699999999999989e+01
4.443300000000000182e+03 1.094800000000000040e+01
4.420500000000000000e+03 1.101600000000000001e+01
4.424399999999999636e+03 1.108799999999999919e+01
4.430800000000000182e+03 1.115099999999999980e+01
4.437199999999999818e+03 1.120500000000000007e+01
4.442500000000000000e+03 1.125000000000000000e+01
4.446899999999999636e+03 1.128700000000000081e+01
4.450399999999999636e+03 1.131900000000000084e+01
4.453300000000000182e+03 1.134600000000000009e+01
4.455600000000000364e+03 1.136899999999999977e+01
4.457600000000000364e+03 1.139000000000000057e+01
4.459199999999999818e+03 1.140799999999999947e+01
4.460600000000000364e+03 1.142300000000000004e+01
4.461800000000000182e+03 1.143699999999999939e+01
4.462800000000000182e+03 1.144899999999999984e+01
4.463699999999999818e+03 1.146000000000000085e+01
4.464399999999999636e+03 1.147000000000000064e+01
4.465100000000000364e+03 1.147899999999999920e+01
4.465699999999999818e+03 1.148700000000000010e+01
4.466199999999999818e+03 1.149399999999999977e+01
4.466699999999999818e+03 1.150000000000000000e+01
4.467100000000000364e+03 1.150600000000000023e+01
4.467500000000000000e+03 1.151099999999999923e+01
4.467800000000000182e+03 1.151600000000000001e+01
4.468100000000000364e+03 1.152100000000000080e+01
4.468300000000000182e+03 1.152500000000000036e+01
4.468600000000000364e+03 1.152800000000000047e+01
4.468800000000000182e+03 1.153200000000000003e+01
4.469000000000000000e+03 1.153500000000000014e+01
4.469199999999999818e+03 1.153800000000000026e+01
4.469300000000000182e+03 1.153999999999999915e+01
4.469500000000000000e+03 1.154199999999999982e+01
4.469600000000000364e+03 1.154499999999999993e+01
4.469699999999999818e+03 1.154700000000000060e+01
4.469800000000000182e+03 1.154899999999999949e+01
4.469899999999999636e+03 1.155000000000000071e+01
4.470000000000000000e+03 1.155199999999999960e+01
4.470100000000000364e+03 1.155300000000000082e+01
4.470199999999999818e+03 1.155499999999999972e+01
4.470300000000000182e+03 1.155599999999999916e+01
4.470300000000000182e+03 1.155700000000000038e+01
4.470399999999999636e+03 1.155799999999999983e+01
4.470500000000000000e+03 1.155899999999999928e+01
4.470500000000000000e+03 1.156000000000000050e+01
4.470600000000000364e+03 1.156099999999999994e+01
4.470600000000000364e+03 1.156099999999999994e+01
4.470600000000000364e+03 1.156199999999999939e+01
4.470699999999999818e+03 1.156300000000000061e+01
4.470699999999999818e+03 1.156300000000000061e+01
4.470699999999999818e+03 1.156400000000000006e+01
4.470800000000000182e+03 1.156400000000000006e+01
4.470800000000000182e+03 1.156499999999999950e+01
4.470800000000000182e+03 1.156499999999999950e+01
4.470899999999999636e+03 1.156600000000000072e+01
4.470899999999999636e+03 1.156600000000000072e+01
4.470899999999999636e+03 1.156600000000000072e+01
4.470899999999999636e+03 1.156700000000000017e+01
4.470899999999999636e+03 1.156700000000000017e+01
4.470899999999999636e+03 1.156700000000000017e+01
4.471000000000000000e+03 1.156700000000000017e+01
4.471000000000000000e+03 1.156799999999999962e+01
4.471000000000000000e+03 1.156799999999999962e+01
4.471000000000000000e+03 1.156799999999999962e+01
4.471000000000000000e+03 1.156799999999999962e+01
4.471000000000000000e+03 1.156799999999999962e+01
4.471000000000000000e+03 1.156799999999999962e+01
4.471000000000000000e+03 1.156900000000000084e+01
4.471000000000000000e+03 1.156900000000000084e+01
4.471000000000000000e+03 1.156900000000000084e+01
4.471100000000000364e+03 1.156900000000000084e+01
4.471100000000000364e+03 1.156900000000000084e+01
4.470699999999999818e+03 1.156900000000000084e+01
4.470199999999999818e+03 1.156900000000000084e+01
4.469699999999999818e+03 1.156900000000000084e+01
4.469100000000000364e+03 1.156799999999999962e+01
4.468600000000000364e+03 1.156799999999999962e+01
4.468100000000000364e+03 1.156799999999999962e+01
4.467600000000000364e+03 1.156700000000000017e+01
4.467000000000000000e+03 1.156700000000000017e+01
4.466500000000000000e+03 1.156700000000000017e+01
4.466000000000000000e+03 1.156600000000000072e+01
4.465399999999999636e+03 1.156600000000000072e+01
4.464899999999999636e+03 1.156499999999999950e+01
4.464399999999999636e+03 1.156499999999999950e+01
4.463800000000000182e+03 1.156499999999999950e+01
4.463300000000000182e+03 1.156400000000000006e+01
4.462699999999999818e+03 1.156400000000000006e+01
4.462199999999999818e+03 1.156300000000000061e+01
4.461699999999999818e+03 1.156300000000000061e+01
4.461100000000000364e+03 1.156199999999999939e+01
4.460600000000000364e+03 1.156199999999999939e+01
4.460000000000000000e+03 1.156099999999999994e+01
4.459500000000000000e+03 1.156099999999999994e+01
4.458899999999999636e+03 1.156000000000000050e+01
4.458399999999999636e+03 1.156000000000000050e+01
4.456899999999999636e+03 1.155899999999999928e+01
4.455199999999999818e+03 1.155799999999999983e+01
4.453500000000000000e+03 1.155700000000000038e+01
4.451699999999999818e+03 1.155599999999999916e+01
4.449899999999999636e+03 1.155400000000000027e+01
4.448199999999999818e+03 1.155300000000000082e+01
4.446399999999999636e+03 1.155100000000000016e+01
4.444600000000000364e+03 1.155000000000000071e+01
4.442800000000000182e+03 1.154800000000000004e+01
4.441000000000000000e+03 1.154700000000000060e+01
4.439199999999999818e+03 1.154499999999999993e+01
4.437399999999999636e+03 1.154400000000000048e+01
4.435600000000000364e+03 1.154199999999999982e+01
4.433800000000000182e+03 1.153999999999999915e+01
4.431899999999999636e+03 1.153899999999999970e+01
4.430100000000000364e+03 1.153700000000000081e+01
4.428300000000000182e+03 1.153500000000000014e+01
4.426500000000000000e+03 1.153400000000000070e+01
4.424699999999999818e+03 1.153200000000000003e+01
4.422899999999999636e+03 1.152999999999999936e+01
4.421100000000000364e+03 1.152899999999999991e+01
4.419199999999999818e+03 1.152699999999999925e+01
4.417399999999999636e+03 1.152500000000000036e+01
4.415600000000000364e+03 1.152299999999999969e+01
4.418800000000000182e+03 1.152299999999999969e+01
4.423199999999999818e+03 1.152399999999999913e+01
4.427699999999999818e+03 1.152599999999999980e+01
4.432399999999999636e+03 1.152800000000000047e+01
4.437100000000000364e+03 1.152999999999999936e+01
4.441899999999999636e+03 1.153299999999999947e+01
4.446699999999999818e+03 1.153599999999999959e+01
4.451500000000000000e+03 1.153999999999999915e+01
4.456399999999999636e+03 1.154299999999999926e+01
4.461199999999999818e+03 1.154700000000000060e+01
4.466100000000000364e+03 1.155100000000000016e+01
4.471000000000000000e+03 1.155499999999999972e+01
4.475899999999999636e+03 1.155899999999999928e+01
4.480800000000000182e+03 1.156300000000000061e+01
4.485699999999999818e+03 1.156700000000000017e+01
4.490600000000000364e+03 1.157199999999999918e+01
4.495500000000000000e+03 1.157600000000000051e+01
4.500399999999999636e+03 1.158099999999999952e+01
4.505399999999999636e+03 1.158600000000000030e+01
4.510300000000000182e+03 1.158999999999999986e+01
4.515199999999999818e+03 1.159500000000000064e+01
4.520199999999999818e+03 1.159999999999999964e+01
4.525100000000000364e+03 1.160500000000000043e+01
4.530100000000000364e+03 1.160899999999999999e+01
4.534100000000000364e+03 1.161400000000000077e+01
4.537899999999999636e+03 1.161899999999999977e+01
4.541699999999999818e+03 1.162299999999999933e+01
4.545500000000000000e+03 1.162700000000000067e+01
4.549300000000000182e+03 1.163199999999999967e+01
4.553000000000000000e+03 1.163599999999999923e+01
4.556800000000000182e+03 1.164000000000000057e+01
4.560600000000000364e+03 1.164400000000000013e+01
4.564300000000000182e+03 1.164899999999999913e+01
4.568100000000000364e+03 1.165300000000000047e+01
4.571800000000000182e+03 1.165700000000000003e+01
4.575600000000000364e+03 1.166099999999999959e+01
4.579300000000000182e+03 1.166600000000000037e+01
4.583100000000000364e+03 1.166999999999999993e+01
4.586800000000000182e+03 1.167399999999999949e+01
4.590600000000000364e+03 1.167800000000000082e+01
4.594300000000000182e+03 1.168200000000000038e+01
4.598100000000000364e+03 1.168699999999999939e+01
4.601800000000000182e+03 1.169100000000000072e+01
4.605600000000000364e+03 1.169500000000000028e+01
4.609300000000000182e+03 1.169899999999999984e+01
4.613100000000000364e+03 1.170299999999999940e+01
4.616800000000000182e+03 1.170800000000000018e+01
4.620600000000000364e+03 1.171199999999999974e+01
4.622300000000000182e+03 1.171499999999999986e+01
4.623500000000000000e+03 1.171899999999999942e+01
4.624699999999999818e+03 1.172199999999999953e+01
4.625800000000000182e+03 1.172400000000000020e+01
4.626899999999999636e+03 1.172700000000000031e+01
4.628000000000000000e+03 1.172899999999999920e+01
4.629100000000000364e+03 1.173199999999999932e+01
4.630199999999999818e+03 1.173399999999999999e+01
4.631199999999999818e+03 1.173600000000000065e+01
4.632300000000000182e+03 1.173799999999999955e+01
4.633300000000000182e+03 1.174000000000000021e+01
4.634399999999999636e+03 1.174200000000000088e+01
4.635399999999999636e+03 1.174399999999999977e+01
4.636500000000000000e+03 1.174600000000000044e+01
4.637500000000000000e+03 1.174799999999999933e+01
4.638600000000000364e+03 1.175000000000000000e+01
4.639600000000000364e+03 1.175200000000000067e+01
4.640600000000000364e+03 1.175399999999999956e+01
4.641699999999999818e+03 1.175600000000000023e+01
4.642699999999999818e+03 1.175799999999999912e+01
4.643699999999999818e+03 1.175900000000000034e+01
4.644699999999999818e+03 1.176099999999999923e+01
4.645800000000000182e+03 1.176299999999999990e+01
4.646800000000000182e+03 1.176399999999999935e+01
4.658800000000000182e+03 1.176900000000000013e+01
4.673100000000000364e+03 1.177599999999999980e+01
4.688000000000000000e+03 1.178500000000000014e+01
4.703000000000000000e+03 1.179499999999999993e+01
4.718300000000000182e+03 1.180599999999999916e+01
4.733600000000000364e+03 1.181799999999999962e+01
4.749000000000000000e+03 1.183000000000000007e+01
4.764399999999999636e+03 1.184200000000000053e+01
4.779899999999999636e+03 1.185500000000000043e+01
4.795399999999999636e+03 1.186800000000000033e+01
4.811000000000000000e+03 1.188199999999999967e+01
4.826600000000000364e+03 1.189499999999999957e+01
4.842199999999999818e+03 1.190900000000000070e+01
4.857800000000000182e+03 1.192300000000000004e+01
4.873500000000000000e+03 1.193800000000000061e+01
4.889100000000000364e+03 1.195199999999999996e+01
4.904800000000000182e+03 1.196700000000000053e+01
4.920500000000000000e+03 1.198099999999999987e+01
4.936199999999999818e+03 1.199600000000000044e+01
4.951899999999999636e+03 1.201099999999999923e+01
4.967600000000000364e+03 1.202599999999999980e+01
4.983300000000000182e+03 1.204100000000000037e+01
4.999000000000000000e+03 1.205599999999999916e+01
5.014800000000000182e+03 1.207099999999999973e+01
5.043199999999999818e+03 1.208900000000000041e+01
5.074199999999999818e+03 1.211100000000000065e+01
5.105800000000000182e+03 1.213400000000000034e+01
5.137600000000000364e+03 1.215799999999999947e+01
5.169699999999999818e+03 1.218200000000000038e+01
5.201800000000000182e+03 1.220800000000000018e+01
5.234000000000000000e+03 1.223399999999999999e+01
5.266300000000000182e+03 1.225999999999999979e+01
5.298699999999999818e+03 1.228700000000000081e+01
5.331000000000000000e+03 1.231400000000000006e+01
5.363500000000000000e+03 1.234099999999999930e+01
5.395899999999999636e+03 1.236899999999999977e+01
5.428399999999999636e+03 1.239700000000000024e+01
5.461000000000000000e+03 1.242399999999999949e+01
5.493500000000000000e+03 1.245199999999999996e+01
5.526100000000000364e+03 1.248000000000000043e+01
5.558600000000000364e+03 1.250799999999999912e+01
5.591199999999999818e+03 1.253599999999999959e+01
5.623699999999999818e+03 1.256400000000000006e+01
5.656300000000000182e+03 1.259099999999999930e+01
5.688800000000000182e+03 1.261899999999999977e+01
5.721399999999999636e+03 1.264700000000000024e+01
5.754000000000000000e+03 1.267500000000000071e+01
5.786699999999999818e+03 1.270299999999999940e+01
5.821500000000000000e+03 1.273099999999999987e+01
5.856800000000000182e+03 1.275900000000000034e+01
5.892199999999999818e+03 1.278700000000000081e+01
5.927600000000000364e+03 1.281499999999999950e+01
5.963000000000000000e+03 1.284399999999999942e+01
5.998500000000000000e+03 1.287199999999999989e+01
6.034000000000000000e+03 1.290000000000000036e+01
6.069399999999999636e+03 1.292699999999999960e+01
6.105000000000000000e+03 1.295500000000000007e+01
6.140500000000000000e+03 1.298199999999999932e+01
6.176000000000000000e+03 1.300900000000000034e+01
6.211500000000000000e+03 1.303599999999999959e+01
6.247000000000000000e+03 1.306300000000000061e+01
6.282399999999999636e+03 1.308900000000000041e+01
6.317899999999999636e+03 1.311599999999999966e+01
6.353300000000000182e+03 1.314199999999999946e+01
6.388800000000000182e+03 1.316799999999999926e+01
6.424199999999999818e+03 1.319400000000000084e+01
6.459699999999999818e+03 1.322000000000000064e+01
6.495100000000000364e+03 1.324600000000000044e+01
6.530500000000000000e+03 1.327100000000000080e+01
6.566000000000000000e+03 1.329700000000000060e+01
6.601399999999999636e+03 1.332199999999999918e+01
6.636800000000000182e+03 1.334800000000000075e+01
6.684500000000000000e+03 1.337599999999999945e+01
6.734500000000000000e+03 1.340600000000000058e+01
6.785000000000000000e+03 1.343699999999999939e+01
6.835699999999999818e+03 1.346799999999999997e+01
6.886500000000000000e+03 1.350000000000000000e+01
6.937399999999999636e+03 1.353299999999999947e+01
6.988300000000000182e+03 1.356499999999999950e+01
7.039300000000000182e+03 1.359800000000000075e+01
7.090399999999999636e+03 1.363100000000000023e+01
7.141500000000000000e+03 1.366399999999999970e+01
7.192600000000000364e+03 1.369699999999999918e+01
7.243800000000000182e+03 1.373000000000000043e+01
7.295000000000000000e+03 1.376299999999999990e+01
7.346300000000000182e+03 1.379599999999999937e+01
7.397699999999999818e+03 1.382799999999999940e+01
7.449100000000000364e+03 1.386100000000000065e+01
7.500399999999999636e+03 1.389300000000000068e+01
7.551699999999999818e+03 1.392500000000000071e+01
7.603000000000000000e+03 1.395700000000000074e+01
7.654199999999999818e+03 1.398900000000000077e+01
7.705399999999999636e+03 1.401999999999999957e+01
7.756399999999999636e+03 1.405199999999999960e+01
7.807500000000000000e+03 1.408399999999999963e+01
7.858399999999999636e+03 1.411599999999999966e+01
7.936399999999999636e+03 1.415300000000000047e+01
8.019500000000000000e+03 1.419500000000000028e+01
8.103500000000000000e+03 1.423799999999999955e+01
8.187800000000000182e+03 1.428200000000000003e+01
8.272399999999999636e+03 1.432699999999999996e+01
8.357299999999999272e+03 1.437299999999999933e+01
8.442399999999999636e+03 1.441999999999999993e+01
8.527700000000000728e+03 1.446700000000000053e+01
8.612600000000000364e+03 1.451399999999999935e+01
8.698299999999999272e+03 1.456099999999999994e+01
8.784100000000000364e+03 1.460699999999999932e+01
8.870200000000000728e+03 1.465300000000000047e+01
8.956200000000000728e+03 1.469800000000000040e+01
9.042600000000000364e+03 1.474200000000000088e+01
9.129600000000000364e+03 1.478400000000000070e+01
9.216799999999999272e+03 1.482499999999999929e+01
9.304500000000000000e+03 1.486299999999999955e+01
9.392000000000000000e+03 1.489899999999999913e+01
9.479500000000000000e+03 1.493299999999999983e+01
9.566700000000000728e+03 1.496599999999999930e+01
9.653700000000000728e+03 1.499699999999999989e+01
9.740799999999999272e+03 1.502599999999999980e+01
9.827000000000000000e+03 1.505499999999999972e+01
9.913399999999999636e+03 1.508300000000000018e+01
1.000600000000000000e+04 1.510999999999999943e+01
1.010000000000000000e+04 1.513799999999999990e+01
1.019400000000000000e+04 1.516399999999999970e+01
1.028900000000000000e+04 1.518900000000000006e+01
1.038300000000000000e+04 1.521400000000000041e+01
1.047700000000000000e+04 1.523700000000000010e+01
1.057200000000000000e+04 1.525900000000000034e+01
1.066600000000000000e+04 1.528100000000000058e+01
1.075900000000000000e+04 1.530300000000000082e+01
1.085300000000000000e+04 1.532399999999999984e+01
1.094700000000000000e+04 1.534399999999999942e+01
1.104100000000000000e+04 1.536400000000000077e+01
1.113500000000000000e+04 1.538299999999999912e+01
1.122900000000000000e+04 1.540199999999999925e+01
1.132200000000000000e+04 1.542099999999999937e+01
1.141600000000000000e+04 1.543900000000000006e+01
1.151000000000000000e+04 1.545700000000000074e+01
1.160300000000000000e+04 1.547400000000000020e+01
1.169700000000000000e+04 1.549099999999999966e+01
1.179100000000000000e+04 1.550799999999999912e+01
1.188500000000000000e+04 1.552399999999999913e+01
1.197900000000000000e+04 1.553999999999999915e+01
1.207300000000000000e+04 1.555499999999999972e+01
1.216700000000000000e+04 1.556900000000000084e+01
1.226700000000000000e+04 1.558399999999999963e+01
1.236800000000000000e+04 1.559900000000000020e+01
1.246900000000000000e+04 1.561400000000000077e+01
1.257000000000000000e+04 1.562800000000000011e+01
1.267100000000000000e+04 1.564300000000000068e+01
1.277200000000000000e+04 1.565700000000000003e+01
1.287200000000000000e+04 1.567200000000000060e+01
1.297300000000000000e+04 1.568699999999999939e+01
1.307300000000000000e+04 1.570199999999999996e+01
1.317400000000000000e+04 1.571799999999999997e+01
1.327400000000000000e+04 1.573300000000000054e+01
1.337400000000000000e+04 1.574900000000000055e+01
1.347500000000000000e+04 1.576600000000000001e+01
1.357500000000000000e+04 1.578299999999999947e+01
1.367500000000000000e+04 1.580000000000000071e+01
1.377500000000000000e+04 1.581900000000000084e+01
1.387500000000000000e+04 1.583799999999999919e+01
1.397500000000000000e+04 1.585800000000000054e+01
1.407500000000000000e+04 1.587899999999999956e+01
1.417500000000000000e+04 1.590199999999999925e+01
1.427500000000000000e+04 1.592500000000000071e+01
1.437400000000000000e+04 1.594999999999999929e+01
1.447500000000000000e+04 1.597499999999999964e+01
1.457400000000000000e+04 1.600199999999999889e+01
1.471400000000000000e+04 1.603300000000000125e+01
1.485800000000000000e+04 1.606800000000000139e+01
1.500500000000000000e+04 1.610399999999999920e+01
1.515100000000000000e+04 1.614000000000000057e+01
1.529700000000000000e+04 1.617699999999999960e+01
1.544300000000000000e+04 1.621600000000000108e+01
1.558900000000000000e+04 1.625499999999999901e+01
1.573400000000000000e+04 1.629599999999999937e+01
1.588100000000000000e+04 1.633599999999999852e+01
1.602700000000000000e+04 1.637699999999999889e+01
1.617300000000000000e+04 1.641799999999999926e+01
1.631800000000000000e+04 1.646000000000000085e+01
1.646400000000000000e+04 1.650199999999999889e+01
1.661000000000000000e+04 1.654500000000000171e+01
1.675500000000000000e+04 1.658800000000000097e+01
1.690100000000000000e+04 1.663299999999999912e+01
1.704700000000000000e+04 1.667800000000000082e+01
1.719300000000000000e+04 1.672400000000000020e+01
1.734000000000000000e+04 1.676899999999999835e+01
1.748600000000000000e+04 1.681500000000000128e+01
1.763300000000000000e+04 1.685999999999999943e+01
1.777900000000000000e+04 1.690500000000000114e+01
1.792500000000000000e+04 1.694999999999999929e+01
1.807200000000000000e+04 1.699500000000000099e+01
1.814300000000000000e+04 1.703300000000000125e+01
1.820500000000000000e+04 1.706599999999999895e+01
1.826700000000000000e+04 1.709600000000000009e+01
1.832700000000000000e+04 1.712500000000000000e+01
1.838700000000000000e+04 1.715200000000000102e+01
1.844900000000000000e+04 1.717599999999999838e+01
1.850900000000000000e+04 1.719900000000000162e+01
1.856900000000000000e+04 1.722100000000000009e+01
1.862900000000000000e+04 1.724200000000000088e+01
1.868800000000000000e+04 1.726099999999999923e+01
1.874800000000000000e+04 1.728000000000000114e+01
1.880900000000000000e+04 1.729899999999999949e+01
1.886900000000000000e+04 1.731700000000000017e+01
1.892700000000000000e+04 1.733500000000000085e+01
1.898600000000000000e+04 1.735300000000000153e+01
1.904500000000000000e+04 1.737000000000000099e+01
1.910300000000000000e+04 1.738700000000000045e+01
1.916200000000000000e+04 1.740399999999999991e+01
1.922100000000000000e+04 1.742099999999999937e+01
1.928000000000000000e+04 1.743799999999999883e+01
1.933900000000000000e+04 1.745400000000000063e+01
1.939800000000000000e+04 1.747100000000000009e+01
1.945700000000000000e+04 1.748799999999999955e+01
1.951600000000000000e+04 1.750400000000000134e+01
1.954100000000000000e+04 1.751800000000000068e+01
1.956200000000000000e+04 1.752899999999999991e+01
1.958200000000000000e+04 1.753900000000000148e+01
1.960200000000000000e+04 1.754899999999999949e+01
1.962200000000000000e+04 1.755799999999999983e+01
1.964200000000000000e+04 1.756599999999999895e+01
1.966100000000000000e+04 1.757499999999999929e+01
1.968100000000000000e+04 1.758299999999999841e+01
1.970100000000000000e+04 1.758999999999999986e+01
1.972000000000000000e+04 1.759799999999999898e+01
1.974000000000000000e+04 1.760500000000000043e+01
1.975900000000000000e+04 1.761299999999999955e+01
1.977900000000000000e+04 1.762000000000000099e+01
1.979900000000000000e+04 1.762699999999999889e+01
1.981800000000000000e+04 1.763400000000000034e+01
1.983800000000000000e+04 1.764000000000000057e+01
1.985700000000000000e+04 1.764699999999999847e+01
1.987700000000000000e+04 1.765299999999999869e+01
1.989600000000000000e+04 1.765899999999999892e+01
1.991600000000000000e+04 1.766600000000000037e+01
1.993500000000000000e+04 1.767200000000000060e+01
1.995500000000000000e+04 1.767800000000000082e+01
1.997400000000000000e+04 1.768400000000000105e+01
1.999400000000000000e+04 1.769000000000000128e+01
