2.540300000000000182e+03 9.161199999999999122e+00
1.092000000000000000e+03 7.735800000000000232e+00
2.366699999999999818e+03 8.389200000000000657e+00
2.632400000000000091e+03 8.693500000000000227e+00
2.738300000000000182e+03 8.895599999999999952e+00
2.810199999999999818e+03 9.042999999999999261e+00
2.861900000000000091e+03 9.157700000000000173e+00
2.900300000000000182e+03 9.250600000000000378e+00
2.929900000000000091e+03 9.327400000000000801e+00
2.952900000000000091e+03 9.392099999999999227e+00
2.971300000000000182e+03 9.447200000000000486e+00
2.986199999999999818e+03 9.494500000000000384e+00
2.998500000000000000e+03 9.535600000000000520e+00
3.008599999999999909e+03 9.571400000000000574e+00
3.017000000000000000e+03 9.602899999999999991e+00
3.024099999999999909e+03 9.630699999999999150e+00
3.030199999999999818e+03 9.655300000000000438e+00
3.035500000000000000e+03 9.677099999999999369e+00
3.040000000000000000e+03 9.696699999999999875e+00
3.044000000000000000e+03 9.714199999999999946e+00
3.047400000000000091e+03 9.729900000000000659e+00
3.050300000000000182e+03 9.744099999999999540e+00
3.052900000000000091e+03 9.756999999999999673e+00
3.055199999999999818e+03 9.768599999999999284e+00
3.057199999999999818e+03 9.779199999999999449e+00
3.059000000000000000e+03 9.788899999999999935e+00
3.060699999999999818e+03 9.797599999999999199e+00
3.062099999999999909e+03 9.805600000000000094e+00
3.063500000000000000e+03 9.812900000000000844e+00
3.064699999999999818e+03 9.819599999999999440e+00
3.065800000000000182e+03 9.825699999999999434e+00
3.066800000000000182e+03 9.831300000000000594e+00
3.067699999999999818e+03 9.836399999999999366e+00
3.068500000000000000e+03 9.841100000000000847e+00
3.069300000000000182e+03 9.845399999999999707e+00
3.070000000000000000e+03 9.849299999999999500e+00
3.070699999999999818e+03 9.852899999999999991e+00
3.071300000000000182e+03 9.856199999999999406e+00
3.071800000000000182e+03 9.859299999999999287e+00
3.072300000000000182e+03 9.862099999999999866e+00
3.072800000000000182e+03 9.864699999999999136e+00
3.073199999999999818e+03 9.867000000000000881e+00
3.073599999999999909e+03 9.869199999999999307e+00
3.074000000000000000e+03 9.871199999999999974e+00
3.074400000000000091e+03 9.872999999999999332e+00
3.074699999999999818e+03 9.874700000000000699e+00
3.075000000000000000e+03 9.876300000000000523e+00
3.075199999999999818e+03 9.877700000000000813e+00
3.075500000000000000e+03 9.878999999999999559e+00
3.075699999999999818e+03 9.880200000000000315e+00
3.075900000000000091e+03 9.881399999999999295e+00
3.076099999999999909e+03 9.882400000000000517e+00
3.076300000000000182e+03 9.883300000000000196e+00
3.076500000000000000e+03 9.884199999999999875e+00
3.076599999999999909e+03 9.884999999999999787e+00
3.076800000000000182e+03 9.885699999999999932e+00
3.076900000000000091e+03 9.886400000000000077e+00
3.077000000000000000e+03 9.887000000000000455e+00
3.077199999999999818e+03 9.887600000000000833e+00
3.077300000000000182e+03 9.888099999999999667e+00
3.077400000000000091e+03 9.888600000000000279e+00
3.077400000000000091e+03 9.889099999999999113e+00
3.077500000000000000e+03 9.889499999999999957e+00
3.077599999999999909e+03 9.889900000000000801e+00
3.077699999999999818e+03 9.890200000000000102e+00
3.077699999999999818e+03 9.890499999999999403e+00
3.077800000000000182e+03 9.890800000000000480e+00
3.077800000000000182e+03 9.891099999999999781e+00
3.077900000000000091e+03 9.891400000000000858e+00
3.077900000000000091e+03 9.891600000000000392e+00
3.078000000000000000e+03 9.891799999999999926e+00
3.078000000000000000e+03 9.891999999999999460e+00
3.078099999999999909e+03 9.892200000000000770e+00
3.078099999999999909e+03 9.892300000000000537e+00
3.078000000000000000e+03 9.892500000000000071e+00
3.077900000000000091e+03 9.892500000000000071e+00
3.077699999999999818e+03 9.892500000000000071e+00
3.077500000000000000e+03 9.892400000000000304e+00
3.077300000000000182e+03 9.892300000000000537e+00
3.077099999999999909e+03 9.892200000000000770e+00
3.076800000000000182e+03 9.891999999999999460e+00
3.076500000000000000e+03 9.891799999999999926e+00
3.076300000000000182e+03 9.891500000000000625e+00
3.076000000000000000e+03 9.891299999999999315e+00
3.075699999999999818e+03 9.891000000000000014e+00
3.075400000000000091e+03 9.890700000000000713e+00
3.075099999999999909e+03 9.890299999999999869e+00
3.074800000000000182e+03 9.890000000000000568e+00
3.074500000000000000e+03 9.889599999999999724e+00
3.074199999999999818e+03 9.889300000000000423e+00
3.073800000000000182e+03 9.888899999999999579e+00
3.073500000000000000e+03 9.888500000000000512e+00
3.073199999999999818e+03 9.888099999999999667e+00
3.072900000000000091e+03 9.887600000000000833e+00
3.072599999999999909e+03 9.887199999999999989e+00
3.072199999999999818e+03 9.886799999999999145e+00
3.071900000000000091e+03 9.886300000000000310e+00
3.071599999999999909e+03 9.885899999999999466e+00
3.071099999999999909e+03 9.885400000000000631e+00
3.070400000000000091e+03 9.884700000000000486e+00
3.069599999999999909e+03 9.883900000000000574e+00
3.068800000000000182e+03 9.882999999999999119e+00
3.067900000000000091e+03 9.881999999999999673e+00
3.066900000000000091e+03 9.881000000000000227e+00
3.065900000000000091e+03 9.879899999999999238e+00
3.064900000000000091e+03 9.878700000000000259e+00
3.063900000000000091e+03 9.877499999999999503e+00
3.062900000000000091e+03 9.876200000000000756e+00
3.061800000000000182e+03 9.874800000000000466e+00
3.060800000000000182e+03 9.873499999999999943e+00
3.059699999999999818e+03 9.872099999999999653e+00
3.058699999999999818e+03 9.870699999999999363e+00
3.057599999999999909e+03 9.869199999999999307e+00
3.056599999999999909e+03 9.867800000000000793e+00
3.055500000000000000e+03 9.866300000000000736e+00
3.054400000000000091e+03 9.864800000000000679e+00
3.053300000000000182e+03 9.863300000000000622e+00
3.052300000000000182e+03 9.861800000000000566e+00
3.051199999999999818e+03 9.860200000000000742e+00
3.050099999999999909e+03 9.858700000000000685e+00
3.049099999999999909e+03 9.857100000000000861e+00
3.048000000000000000e+03 9.855600000000000804e+00
3.047900000000000091e+03 9.854400000000000048e+00
3.048699999999999818e+03 9.853999999999999204e+00
3.050000000000000000e+03 9.854100000000000747e+00
3.051699999999999818e+03 9.854799999999999116e+00
3.053699999999999818e+03 9.855900000000000105e+00
3.055900000000000091e+03 9.857400000000000162e+00
3.058199999999999818e+03 9.859199999999999520e+00
3.060699999999999818e+03 9.861299999999999955e+00
3.063300000000000182e+03 9.863699999999999690e+00
3.066000000000000000e+03 9.866400000000000503e+00
3.068800000000000182e+03 9.869199999999999307e+00
3.071599999999999909e+03 9.872299999999999187e+00
3.074599999999999909e+03 9.875600000000000378e+00
3.077599999999999909e+03 9.878999999999999559e+00
3.080599999999999909e+03 9.882600000000000051e+00
3.083699999999999818e+03 9.886300000000000310e+00
3.086800000000000182e+03 9.890200000000000102e+00
3.090000000000000000e+03 9.894099999999999895e+00
3.093199999999999818e+03 9.898199999999999221e+00
3.096400000000000091e+03 9.902400000000000091e+00
3.099599999999999909e+03 9.906599999999999184e+00
3.102900000000000091e+03 9.910999999999999588e+00
3.106199999999999818e+03 9.915399999999999991e+00
3.109500000000000000e+03 9.919900000000000162e+00
3.112599999999999909e+03 9.924400000000000333e+00
3.115699999999999818e+03 9.928800000000000736e+00
3.118599999999999909e+03 9.933199999999999363e+00
3.121500000000000000e+03 9.937500000000000000e+00
3.124300000000000182e+03 9.941800000000000637e+00
3.127099999999999909e+03 9.945999999999999730e+00
3.129900000000000091e+03 9.950300000000000367e+00
3.132699999999999818e+03 9.954499999999999460e+00
3.135500000000000000e+03 9.958700000000000330e+00
3.138300000000000182e+03 9.962899999999999423e+00
3.141099999999999909e+03 9.967100000000000293e+00
3.143800000000000182e+03 9.971299999999999386e+00
3.146599999999999909e+03 9.975500000000000256e+00
3.149400000000000091e+03 9.979699999999999349e+00
3.152199999999999818e+03 9.983900000000000219e+00
3.155000000000000000e+03 9.987999999999999545e+00
3.157699999999999818e+03 9.992200000000000415e+00
3.160500000000000000e+03 9.996399999999999508e+00
3.163300000000000182e+03 1.000099999999999945e+01
3.166099999999999909e+03 1.000500000000000078e+01
3.168900000000000091e+03 1.000900000000000034e+01
3.171699999999999818e+03 1.001299999999999990e+01
3.174500000000000000e+03 1.001699999999999946e+01
3.177300000000000182e+03 1.002100000000000080e+01
3.179699999999999818e+03 1.002500000000000036e+01
3.181800000000000182e+03 1.002899999999999991e+01
3.183599999999999909e+03 1.003299999999999947e+01
3.185300000000000182e+03 1.003599999999999959e+01
3.186900000000000091e+03 1.003899999999999970e+01
3.188500000000000000e+03 1.004199999999999982e+01
3.189900000000000091e+03 1.004499999999999993e+01
3.191400000000000091e+03 1.004800000000000004e+01
3.192800000000000182e+03 1.005100000000000016e+01
3.194099999999999909e+03 1.005300000000000082e+01
3.195400000000000091e+03 1.005599999999999916e+01
3.196699999999999818e+03 1.005799999999999983e+01
3.198000000000000000e+03 1.006099999999999994e+01
3.199300000000000182e+03 1.006300000000000061e+01
3.200500000000000000e+03 1.006499999999999950e+01
3.201699999999999818e+03 1.006700000000000017e+01
3.202900000000000091e+03 1.006900000000000084e+01
3.204099999999999909e+03 1.007199999999999918e+01
3.205300000000000182e+03 1.007399999999999984e+01
3.206400000000000091e+03 1.007600000000000051e+01
3.207599999999999909e+03 1.007799999999999940e+01
3.208699999999999818e+03 1.008000000000000007e+01
3.209900000000000091e+03 1.008200000000000074e+01
3.211000000000000000e+03 1.008300000000000018e+01
3.214400000000000091e+03 1.008600000000000030e+01
3.219500000000000000e+03 1.008999999999999986e+01
3.225900000000000091e+03 1.009600000000000009e+01
3.233099999999999909e+03 1.010200000000000031e+01
3.240900000000000091e+03 1.010999999999999943e+01
3.249199999999999818e+03 1.011800000000000033e+01
3.257900000000000091e+03 1.012700000000000067e+01
3.266800000000000182e+03 1.013700000000000045e+01
3.276000000000000000e+03 1.014700000000000024e+01
3.285400000000000091e+03 1.015799999999999947e+01
3.294900000000000091e+03 1.016900000000000048e+01
3.304599999999999909e+03 1.017999999999999972e+01
3.314500000000000000e+03 1.019200000000000017e+01
3.324599999999999909e+03 1.020400000000000063e+01
3.334699999999999818e+03 1.021700000000000053e+01
3.345000000000000000e+03 1.023000000000000043e+01
3.355300000000000182e+03 1.024300000000000033e+01
3.365699999999999818e+03 1.025600000000000023e+01
3.376199999999999818e+03 1.026999999999999957e+01
3.386699999999999818e+03 1.028299999999999947e+01
3.397300000000000182e+03 1.029700000000000060e+01
3.408000000000000000e+03 1.031099999999999994e+01
3.418699999999999818e+03 1.032499999999999929e+01
3.429500000000000000e+03 1.033999999999999986e+01
3.442599999999999909e+03 1.035500000000000043e+01
3.457900000000000091e+03 1.037199999999999989e+01
3.474599999999999909e+03 1.039000000000000057e+01
3.492400000000000091e+03 1.041000000000000014e+01
3.510800000000000182e+03 1.042999999999999972e+01
3.529900000000000091e+03 1.045199999999999996e+01
3.549500000000000000e+03 1.047400000000000020e+01
3.569599999999999909e+03 1.049699999999999989e+01
3.590000000000000000e+03 1.052100000000000080e+01
3.610900000000000091e+03 1.054499999999999993e+01
3.632000000000000000e+03 1.056900000000000084e+01
3.653400000000000091e+03 1.059399999999999942e+01
3.674800000000000182e+03 1.061899999999999977e+01
3.696400000000000091e+03 1.064400000000000013e+01
3.717800000000000182e+03 1.066999999999999993e+01
3.739099999999999909e+03 1.069500000000000028e+01
3.760500000000000000e+03 1.072100000000000009e+01
3.782300000000000182e+03 1.074699999999999989e+01
3.804400000000000091e+03 1.077299999999999969e+01
3.826800000000000182e+03 1.079899999999999949e+01
3.849300000000000182e+03 1.082499999999999929e+01
3.872300000000000182e+03 1.085100000000000087e+01
3.895699999999999818e+03 1.087700000000000067e+01
3.919199999999999818e+03 1.090399999999999991e+01
3.943300000000000182e+03 1.092999999999999972e+01
3.968000000000000000e+03 1.095599999999999952e+01
3.993000000000000000e+03 1.098300000000000054e+01
4.018699999999999818e+03 1.100999999999999979e+01
4.044599999999999909e+03 1.103700000000000081e+01
4.071000000000000000e+03 1.106400000000000006e+01
4.097500000000000000e+03 1.109200000000000053e+01
4.124199999999999818e+03 1.111899999999999977e+01
4.151000000000000000e+03 1.114700000000000024e+01
4.178100000000000364e+03 1.117500000000000071e+01
4.205000000000000000e+03 1.120199999999999996e+01
4.231800000000000182e+03 1.123000000000000043e+01
4.258699999999999818e+03 1.125699999999999967e+01
4.285800000000000182e+03 1.128500000000000014e+01
4.312800000000000182e+03 1.131199999999999939e+01
4.339500000000000000e+03 1.133900000000000041e+01
4.366100000000000364e+03 1.136500000000000021e+01
4.392800000000000182e+03 1.139199999999999946e+01
4.419699999999999818e+03 1.141799999999999926e+01
4.446800000000000182e+03 1.144400000000000084e+01
4.473000000000000000e+03 1.146899999999999942e+01
4.499899999999999636e+03 1.149399999999999977e+01
4.527399999999999636e+03 1.151900000000000013e+01
4.554899999999999636e+03 1.154400000000000048e+01
4.584600000000000364e+03 1.156799999999999962e+01
4.616800000000000182e+03 1.159399999999999942e+01
4.650699999999999818e+03 1.161999999999999922e+01
4.685899999999999636e+03 1.164600000000000080e+01
4.722100000000000364e+03 1.167200000000000060e+01
4.759000000000000000e+03 1.169899999999999984e+01
4.796199999999999818e+03 1.172600000000000087e+01
4.834300000000000182e+03 1.175200000000000067e+01
4.873300000000000182e+03 1.177899999999999991e+01
4.913199999999999818e+03 1.180499999999999972e+01
4.954000000000000000e+03 1.183000000000000007e+01
4.995100000000000364e+03 1.185500000000000043e+01
5.036500000000000000e+03 1.187899999999999956e+01
5.077699999999999818e+03 1.190300000000000047e+01
5.119000000000000000e+03 1.192600000000000016e+01
5.160300000000000182e+03 1.194899999999999984e+01
5.201399999999999636e+03 1.197100000000000009e+01
5.242300000000000182e+03 1.199300000000000033e+01
5.282800000000000182e+03 1.201500000000000057e+01
5.322699999999999818e+03 1.203599999999999959e+01
5.362600000000000364e+03 1.205799999999999983e+01
5.402600000000000364e+03 1.207900000000000063e+01
5.442399999999999636e+03 1.209900000000000020e+01
5.482199999999999818e+03 1.211999999999999922e+01
5.527100000000000364e+03 1.214100000000000001e+01
5.576300000000000182e+03 1.216399999999999970e+01
5.628500000000000000e+03 1.218699999999999939e+01
5.682899999999999636e+03 1.221199999999999974e+01
5.738500000000000000e+03 1.223700000000000010e+01
5.795199999999999818e+03 1.226299999999999990e+01
5.852199999999999818e+03 1.228899999999999970e+01
5.909399999999999636e+03 1.231499999999999950e+01
5.966199999999999818e+03 1.234099999999999930e+01
6.022899999999999636e+03 1.236599999999999966e+01
6.079600000000000364e+03 1.239199999999999946e+01
6.135899999999999636e+03 1.241699999999999982e+01
6.192500000000000000e+03 1.244200000000000017e+01
6.248699999999999818e+03 1.246499999999999986e+01
6.305000000000000000e+03 1.248799999999999955e+01
6.361800000000000182e+03 1.251099999999999923e+01
6.419699999999999818e+03 1.253200000000000003e+01
6.477500000000000000e+03 1.255400000000000027e+01
6.535500000000000000e+03 1.257499999999999929e+01
6.592699999999999818e+03 1.259600000000000009e+01
6.649199999999999818e+03 1.261700000000000088e+01
6.704000000000000000e+03 1.263700000000000045e+01
6.757500000000000000e+03 1.265700000000000003e+01
6.810699999999999818e+03 1.267699999999999960e+01
6.863800000000000182e+03 1.269699999999999918e+01
6.917699999999999818e+03 1.271700000000000053e+01
6.971199999999999818e+03 1.273700000000000010e+01
7.024600000000000364e+03 1.275699999999999967e+01
7.077000000000000000e+03 1.277800000000000047e+01
7.129699999999999818e+03 1.279800000000000004e+01
7.182500000000000000e+03 1.281900000000000084e+01
7.235300000000000182e+03 1.284099999999999930e+01
7.288399999999999636e+03 1.286299999999999955e+01
7.342000000000000000e+03 1.288499999999999979e+01
7.394399999999999636e+03 1.290900000000000070e+01
7.445000000000000000e+03 1.293200000000000038e+01
7.492899999999999636e+03 1.295700000000000074e+01
7.540800000000000182e+03 1.298099999999999987e+01
7.588899999999999636e+03 1.300699999999999967e+01
7.636800000000000182e+03 1.303299999999999947e+01
7.684899999999999636e+03 1.305899999999999928e+01
7.733100000000000364e+03 1.308600000000000030e+01
7.781000000000000000e+03 1.311299999999999955e+01
7.829399999999999636e+03 1.314000000000000057e+01
7.877899999999999636e+03 1.316799999999999926e+01
7.926300000000000182e+03 1.319599999999999973e+01
7.975300000000000182e+03 1.322400000000000020e+01
8.025800000000000182e+03 1.325300000000000011e+01
8.076500000000000000e+03 1.328299999999999947e+01
8.127300000000000182e+03 1.331199999999999939e+01
8.178300000000000182e+03 1.334299999999999997e+01
8.229100000000000364e+03 1.337299999999999933e+01
8.279000000000000000e+03 1.340300000000000047e+01
8.329899999999999636e+03 1.343299999999999983e+01
8.383000000000000000e+03 1.346400000000000041e+01
8.437200000000000728e+03 1.349499999999999922e+01
8.492299999999999272e+03 1.352699999999999925e+01
8.548399999999999636e+03 1.355799999999999983e+01
8.605899999999999636e+03 1.358999999999999986e+01
8.664899999999999636e+03 1.362299999999999933e+01
8.725799999999999272e+03 1.365600000000000058e+01
8.789200000000000728e+03 1.368999999999999950e+01
8.855600000000000364e+03 1.372499999999999964e+01
8.925000000000000000e+03 1.376099999999999923e+01
8.994100000000000364e+03 1.379800000000000004e+01
9.065200000000000728e+03 1.383500000000000085e+01
9.138200000000000728e+03 1.387299999999999933e+01
9.211700000000000728e+03 1.391200000000000081e+01
9.286500000000000000e+03 1.395100000000000051e+01
9.362299999999999272e+03 1.399000000000000021e+01
9.438899999999999636e+03 1.402999999999999936e+01
9.516399999999999636e+03 1.407000000000000028e+01
9.602700000000000728e+03 1.411100000000000065e+01
9.701600000000000364e+03 1.415700000000000003e+01
9.801799999999999272e+03 1.420400000000000063e+01
9.901899999999999636e+03 1.425300000000000011e+01
1.000200000000000000e+04 1.430100000000000016e+01
1.010300000000000000e+04 1.434900000000000020e+01
1.020500000000000000e+04 1.439600000000000080e+01
1.030400000000000000e+04 1.444200000000000017e+01
1.040100000000000000e+04 1.448900000000000077e+01
1.049600000000000000e+04 1.453500000000000014e+01
1.058800000000000000e+04 1.458099999999999952e+01
1.067800000000000000e+04 1.462599999999999945e+01
1.076700000000000000e+04 1.467099999999999937e+01
1.085400000000000000e+04 1.471499999999999986e+01
1.094000000000000000e+04 1.475799999999999912e+01
1.102500000000000000e+04 1.480199999999999960e+01
1.111200000000000000e+04 1.484500000000000064e+01
1.120000000000000000e+04 1.488799999999999990e+01
1.128900000000000000e+04 1.493200000000000038e+01
1.137600000000000000e+04 1.497600000000000087e+01
1.146400000000000000e+04 1.501999999999999957e+01
1.155200000000000000e+04 1.506300000000000061e+01
1.163800000000000000e+04 1.510699999999999932e+01
1.172300000000000000e+04 1.515000000000000036e+01
1.179100000000000000e+04 1.518900000000000006e+01
1.185000000000000000e+04 1.522600000000000087e+01
1.190500000000000000e+04 1.525900000000000034e+01
1.195500000000000000e+04 1.529100000000000037e+01
1.200300000000000000e+04 1.532000000000000028e+01
1.204400000000000000e+04 1.534800000000000075e+01
1.208300000000000000e+04 1.537400000000000055e+01
1.211800000000000000e+04 1.539799999999999969e+01
1.215300000000000000e+04 1.541999999999999993e+01
1.218700000000000000e+04 1.544200000000000017e+01
1.222100000000000000e+04 1.546299999999999919e+01
1.225200000000000000e+04 1.548300000000000054e+01
1.228400000000000000e+04 1.550200000000000067e+01
1.231600000000000000e+04 1.552100000000000080e+01
1.234800000000000000e+04 1.553899999999999970e+01
1.238100000000000000e+04 1.555700000000000038e+01
1.241300000000000000e+04 1.557499999999999929e+01
1.244600000000000000e+04 1.559299999999999997e+01
1.247900000000000000e+04 1.560999999999999943e+01
1.251200000000000000e+04 1.562700000000000067e+01
1.254500000000000000e+04 1.564400000000000013e+01
1.257800000000000000e+04 1.566099999999999959e+01
1.261100000000000000e+04 1.567699999999999960e+01
1.264300000000000000e+04 1.569400000000000084e+01
1.266700000000000000e+04 1.570899999999999963e+01
1.268700000000000000e+04 1.572199999999999953e+01
1.270400000000000000e+04 1.573399999999999999e+01
1.272100000000000000e+04 1.574499999999999922e+01
1.273700000000000000e+04 1.575500000000000078e+01
1.275200000000000000e+04 1.576500000000000057e+01
1.276700000000000000e+04 1.577500000000000036e+01
1.278100000000000000e+04 1.578400000000000070e+01
1.279500000000000000e+04 1.579299999999999926e+01
1.280900000000000000e+04 1.580100000000000016e+01
1.282300000000000000e+04 1.580899999999999928e+01
1.283700000000000000e+04 1.581700000000000017e+01
1.285000000000000000e+04 1.582499999999999929e+01
1.286400000000000000e+04 1.583300000000000018e+01
1.287700000000000000e+04 1.583999999999999986e+01
1.289000000000000000e+04 1.584699999999999953e+01
1.290300000000000000e+04 1.585399999999999920e+01
1.291500000000000000e+04 1.586100000000000065e+01
1.292800000000000000e+04 1.586800000000000033e+01
1.294000000000000000e+04 1.587400000000000055e+01
1.295200000000000000e+04 1.588000000000000078e+01
1.296500000000000000e+04 1.588700000000000045e+01
1.297700000000000000e+04 1.589300000000000068e+01
1.298800000000000000e+04 1.589899999999999913e+01
1.299200000000000000e+04 1.590300000000000047e+01
