1.386599999999999909e+03 2.899999999999999800e-01
2.642000000000000000e+03 1.289299999999999891e+00
2.720900000000000091e+03 1.315299999999999914e+00
2.743000000000000000e+03 1.326100000000000056e+00
2.712900000000000091e+03 1.314200000000000035e+00
2.631099999999999909e+03 1.287400000000000100e+00
2.546099999999999909e+03 1.263300000000000090e+00
2.480099999999999909e+03 1.244499999999999940e+00
2.437900000000000091e+03 1.232499999999999929e+00
2.418199999999999818e+03 1.226799999999999891e+00
2.416500000000000000e+03 1.226299999999999946e+00
2.428500000000000000e+03 1.229600000000000026e+00
2.450099999999999909e+03 1.235600000000000032e+00
2.477800000000000182e+03 1.243300000000000072e+00
2.509199999999999818e+03 1.252199999999999980e+00
2.542599999999999909e+03 1.261600000000000055e+00
2.576800000000000182e+03 1.271300000000000097e+00
2.610800000000000182e+03 1.280899999999999928e+00
2.644000000000000000e+03 1.290300000000000002e+00
2.676000000000000000e+03 1.299400000000000110e+00
2.704900000000000091e+03 1.308599999999999985e+00
2.729300000000000182e+03 1.319600000000000106e+00
2.753699999999999818e+03 1.330600000000000005e+00
2.777199999999999818e+03 1.341199999999999948e+00
2.799500000000000000e+03 1.351299999999999946e+00
2.820699999999999818e+03 1.360899999999999999e+00
2.840500000000000000e+03 1.369899999999999896e+00
2.859099999999999909e+03 1.378300000000000081e+00
2.876400000000000091e+03 1.386200000000000099e+00
2.892500000000000000e+03 1.393499999999999961e+00
2.907400000000000091e+03 1.400300000000000100e+00
2.921199999999999818e+03 1.406500000000000083e+00
2.933900000000000091e+03 1.412300000000000111e+00
2.945599999999999909e+03 1.417699999999999960e+00
2.956500000000000000e+03 1.422600000000000087e+00
2.966400000000000091e+03 1.427100000000000035e+00
2.975599999999999909e+03 1.431300000000000017e+00
2.984000000000000000e+03 1.435100000000000042e+00
2.991699999999999818e+03 1.438600000000000101e+00
2.998900000000000091e+03 1.441799999999999971e+00
3.005900000000000091e+03 1.445000000000000062e+00
3.012300000000000182e+03 1.447799999999999976e+00
3.018000000000000000e+03 1.450399999999999912e+00
3.023199999999999818e+03 1.452800000000000091e+00
3.028000000000000000e+03 1.454900000000000082e+00
3.032300000000000182e+03 1.456800000000000095e+00
3.036300000000000182e+03 1.458599999999999897e+00
3.039900000000000091e+03 1.460199999999999942e+00
3.043199999999999818e+03 1.461699999999999999e+00
3.046199999999999818e+03 1.463000000000000078e+00
3.049000000000000000e+03 1.464299999999999935e+00
3.051500000000000000e+03 1.465400000000000036e+00
3.053900000000000091e+03 1.466499999999999915e+00
3.056000000000000000e+03 1.467400000000000038e+00
3.058000000000000000e+03 1.468299999999999939e+00
3.059800000000000182e+03 1.469100000000000072e+00
3.061400000000000091e+03 1.469899999999999984e+00
3.063000000000000000e+03 1.470499999999999918e+00
3.064400000000000091e+03 1.471200000000000063e+00
3.065699999999999818e+03 1.471799999999999997e+00
3.066900000000000091e+03 1.472299999999999942e+00
3.068000000000000000e+03 1.472800000000000109e+00
3.069000000000000000e+03 1.473200000000000065e+00
3.069900000000000091e+03 1.473600000000000021e+00
3.070699999999999818e+03 1.473999999999999977e+00
3.071500000000000000e+03 1.474399999999999933e+00
3.072199999999999818e+03 1.474699999999999900e+00
3.072900000000000091e+03 1.475000000000000089e+00
3.073500000000000000e+03 1.475300000000000056e+00
3.074099999999999909e+03 1.475500000000000034e+00
3.074599999999999909e+03 1.475700000000000012e+00
3.075099999999999909e+03 1.475999999999999979e+00
3.075500000000000000e+03 1.476199999999999957e+00
3.075900000000000091e+03 1.476299999999999946e+00
3.076300000000000182e+03 1.476499999999999924e+00
3.076599999999999909e+03 1.476599999999999913e+00
3.076900000000000091e+03 1.476799999999999891e+00
3.077199999999999818e+03 1.476900000000000102e+00
3.077500000000000000e+03 1.477000000000000091e+00
3.077699999999999818e+03 1.477100000000000080e+00
3.077900000000000091e+03 1.477200000000000069e+00
3.078099999999999909e+03 1.477300000000000058e+00
3.078300000000000182e+03 1.477400000000000047e+00
3.078500000000000000e+03 1.477500000000000036e+00
3.078599999999999909e+03 1.477500000000000036e+00
3.078699999999999818e+03 1.477600000000000025e+00
3.078699999999999818e+03 1.477600000000000025e+00
3.078800000000000182e+03 1.477600000000000025e+00
3.078800000000000182e+03 1.477600000000000025e+00
3.078800000000000182e+03 1.477600000000000025e+00
3.078800000000000182e+03 1.477600000000000025e+00
3.078800000000000182e+03 1.477600000000000025e+00
3.078699999999999818e+03 1.477600000000000025e+00
3.078599999999999909e+03 1.477600000000000025e+00
3.078500000000000000e+03 1.477500000000000036e+00
3.078400000000000091e+03 1.477500000000000036e+00
3.078300000000000182e+03 1.477400000000000047e+00
3.078099999999999909e+03 1.477300000000000058e+00
3.078000000000000000e+03 1.477300000000000058e+00
3.077800000000000182e+03 1.477200000000000069e+00
3.077599999999999909e+03 1.477100000000000080e+00
3.077400000000000091e+03 1.477000000000000091e+00
3.077199999999999818e+03 1.476900000000000102e+00
3.077000000000000000e+03 1.476799999999999891e+00
3.076699999999999818e+03 1.476699999999999902e+00
3.076500000000000000e+03 1.476599999999999913e+00
3.076199999999999818e+03 1.476499999999999924e+00
3.075900000000000091e+03 1.476299999999999946e+00
3.075500000000000000e+03 1.476199999999999957e+00
3.075099999999999909e+03 1.475999999999999979e+00
3.074699999999999818e+03 1.475800000000000001e+00
3.074300000000000182e+03 1.475600000000000023e+00
3.073800000000000182e+03 1.475400000000000045e+00
3.073300000000000182e+03 1.475200000000000067e+00
3.072699999999999818e+03 1.474900000000000100e+00
3.072099999999999909e+03 1.474699999999999900e+00
3.071500000000000000e+03 1.474399999999999933e+00
3.070800000000000182e+03 1.474099999999999966e+00
3.070099999999999909e+03 1.473799999999999999e+00
3.069400000000000091e+03 1.473500000000000032e+00
3.068699999999999818e+03 1.473100000000000076e+00
3.067900000000000091e+03 1.472800000000000109e+00
3.067099999999999909e+03 1.472399999999999931e+00
3.066300000000000182e+03 1.472099999999999964e+00
3.065400000000000091e+03 1.471700000000000008e+00
3.064599999999999909e+03 1.471300000000000052e+00
3.063699999999999818e+03 1.470900000000000096e+00
3.062900000000000091e+03 1.470599999999999907e+00
3.062099999999999909e+03 1.470199999999999951e+00
3.061300000000000182e+03 1.469899999999999984e+00
3.060599999999999909e+03 1.469600000000000017e+00
3.060099999999999909e+03 1.469300000000000050e+00
3.059699999999999818e+03 1.469100000000000072e+00
3.059500000000000000e+03 1.469000000000000083e+00
3.059500000000000000e+03 1.469000000000000083e+00
3.059599999999999909e+03 1.469100000000000072e+00
3.060000000000000000e+03 1.469200000000000061e+00
3.060500000000000000e+03 1.469500000000000028e+00
3.061199999999999818e+03 1.469799999999999995e+00
3.062099999999999909e+03 1.470199999999999951e+00
3.063199999999999818e+03 1.470599999999999907e+00
3.064400000000000091e+03 1.471200000000000063e+00
3.065800000000000182e+03 1.471799999999999997e+00
3.067300000000000182e+03 1.472499999999999920e+00
3.069000000000000000e+03 1.473200000000000065e+00
3.070800000000000182e+03 1.473999999999999977e+00
3.072699999999999818e+03 1.474900000000000100e+00
3.074699999999999818e+03 1.475800000000000001e+00
3.076900000000000091e+03 1.476699999999999902e+00
3.079199999999999818e+03 1.477700000000000014e+00
3.081500000000000000e+03 1.478799999999999892e+00
3.084000000000000000e+03 1.479899999999999993e+00
3.086500000000000000e+03 1.481000000000000094e+00
3.089000000000000000e+03 1.482099999999999973e+00
3.091699999999999818e+03 1.483300000000000063e+00
3.094400000000000091e+03 1.484499999999999931e+00
3.097099999999999909e+03 1.485700000000000021e+00
3.099800000000000182e+03 1.486900000000000110e+00
3.102599999999999909e+03 1.488199999999999967e+00
3.105400000000000091e+03 1.489400000000000057e+00
3.108199999999999818e+03 1.490599999999999925e+00
3.111000000000000000e+03 1.491900000000000004e+00
3.113800000000000182e+03 1.493100000000000094e+00
3.116599999999999909e+03 1.494399999999999951e+00
3.119500000000000000e+03 1.495700000000000029e+00
3.122300000000000182e+03 1.496899999999999897e+00
3.125099999999999909e+03 1.498199999999999976e+00
3.128000000000000000e+03 1.499400000000000066e+00
3.130800000000000182e+03 1.500699999999999923e+00
3.133699999999999818e+03 1.502000000000000002e+00
3.136500000000000000e+03 1.503200000000000092e+00
3.139300000000000182e+03 1.504499999999999948e+00
3.142199999999999818e+03 1.505800000000000027e+00
3.145000000000000000e+03 1.506999999999999895e+00
3.147900000000000091e+03 1.508299999999999974e+00
3.150699999999999818e+03 1.509600000000000053e+00
3.153500000000000000e+03 1.510799999999999921e+00
3.156300000000000182e+03 1.512100000000000000e+00
3.159099999999999909e+03 1.513300000000000090e+00
3.161800000000000182e+03 1.514499999999999957e+00
3.164500000000000000e+03 1.515700000000000047e+00
3.167099999999999909e+03 1.516799999999999926e+00
3.169599999999999909e+03 1.518000000000000016e+00
3.172099999999999909e+03 1.519099999999999895e+00
3.174500000000000000e+03 1.520100000000000007e+00
3.176800000000000182e+03 1.521200000000000108e+00
3.179099999999999909e+03 1.522199999999999998e+00
3.181199999999999818e+03 1.523200000000000109e+00
3.183400000000000091e+03 1.524100000000000010e+00
3.185400000000000091e+03 1.524999999999999911e+00
3.187400000000000091e+03 1.525900000000000034e+00
3.189400000000000091e+03 1.526799999999999935e+00
3.191300000000000182e+03 1.527600000000000069e+00
3.193099999999999909e+03 1.528399999999999981e+00
3.194900000000000091e+03 1.529199999999999893e+00
3.196699999999999818e+03 1.530000000000000027e+00
3.198400000000000091e+03 1.530799999999999939e+00
3.200099999999999909e+03 1.531500000000000083e+00
3.201699999999999818e+03 1.532299999999999995e+00
3.203400000000000091e+03 1.532999999999999918e+00
3.205099999999999909e+03 1.533800000000000052e+00
3.207000000000000000e+03 1.534599999999999964e+00
3.209000000000000000e+03 1.535500000000000087e+00
3.211300000000000182e+03 1.536499999999999977e+00
3.213900000000000091e+03 1.537600000000000078e+00
3.216800000000000182e+03 1.538899999999999935e+00
3.220000000000000000e+03 1.540300000000000002e+00
3.223599999999999909e+03 1.541900000000000048e+00
3.227599999999999909e+03 1.543700000000000072e+00
3.232000000000000000e+03 1.545600000000000085e+00
3.236800000000000182e+03 1.547700000000000076e+00
3.241900000000000091e+03 1.550000000000000044e+00
3.247300000000000182e+03 1.552400000000000002e+00
3.253199999999999818e+03 1.554999999999999938e+00
3.259300000000000182e+03 1.557700000000000085e+00
3.265800000000000182e+03 1.560599999999999987e+00
3.272599999999999909e+03 1.563600000000000101e+00
3.279599999999999909e+03 1.566699999999999982e+00
3.287000000000000000e+03 1.570000000000000062e+00
3.294599999999999909e+03 1.573299999999999921e+00
3.302500000000000000e+03 1.576799999999999979e+00
3.310599999999999909e+03 1.580400000000000027e+00
3.319000000000000000e+03 1.584100000000000064e+00
3.327599999999999909e+03 1.587900000000000089e+00
3.336599999999999909e+03 1.591900000000000093e+00
3.345900000000000091e+03 1.596000000000000085e+00
3.355599999999999909e+03 1.600300000000000056e+00
3.365900000000000091e+03 1.604800000000000004e+00
3.376599999999999909e+03 1.609499999999999931e+00
3.387800000000000182e+03 1.614500000000000046e+00
3.399599999999999909e+03 1.619699999999999918e+00
3.411900000000000091e+03 1.625099999999999989e+00
3.424800000000000182e+03 1.630800000000000027e+00
3.438300000000000182e+03 1.636700000000000044e+00
3.452400000000000091e+03 1.642900000000000027e+00
3.467000000000000000e+03 1.649299999999999988e+00
3.482099999999999909e+03 1.655999999999999917e+00
3.497699999999999818e+03 1.662900000000000045e+00
3.513900000000000091e+03 1.669899999999999940e+00
3.530500000000000000e+03 1.677200000000000024e+00
3.547500000000000000e+03 1.684700000000000086e+00
3.564900000000000091e+03 1.692399999999999904e+00
3.582699999999999818e+03 1.700099999999999945e+00
3.600800000000000182e+03 1.708099999999999952e+00
3.619300000000000182e+03 1.716099999999999959e+00
3.638000000000000000e+03 1.724299999999999944e+00
3.656900000000000091e+03 1.732599999999999918e+00
3.676099999999999909e+03 1.741000000000000103e+00
3.695500000000000000e+03 1.749400000000000066e+00
3.715000000000000000e+03 1.758000000000000007e+00
3.734699999999999818e+03 1.766599999999999948e+00
3.754599999999999909e+03 1.775199999999999889e+00
3.774599999999999909e+03 1.783900000000000041e+00
3.794599999999999909e+03 1.792599999999999971e+00
3.814699999999999818e+03 1.801299999999999901e+00
3.834900000000000091e+03 1.810100000000000042e+00
3.855099999999999909e+03 1.818799999999999972e+00
3.875500000000000000e+03 1.827599999999999891e+00
3.896000000000000000e+03 1.836500000000000021e+00
3.916500000000000000e+03 1.845399999999999929e+00
3.937099999999999909e+03 1.854300000000000059e+00
3.957900000000000091e+03 1.863299999999999956e+00
3.978699999999999818e+03 1.872300000000000075e+00
3.999599999999999909e+03 1.881299999999999972e+00
4.020800000000000182e+03 1.890099999999999891e+00
4.041800000000000182e+03 1.898700000000000054e+00
4.062599999999999909e+03 1.907299999999999995e+00
4.083400000000000091e+03 1.915799999999999947e+00
4.104100000000000364e+03 1.924400000000000110e+00
4.124899999999999636e+03 1.933000000000000052e+00
4.145699999999999818e+03 1.941500000000000004e+00
4.166399999999999636e+03 1.949999999999999956e+00
4.187199999999999818e+03 1.958599999999999897e+00
4.208300000000000182e+03 1.967300000000000049e+00
4.229800000000000182e+03 1.976199999999999957e+00
4.252000000000000000e+03 1.985300000000000065e+00
4.274699999999999818e+03 1.994799999999999907e+00
4.298100000000000364e+03 2.004399999999999959e+00
4.322199999999999818e+03 2.014400000000000190e+00
4.347300000000000182e+03 2.024700000000000166e+00
4.373399999999999636e+03 2.035499999999999865e+00
4.400600000000000364e+03 2.046800000000000175e+00
4.429100000000000364e+03 2.058600000000000207e+00
4.458800000000000182e+03 2.070899999999999963e+00
4.489600000000000364e+03 2.083699999999999886e+00
4.521300000000000182e+03 2.096900000000000208e+00
4.554100000000000364e+03 2.110500000000000043e+00
4.587800000000000182e+03 2.124499999999999833e+00
4.622699999999999818e+03 2.138999999999999790e+00
4.658500000000000000e+03 2.153999999999999915e+00
4.695399999999999636e+03 2.169399999999999995e+00
4.733100000000000364e+03 2.185200000000000031e+00
4.771500000000000000e+03 2.201299999999999812e+00
4.810600000000000364e+03 2.217699999999999783e+00
4.850500000000000000e+03 2.234500000000000153e+00
4.891300000000000182e+03 2.251700000000000035e+00
4.932899999999999636e+03 2.269299999999999873e+00
4.975300000000000182e+03 2.287199999999999900e+00
5.018300000000000182e+03 2.305400000000000116e+00
5.062000000000000000e+03 2.323999999999999844e+00
5.106500000000000000e+03 2.342900000000000205e+00
5.151899999999999636e+03 2.362200000000000077e+00
5.198199999999999818e+03 2.381899999999999906e+00
5.245500000000000000e+03 2.402000000000000135e+00
5.293800000000000182e+03 2.422600000000000087e+00
5.343899999999999636e+03 2.443400000000000016e+00
5.395199999999999818e+03 2.464700000000000113e+00
5.447300000000000182e+03 2.486299999999999955e+00
5.500199999999999818e+03 2.508199999999999985e+00
5.553699999999999818e+03 2.530400000000000205e+00
5.607399999999999636e+03 2.552700000000000191e+00
5.661399999999999636e+03 2.575099999999999945e+00
5.715500000000000000e+03 2.597500000000000142e+00
5.769600000000000364e+03 2.620000000000000107e+00
5.824000000000000000e+03 2.642599999999999838e+00
5.878699999999999818e+03 2.665299999999999780e+00
5.933600000000000364e+03 2.688099999999999934e+00
5.988500000000000000e+03 2.710900000000000087e+00
6.043300000000000182e+03 2.733699999999999797e+00
6.097800000000000182e+03 2.756299999999999972e+00
6.152100000000000364e+03 2.778900000000000148e+00
6.206300000000000182e+03 2.801499999999999879e+00
6.260399999999999636e+03 2.823999999999999844e+00
6.314800000000000182e+03 2.846600000000000019e+00
6.369199999999999818e+03 2.869099999999999984e+00
6.423500000000000000e+03 2.891700000000000159e+00
6.478100000000000364e+03 2.914400000000000102e+00
6.533699999999999818e+03 2.937300000000000022e+00
6.590100000000000364e+03 2.959600000000000009e+00
6.645600000000000364e+03 2.981500000000000039e+00
6.700399999999999636e+03 3.003200000000000092e+00
6.755500000000000000e+03 3.024900000000000144e+00
6.811199999999999818e+03 3.046899999999999942e+00
6.867300000000000182e+03 3.069100000000000161e+00
6.923899999999999636e+03 3.091499999999999915e+00
6.980699999999999818e+03 3.113999999999999879e+00
7.038100000000000364e+03 3.136600000000000055e+00
7.096199999999999818e+03 3.159600000000000186e+00
7.155600000000000364e+03 3.183100000000000041e+00
7.215899999999999636e+03 3.206900000000000084e+00
7.276199999999999818e+03 3.230799999999999894e+00
7.336500000000000000e+03 3.254599999999999937e+00
7.396100000000000364e+03 3.278200000000000003e+00
7.454800000000000182e+03 3.301499999999999879e+00
7.512800000000000182e+03 3.324500000000000011e+00
7.571100000000000364e+03 3.347700000000000120e+00
7.629300000000000182e+03 3.370899999999999785e+00
7.686600000000000364e+03 3.393800000000000150e+00
7.742899999999999636e+03 3.416399999999999881e+00
7.798600000000000364e+03 3.438600000000000101e+00
7.854000000000000000e+03 3.460799999999999876e+00
7.909500000000000000e+03 3.483000000000000096e+00
7.965100000000000364e+03 3.505199999999999871e+00
8.020699999999999818e+03 3.527499999999999858e+00
8.076600000000000364e+03 3.549799999999999844e+00
8.132800000000000182e+03 3.572299999999999809e+00
8.189600000000000364e+03 3.595000000000000195e+00
8.247299999999999272e+03 3.618100000000000094e+00
8.306100000000000364e+03 3.641599999999999948e+00
8.366899999999999636e+03 3.665299999999999780e+00
8.428899999999999636e+03 3.689200000000000035e+00
8.491899999999999636e+03 3.713499999999999801e+00
8.556100000000000364e+03 3.738199999999999967e+00
8.621399999999999636e+03 3.763399999999999856e+00
8.688000000000000000e+03 3.789099999999999913e+00
8.756000000000000000e+03 3.815399999999999903e+00
8.825500000000000000e+03 3.842200000000000060e+00
8.896899999999999636e+03 3.869800000000000129e+00
8.970299999999999272e+03 3.898099999999999898e+00
9.046200000000000728e+03 3.927400000000000002e+00
9.124399999999999636e+03 3.957599999999999785e+00
9.205000000000000000e+03 3.988599999999999923e+00
9.287399999999999636e+03 4.020400000000000418e+00
9.371000000000000000e+03 4.052699999999999747e+00
9.455299999999999272e+03 4.085300000000000153e+00
9.540000000000000000e+03 4.118000000000000327e+00
9.625000000000000000e+03 4.150900000000000034e+00
9.710399999999999636e+03 4.183900000000000396e+00
9.796000000000000000e+03 4.217100000000000293e+00
9.882500000000000000e+03 4.250499999999999723e+00
9.978600000000000364e+03 4.286699999999999733e+00
1.007800000000000000e+04 4.321799999999999642e+00
1.017600000000000000e+04 4.354800000000000004e+00
1.027200000000000000e+04 4.386999999999999567e+00
1.036700000000000000e+04 4.418800000000000061e+00
1.046100000000000000e+04 4.450300000000000367e+00
1.055500000000000000e+04 4.481600000000000250e+00
1.064800000000000000e+04 4.512800000000000367e+00
1.074100000000000000e+04 4.543800000000000061e+00
1.083300000000000000e+04 4.574499999999999567e+00
1.092400000000000000e+04 4.604700000000000237e+00
1.101300000000000000e+04 4.634199999999999875e+00
1.109900000000000000e+04 4.662899999999999601e+00
1.118200000000000000e+04 4.690800000000000303e+00
1.126300000000000000e+04 4.717699999999999783e+00
1.134100000000000000e+04 4.743400000000000283e+00
1.141500000000000000e+04 4.768200000000000216e+00
1.148600000000000000e+04 4.791900000000000048e+00
1.155400000000000000e+04 4.814499999999999780e+00
1.161900000000000000e+04 4.836000000000000298e+00
1.168000000000000000e+04 4.856399999999999828e+00
1.173900000000000000e+04 4.876000000000000334e+00
1.179500000000000000e+04 4.894599999999999618e+00
1.184800000000000000e+04 4.912300000000000111e+00
1.190000000000000000e+04 4.929400000000000226e+00
1.194900000000000000e+04 4.945800000000000196e+00
1.199700000000000000e+04 4.961599999999999788e+00
1.204300000000000000e+04 4.976899999999999658e+00
1.208800000000000000e+04 4.991699999999999804e+00
1.213100000000000000e+04 5.006099999999999994e+00
1.217400000000000000e+04 5.020199999999999996e+00
1.221500000000000000e+04 5.033900000000000041e+00
1.225600000000000000e+04 5.047399999999999665e+00
1.229500000000000000e+04 5.060500000000000220e+00
1.233300000000000000e+04 5.073100000000000165e+00
1.237000000000000000e+04 5.085300000000000153e+00
1.240500000000000000e+04 5.096899999999999764e+00
1.243900000000000000e+04 5.107899999999999885e+00
1.247000000000000000e+04 5.118400000000000283e+00
1.250000000000000000e+04 5.128300000000000303e+00
1.252800000000000000e+04 5.137699999999999712e+00
1.255500000000000000e+04 5.146700000000000053e+00
1.258100000000000000e+04 5.155100000000000016e+00
1.260500000000000000e+04 5.163199999999999790e+00
1.262900000000000000e+04 5.170899999999999608e+00
1.265100000000000000e+04 5.178300000000000125e+00
1.267200000000000000e+04 5.185299999999999798e+00
1.269300000000000000e+04 5.192099999999999937e+00
1.271200000000000000e+04 5.198599999999999888e+00
1.273100000000000000e+04 5.204900000000000304e+00
1.275000000000000000e+04 5.210899999999999643e+00
1.276700000000000000e+04 5.216700000000000337e+00
1.278500000000000000e+04 5.222400000000000375e+00
1.280100000000000000e+04 5.227899999999999991e+00
1.281700000000000000e+04 5.233200000000000074e+00
1.283300000000000000e+04 5.238400000000000389e+00
1.284800000000000000e+04 5.243400000000000283e+00
1.286300000000000000e+04 5.248300000000000409e+00
1.287700000000000000e+04 5.252799999999999692e+00
1.288900000000000000e+04 5.256999999999999673e+00
1.290000000000000000e+04 5.260699999999999932e+00
1.291000000000000000e+04 5.264100000000000001e+00
1.291900000000000000e+04 5.266899999999999693e+00
1.292600000000000000e+04 5.269400000000000084e+00
1.293300000000000000e+04 5.271399999999999864e+00
1.293700000000000000e+04 5.272999999999999687e+00
1.294100000000000000e+04 5.274300000000000210e+00
1.294400000000000000e+04 5.275199999999999889e+00
1.294600000000000000e+04 5.275800000000000267e+00
1.294700000000000000e+04 5.276200000000000223e+00
