2.691300000000000182e+03 3.622900000000000009e+00
2.839099999999999909e+03 3.589199999999999946e+00
2.771000000000000000e+03 3.549700000000000077e+00
2.517599999999999909e+03 3.409299999999999997e+00
2.396800000000000182e+03 3.281200000000000117e+00
2.347800000000000182e+03 3.196200000000000152e+00
2.341599999999999909e+03 3.146199999999999886e+00
2.358599999999999909e+03 3.124699999999999811e+00
2.388500000000000000e+03 3.125300000000000189e+00
2.425400000000000091e+03 3.141999999999999904e+00
2.465599999999999909e+03 3.169900000000000162e+00
2.506900000000000091e+03 3.205000000000000071e+00
2.547699999999999818e+03 3.244000000000000217e+00
2.587400000000000091e+03 3.284899999999999931e+00
2.625500000000000000e+03 3.326400000000000023e+00
2.661699999999999818e+03 3.367599999999999927e+00
2.695699999999999818e+03 3.407700000000000173e+00
2.727199999999999818e+03 3.446099999999999941e+00
2.756400000000000091e+03 3.482499999999999929e+00
2.783099999999999909e+03 3.516399999999999970e+00
2.807599999999999909e+03 3.547899999999999832e+00
2.829900000000000091e+03 3.576900000000000190e+00
2.850199999999999818e+03 3.603699999999999903e+00
2.868800000000000182e+03 3.628600000000000048e+00
2.885900000000000091e+03 3.651699999999999946e+00
2.901599999999999909e+03 3.673000000000000043e+00
2.916000000000000000e+03 3.692699999999999871e+00
2.929300000000000182e+03 3.710799999999999876e+00
2.941500000000000000e+03 3.727500000000000036e+00
2.952599999999999909e+03 3.742900000000000116e+00
2.962900000000000091e+03 3.756899999999999906e+00
2.972300000000000182e+03 3.769800000000000040e+00
2.980900000000000091e+03 3.781699999999999839e+00
2.988800000000000182e+03 3.792600000000000193e+00
2.996099999999999909e+03 3.802500000000000213e+00
3.002800000000000182e+03 3.811700000000000088e+00
3.008900000000000091e+03 3.820100000000000051e+00
3.014500000000000000e+03 3.827799999999999869e+00
3.019599999999999909e+03 3.834799999999999986e+00
3.024300000000000182e+03 3.841299999999999937e+00
3.028599999999999909e+03 3.847199999999999953e+00
3.032699999999999818e+03 3.852599999999999802e+00
3.036400000000000091e+03 3.857499999999999929e+00
3.039800000000000182e+03 3.862000000000000099e+00
3.042900000000000091e+03 3.866099999999999870e+00
3.045699999999999818e+03 3.869800000000000129e+00
3.048400000000000091e+03 3.873299999999999965e+00
3.050800000000000182e+03 3.876399999999999846e+00
3.053000000000000000e+03 3.879300000000000193e+00
3.055099999999999909e+03 3.882000000000000117e+00
3.056900000000000091e+03 3.884399999999999853e+00
3.058699999999999818e+03 3.886600000000000055e+00
3.060199999999999818e+03 3.888700000000000045e+00
3.061699999999999818e+03 3.890499999999999847e+00
3.063000000000000000e+03 3.892300000000000093e+00
3.064300000000000182e+03 3.893899999999999917e+00
3.065400000000000091e+03 3.895300000000000207e+00
3.066400000000000091e+03 3.896700000000000053e+00
3.067400000000000091e+03 3.897899999999999920e+00
3.068300000000000182e+03 3.899000000000000021e+00
3.069099999999999909e+03 3.900100000000000122e+00
3.069800000000000182e+03 3.900999999999999801e+00
3.070500000000000000e+03 3.901899999999999924e+00
3.071199999999999818e+03 3.902699999999999836e+00
3.071699999999999818e+03 3.903399999999999981e+00
3.072300000000000182e+03 3.904100000000000126e+00
3.072800000000000182e+03 3.904799999999999827e+00
3.073199999999999818e+03 3.905299999999999994e+00
3.073599999999999909e+03 3.905899999999999928e+00
3.074000000000000000e+03 3.906400000000000095e+00
3.074400000000000091e+03 3.906800000000000050e+00
3.074699999999999818e+03 3.907200000000000006e+00
3.075000000000000000e+03 3.907599999999999962e+00
3.075300000000000182e+03 3.907999999999999918e+00
3.075500000000000000e+03 3.908300000000000107e+00
3.075800000000000182e+03 3.908599999999999852e+00
3.076000000000000000e+03 3.908900000000000041e+00
3.076199999999999818e+03 3.909100000000000019e+00
3.076300000000000182e+03 3.909400000000000208e+00
3.076500000000000000e+03 3.909600000000000186e+00
3.076599999999999909e+03 3.909699999999999953e+00
3.076699999999999818e+03 3.909899999999999931e+00
3.076800000000000182e+03 3.910000000000000142e+00
3.076800000000000182e+03 3.910099999999999909e+00
3.076800000000000182e+03 3.910099999999999909e+00
3.076800000000000182e+03 3.910200000000000120e+00
3.076800000000000182e+03 3.910200000000000120e+00
3.076699999999999818e+03 3.910099999999999909e+00
3.076599999999999909e+03 3.910099999999999909e+00
3.076500000000000000e+03 3.910000000000000142e+00
3.076400000000000091e+03 3.909899999999999931e+00
3.076199999999999818e+03 3.909800000000000164e+00
3.076099999999999909e+03 3.909699999999999953e+00
3.075900000000000091e+03 3.909499999999999975e+00
3.075699999999999818e+03 3.909400000000000208e+00
3.075500000000000000e+03 3.909199999999999786e+00
3.075300000000000182e+03 3.908999999999999808e+00
3.075099999999999909e+03 3.908799999999999830e+00
3.074900000000000091e+03 3.908500000000000085e+00
3.074699999999999818e+03 3.908300000000000107e+00
3.074400000000000091e+03 3.908100000000000129e+00
3.074099999999999909e+03 3.907799999999999940e+00
3.073900000000000091e+03 3.907500000000000195e+00
3.073500000000000000e+03 3.907200000000000006e+00
3.073199999999999818e+03 3.906899999999999817e+00
3.072800000000000182e+03 3.906499999999999861e+00
3.072400000000000091e+03 3.906099999999999905e+00
3.071900000000000091e+03 3.905600000000000183e+00
3.071300000000000182e+03 3.905100000000000016e+00
3.070800000000000182e+03 3.904599999999999849e+00
3.070199999999999818e+03 3.903999999999999915e+00
3.069500000000000000e+03 3.903399999999999981e+00
3.068800000000000182e+03 3.902699999999999836e+00
3.068099999999999909e+03 3.902000000000000135e+00
3.067400000000000091e+03 3.901199999999999779e+00
3.066599999999999909e+03 3.900500000000000078e+00
3.065800000000000182e+03 3.899599999999999955e+00
3.065000000000000000e+03 3.898800000000000043e+00
3.064099999999999909e+03 3.897899999999999920e+00
3.063199999999999818e+03 3.896999999999999797e+00
3.062400000000000091e+03 3.896100000000000119e+00
3.061400000000000091e+03 3.895199999999999996e+00
3.060500000000000000e+03 3.894200000000000106e+00
3.059599999999999909e+03 3.893200000000000216e+00
3.058599999999999909e+03 3.892199999999999882e+00
3.057699999999999818e+03 3.891199999999999992e+00
3.056900000000000091e+03 3.890299999999999869e+00
3.056199999999999818e+03 3.889400000000000190e+00
3.055599999999999909e+03 3.888700000000000045e+00
3.055199999999999818e+03 3.888100000000000112e+00
3.055099999999999909e+03 3.887599999999999945e+00
3.055099999999999909e+03 3.887399999999999967e+00
3.055300000000000182e+03 3.887399999999999967e+00
3.055800000000000182e+03 3.887500000000000178e+00
3.056400000000000091e+03 3.887900000000000134e+00
3.057199999999999818e+03 3.888500000000000068e+00
3.058199999999999818e+03 3.889200000000000212e+00
3.059300000000000182e+03 3.890200000000000102e+00
3.060699999999999818e+03 3.891399999999999970e+00
3.062099999999999909e+03 3.892700000000000049e+00
3.063699999999999818e+03 3.894200000000000106e+00
3.065500000000000000e+03 3.895799999999999930e+00
3.067400000000000091e+03 3.897600000000000176e+00
3.069400000000000091e+03 3.899599999999999955e+00
3.071500000000000000e+03 3.901600000000000179e+00
3.073699999999999818e+03 3.903799999999999937e+00
3.076000000000000000e+03 3.906200000000000117e+00
3.078300000000000182e+03 3.908599999999999852e+00
3.080800000000000182e+03 3.911099999999999799e+00
3.083400000000000091e+03 3.913699999999999957e+00
3.085900000000000091e+03 3.916399999999999881e+00
3.088599999999999909e+03 3.919200000000000017e+00
3.091199999999999818e+03 3.922000000000000153e+00
3.093900000000000091e+03 3.924799999999999844e+00
3.096599999999999909e+03 3.927700000000000191e+00
3.099300000000000182e+03 3.930600000000000094e+00
3.102099999999999909e+03 3.933499999999999996e+00
3.104800000000000182e+03 3.936399999999999899e+00
3.107500000000000000e+03 3.939299999999999802e+00
3.110300000000000182e+03 3.942299999999999915e+00
3.113000000000000000e+03 3.945199999999999818e+00
3.115699999999999818e+03 3.948199999999999932e+00
3.118500000000000000e+03 3.951200000000000045e+00
3.121199999999999818e+03 3.954099999999999948e+00
3.124000000000000000e+03 3.957100000000000062e+00
3.126699999999999818e+03 3.959999999999999964e+00
3.129400000000000091e+03 3.963000000000000078e+00
3.132199999999999818e+03 3.965899999999999981e+00
3.134900000000000091e+03 3.968900000000000095e+00
3.137599999999999909e+03 3.971900000000000208e+00
3.140400000000000091e+03 3.974800000000000111e+00
3.143099999999999909e+03 3.977799999999999780e+00
3.145900000000000091e+03 3.980700000000000127e+00
3.148599999999999909e+03 3.983699999999999797e+00
3.151300000000000182e+03 3.986600000000000144e+00
3.154000000000000000e+03 3.989500000000000046e+00
3.156599999999999909e+03 3.992399999999999949e+00
3.159099999999999909e+03 3.995200000000000085e+00
3.161500000000000000e+03 3.997900000000000009e+00
3.163900000000000091e+03 4.000499999999999723e+00
3.166199999999999818e+03 4.003099999999999881e+00
3.168400000000000091e+03 4.005600000000000271e+00
3.170599999999999909e+03 4.008099999999999774e+00
3.172699999999999818e+03 4.010399999999999743e+00
3.174699999999999818e+03 4.012699999999999712e+00
3.176599999999999909e+03 4.014899999999999913e+00
3.178500000000000000e+03 4.017000000000000348e+00
3.180400000000000091e+03 4.019099999999999895e+00
3.182099999999999909e+03 4.021099999999999675e+00
3.183900000000000091e+03 4.022999999999999687e+00
3.185599999999999909e+03 4.024899999999999700e+00
3.187199999999999818e+03 4.026799999999999713e+00
3.188800000000000182e+03 4.028500000000000192e+00
3.190400000000000091e+03 4.030300000000000438e+00
3.191900000000000091e+03 4.032000000000000028e+00
3.193400000000000091e+03 4.033599999999999852e+00
3.194800000000000182e+03 4.035300000000000331e+00
3.196300000000000182e+03 4.036900000000000155e+00
3.198000000000000000e+03 4.038599999999999746e+00
3.199900000000000091e+03 4.040399999999999991e+00
3.202199999999999818e+03 4.042500000000000426e+00
3.204800000000000182e+03 4.044900000000000162e+00
3.207900000000000091e+03 4.047699999999999854e+00
3.211400000000000091e+03 4.050799999999999734e+00
3.215300000000000182e+03 4.054299999999999571e+00
3.219599999999999909e+03 4.058200000000000252e+00
3.224300000000000182e+03 4.062500000000000000e+00
3.229500000000000000e+03 4.067199999999999704e+00
3.235000000000000000e+03 4.072300000000000253e+00
3.240800000000000182e+03 4.077799999999999869e+00
3.247000000000000000e+03 4.083700000000000330e+00
3.253599999999999909e+03 4.089900000000000091e+00
3.260400000000000091e+03 4.096400000000000041e+00
3.267599999999999909e+03 4.103299999999999947e+00
3.275000000000000000e+03 4.110500000000000043e+00
3.282699999999999818e+03 4.117899999999999672e+00
3.290699999999999818e+03 4.125600000000000378e+00
3.298900000000000091e+03 4.133600000000000385e+00
3.307400000000000091e+03 4.141899999999999693e+00
3.316099999999999909e+03 4.150299999999999656e+00
3.324900000000000091e+03 4.158999999999999808e+00
3.334099999999999909e+03 4.167900000000000382e+00
3.343699999999999818e+03 4.177200000000000024e+00
3.353699999999999818e+03 4.186799999999999855e+00
3.364300000000000182e+03 4.196900000000000297e+00
3.375599999999999909e+03 4.207399999999999807e+00
3.387400000000000091e+03 4.218499999999999694e+00
3.399900000000000091e+03 4.230100000000000193e+00
3.413099999999999909e+03 4.242399999999999949e+00
3.427000000000000000e+03 4.255200000000000315e+00
3.441500000000000000e+03 4.268500000000000405e+00
3.456599999999999909e+03 4.282399999999999984e+00
3.472300000000000182e+03 4.296800000000000175e+00
3.488500000000000000e+03 4.311799999999999855e+00
3.505199999999999818e+03 4.327099999999999724e+00
3.522400000000000091e+03 4.342900000000000205e+00
3.540099999999999909e+03 4.359099999999999753e+00
3.558199999999999818e+03 4.375700000000000145e+00
3.576699999999999818e+03 4.392699999999999605e+00
3.595500000000000000e+03 4.410000000000000142e+00
3.614800000000000182e+03 4.427599999999999980e+00
3.634300000000000182e+03 4.445400000000000240e+00
3.654000000000000000e+03 4.463499999999999801e+00
3.674000000000000000e+03 4.481799999999999784e+00
3.694099999999999909e+03 4.500200000000000422e+00
3.714400000000000091e+03 4.518699999999999939e+00
3.734699999999999818e+03 4.537300000000000111e+00
3.755300000000000182e+03 4.555900000000000283e+00
3.775900000000000091e+03 4.574600000000000222e+00
3.796599999999999909e+03 4.593300000000000161e+00
3.817300000000000182e+03 4.611900000000000333e+00
3.838099999999999909e+03 4.630499999999999616e+00
3.859000000000000000e+03 4.649000000000000021e+00
3.879900000000000091e+03 4.667500000000000426e+00
3.900800000000000182e+03 4.685900000000000176e+00
3.921800000000000182e+03 4.704299999999999926e+00
3.942900000000000091e+03 4.722800000000000331e+00
3.964199999999999818e+03 4.741399999999999615e+00
3.985800000000000182e+03 4.759999999999999787e+00
4.007099999999999909e+03 4.778699999999999726e+00
4.028400000000000091e+03 4.797299999999999898e+00
4.049699999999999818e+03 4.815900000000000070e+00
4.070500000000000000e+03 4.834299999999999820e+00
4.090800000000000182e+03 4.852299999999999613e+00
4.111100000000000364e+03 4.870099999999999874e+00
4.131600000000000364e+03 4.887800000000000367e+00
4.152199999999999818e+03 4.905599999999999739e+00
4.173199999999999818e+03 4.923399999999999999e+00
4.194100000000000364e+03 4.941200000000000259e+00
4.214800000000000182e+03 4.958800000000000097e+00
4.235800000000000182e+03 4.976499999999999702e+00
4.257399999999999636e+03 4.994399999999999729e+00
4.279800000000000182e+03 5.012800000000000367e+00
4.303100000000000364e+03 5.031699999999999839e+00
4.327300000000000182e+03 5.051099999999999923e+00
4.352000000000000000e+03 5.070999999999999730e+00
4.377699999999999818e+03 5.091400000000000148e+00
4.404699999999999818e+03 5.112700000000000244e+00
4.432899999999999636e+03 5.134800000000000253e+00
4.462500000000000000e+03 5.157899999999999707e+00
4.493399999999999636e+03 5.182000000000000384e+00
4.525699999999999818e+03 5.206900000000000084e+00
4.559100000000000364e+03 5.232700000000000351e+00
4.592899999999999636e+03 5.258899999999999686e+00
4.627500000000000000e+03 5.285700000000000287e+00
4.663399999999999636e+03 5.313100000000000378e+00
4.700399999999999636e+03 5.341300000000000381e+00
4.738100000000000364e+03 5.370000000000000107e+00
4.776600000000000364e+03 5.399099999999999788e+00
4.815899999999999636e+03 5.428899999999999615e+00
4.855800000000000182e+03 5.459200000000000053e+00
4.896899999999999636e+03 5.489899999999999558e+00
4.938100000000000364e+03 5.520800000000000374e+00
4.980300000000000182e+03 5.551999999999999602e+00
5.023399999999999636e+03 5.583499999999999908e+00
5.066800000000000182e+03 5.614600000000000257e+00
5.111300000000000182e+03 5.645500000000000185e+00
5.156899999999999636e+03 5.676300000000000345e+00
5.203399999999999636e+03 5.707200000000000273e+00
5.250399999999999636e+03 5.738400000000000389e+00
5.298699999999999818e+03 5.769899999999999807e+00
5.349000000000000000e+03 5.801499999999999879e+00
5.400800000000000182e+03 5.833300000000000374e+00
5.455000000000000000e+03 5.865099999999999980e+00
5.512600000000000364e+03 5.895699999999999719e+00
5.571399999999999636e+03 5.925300000000000011e+00
5.631300000000000182e+03 5.954100000000000392e+00
5.690800000000000182e+03 5.981900000000000439e+00
5.749300000000000182e+03 6.008300000000000196e+00
5.807300000000000182e+03 6.033400000000000318e+00
5.865000000000000000e+03 6.057400000000000340e+00
5.922300000000000182e+03 6.080400000000000027e+00
5.979899999999999636e+03 6.102699999999999569e+00
6.038399999999999636e+03 6.124100000000000321e+00
6.096600000000000364e+03 6.144700000000000273e+00
6.155399999999999636e+03 6.164699999999999847e+00
6.213500000000000000e+03 6.183900000000000396e+00
6.271199999999999818e+03 6.202499999999999680e+00
6.329300000000000182e+03 6.220600000000000129e+00
6.388699999999999818e+03 6.238299999999999734e+00
6.448699999999999818e+03 6.255799999999999805e+00
6.509199999999999818e+03 6.273100000000000342e+00
6.570300000000000182e+03 6.290300000000000225e+00
6.631500000000000000e+03 6.307400000000000340e+00
6.692100000000000364e+03 6.324600000000000222e+00
6.752899999999999636e+03 6.341800000000000104e+00
6.812699999999999818e+03 6.358900000000000219e+00
6.871699999999999818e+03 6.376000000000000334e+00
6.930500000000000000e+03 6.393299999999999983e+00
6.989199999999999818e+03 6.410800000000000054e+00
7.047800000000000182e+03 6.428600000000000314e+00
7.106199999999999818e+03 6.446699999999999875e+00
7.164300000000000182e+03 6.464999999999999858e+00
7.222500000000000000e+03 6.483799999999999564e+00
7.281000000000000000e+03 6.503199999999999648e+00
7.340100000000000364e+03 6.523399999999999643e+00
7.398800000000000182e+03 6.544800000000000395e+00
7.456000000000000000e+03 6.567700000000000315e+00
7.509300000000000182e+03 6.591599999999999682e+00
7.560699999999999818e+03 6.616399999999999615e+00
7.610699999999999818e+03 6.642299999999999649e+00
7.659800000000000182e+03 6.669200000000000017e+00
7.708399999999999636e+03 6.697400000000000020e+00
7.756399999999999636e+03 6.726799999999999891e+00
7.804100000000000364e+03 6.757399999999999629e+00
7.851199999999999818e+03 6.789299999999999891e+00
7.899300000000000182e+03 6.822099999999999831e+00
7.949100000000000364e+03 6.855100000000000193e+00
7.999600000000000364e+03 6.888300000000000090e+00
8.050899999999999636e+03 6.921999999999999709e+00
8.102800000000000182e+03 6.956000000000000405e+00
8.155399999999999636e+03 6.990400000000000169e+00
8.209399999999999636e+03 7.025100000000000122e+00
8.265299999999999272e+03 7.059800000000000075e+00
8.322399999999999636e+03 7.094699999999999562e+00
8.380899999999999636e+03 7.129900000000000126e+00
8.441000000000000000e+03 7.165499999999999758e+00
8.502700000000000728e+03 7.201600000000000001e+00
8.566200000000000728e+03 7.238199999999999967e+00
8.631100000000000364e+03 7.275500000000000078e+00
8.697200000000000728e+03 7.313299999999999912e+00
8.764799999999999272e+03 7.351600000000000357e+00
8.833700000000000728e+03 7.390600000000000058e+00
8.903700000000000728e+03 7.430100000000000371e+00
8.975500000000000000e+03 7.470299999999999940e+00
9.050100000000000364e+03 7.511300000000000310e+00
9.128200000000000728e+03 7.553499999999999659e+00
9.209299999999999272e+03 7.597000000000000419e+00
9.293200000000000728e+03 7.641899999999999693e+00
9.380100000000000364e+03 7.687999999999999723e+00
9.468200000000000728e+03 7.735299999999999621e+00
9.556600000000000364e+03 7.783199999999999896e+00
9.644399999999999636e+03 7.831299999999999706e+00
9.731299999999999272e+03 7.879500000000000171e+00
9.817500000000000000e+03 7.927500000000000213e+00
9.904500000000000000e+03 7.975699999999999790e+00
9.991700000000000728e+03 8.023799999999999599e+00
1.007900000000000000e+04 8.072100000000000719e+00
1.016700000000000000e+04 8.120499999999999829e+00
1.025500000000000000e+04 8.168900000000000716e+00
1.034300000000000000e+04 8.217299999999999827e+00
1.043300000000000000e+04 8.265299999999999869e+00
1.052300000000000000e+04 8.312799999999999301e+00
1.061400000000000000e+04 8.359799999999999898e+00
1.070500000000000000e+04 8.406399999999999650e+00
1.079700000000000000e+04 8.452600000000000335e+00
1.088800000000000000e+04 8.498499999999999943e+00
1.097800000000000000e+04 8.544000000000000483e+00
1.106700000000000000e+04 8.588800000000000878e+00
1.115300000000000000e+04 8.632400000000000517e+00
1.123500000000000000e+04 8.674799999999999400e+00
1.131500000000000000e+04 8.715799999999999770e+00
1.139100000000000000e+04 8.755200000000000315e+00
1.146400000000000000e+04 8.793200000000000571e+00
1.153300000000000000e+04 8.829399999999999693e+00
1.159900000000000000e+04 8.864000000000000767e+00
1.166100000000000000e+04 8.897000000000000242e+00
1.172000000000000000e+04 8.928200000000000358e+00
1.177600000000000000e+04 8.957900000000000418e+00
1.183000000000000000e+04 8.986100000000000421e+00
1.188100000000000000e+04 9.012999999999999901e+00
1.193000000000000000e+04 9.038600000000000634e+00
1.197800000000000000e+04 9.063100000000000378e+00
1.202300000000000000e+04 9.086600000000000676e+00
1.206700000000000000e+04 9.109199999999999520e+00
1.211100000000000000e+04 9.131000000000000227e+00
1.215300000000000000e+04 9.151999999999999247e+00
1.219400000000000000e+04 9.172399999999999665e+00
1.223400000000000000e+04 9.192299999999999471e+00
1.227400000000000000e+04 9.211600000000000676e+00
1.231300000000000000e+04 9.230499999999999261e+00
1.235100000000000000e+04 9.248900000000000787e+00
1.238800000000000000e+04 9.266799999999999926e+00
1.242300000000000000e+04 9.284000000000000696e+00
1.245500000000000000e+04 9.300300000000000011e+00
1.248600000000000000e+04 9.315899999999999181e+00
1.251500000000000000e+04 9.330600000000000449e+00
1.254300000000000000e+04 9.344599999999999795e+00
1.256800000000000000e+04 9.357799999999999230e+00
1.259300000000000000e+04 9.370300000000000296e+00
1.261600000000000000e+04 9.382099999999999440e+00
1.263900000000000000e+04 9.393399999999999750e+00
1.266000000000000000e+04 9.404099999999999682e+00
1.268100000000000000e+04 9.414300000000000779e+00
1.270000000000000000e+04 9.424099999999999255e+00
1.271900000000000000e+04 9.433400000000000674e+00
1.273800000000000000e+04 9.442399999999999238e+00
1.275600000000000000e+04 9.451100000000000279e+00
1.277300000000000000e+04 9.459400000000000475e+00
1.279000000000000000e+04 9.467399999999999594e+00
1.280600000000000000e+04 9.475199999999999179e+00
1.282200000000000000e+04 9.482799999999999230e+00
1.283700000000000000e+04 9.490099999999999980e+00
1.285200000000000000e+04 9.497199999999999420e+00
1.286700000000000000e+04 9.504099999999999326e+00
1.288100000000000000e+04 9.510799999999999699e+00
1.289400000000000000e+04 9.517200000000000770e+00
1.290500000000000000e+04 9.523199999999999221e+00
1.291500000000000000e+04 9.528499999999999304e+00
1.292400000000000000e+04 9.533300000000000551e+00
1.293000000000000000e+04 9.537399999999999878e+00
1.293600000000000000e+04 9.541000000000000369e+00
1.294000000000000000e+04 9.543900000000000716e+00
1.294300000000000000e+04 9.546300000000000452e+00
1.294500000000000000e+04 9.548199999999999577e+00
1.294700000000000000e+04 9.549599999999999866e+00
