2.588800000000000182e+03 8.384900000000000020e+00
-1.385000000000000000e+02 7.242300000000000182e+00
1.872700000000000045e+03 7.521399999999999864e+00
2.140300000000000182e+03 7.733350000000000612e+00
2.347699999999999818e+03 7.897800000000000153e+00
2.485500000000000000e+03 8.032750000000000057e+00
2.585900000000000091e+03 8.146650000000001057e+00
2.662599999999999909e+03 8.244099999999999540e+00
2.722800000000000182e+03 8.328250000000000597e+00
2.770900000000000091e+03 8.401149999999999451e+00
2.810400000000000091e+03 8.464449999999999363e+00
2.843199999999999818e+03 8.519849999999999923e+00
2.870900000000000091e+03 8.568500000000000227e+00
2.894500000000000000e+03 8.611399999999999721e+00
2.914699999999999818e+03 8.649449999999999861e+00
2.931900000000000091e+03 8.683299999999999130e+00
2.946699999999999818e+03 8.713350000000000151e+00
2.959699999999999818e+03 8.740299999999999514e+00
2.971099999999999909e+03 8.764400000000000190e+00
2.981099999999999909e+03 8.786049999999999471e+00
2.989800000000000182e+03 8.805699999999999861e+00
2.997800000000000182e+03 8.823399999999999466e+00
3.004900000000000091e+03 8.839500000000001023e+00
3.011300000000000182e+03 8.854099999999998971e+00
3.017199999999999818e+03 8.867350000000000065e+00
3.022400000000000091e+03 8.879400000000000404e+00
3.027199999999999818e+03 8.890399999999999636e+00
3.031500000000000000e+03 8.900449999999999307e+00
3.035400000000000091e+03 8.909649999999999181e+00
3.039000000000000000e+03 8.917999999999999261e+00
3.042199999999999818e+03 8.925699999999999079e+00
3.045199999999999818e+03 8.932749999999998636e+00
3.047900000000000091e+03 8.939149999999999707e+00
3.050300000000000182e+03 8.945050000000000168e+00
3.052599999999999909e+03 8.950399999999998357e+00
3.054699999999999818e+03 8.955349999999999255e+00
3.056599999999999909e+03 8.959900000000001086e+00
3.058300000000000182e+03 8.963999999999998636e+00
3.059900000000000091e+03 8.967850000000000321e+00
3.061400000000000091e+03 8.971350000000001046e+00
3.062800000000000182e+03 8.974550000000000693e+00
3.064000000000000000e+03 8.977499999999999147e+00
3.065199999999999818e+03 8.980199999999999960e+00
3.066199999999999818e+03 8.982649999999999579e+00
3.067199999999999818e+03 8.984949999999999548e+00
3.068099999999999909e+03 8.987049999999999983e+00
3.068900000000000091e+03 8.989000000000000767e+00
3.069599999999999909e+03 8.990800000000000125e+00
3.070300000000000182e+03 8.992449999999999832e+00
3.071000000000000000e+03 8.993900000000000006e+00
3.071599999999999909e+03 8.995300000000000296e+00
3.072099999999999909e+03 8.996549999999999159e+00
3.072599999999999909e+03 8.997700000000000031e+00
3.073099999999999909e+03 8.998799999999999244e+00
3.073500000000000000e+03 8.999800000000000466e+00
3.073900000000000091e+03 9.000699999999998369e+00
3.074300000000000182e+03 9.001549999999999940e+00
3.074599999999999909e+03 9.002349999999999852e+00
3.074900000000000091e+03 9.003049999999999997e+00
3.075199999999999818e+03 9.003650000000000375e+00
3.075500000000000000e+03 9.004249999999998977e+00
3.075699999999999818e+03 9.004850000000001131e+00
3.075900000000000091e+03 9.005349999999999966e+00
3.076099999999999909e+03 9.005800000000000693e+00
3.076300000000000182e+03 9.006250000000001421e+00
3.076500000000000000e+03 9.006650000000000489e+00
3.076599999999999909e+03 9.006999999999999673e+00
3.076800000000000182e+03 9.007349999999998857e+00
3.076900000000000091e+03 9.007649999999999935e+00
3.077000000000000000e+03 9.007949999999999235e+00
3.077199999999999818e+03 9.008200000000000429e+00
3.077300000000000182e+03 9.008449999999999847e+00
3.077400000000000091e+03 9.008649999999999380e+00
3.077400000000000091e+03 9.008850000000000691e+00
3.077500000000000000e+03 9.009050000000000225e+00
3.077599999999999909e+03 9.009149999999999991e+00
3.077500000000000000e+03 9.009249999999999758e+00
3.077500000000000000e+03 9.009250000000001535e+00
3.077400000000000091e+03 9.009250000000001535e+00
3.077300000000000182e+03 9.009199999999999875e+00
3.077199999999999818e+03 9.009100000000000108e+00
3.077000000000000000e+03 9.008950000000000458e+00
3.076800000000000182e+03 9.008800000000000807e+00
3.076599999999999909e+03 9.008599999999999497e+00
3.076400000000000091e+03 9.008399999999999963e+00
3.076199999999999818e+03 9.008150000000000546e+00
3.076000000000000000e+03 9.007899999999999352e+00
3.075699999999999818e+03 9.007649999999999935e+00
3.075500000000000000e+03 9.007300000000000750e+00
3.075199999999999818e+03 9.007049999999999557e+00
3.074900000000000091e+03 9.006699999999998596e+00
3.074699999999999818e+03 9.006350000000001188e+00
3.074400000000000091e+03 9.006000000000000227e+00
3.074099999999999909e+03 9.005649999999999267e+00
3.073800000000000182e+03 9.005300000000000082e+00
3.073500000000000000e+03 9.004849999999999355e+00
3.073199999999999818e+03 9.004500000000000171e+00
3.072900000000000091e+03 9.004099999999999326e+00
3.072599999999999909e+03 9.003600000000000492e+00
3.072199999999999818e+03 9.003099999999999881e+00
3.071699999999999818e+03 9.002500000000001279e+00
3.071099999999999909e+03 9.001799999999999358e+00
3.070500000000000000e+03 9.000999999999999446e+00
3.069800000000000182e+03 9.000149999999999650e+00
3.069000000000000000e+03 8.999249999999999972e+00
3.068199999999999818e+03 8.998200000000000642e+00
3.067400000000000091e+03 8.997199999999999420e+00
3.066500000000000000e+03 8.996100000000000207e+00
3.065599999999999909e+03 8.995000000000000995e+00
3.064699999999999818e+03 8.993749999999998579e+00
3.063800000000000182e+03 8.992550000000001376e+00
3.062800000000000182e+03 8.991299999999998960e+00
3.061800000000000182e+03 8.990000000000000213e+00
3.060900000000000091e+03 8.988699999999999690e+00
3.059900000000000091e+03 8.987349999999999284e+00
3.058900000000000091e+03 8.986049999999998761e+00
3.057900000000000091e+03 8.984649999999998471e+00
3.056800000000000182e+03 8.983249999999999957e+00
3.055800000000000182e+03 8.981849999999999667e+00
3.054800000000000182e+03 8.980399999999999494e+00
3.053699999999999818e+03 8.978950000000001097e+00
3.052699999999999818e+03 8.977550000000000807e+00
3.051699999999999818e+03 8.976250000000000284e+00
3.051099999999999909e+03 8.975400000000000489e+00
3.051000000000000000e+03 8.974949999999999761e+00
3.051300000000000182e+03 8.974949999999999761e+00
3.052099999999999909e+03 8.975349999999998829e+00
3.053099999999999909e+03 8.976100000000000634e+00
3.054400000000000091e+03 8.977149999999999963e+00
3.055900000000000091e+03 8.978550000000000253e+00
3.057599999999999909e+03 8.980199999999999960e+00
3.059400000000000091e+03 8.982199999999998852e+00
3.061400000000000091e+03 8.984349999999999170e+00
3.063599999999999909e+03 8.986750000000000682e+00
3.065800000000000182e+03 8.989349999999999952e+00
3.068199999999999818e+03 8.992100000000000648e+00
3.070699999999999818e+03 8.995100000000000762e+00
3.073300000000000182e+03 8.998249999999998749e+00
3.075900000000000091e+03 9.001549999999999940e+00
3.078599999999999909e+03 9.004950000000000898e+00
3.081400000000000091e+03 9.008449999999999847e+00
3.084300000000000182e+03 9.012100000000000222e+00
3.087199999999999818e+03 9.015900000000000247e+00
3.090099999999999909e+03 9.019749999999998380e+00
3.093099999999999909e+03 9.023699999999999832e+00
3.096099999999999909e+03 9.027699999999999392e+00
3.099199999999999818e+03 9.031800000000000495e+00
3.102199999999999818e+03 9.035849999999999937e+00
3.105199999999999818e+03 9.039899999999999380e+00
3.108099999999999909e+03 9.043949999999998823e+00
3.111000000000000000e+03 9.047950000000000159e+00
3.113900000000000091e+03 9.051999999999999602e+00
3.116699999999999818e+03 9.055949999999999278e+00
3.119500000000000000e+03 9.059950000000000614e+00
3.122300000000000182e+03 9.063950000000000173e+00
3.125099999999999909e+03 9.067899999999999849e+00
3.127900000000000091e+03 9.071849999999999525e+00
3.130599999999999909e+03 9.075800000000000978e+00
3.133400000000000091e+03 9.079750000000000654e+00
3.136199999999999818e+03 9.083700000000000330e+00
3.139000000000000000e+03 9.087650000000000006e+00
3.141699999999999818e+03 9.091599999999999682e+00
3.144500000000000000e+03 9.095549999999999358e+00
3.147300000000000182e+03 9.099450000000000927e+00
3.150000000000000000e+03 9.103449999999998710e+00
3.152800000000000182e+03 9.107400000000000162e+00
3.155599999999999909e+03 9.111299999999999955e+00
3.158400000000000091e+03 9.115300000000001290e+00
3.161099999999999909e+03 9.119199999999999307e+00
3.163900000000000091e+03 9.123149999999998983e+00
3.166699999999999818e+03 9.127050000000000551e+00
3.169300000000000182e+03 9.130749999999999034e+00
3.171699999999999818e+03 9.134299999999999642e+00
3.174000000000000000e+03 9.137700000000000600e+00
3.176099999999999909e+03 9.140950000000000131e+00
3.178099999999999909e+03 9.144050000000000011e+00
3.179900000000000091e+03 9.147050000000000125e+00
3.181800000000000182e+03 9.149899999999998812e+00
3.183500000000000000e+03 9.152650000000001285e+00
3.185199999999999818e+03 9.155300000000000438e+00
3.186800000000000182e+03 9.157849999999999824e+00
3.188300000000000182e+03 9.160399999999999210e+00
3.189800000000000182e+03 9.162800000000000722e+00
3.191300000000000182e+03 9.165150000000000574e+00
3.192699999999999818e+03 9.167400000000000659e+00
3.194199999999999818e+03 9.169650000000000745e+00
3.195500000000000000e+03 9.171800000000001063e+00
3.196900000000000091e+03 9.173899999999999721e+00
3.198199999999999818e+03 9.175950000000000273e+00
3.199500000000000000e+03 9.178000000000000824e+00
3.200800000000000182e+03 9.179949999999999832e+00
3.202099999999999909e+03 9.181899999999998840e+00
3.203300000000000182e+03 9.183800000000001518e+00
3.204599999999999909e+03 9.185749999999998749e+00
3.205900000000000091e+03 9.187950000000000728e+00
3.208000000000000000e+03 9.190999999999998948e+00
3.211199999999999818e+03 9.194949999999998624e+00
3.215300000000000182e+03 9.199749999999999872e+00
3.220199999999999818e+03 9.205449999999999022e+00
3.225800000000000182e+03 9.211850000000000094e+00
3.232000000000000000e+03 9.218949999999999534e+00
3.238699999999999818e+03 9.226599999999999469e+00
3.245800000000000182e+03 9.234949999999999548e+00
3.253199999999999818e+03 9.244099999999999540e+00
3.261000000000000000e+03 9.253049999999999997e+00
3.269099999999999909e+03 9.263200000000001211e+00
3.277400000000000091e+03 9.273049999999999571e+00
3.286000000000000000e+03 9.284150000000000347e+00
3.294800000000000182e+03 9.294900000000000162e+00
3.303699999999999818e+03 9.306350000000000122e+00
3.312900000000000091e+03 9.317450000000000898e+00
3.322199999999999818e+03 9.329699999999998994e+00
3.331599999999999909e+03 9.341599999999999682e+00
3.341099999999999909e+03 9.353600000000000136e+00
3.350800000000000182e+03 9.366199999999999193e+00
3.360599999999999909e+03 9.378899999999999793e+00
3.370400000000000091e+03 9.391700000000000159e+00
3.380500000000000000e+03 9.404550000000000409e+00
3.390699999999999818e+03 9.418050000000000921e+00
3.401800000000000182e+03 9.432700000000000529e+00
3.414099999999999909e+03 9.447749999999999204e+00
3.427599999999999909e+03 9.464700000000000557e+00
3.442000000000000000e+03 9.482099999999999085e+00
3.457300000000000182e+03 9.500399999999999068e+00
3.473300000000000182e+03 9.519550000000000622e+00
3.489800000000000182e+03 9.539049999999999585e+00
3.506900000000000091e+03 9.559350000000000236e+00
3.524500000000000000e+03 9.580449999999999022e+00
3.542599999999999909e+03 9.601800000000000779e+00
3.561000000000000000e+03 9.623349999999998516e+00
3.579800000000000182e+03 9.645649999999999835e+00
3.599000000000000000e+03 9.668099999999999028e+00
3.618400000000000091e+03 9.690750000000001307e+00
3.638000000000000000e+03 9.713449999999999918e+00
3.657800000000000182e+03 9.735700000000001353e+00
3.677699999999999818e+03 9.758500000000001506e+00
3.697900000000000091e+03 9.781800000000000495e+00
3.718400000000000091e+03 9.804650000000000531e+00
3.739000000000000000e+03 9.827549999999998676e+00
3.759900000000000091e+03 9.850449999999998596e+00
3.780800000000000182e+03 9.873850000000000904e+00
3.802000000000000000e+03 9.896750000000000824e+00
3.823199999999999818e+03 9.919650000000000745e+00
3.844800000000000182e+03 9.943049999999999500e+00
3.866599999999999909e+03 9.966450000000000031e+00
3.888699999999999818e+03 9.989899999999998670e+00
3.910900000000000091e+03 1.001334999999999908e+01
3.933300000000000182e+03 1.003689999999999927e+01
3.955400000000000091e+03 1.006090000000000018e+01
3.977699999999999818e+03 1.008494999999999919e+01
4.000599999999999909e+03 1.010855000000000103e+01
4.023599999999999909e+03 1.013274999999999970e+01
4.046699999999999818e+03 1.015704999999999991e+01
4.070000000000000000e+03 1.018144999999999989e+01
4.093599999999999909e+03 1.020589999999999975e+01
4.117500000000000000e+03 1.023045000000000115e+01
4.141600000000000364e+03 1.025455000000000005e+01
4.165500000000000000e+03 1.027919999999999945e+01
4.189399999999999636e+03 1.030344999999999978e+01
4.212699999999999818e+03 1.032794999999999952e+01
4.236000000000000000e+03 1.035219999999999985e+01
4.259500000000000000e+03 1.037654999999999994e+01
4.283000000000000000e+03 1.040090000000000003e+01
4.305100000000000364e+03 1.042459999999999987e+01
4.328500000000000000e+03 1.044890000000000008e+01
4.353399999999999636e+03 1.047234999999999872e+01
4.378300000000000182e+03 1.049644999999999939e+01
4.403699999999999818e+03 1.052139999999999986e+01
4.430399999999999636e+03 1.054679999999999929e+01
4.459300000000000182e+03 1.057230000000000025e+01
4.490000000000000000e+03 1.059785000000000110e+01
4.523000000000000000e+03 1.062340000000000018e+01
4.558100000000000364e+03 1.064925000000000033e+01
4.595100000000000364e+03 1.067430000000000057e+01
4.634500000000000000e+03 1.069909999999999961e+01
4.675699999999999818e+03 1.072299999999999898e+01
4.718600000000000364e+03 1.074654999999999916e+01
4.762600000000000364e+03 1.076914999999999978e+01
4.807500000000000000e+03 1.079084999999999894e+01
4.853199999999999818e+03 1.081204999999999927e+01
4.899300000000000182e+03 1.083285000000000053e+01
4.945699999999999818e+03 1.085265000000000057e+01
4.992399999999999636e+03 1.087204999999999977e+01
5.039100000000000364e+03 1.089049999999999940e+01
5.085600000000000364e+03 1.090854999999999997e+01
5.131699999999999818e+03 1.092549999999999955e+01
5.177300000000000182e+03 1.094299999999999962e+01
5.222800000000000182e+03 1.095950000000000024e+01
5.267500000000000000e+03 1.097550000000000026e+01
5.311899999999999636e+03 1.099150000000000027e+01
5.355699999999999818e+03 1.100750000000000028e+01
5.399800000000000182e+03 1.102349999999999852e+01
5.446100000000000364e+03 1.104049999999999976e+01
5.494699999999999818e+03 1.105799999999999983e+01
5.545199999999999818e+03 1.107549999999999990e+01
5.597500000000000000e+03 1.109349999999999881e+01
5.651600000000000364e+03 1.111199999999999832e+01
5.706800000000000182e+03 1.112999999999999901e+01
5.763100000000000364e+03 1.114849999999999852e+01
5.819600000000000364e+03 1.116699999999999982e+01
5.875899999999999636e+03 1.118650000000000055e+01
5.932399999999999636e+03 1.120500000000000007e+01
5.988399999999999636e+03 1.122299999999999898e+01
6.043899999999999636e+03 1.124200000000000088e+01
6.098899999999999636e+03 1.126099999999999923e+01
6.153899999999999636e+03 1.127899999999999991e+01
6.208600000000000364e+03 1.129800000000000004e+01
6.263399999999999636e+03 1.131700000000000017e+01
6.318800000000000182e+03 1.133600000000000030e+01
6.374300000000000182e+03 1.135549999999999926e+01
6.430100000000000364e+03 1.137500000000000000e+01
6.485300000000000182e+03 1.139549999999999841e+01
6.539800000000000182e+03 1.141450000000000031e+01
6.593600000000000364e+03 1.143499999999999872e+01
6.646600000000000364e+03 1.145500000000000007e+01
6.699100000000000364e+03 1.147599999999999909e+01
6.751100000000000364e+03 1.149749999999999872e+01
6.802899999999999636e+03 1.151900000000000013e+01
6.854199999999999818e+03 1.154050000000000153e+01
6.905000000000000000e+03 1.156250000000000000e+01
6.955199999999999818e+03 1.158549999999999969e+01
7.004800000000000182e+03 1.160950000000000060e+01
7.054500000000000000e+03 1.163350000000000151e+01
7.105000000000000000e+03 1.165850000000000009e+01
7.156399999999999636e+03 1.168400000000000105e+01
7.208500000000000000e+03 1.171049999999999969e+01
7.261000000000000000e+03 1.173649999999999949e+01
7.313100000000000364e+03 1.176249999999999929e+01
7.365899999999999636e+03 1.178899999999999970e+01
7.419600000000000364e+03 1.181550000000000011e+01
7.474399999999999636e+03 1.184250000000000114e+01
7.529000000000000000e+03 1.187000000000000099e+01
7.582300000000000182e+03 1.189699999999999847e+01
7.634000000000000000e+03 1.192399999999999949e+01
7.685100000000000364e+03 1.195149999999999935e+01
7.736399999999999636e+03 1.197850000000000037e+01
7.787000000000000000e+03 1.200499999999999901e+01
7.837500000000000000e+03 1.203249999999999886e+01
7.888399999999999636e+03 1.206050000000000111e+01
7.939199999999999818e+03 1.208849999999999980e+01
7.990300000000000182e+03 1.211650000000000027e+01
8.041500000000000000e+03 1.214499999999999957e+01
8.092699999999999818e+03 1.217300000000000004e+01
8.143699999999999818e+03 1.220100000000000051e+01
8.194500000000000000e+03 1.223000000000000043e+01
8.246500000000000000e+03 1.225900000000000034e+01
8.299399999999999636e+03 1.228800000000000026e+01
8.353299999999999272e+03 1.231799999999999962e+01
8.408500000000000000e+03 1.234799999999999898e+01
8.465299999999999272e+03 1.237800000000000011e+01
8.523299999999999272e+03 1.240850000000000009e+01
8.582600000000000364e+03 1.244000000000000128e+01
8.643700000000000728e+03 1.247250000000000014e+01
8.707100000000000364e+03 1.250549999999999962e+01
8.772799999999999272e+03 1.253899999999999970e+01
8.839700000000000728e+03 1.257300000000000040e+01
8.908500000000000000e+03 1.260800000000000054e+01
8.978899999999999636e+03 1.264300000000000068e+01
9.050299999999999272e+03 1.267900000000000027e+01
9.123100000000000364e+03 1.271550000000000047e+01
9.197100000000000364e+03 1.275249999999999950e+01
9.272000000000000000e+03 1.278950000000000031e+01
9.348399999999999636e+03 1.282799999999999940e+01
9.430700000000000728e+03 1.286850000000000094e+01
9.521500000000000000e+03 1.291099999999999959e+01
9.615100000000000364e+03 1.295449999999999946e+01
9.710500000000000000e+03 1.299849999999999994e+01
9.808500000000000000e+03 1.304349999999999987e+01
9.907500000000000000e+03 1.308800000000000097e+01
9.999600000000000364e+03 1.313299999999999912e+01
1.009200000000000000e+04 1.317849999999999966e+01
1.018500000000000000e+04 1.322449999999999903e+01
1.027700000000000000e+04 1.327050000000000018e+01
1.036700000000000000e+04 1.331650000000000134e+01
1.045600000000000000e+04 1.336250000000000071e+01
1.054500000000000000e+04 1.340800000000000125e+01
1.063200000000000000e+04 1.345349999999999824e+01
1.071900000000000000e+04 1.349899999999999878e+01
1.080600000000000000e+04 1.354449999999999932e+01
1.089400000000000000e+04 1.358899999999999864e+01
1.098200000000000000e+04 1.363449999999999918e+01
1.107000000000000000e+04 1.367950000000000088e+01
1.115800000000000000e+04 1.372500000000000142e+01
1.124600000000000000e+04 1.376999999999999957e+01
1.133300000000000000e+04 1.381500000000000128e+01
1.142000000000000000e+04 1.385950000000000060e+01
1.150500000000000000e+04 1.390249999999999986e+01
1.158100000000000000e+04 1.394299999999999962e+01
1.164900000000000000e+04 1.398099999999999987e+01
1.171300000000000000e+04 1.401699999999999946e+01
1.177200000000000000e+04 1.405099999999999838e+01
1.182800000000000000e+04 1.408350000000000080e+01
1.188000000000000000e+04 1.411350000000000016e+01
1.192900000000000000e+04 1.414199999999999946e+01
1.197400000000000000e+04 1.416900000000000048e+01
1.201600000000000000e+04 1.419449999999999967e+01
1.205700000000000000e+04 1.421850000000000058e+01
1.209700000000000000e+04 1.424150000000000027e+01
1.213500000000000000e+04 1.426350000000000051e+01
1.217200000000000000e+04 1.428450000000000131e+01
1.220900000000000000e+04 1.430550000000000033e+01
1.224500000000000000e+04 1.432549999999999990e+01
1.228000000000000000e+04 1.434550000000000125e+01
1.231600000000000000e+04 1.436449999999999960e+01
1.235100000000000000e+04 1.438299999999999912e+01
1.238600000000000000e+04 1.440199999999999925e+01
1.242100000000000000e+04 1.442050000000000054e+01
1.245600000000000000e+04 1.443850000000000122e+01
1.249100000000000000e+04 1.445550000000000068e+01
1.252600000000000000e+04 1.447349999999999959e+01
1.255800000000000000e+04 1.449000000000000021e+01
1.258600000000000000e+04 1.450450000000000017e+01
1.261100000000000000e+04 1.451849999999999952e+01
1.263300000000000000e+04 1.453200000000000003e+01
1.265400000000000000e+04 1.454400000000000048e+01
1.267400000000000000e+04 1.455600000000000094e+01
1.269300000000000000e+04 1.456700000000000017e+01
1.271000000000000000e+04 1.457699999999999996e+01
1.272800000000000000e+04 1.458750000000000036e+01
1.274400000000000000e+04 1.459699999999999953e+01
1.276100000000000000e+04 1.460599999999999987e+01
1.277700000000000000e+04 1.461499999999999844e+01
1.279200000000000000e+04 1.462349999999999994e+01
1.280700000000000000e+04 1.463199999999999967e+01
1.282200000000000000e+04 1.464000000000000057e+01
1.283700000000000000e+04 1.464799999999999969e+01
1.285200000000000000e+04 1.465549999999999997e+01
1.286600000000000000e+04 1.466300000000000026e+01
1.287900000000000000e+04 1.467050000000000054e+01
1.289300000000000000e+04 1.467699999999999960e+01
1.290600000000000000e+04 1.468400000000000105e+01
1.291900000000000000e+04 1.469099999999999895e+01
1.293200000000000000e+04 1.469699999999999918e+01
1.294500000000000000e+04 1.470350000000000001e+01
1.295600000000000000e+04 1.470949999999999847e+01
1.296300000000000000e+04 1.471399999999999864e+01
1.296700000000000000e+04 1.471749999999999936e+01
1.296900000000000000e+04 1.472050000000000125e+01
1.297000000000000000e+04 1.472299999999999898e+01
