0.000000000000000000e+00 4.740000000000000213e+00
2.817900000000000091e+03 8.227000000000000313e+00
2.906000000000000000e+03 8.984500000000000597e+00
2.947000000000000000e+03 9.270300000000000651e+00
2.974000000000000000e+03 9.449600000000000222e+00
3.000900000000000091e+03 9.581899999999999196e+00
3.023599999999999909e+03 9.685000000000000497e+00
3.041400000000000091e+03 9.768100000000000449e+00
3.055500000000000000e+03 9.836600000000000676e+00
3.066400000000000091e+03 9.893900000000000361e+00
3.074900000000000091e+03 9.942700000000000315e+00
3.081599999999999909e+03 9.984600000000000364e+00
3.087000000000000000e+03 1.002100000000000080e+01
3.091400000000000091e+03 1.005199999999999960e+01
3.094900000000000091e+03 1.008000000000000007e+01
3.097699999999999818e+03 1.010399999999999920e+01
3.100199999999999818e+03 1.012599999999999945e+01
3.102300000000000182e+03 1.014499999999999957e+01
3.104099999999999909e+03 1.016200000000000081e+01
3.105699999999999818e+03 1.017699999999999960e+01
3.107000000000000000e+03 1.019100000000000072e+01
3.108099999999999909e+03 1.020299999999999940e+01
3.109000000000000000e+03 1.021400000000000041e+01
3.109900000000000091e+03 1.022499999999999964e+01
3.110599999999999909e+03 1.023399999999999999e+01
3.111300000000000182e+03 1.024200000000000088e+01
3.111800000000000182e+03 1.025000000000000000e+01
3.112400000000000091e+03 1.025699999999999967e+01
3.112900000000000091e+03 1.026299999999999990e+01
3.113300000000000182e+03 1.026900000000000013e+01
3.113699999999999818e+03 1.027399999999999913e+01
3.114000000000000000e+03 1.027899999999999991e+01
3.114300000000000182e+03 1.028299999999999947e+01
3.114599999999999909e+03 1.028700000000000081e+01
3.114900000000000091e+03 1.029100000000000037e+01
3.115199999999999818e+03 1.029499999999999993e+01
3.115400000000000091e+03 1.029800000000000004e+01
3.115599999999999909e+03 1.030100000000000016e+01
3.115800000000000182e+03 1.030300000000000082e+01
3.116000000000000000e+03 1.030599999999999916e+01
3.116199999999999818e+03 1.030799999999999983e+01
3.116400000000000091e+03 1.031000000000000050e+01
3.116500000000000000e+03 1.031199999999999939e+01
3.116699999999999818e+03 1.031400000000000006e+01
3.116800000000000182e+03 1.031499999999999950e+01
3.116900000000000091e+03 1.031700000000000017e+01
3.117000000000000000e+03 1.031799999999999962e+01
3.117099999999999909e+03 1.031900000000000084e+01
3.117199999999999818e+03 1.032099999999999973e+01
3.117300000000000182e+03 1.032199999999999918e+01
3.117400000000000091e+03 1.032300000000000040e+01
3.117500000000000000e+03 1.032399999999999984e+01
3.117599999999999909e+03 1.032399999999999984e+01
3.117599999999999909e+03 1.032499999999999929e+01
3.117699999999999818e+03 1.032600000000000051e+01
3.117800000000000182e+03 1.032600000000000051e+01
3.117800000000000182e+03 1.032699999999999996e+01
3.117900000000000091e+03 1.032799999999999940e+01
3.117900000000000091e+03 1.032799999999999940e+01
3.118000000000000000e+03 1.032900000000000063e+01
3.118000000000000000e+03 1.032900000000000063e+01
3.118000000000000000e+03 1.032900000000000063e+01
3.118099999999999909e+03 1.033000000000000007e+01
3.118099999999999909e+03 1.033000000000000007e+01
3.118099999999999909e+03 1.033000000000000007e+01
3.118199999999999818e+03 1.033099999999999952e+01
3.118199999999999818e+03 1.033099999999999952e+01
3.118199999999999818e+03 1.033099999999999952e+01
3.118199999999999818e+03 1.033099999999999952e+01
3.118199999999999818e+03 1.033200000000000074e+01
3.118300000000000182e+03 1.033200000000000074e+01
3.118300000000000182e+03 1.033200000000000074e+01
3.118300000000000182e+03 1.033200000000000074e+01
3.118300000000000182e+03 1.033200000000000074e+01
3.118099999999999909e+03 1.033200000000000074e+01
3.117900000000000091e+03 1.033200000000000074e+01
3.117699999999999818e+03 1.033200000000000074e+01
3.117400000000000091e+03 1.033200000000000074e+01
3.117099999999999909e+03 1.033200000000000074e+01
3.116800000000000182e+03 1.033200000000000074e+01
3.116500000000000000e+03 1.033200000000000074e+01
3.116199999999999818e+03 1.033099999999999952e+01
3.115900000000000091e+03 1.033099999999999952e+01
3.115500000000000000e+03 1.033099999999999952e+01
3.115199999999999818e+03 1.033000000000000007e+01
3.114900000000000091e+03 1.033000000000000007e+01
3.114500000000000000e+03 1.033000000000000007e+01
3.114199999999999818e+03 1.032900000000000063e+01
3.113900000000000091e+03 1.032900000000000063e+01
3.113500000000000000e+03 1.032900000000000063e+01
3.113199999999999818e+03 1.032799999999999940e+01
3.112800000000000182e+03 1.032799999999999940e+01
3.112500000000000000e+03 1.032699999999999996e+01
3.112099999999999909e+03 1.032699999999999996e+01
3.111800000000000182e+03 1.032600000000000051e+01
3.111400000000000091e+03 1.032600000000000051e+01
3.111099999999999909e+03 1.032499999999999929e+01
3.110699999999999818e+03 1.032499999999999929e+01
3.109900000000000091e+03 1.032399999999999984e+01
3.109000000000000000e+03 1.032399999999999984e+01
3.108099999999999909e+03 1.032300000000000040e+01
3.107099999999999909e+03 1.032199999999999918e+01
3.106099999999999909e+03 1.032099999999999973e+01
3.105000000000000000e+03 1.031900000000000084e+01
3.103900000000000091e+03 1.031799999999999962e+01
3.102800000000000182e+03 1.031700000000000017e+01
3.101699999999999818e+03 1.031600000000000072e+01
3.100599999999999909e+03 1.031400000000000006e+01
3.099500000000000000e+03 1.031300000000000061e+01
3.098300000000000182e+03 1.031099999999999994e+01
3.097199999999999818e+03 1.031000000000000050e+01
3.096000000000000000e+03 1.030899999999999928e+01
3.094900000000000091e+03 1.030700000000000038e+01
3.093699999999999818e+03 1.030599999999999916e+01
3.092599999999999909e+03 1.030400000000000027e+01
3.091400000000000091e+03 1.030199999999999960e+01
3.090199999999999818e+03 1.030100000000000016e+01
3.089099999999999909e+03 1.029899999999999949e+01
3.087900000000000091e+03 1.029800000000000004e+01
3.086800000000000182e+03 1.029599999999999937e+01
3.085599999999999909e+03 1.029499999999999993e+01
3.084800000000000182e+03 1.029299999999999926e+01
3.085800000000000182e+03 1.029199999999999982e+01
3.087400000000000091e+03 1.029199999999999982e+01
3.089500000000000000e+03 1.029299999999999926e+01
3.091800000000000182e+03 1.029400000000000048e+01
3.094300000000000182e+03 1.029499999999999993e+01
3.096900000000000091e+03 1.029700000000000060e+01
3.099699999999999818e+03 1.030000000000000071e+01
3.102500000000000000e+03 1.030199999999999960e+01
3.105400000000000091e+03 1.030499999999999972e+01
3.108300000000000182e+03 1.030799999999999983e+01
3.111300000000000182e+03 1.031099999999999994e+01
3.114300000000000182e+03 1.031400000000000006e+01
3.117400000000000091e+03 1.031799999999999962e+01
3.120400000000000091e+03 1.032099999999999973e+01
3.123500000000000000e+03 1.032499999999999929e+01
3.126599999999999909e+03 1.032900000000000063e+01
3.129800000000000182e+03 1.033300000000000018e+01
3.133000000000000000e+03 1.033699999999999974e+01
3.136199999999999818e+03 1.034200000000000053e+01
3.139400000000000091e+03 1.034600000000000009e+01
3.142599999999999909e+03 1.035100000000000087e+01
3.145800000000000182e+03 1.035500000000000043e+01
3.149099999999999909e+03 1.035999999999999943e+01
3.152300000000000182e+03 1.036400000000000077e+01
3.155199999999999818e+03 1.036899999999999977e+01
3.158000000000000000e+03 1.037299999999999933e+01
3.160699999999999818e+03 1.037800000000000011e+01
3.163400000000000091e+03 1.038199999999999967e+01
3.166000000000000000e+03 1.038700000000000045e+01
3.168699999999999818e+03 1.039100000000000001e+01
3.171300000000000182e+03 1.039499999999999957e+01
3.173900000000000091e+03 1.039899999999999913e+01
3.176599999999999909e+03 1.040399999999999991e+01
3.179199999999999818e+03 1.040799999999999947e+01
3.181800000000000182e+03 1.041200000000000081e+01
3.184400000000000091e+03 1.041699999999999982e+01
3.187000000000000000e+03 1.042099999999999937e+01
3.189699999999999818e+03 1.042500000000000071e+01
3.192300000000000182e+03 1.042900000000000027e+01
3.194900000000000091e+03 1.043399999999999928e+01
3.197500000000000000e+03 1.043800000000000061e+01
3.200099999999999909e+03 1.044200000000000017e+01
3.202800000000000182e+03 1.044599999999999973e+01
3.205400000000000091e+03 1.045100000000000051e+01
3.208000000000000000e+03 1.045500000000000007e+01
3.210699999999999818e+03 1.045899999999999963e+01
3.213300000000000182e+03 1.046299999999999919e+01
3.215800000000000182e+03 1.046700000000000053e+01
3.217599999999999909e+03 1.047100000000000009e+01
3.219199999999999818e+03 1.047499999999999964e+01
3.220500000000000000e+03 1.047799999999999976e+01
3.221800000000000182e+03 1.048199999999999932e+01
3.223000000000000000e+03 1.048499999999999943e+01
3.224199999999999818e+03 1.048799999999999955e+01
3.225300000000000182e+03 1.049000000000000021e+01
3.226400000000000091e+03 1.049300000000000033e+01
3.227500000000000000e+03 1.049600000000000044e+01
3.228599999999999909e+03 1.049799999999999933e+01
3.229599999999999909e+03 1.050099999999999945e+01
3.230699999999999818e+03 1.050300000000000011e+01
3.231699999999999818e+03 1.050500000000000078e+01
3.232699999999999818e+03 1.050699999999999967e+01
3.233699999999999818e+03 1.050999999999999979e+01
3.234699999999999818e+03 1.051200000000000045e+01
3.235699999999999818e+03 1.051399999999999935e+01
3.236599999999999909e+03 1.051600000000000001e+01
3.237599999999999909e+03 1.051800000000000068e+01
3.238599999999999909e+03 1.051999999999999957e+01
3.239500000000000000e+03 1.052200000000000024e+01
3.240500000000000000e+03 1.052399999999999913e+01
3.241400000000000091e+03 1.052599999999999980e+01
3.243099999999999909e+03 1.052800000000000047e+01
3.248599999999999909e+03 1.053200000000000003e+01
3.255800000000000182e+03 1.053700000000000081e+01
3.263800000000000182e+03 1.054299999999999926e+01
3.272400000000000091e+03 1.055100000000000016e+01
3.281500000000000000e+03 1.055899999999999928e+01
3.290800000000000182e+03 1.056900000000000084e+01
3.300300000000000182e+03 1.057799999999999940e+01
3.310000000000000000e+03 1.058900000000000041e+01
3.319900000000000091e+03 1.059999999999999964e+01
3.329900000000000091e+03 1.061100000000000065e+01
3.340000000000000000e+03 1.062299999999999933e+01
3.350199999999999818e+03 1.063499999999999979e+01
3.360300000000000182e+03 1.064799999999999969e+01
3.370400000000000091e+03 1.066099999999999959e+01
3.380599999999999909e+03 1.067399999999999949e+01
3.390900000000000091e+03 1.068699999999999939e+01
3.401199999999999818e+03 1.070100000000000051e+01
3.411599999999999909e+03 1.071400000000000041e+01
3.422000000000000000e+03 1.072799999999999976e+01
3.432500000000000000e+03 1.074200000000000088e+01
3.443000000000000000e+03 1.075600000000000023e+01
3.453599999999999909e+03 1.076999999999999957e+01
3.464099999999999909e+03 1.078500000000000014e+01
3.475400000000000091e+03 1.079899999999999949e+01
3.491000000000000000e+03 1.081499999999999950e+01
3.508599999999999909e+03 1.083300000000000018e+01
3.527300000000000182e+03 1.085200000000000031e+01
3.546800000000000182e+03 1.087299999999999933e+01
3.566800000000000182e+03 1.089400000000000013e+01
3.587099999999999909e+03 1.091600000000000037e+01
3.607800000000000182e+03 1.093800000000000061e+01
3.628800000000000182e+03 1.096100000000000030e+01
3.650000000000000000e+03 1.098499999999999943e+01
3.671500000000000000e+03 1.100900000000000034e+01
3.693300000000000182e+03 1.103299999999999947e+01
3.715199999999999818e+03 1.105799999999999983e+01
3.737400000000000091e+03 1.108200000000000074e+01
3.759699999999999818e+03 1.110699999999999932e+01
3.782099999999999909e+03 1.113199999999999967e+01
3.804599999999999909e+03 1.115700000000000003e+01
3.827000000000000000e+03 1.118200000000000038e+01
3.849400000000000091e+03 1.120700000000000074e+01
3.871800000000000182e+03 1.123199999999999932e+01
3.894500000000000000e+03 1.125699999999999967e+01
3.917400000000000091e+03 1.128299999999999947e+01
3.940500000000000000e+03 1.130799999999999983e+01
3.963900000000000091e+03 1.133200000000000074e+01
3.987500000000000000e+03 1.135699999999999932e+01
4.012000000000000000e+03 1.138100000000000023e+01
4.037000000000000000e+03 1.140600000000000058e+01
4.062400000000000091e+03 1.142999999999999972e+01
4.088300000000000182e+03 1.145400000000000063e+01
4.114699999999999818e+03 1.147799999999999976e+01
4.141399999999999636e+03 1.150099999999999945e+01
4.168199999999999818e+03 1.152399999999999913e+01
4.195399999999999636e+03 1.154700000000000060e+01
4.222600000000000364e+03 1.156900000000000084e+01
4.249699999999999818e+03 1.159099999999999930e+01
4.276699999999999818e+03 1.161299999999999955e+01
4.303500000000000000e+03 1.163499999999999979e+01
4.330399999999999636e+03 1.165600000000000058e+01
4.357500000000000000e+03 1.167800000000000082e+01
4.384600000000000364e+03 1.169899999999999984e+01
4.411600000000000364e+03 1.172000000000000064e+01
4.438300000000000182e+03 1.174099999999999966e+01
4.465000000000000000e+03 1.176099999999999923e+01
4.491800000000000182e+03 1.178200000000000003e+01
4.518500000000000000e+03 1.180300000000000082e+01
4.545100000000000364e+03 1.182300000000000040e+01
4.571600000000000364e+03 1.184399999999999942e+01
4.598100000000000364e+03 1.186400000000000077e+01
4.624899999999999636e+03 1.188499999999999979e+01
4.656199999999999818e+03 1.190600000000000058e+01
4.689399999999999636e+03 1.192900000000000027e+01
4.723899999999999636e+03 1.195199999999999996e+01
4.759000000000000000e+03 1.197499999999999964e+01
4.794600000000000364e+03 1.200000000000000000e+01
4.830600000000000364e+03 1.202500000000000036e+01
4.866800000000000182e+03 1.205000000000000071e+01
4.903500000000000000e+03 1.207600000000000051e+01
4.940600000000000364e+03 1.210200000000000031e+01
4.978500000000000000e+03 1.212800000000000011e+01
5.017100000000000364e+03 1.215300000000000047e+01
5.056199999999999818e+03 1.217900000000000027e+01
5.095500000000000000e+03 1.220400000000000063e+01
5.134899999999999636e+03 1.222899999999999920e+01
5.174300000000000182e+03 1.225399999999999956e+01
5.213899999999999636e+03 1.227800000000000047e+01
5.253500000000000000e+03 1.230199999999999960e+01
5.293100000000000364e+03 1.232600000000000051e+01
5.332800000000000182e+03 1.234999999999999964e+01
5.372199999999999818e+03 1.237299999999999933e+01
5.411399999999999636e+03 1.239700000000000024e+01
5.450600000000000364e+03 1.241999999999999993e+01
5.489600000000000364e+03 1.244299999999999962e+01
5.529399999999999636e+03 1.246599999999999930e+01
5.577300000000000182e+03 1.249000000000000021e+01
5.629100000000000364e+03 1.251600000000000001e+01
5.683500000000000000e+03 1.254400000000000048e+01
5.739600000000000364e+03 1.257199999999999918e+01
5.797300000000000182e+03 1.260100000000000087e+01
5.855699999999999818e+03 1.263100000000000023e+01
5.914100000000000364e+03 1.266000000000000014e+01
5.972399999999999636e+03 1.268999999999999950e+01
6.029800000000000182e+03 1.272000000000000064e+01
6.086699999999999818e+03 1.275000000000000000e+01
6.143199999999999818e+03 1.277999999999999936e+01
6.198800000000000182e+03 1.280899999999999928e+01
6.254199999999999818e+03 1.283699999999999974e+01
6.309600000000000364e+03 1.286500000000000021e+01
6.365000000000000000e+03 1.289199999999999946e+01
6.421399999999999636e+03 1.291900000000000048e+01
6.478899999999999636e+03 1.294500000000000028e+01
6.536500000000000000e+03 1.297100000000000009e+01
6.594699999999999818e+03 1.299699999999999989e+01
6.652399999999999636e+03 1.302299999999999969e+01
6.710199999999999818e+03 1.304899999999999949e+01
6.765899999999999636e+03 1.307399999999999984e+01
6.821000000000000000e+03 1.309900000000000020e+01
6.875800000000000182e+03 1.312500000000000000e+01
6.931100000000000364e+03 1.315099999999999980e+01
6.987500000000000000e+03 1.317699999999999960e+01
7.043500000000000000e+03 1.320400000000000063e+01
7.099100000000000364e+03 1.323000000000000043e+01
7.154600000000000364e+03 1.325600000000000023e+01
7.210699999999999818e+03 1.328100000000000058e+01
7.267500000000000000e+03 1.330599999999999916e+01
7.324000000000000000e+03 1.333099999999999952e+01
7.382300000000000182e+03 1.335599999999999987e+01
7.440399999999999636e+03 1.338100000000000023e+01
7.496800000000000182e+03 1.340700000000000003e+01
7.551000000000000000e+03 1.343200000000000038e+01
7.602899999999999636e+03 1.345800000000000018e+01
7.653199999999999818e+03 1.348399999999999999e+01
7.701000000000000000e+03 1.350999999999999979e+01
7.748500000000000000e+03 1.353700000000000081e+01
7.796800000000000182e+03 1.356400000000000006e+01
7.844199999999999818e+03 1.359200000000000053e+01
7.892699999999999818e+03 1.362100000000000044e+01
7.942399999999999636e+03 1.364899999999999913e+01
7.991500000000000000e+03 1.367800000000000082e+01
8.039399999999999636e+03 1.370599999999999952e+01
8.089000000000000000e+03 1.373499999999999943e+01
8.140199999999999818e+03 1.376399999999999935e+01
8.191000000000000000e+03 1.379299999999999926e+01
8.242500000000000000e+03 1.382099999999999973e+01
8.294200000000000728e+03 1.384800000000000075e+01
8.345500000000000000e+03 1.387500000000000000e+01
8.396100000000000364e+03 1.390099999999999980e+01
8.448200000000000728e+03 1.392800000000000082e+01
8.503700000000000728e+03 1.395400000000000063e+01
8.561700000000000728e+03 1.398099999999999987e+01
8.620899999999999636e+03 1.400699999999999967e+01
8.682000000000000000e+03 1.403500000000000014e+01
8.745000000000000000e+03 1.406199999999999939e+01
8.810100000000000364e+03 1.409099999999999930e+01
8.877600000000000364e+03 1.411999999999999922e+01
8.946899999999999636e+03 1.415000000000000036e+01
9.015799999999999272e+03 1.418099999999999916e+01
9.085700000000000728e+03 1.421499999999999986e+01
9.154200000000000728e+03 1.425000000000000000e+01
9.224000000000000000e+03 1.428700000000000081e+01
9.294200000000000728e+03 1.432499999999999929e+01
9.363399999999999636e+03 1.436400000000000077e+01
9.434100000000000364e+03 1.440300000000000047e+01
9.504700000000000728e+03 1.444400000000000084e+01
9.575299999999999272e+03 1.448499999999999943e+01
9.649000000000000000e+03 1.452699999999999925e+01
9.737500000000000000e+03 1.457199999999999918e+01
9.838000000000000000e+03 1.462100000000000044e+01
9.937399999999999636e+03 1.467200000000000060e+01
1.003900000000000000e+04 1.472300000000000075e+01
1.013900000000000000e+04 1.477299999999999969e+01
1.023900000000000000e+04 1.482199999999999918e+01
1.033900000000000000e+04 1.487100000000000044e+01
1.043800000000000000e+04 1.491900000000000048e+01
1.053500000000000000e+04 1.496599999999999930e+01
1.062900000000000000e+04 1.501299999999999990e+01
1.071800000000000000e+04 1.505899999999999928e+01
1.080700000000000000e+04 1.510399999999999920e+01
1.089300000000000000e+04 1.514899999999999913e+01
1.097900000000000000e+04 1.519299999999999962e+01
1.106200000000000000e+04 1.523700000000000010e+01
1.114800000000000000e+04 1.528100000000000058e+01
1.123500000000000000e+04 1.532499999999999929e+01
1.132300000000000000e+04 1.536999999999999922e+01
1.141100000000000000e+04 1.541399999999999970e+01
1.149800000000000000e+04 1.545899999999999963e+01
1.158500000000000000e+04 1.550399999999999956e+01
1.167300000000000000e+04 1.554899999999999949e+01
1.175700000000000000e+04 1.559299999999999997e+01
1.183700000000000000e+04 1.563700000000000045e+01
1.189300000000000000e+04 1.567600000000000016e+01
1.194500000000000000e+04 1.571199999999999974e+01
1.199300000000000000e+04 1.574499999999999922e+01
1.203800000000000000e+04 1.577599999999999980e+01
1.208000000000000000e+04 1.580499999999999972e+01
1.211600000000000000e+04 1.583200000000000074e+01
1.215000000000000000e+04 1.585699999999999932e+01
1.218100000000000000e+04 1.588000000000000078e+01
1.221200000000000000e+04 1.590199999999999925e+01
1.224300000000000000e+04 1.592399999999999949e+01
1.227500000000000000e+04 1.594400000000000084e+01
1.230600000000000000e+04 1.596400000000000041e+01
1.233600000000000000e+04 1.598300000000000054e+01
1.236700000000000000e+04 1.600100000000000122e+01
1.239700000000000000e+04 1.601999999999999957e+01
1.242900000000000000e+04 1.603800000000000026e+01
1.246100000000000000e+04 1.605499999999999972e+01
1.249300000000000000e+04 1.607300000000000040e+01
1.252500000000000000e+04 1.608999999999999986e+01
1.255800000000000000e+04 1.610699999999999932e+01
1.259000000000000000e+04 1.612399999999999878e+01
1.262300000000000000e+04 1.614099999999999824e+01
1.265600000000000000e+04 1.615700000000000003e+01
1.268500000000000000e+04 1.617399999999999949e+01
1.270400000000000000e+04 1.618799999999999883e+01
1.272000000000000000e+04 1.619999999999999929e+01
1.273500000000000000e+04 1.621199999999999974e+01
1.275000000000000000e+04 1.622299999999999898e+01
1.276400000000000000e+04 1.623300000000000054e+01
1.277800000000000000e+04 1.624200000000000088e+01
1.279100000000000000e+04 1.625100000000000122e+01
1.280500000000000000e+04 1.626000000000000156e+01
1.281800000000000000e+04 1.626899999999999835e+01
1.283100000000000000e+04 1.627700000000000102e+01
1.284400000000000000e+04 1.628500000000000014e+01
1.285800000000000000e+04 1.629299999999999926e+01
1.287100000000000000e+04 1.630000000000000071e+01
1.288400000000000000e+04 1.630799999999999983e+01
1.289700000000000000e+04 1.631500000000000128e+01
1.290900000000000000e+04 1.632199999999999918e+01
1.292100000000000000e+04 1.632900000000000063e+01
1.293400000000000000e+04 1.633599999999999852e+01
1.294600000000000000e+04 1.634199999999999875e+01
1.295800000000000000e+04 1.634900000000000020e+01
1.297000000000000000e+04 1.635500000000000043e+01
1.298100000000000000e+04 1.636100000000000065e+01
1.299300000000000000e+04 1.636799999999999855e+01
1.300200000000000000e+04 1.637300000000000111e+01
