1.335200000000000045e+03 9.206999999999999629e-01
2.694199999999999818e+03 1.528999999999999915e+00
2.742099999999999909e+03 1.568200000000000038e+00
2.743400000000000091e+03 1.579800000000000093e+00
2.674699999999999818e+03 1.555299999999999905e+00
2.591099999999999909e+03 1.510999999999999899e+00
2.512599999999999909e+03 1.471000000000000085e+00
2.456500000000000000e+03 1.441200000000000037e+00
2.424099999999999909e+03 1.423100000000000032e+00
2.412500000000000000e+03 1.415200000000000014e+00
2.417099999999999909e+03 1.415399999999999991e+00
2.433599999999999909e+03 1.421699999999999964e+00
2.458199999999999818e+03 1.432299999999999907e+00
2.487900000000000091e+03 1.445699999999999985e+00
2.520500000000000000e+03 1.460900000000000087e+00
2.554599999999999909e+03 1.477000000000000091e+00
2.589000000000000000e+03 1.493500000000000050e+00
2.622800000000000182e+03 1.510000000000000009e+00
2.655699999999999818e+03 1.526200000000000001e+00
2.687300000000000182e+03 1.542000000000000037e+00
2.717199999999999818e+03 1.557199999999999918e+00
2.742400000000000091e+03 1.573099999999999943e+00
2.766500000000000000e+03 1.588899999999999979e+00
2.789400000000000091e+03 1.604200000000000070e+00
2.811199999999999818e+03 1.618800000000000017e+00
2.831599999999999909e+03 1.632600000000000051e+00
2.850699999999999818e+03 1.645599999999999952e+00
2.868500000000000000e+03 1.657799999999999940e+00
2.885099999999999909e+03 1.669200000000000017e+00
2.900500000000000000e+03 1.679799999999999960e+00
2.914699999999999818e+03 1.689599999999999991e+00
2.927800000000000182e+03 1.698700000000000099e+00
2.939900000000000091e+03 1.707100000000000062e+00
2.951000000000000000e+03 1.714900000000000091e+00
2.961300000000000182e+03 1.721999999999999975e+00
2.970699999999999818e+03 1.728599999999999914e+00
2.979400000000000091e+03 1.734699999999999909e+00
2.987300000000000182e+03 1.740299999999999958e+00
2.994599999999999909e+03 1.745400000000000063e+00
3.001500000000000000e+03 1.750199999999999978e+00
3.008099999999999909e+03 1.754499999999999948e+00
3.014099999999999909e+03 1.758399999999999963e+00
3.019500000000000000e+03 1.761900000000000022e+00
3.024300000000000182e+03 1.764999999999999902e+00
3.028800000000000182e+03 1.767900000000000027e+00
3.032900000000000091e+03 1.770599999999999952e+00
3.036599999999999909e+03 1.772999999999999909e+00
3.040000000000000000e+03 1.775199999999999889e+00
3.043099999999999909e+03 1.777199999999999891e+00
3.046000000000000000e+03 1.778999999999999915e+00
3.048599999999999909e+03 1.780699999999999950e+00
3.051000000000000000e+03 1.782299999999999995e+00
3.053199999999999818e+03 1.783700000000000063e+00
3.055199999999999818e+03 1.784999999999999920e+00
3.057099999999999909e+03 1.786200000000000010e+00
3.058800000000000182e+03 1.787300000000000111e+00
3.060400000000000091e+03 1.788300000000000001e+00
3.061800000000000182e+03 1.789199999999999902e+00
3.063199999999999818e+03 1.790100000000000025e+00
3.064400000000000091e+03 1.790899999999999936e+00
3.065500000000000000e+03 1.791600000000000081e+00
3.066500000000000000e+03 1.792300000000000004e+00
3.067500000000000000e+03 1.792899999999999938e+00
3.068400000000000091e+03 1.793500000000000094e+00
3.069199999999999818e+03 1.794000000000000039e+00
3.069900000000000091e+03 1.794499999999999984e+00
3.070599999999999909e+03 1.794899999999999940e+00
3.071199999999999818e+03 1.795299999999999896e+00
3.071800000000000182e+03 1.795700000000000074e+00
3.072300000000000182e+03 1.796000000000000041e+00
3.072800000000000182e+03 1.796300000000000008e+00
3.073300000000000182e+03 1.796599999999999975e+00
3.073699999999999818e+03 1.796899999999999942e+00
3.074099999999999909e+03 1.797099999999999920e+00
3.074400000000000091e+03 1.797400000000000109e+00
3.074699999999999818e+03 1.797600000000000087e+00
3.075000000000000000e+03 1.797800000000000065e+00
3.075300000000000182e+03 1.797900000000000054e+00
3.075599999999999909e+03 1.798100000000000032e+00
3.075800000000000182e+03 1.798300000000000010e+00
3.076000000000000000e+03 1.798399999999999999e+00
3.076199999999999818e+03 1.798499999999999988e+00
3.076300000000000182e+03 1.798599999999999977e+00
3.076400000000000091e+03 1.798699999999999966e+00
3.076500000000000000e+03 1.798799999999999955e+00
3.076599999999999909e+03 1.798799999999999955e+00
3.076699999999999818e+03 1.798899999999999944e+00
3.076699999999999818e+03 1.798899999999999944e+00
3.076699999999999818e+03 1.798899999999999944e+00
3.076599999999999909e+03 1.798899999999999944e+00
3.076599999999999909e+03 1.798899999999999944e+00
3.076500000000000000e+03 1.798899999999999944e+00
3.076400000000000091e+03 1.798799999999999955e+00
3.076300000000000182e+03 1.798799999999999955e+00
3.076199999999999818e+03 1.798699999999999966e+00
3.076099999999999909e+03 1.798599999999999977e+00
3.075900000000000091e+03 1.798499999999999988e+00
3.075699999999999818e+03 1.798399999999999999e+00
3.075500000000000000e+03 1.798300000000000010e+00
3.075300000000000182e+03 1.798200000000000021e+00
3.075099999999999909e+03 1.798100000000000032e+00
3.074900000000000091e+03 1.798000000000000043e+00
3.074699999999999818e+03 1.797900000000000054e+00
3.074400000000000091e+03 1.797700000000000076e+00
3.074199999999999818e+03 1.797600000000000087e+00
3.073900000000000091e+03 1.797400000000000109e+00
3.073500000000000000e+03 1.797199999999999909e+00
3.073199999999999818e+03 1.796999999999999931e+00
3.072800000000000182e+03 1.796799999999999953e+00
3.072400000000000091e+03 1.796499999999999986e+00
3.071900000000000091e+03 1.796300000000000008e+00
3.071400000000000091e+03 1.796000000000000041e+00
3.070800000000000182e+03 1.795700000000000074e+00
3.070199999999999818e+03 1.795400000000000107e+00
3.069599999999999909e+03 1.794999999999999929e+00
3.068900000000000091e+03 1.794599999999999973e+00
3.068199999999999818e+03 1.794200000000000017e+00
3.067500000000000000e+03 1.793800000000000061e+00
3.066699999999999818e+03 1.793400000000000105e+00
3.065900000000000091e+03 1.792899999999999938e+00
3.065099999999999909e+03 1.792499999999999982e+00
3.064300000000000182e+03 1.792000000000000037e+00
3.063400000000000091e+03 1.791500000000000092e+00
3.062599999999999909e+03 1.790999999999999925e+00
3.061699999999999818e+03 1.790399999999999991e+00
3.060800000000000182e+03 1.789900000000000047e+00
3.059900000000000091e+03 1.789400000000000102e+00
3.059000000000000000e+03 1.788799999999999946e+00
3.058099999999999909e+03 1.788300000000000001e+00
3.057400000000000091e+03 1.787900000000000045e+00
3.056800000000000182e+03 1.787500000000000089e+00
3.056300000000000182e+03 1.787099999999999911e+00
3.055900000000000091e+03 1.786899999999999933e+00
3.055699999999999818e+03 1.786799999999999944e+00
3.055699999999999818e+03 1.786799999999999944e+00
3.055900000000000091e+03 1.786899999999999933e+00
3.056300000000000182e+03 1.787099999999999911e+00
3.056800000000000182e+03 1.787400000000000100e+00
3.057500000000000000e+03 1.787800000000000056e+00
3.058400000000000091e+03 1.788399999999999990e+00
3.059500000000000000e+03 1.788999999999999924e+00
3.060699999999999818e+03 1.789800000000000058e+00
3.062099999999999909e+03 1.790599999999999969e+00
3.063599999999999909e+03 1.791600000000000081e+00
3.065300000000000182e+03 1.792599999999999971e+00
3.067000000000000000e+03 1.793700000000000072e+00
3.068900000000000091e+03 1.794899999999999940e+00
3.071000000000000000e+03 1.796100000000000030e+00
3.073099999999999909e+03 1.797500000000000098e+00
3.075300000000000182e+03 1.798799999999999955e+00
3.077599999999999909e+03 1.800300000000000011e+00
3.080000000000000000e+03 1.801800000000000068e+00
3.082500000000000000e+03 1.803299999999999903e+00
3.085000000000000000e+03 1.804899999999999949e+00
3.087599999999999909e+03 1.806499999999999995e+00
3.090199999999999818e+03 1.808200000000000029e+00
3.092800000000000182e+03 1.809800000000000075e+00
3.095400000000000091e+03 1.811500000000000110e+00
3.098099999999999909e+03 1.813199999999999923e+00
3.100800000000000182e+03 1.814899999999999958e+00
3.103500000000000000e+03 1.816599999999999993e+00
3.106199999999999818e+03 1.818300000000000027e+00
3.108900000000000091e+03 1.820100000000000051e+00
3.111599999999999909e+03 1.821800000000000086e+00
3.114400000000000091e+03 1.823499999999999899e+00
3.117099999999999909e+03 1.825299999999999923e+00
3.119800000000000182e+03 1.826999999999999957e+00
3.122599999999999909e+03 1.828699999999999992e+00
3.125300000000000182e+03 1.830500000000000016e+00
3.128000000000000000e+03 1.832200000000000051e+00
3.130699999999999818e+03 1.834000000000000075e+00
3.133500000000000000e+03 1.835700000000000109e+00
3.136199999999999818e+03 1.837399999999999922e+00
3.139000000000000000e+03 1.839199999999999946e+00
3.141699999999999818e+03 1.840899999999999981e+00
3.144400000000000091e+03 1.842700000000000005e+00
3.147099999999999909e+03 1.844400000000000039e+00
3.149800000000000182e+03 1.846100000000000074e+00
3.152400000000000091e+03 1.847800000000000109e+00
3.155000000000000000e+03 1.849399999999999933e+00
3.157500000000000000e+03 1.851099999999999968e+00
3.160000000000000000e+03 1.852700000000000014e+00
3.162300000000000182e+03 1.854200000000000070e+00
3.164699999999999818e+03 1.855699999999999905e+00
3.166900000000000091e+03 1.857199999999999962e+00
3.169099999999999909e+03 1.858600000000000030e+00
3.171199999999999818e+03 1.860000000000000098e+00
3.173300000000000182e+03 1.861299999999999955e+00
3.175300000000000182e+03 1.862600000000000033e+00
3.177199999999999818e+03 1.863899999999999890e+00
3.179099999999999909e+03 1.865099999999999980e+00
3.180900000000000091e+03 1.866300000000000070e+00
3.182599999999999909e+03 1.867399999999999949e+00
3.184400000000000091e+03 1.868500000000000050e+00
3.186000000000000000e+03 1.869599999999999929e+00
3.187699999999999818e+03 1.870700000000000029e+00
3.189199999999999818e+03 1.871699999999999919e+00
3.190800000000000182e+03 1.872800000000000020e+00
3.192300000000000182e+03 1.873799999999999910e+00
3.193900000000000091e+03 1.874800000000000022e+00
3.195599999999999909e+03 1.875799999999999912e+00
3.197500000000000000e+03 1.877000000000000002e+00
3.199599999999999909e+03 1.878300000000000081e+00
3.202000000000000000e+03 1.879699999999999926e+00
3.204699999999999818e+03 1.881299999999999972e+00
3.207699999999999818e+03 1.883099999999999996e+00
3.211099999999999909e+03 1.885099999999999998e+00
3.214900000000000091e+03 1.887399999999999967e+00
3.219099999999999909e+03 1.889899999999999913e+00
3.223699999999999818e+03 1.892600000000000060e+00
3.228599999999999909e+03 1.895599999999999952e+00
3.233900000000000091e+03 1.898700000000000054e+00
3.239500000000000000e+03 1.902099999999999902e+00
3.245500000000000000e+03 1.905699999999999950e+00
3.251800000000000182e+03 1.909599999999999964e+00
3.258400000000000091e+03 1.913599999999999968e+00
3.265300000000000182e+03 1.917799999999999949e+00
3.272500000000000000e+03 1.922199999999999909e+00
3.280000000000000000e+03 1.926800000000000068e+00
3.287699999999999818e+03 1.931499999999999995e+00
3.295699999999999818e+03 1.936399999999999899e+00
3.303900000000000091e+03 1.941400000000000015e+00
3.312400000000000091e+03 1.946600000000000108e+00
3.321099999999999909e+03 1.951999999999999957e+00
3.330300000000000182e+03 1.957500000000000018e+00
3.339800000000000182e+03 1.963300000000000045e+00
3.349800000000000182e+03 1.969400000000000039e+00
3.360300000000000182e+03 1.975800000000000001e+00
3.371300000000000182e+03 1.982499999999999929e+00
3.383000000000000000e+03 1.989500000000000046e+00
3.395199999999999818e+03 1.996799999999999908e+00
3.408000000000000000e+03 2.004500000000000171e+00
3.421400000000000091e+03 2.012599999999999945e+00
3.435400000000000091e+03 2.020999999999999908e+00
3.449900000000000091e+03 2.029799999999999827e+00
3.465000000000000000e+03 2.038899999999999935e+00
3.480599999999999909e+03 2.048399999999999999e+00
3.496699999999999818e+03 2.058100000000000041e+00
3.513199999999999818e+03 2.068200000000000038e+00
3.530199999999999818e+03 2.078500000000000014e+00
3.547599999999999909e+03 2.089100000000000179e+00
3.565400000000000091e+03 2.100000000000000089e+00
3.583500000000000000e+03 2.111099999999999977e+00
3.602000000000000000e+03 2.122399999999999842e+00
3.620699999999999818e+03 2.133900000000000130e+00
3.639699999999999818e+03 2.145500000000000185e+00
3.658900000000000091e+03 2.157300000000000217e+00
3.678400000000000091e+03 2.169200000000000017e+00
3.698000000000000000e+03 2.181200000000000028e+00
3.717800000000000182e+03 2.193299999999999805e+00
3.737699999999999818e+03 2.205499999999999794e+00
3.757800000000000182e+03 2.217799999999999994e+00
3.777900000000000091e+03 2.229999999999999982e+00
3.798000000000000000e+03 2.242300000000000182e+00
3.818300000000000182e+03 2.254599999999999937e+00
3.838599999999999909e+03 2.266900000000000137e+00
3.859000000000000000e+03 2.279199999999999893e+00
3.879599999999999909e+03 2.291500000000000092e+00
3.900300000000000182e+03 2.303900000000000059e+00
3.920900000000000091e+03 2.316300000000000026e+00
3.941699999999999818e+03 2.328599999999999781e+00
3.962599999999999909e+03 2.341099999999999959e+00
3.983599999999999909e+03 2.353499999999999925e+00
4.004400000000000091e+03 2.365899999999999892e+00
4.025400000000000091e+03 2.378099999999999881e+00
4.046300000000000182e+03 2.390099999999999891e+00
4.067099999999999909e+03 2.402099999999999902e+00
4.087900000000000091e+03 2.413899999999999935e+00
4.108800000000000182e+03 2.425800000000000178e+00
4.129600000000000364e+03 2.437500000000000000e+00
4.150399999999999636e+03 2.449199999999999822e+00
4.171199999999999818e+03 2.460900000000000087e+00
4.192199999999999818e+03 2.472500000000000142e+00
4.213600000000000364e+03 2.484300000000000175e+00
4.235600000000000364e+03 2.496399999999999952e+00
4.258300000000000182e+03 2.508700000000000152e+00
4.281600000000000364e+03 2.521300000000000097e+00
4.305500000000000000e+03 2.534199999999999786e+00
4.330300000000000182e+03 2.547400000000000109e+00
4.356100000000000364e+03 2.561199999999999921e+00
4.383100000000000364e+03 2.575499999999999901e+00
4.411300000000000182e+03 2.590300000000000047e+00
4.440800000000000182e+03 2.605799999999999894e+00
4.471500000000000000e+03 2.621799999999999908e+00
4.503100000000000364e+03 2.638399999999999856e+00
4.535699999999999818e+03 2.655299999999999994e+00
4.569300000000000182e+03 2.672699999999999854e+00
4.603899999999999636e+03 2.690599999999999881e+00
4.639899999999999636e+03 2.709000000000000075e+00
4.676500000000000000e+03 2.727799999999999780e+00
4.714300000000000182e+03 2.746999999999999886e+00
4.752800000000000182e+03 2.766700000000000159e+00
4.791899999999999636e+03 2.786700000000000177e+00
4.831800000000000182e+03 2.806900000000000173e+00
4.872500000000000000e+03 2.827500000000000124e+00
4.914100000000000364e+03 2.848399999999999821e+00
4.956600000000000364e+03 2.869600000000000151e+00
4.999899999999999636e+03 2.891000000000000014e+00
5.043800000000000182e+03 2.912599999999999856e+00
5.088600000000000364e+03 2.934499999999999886e+00
5.134500000000000000e+03 2.956599999999999895e+00
5.181300000000000182e+03 2.979000000000000092e+00
5.229199999999999818e+03 3.001700000000000035e+00
5.277899999999999636e+03 3.024799999999999933e+00
5.327800000000000182e+03 3.048200000000000021e+00
5.379100000000000364e+03 3.072099999999999831e+00
5.431699999999999818e+03 3.096400000000000041e+00
5.484899999999999636e+03 3.121100000000000207e+00
5.538800000000000182e+03 3.146100000000000119e+00
5.592899999999999636e+03 3.171300000000000008e+00
5.647300000000000182e+03 3.196699999999999875e+00
5.701699999999999818e+03 3.222199999999999953e+00
5.756100000000000364e+03 3.247900000000000009e+00
5.810600000000000364e+03 3.273600000000000065e+00
5.865600000000000364e+03 3.299599999999999866e+00
5.920899999999999636e+03 3.325699999999999878e+00
5.976300000000000182e+03 3.351999999999999869e+00
6.031699999999999818e+03 3.378400000000000070e+00
6.086899999999999636e+03 3.404900000000000038e+00
6.141800000000000182e+03 3.431599999999999984e+00
6.196399999999999636e+03 3.458299999999999930e+00
6.250800000000000182e+03 3.485300000000000065e+00
6.305000000000000000e+03 3.512399999999999967e+00
6.358899999999999636e+03 3.540000000000000036e+00
6.412600000000000364e+03 3.567899999999999849e+00
6.466500000000000000e+03 3.596099999999999852e+00
6.521100000000000364e+03 3.624499999999999833e+00
6.575800000000000182e+03 3.652800000000000047e+00
6.630500000000000000e+03 3.680899999999999839e+00
6.684800000000000182e+03 3.708600000000000119e+00
6.738899999999999636e+03 3.736099999999999977e+00
6.794000000000000000e+03 3.763799999999999812e+00
6.849500000000000000e+03 3.791799999999999837e+00
6.905600000000000364e+03 3.819999999999999840e+00
6.961899999999999636e+03 3.848500000000000032e+00
7.018399999999999636e+03 3.877200000000000202e+00
7.075699999999999818e+03 3.906200000000000117e+00
7.133800000000000182e+03 3.935500000000000220e+00
7.193300000000000182e+03 3.965300000000000047e+00
7.253000000000000000e+03 3.995299999999999851e+00
7.312500000000000000e+03 4.025199999999999889e+00
7.371500000000000000e+03 4.054899999999999949e+00
7.430899999999999636e+03 4.084399999999999586e+00
7.489199999999999818e+03 4.113699999999999690e+00
7.547600000000000364e+03 4.143099999999999561e+00
7.606300000000000182e+03 4.172600000000000087e+00
7.664100000000000364e+03 4.201999999999999957e+00
7.720899999999999636e+03 4.230999999999999872e+00
7.776699999999999818e+03 4.259599999999999831e+00
7.832100000000000364e+03 4.287799999999999834e+00
7.887500000000000000e+03 4.315999999999999837e+00
7.943199999999999818e+03 4.344100000000000072e+00
7.998899999999999636e+03 4.372200000000000308e+00
8.054800000000000182e+03 4.400299999999999656e+00
8.110899999999999636e+03 4.428399999999999892e+00
8.167600000000000364e+03 4.456699999999999662e+00
8.225000000000000000e+03 4.485299999999999621e+00
8.283500000000000000e+03 4.514199999999999768e+00
8.343200000000000728e+03 4.543700000000000294e+00
8.404500000000000000e+03 4.573500000000000121e+00
8.467299999999999272e+03 4.603799999999999670e+00
8.531200000000000728e+03 4.634599999999999831e+00
8.596299999999999272e+03 4.665799999999999947e+00
8.662600000000000364e+03 4.697600000000000442e+00
8.730299999999999272e+03 4.729899999999999771e+00
8.799600000000000364e+03 4.762699999999999712e+00
8.870399999999999636e+03 4.796400000000000219e+00
8.943299999999999272e+03 4.831100000000000172e+00
9.018500000000000000e+03 4.867099999999999760e+00
9.096100000000000364e+03 4.904300000000000104e+00
9.176200000000000728e+03 4.942899999999999849e+00
9.258299999999999272e+03 4.982800000000000118e+00
9.341899999999999636e+03 5.023799999999999599e+00
9.426299999999999272e+03 5.065599999999999881e+00
9.510899999999999636e+03 5.107899999999999885e+00
9.596000000000000000e+03 5.150599999999999845e+00
9.681299999999999272e+03 5.193699999999999761e+00
9.766899999999999636e+03 5.237199999999999633e+00
9.852799999999999272e+03 5.281100000000000350e+00
9.941399999999999636e+03 5.325599999999999667e+00
1.003700000000000000e+04 5.369200000000000195e+00
1.013400000000000000e+04 5.411100000000000243e+00
1.023000000000000000e+04 5.451600000000000001e+00
1.032500000000000000e+04 5.491100000000000314e+00
1.042000000000000000e+04 5.530199999999999783e+00
1.051300000000000000e+04 5.568800000000000416e+00
1.060700000000000000e+04 5.607099999999999973e+00
1.070000000000000000e+04 5.645199999999999996e+00
1.079200000000000000e+04 5.682900000000000063e+00
1.088400000000000000e+04 5.720200000000000173e+00
1.097300000000000000e+04 5.756800000000000139e+00
1.106000000000000000e+04 5.792500000000000426e+00
1.114500000000000000e+04 5.827200000000000379e+00
1.122700000000000000e+04 5.860699999999999577e+00
1.130600000000000000e+04 5.892900000000000027e+00
1.138200000000000000e+04 5.923899999999999721e+00
1.145400000000000000e+04 5.953500000000000014e+00
1.152300000000000000e+04 5.981799999999999784e+00
1.158900000000000000e+04 6.008799999999999919e+00
1.165200000000000000e+04 6.034399999999999764e+00
1.171200000000000000e+04 6.058799999999999741e+00
1.176900000000000000e+04 6.081999999999999851e+00
1.182300000000000000e+04 6.104099999999999859e+00
1.187600000000000000e+04 6.125300000000000189e+00
1.192600000000000000e+04 6.145500000000000185e+00
1.197400000000000000e+04 6.165000000000000036e+00
1.202100000000000000e+04 6.183699999999999974e+00
1.206600000000000000e+04 6.201900000000000190e+00
1.211000000000000000e+04 6.219500000000000028e+00
1.215300000000000000e+04 6.236500000000000377e+00
1.219500000000000000e+04 6.253199999999999648e+00
1.223500000000000000e+04 6.269400000000000084e+00
1.227600000000000000e+04 6.285300000000000331e+00
1.231400000000000000e+04 6.300699999999999967e+00
1.235200000000000000e+04 6.315599999999999881e+00
1.238800000000000000e+04 6.329900000000000304e+00
1.242200000000000000e+04 6.343399999999999928e+00
1.245400000000000000e+04 6.356300000000000061e+00
1.248500000000000000e+04 6.368500000000000050e+00
1.251400000000000000e+04 6.380099999999999660e+00
1.254100000000000000e+04 6.391000000000000014e+00
1.256700000000000000e+04 6.401399999999999757e+00
1.259200000000000000e+04 6.411299999999999777e+00
1.261600000000000000e+04 6.420700000000000074e+00
1.263900000000000000e+04 6.429700000000000415e+00
1.266000000000000000e+04 6.438299999999999912e+00
1.268100000000000000e+04 6.446500000000000341e+00
1.270100000000000000e+04 6.454399999999999693e+00
1.272000000000000000e+04 6.461899999999999977e+00
1.273900000000000000e+04 6.469199999999999839e+00
1.275700000000000000e+04 6.476300000000000168e+00
1.277400000000000000e+04 6.483100000000000307e+00
1.279100000000000000e+04 6.489700000000000024e+00
1.280700000000000000e+04 6.496000000000000441e+00
1.282300000000000000e+04 6.502200000000000202e+00
1.283900000000000000e+04 6.508300000000000196e+00
1.285400000000000000e+04 6.514100000000000001e+00
1.286800000000000000e+04 6.519700000000000273e+00
1.288100000000000000e+04 6.524899999999999700e+00
1.289300000000000000e+04 6.529700000000000060e+00
1.290300000000000000e+04 6.533999999999999808e+00
1.291300000000000000e+04 6.537799999999999834e+00
1.292000000000000000e+04 6.541000000000000369e+00
1.292700000000000000e+04 6.543800000000000061e+00
1.293200000000000000e+04 6.546100000000000030e+00
1.293700000000000000e+04 6.547900000000000276e+00
1.294000000000000000e+04 6.549299999999999677e+00
1.294200000000000000e+04 6.550300000000000011e+00
1.294300000000000000e+04 6.551000000000000156e+00
1.294400000000000000e+04 6.551300000000000345e+00
