1.316299999999999955e+03 1.281300000000000106e+00
2.731199999999999818e+03 1.676700000000000079e+00
2.752699999999999818e+03 1.719100000000000072e+00
2.740199999999999818e+03 1.728699999999999903e+00
2.653199999999999818e+03 1.694199999999999928e+00
2.568599999999999909e+03 1.640400000000000080e+00
2.494900000000000091e+03 1.592300000000000049e+00
2.444900000000000091e+03 1.557299999999999907e+00
2.418099999999999909e+03 1.536399999999999988e+00
2.411000000000000000e+03 1.527900000000000036e+00
2.419000000000000000e+03 1.529099999999999904e+00
2.438000000000000000e+03 1.537500000000000089e+00
2.464400000000000091e+03 1.550899999999999945e+00
2.495199999999999818e+03 1.567700000000000093e+00
2.528599999999999909e+03 1.586500000000000021e+00
2.563000000000000000e+03 1.606400000000000050e+00
2.597599999999999909e+03 1.626800000000000024e+00
2.631400000000000091e+03 1.647199999999999998e+00
2.664199999999999818e+03 1.667200000000000015e+00
2.695500000000000000e+03 1.686600000000000099e+00
2.725199999999999818e+03 1.705200000000000049e+00
2.750699999999999818e+03 1.723899999999999988e+00
2.774599999999999909e+03 1.742299999999999960e+00
2.797300000000000182e+03 1.760099999999999998e+00
2.818699999999999818e+03 1.777099999999999902e+00
2.838699999999999818e+03 1.793099999999999916e+00
2.857400000000000091e+03 1.808200000000000029e+00
2.874900000000000091e+03 1.822300000000000031e+00
2.891099999999999909e+03 1.835499999999999909e+00
2.906000000000000000e+03 1.847800000000000109e+00
2.919900000000000091e+03 1.859199999999999964e+00
2.932599999999999909e+03 1.869699999999999918e+00
2.944300000000000182e+03 1.879399999999999959e+00
2.955099999999999909e+03 1.888400000000000079e+00
2.965099999999999909e+03 1.896700000000000053e+00
2.974199999999999818e+03 1.904400000000000093e+00
2.982599999999999909e+03 1.911399999999999988e+00
2.990300000000000182e+03 1.917899999999999938e+00
2.997400000000000091e+03 1.923799999999999955e+00
3.004000000000000000e+03 1.929300000000000015e+00
3.010400000000000091e+03 1.934099999999999930e+00
3.016099999999999909e+03 1.938499999999999890e+00
3.021300000000000182e+03 1.942399999999999904e+00
3.026000000000000000e+03 1.945999999999999952e+00
3.030300000000000182e+03 1.949300000000000033e+00
3.034300000000000182e+03 1.952299999999999924e+00
3.037900000000000091e+03 1.955000000000000071e+00
3.041199999999999818e+03 1.957500000000000018e+00
3.044199999999999818e+03 1.959799999999999986e+00
3.047000000000000000e+03 1.961799999999999988e+00
3.049500000000000000e+03 1.963799999999999990e+00
3.051800000000000182e+03 1.965500000000000025e+00
3.054000000000000000e+03 1.967100000000000071e+00
3.055900000000000091e+03 1.968599999999999905e+00
3.057699999999999818e+03 1.969999999999999973e+00
3.059400000000000091e+03 1.971200000000000063e+00
3.060900000000000091e+03 1.972399999999999931e+00
3.062300000000000182e+03 1.973400000000000043e+00
3.063599999999999909e+03 1.974399999999999933e+00
3.064800000000000182e+03 1.975300000000000056e+00
3.065900000000000091e+03 1.976099999999999968e+00
3.066900000000000091e+03 1.976900000000000102e+00
3.067800000000000182e+03 1.977600000000000025e+00
3.068699999999999818e+03 1.978199999999999958e+00
3.069400000000000091e+03 1.978799999999999892e+00
3.070199999999999818e+03 1.979300000000000059e+00
3.070800000000000182e+03 1.979800000000000004e+00
3.071400000000000091e+03 1.980299999999999949e+00
3.072000000000000000e+03 1.980699999999999905e+00
3.072500000000000000e+03 1.981100000000000083e+00
3.073000000000000000e+03 1.981500000000000039e+00
3.073400000000000091e+03 1.981800000000000006e+00
3.073800000000000182e+03 1.982099999999999973e+00
3.074199999999999818e+03 1.982399999999999940e+00
3.074500000000000000e+03 1.982599999999999918e+00
3.074800000000000182e+03 1.982900000000000107e+00
3.075099999999999909e+03 1.983100000000000085e+00
3.075400000000000091e+03 1.983300000000000063e+00
3.075599999999999909e+03 1.983500000000000041e+00
3.075900000000000091e+03 1.983600000000000030e+00
3.076099999999999909e+03 1.983800000000000008e+00
3.076199999999999818e+03 1.983899999999999997e+00
3.076400000000000091e+03 1.983999999999999986e+00
3.076500000000000000e+03 1.984099999999999975e+00
3.076599999999999909e+03 1.984199999999999964e+00
3.076599999999999909e+03 1.984299999999999953e+00
3.076699999999999818e+03 1.984299999999999953e+00
3.076699999999999818e+03 1.984299999999999953e+00
3.076699999999999818e+03 1.984299999999999953e+00
3.076599999999999909e+03 1.984299999999999953e+00
3.076599999999999909e+03 1.984299999999999953e+00
3.076500000000000000e+03 1.984299999999999953e+00
3.076400000000000091e+03 1.984199999999999964e+00
3.076300000000000182e+03 1.984199999999999964e+00
3.076199999999999818e+03 1.984099999999999975e+00
3.076000000000000000e+03 1.983999999999999986e+00
3.075800000000000182e+03 1.983899999999999997e+00
3.075699999999999818e+03 1.983800000000000008e+00
3.075500000000000000e+03 1.983700000000000019e+00
3.075300000000000182e+03 1.983500000000000041e+00
3.075099999999999909e+03 1.983400000000000052e+00
3.074800000000000182e+03 1.983300000000000063e+00
3.074599999999999909e+03 1.983100000000000085e+00
3.074400000000000091e+03 1.982900000000000107e+00
3.074099999999999909e+03 1.982799999999999896e+00
3.073800000000000182e+03 1.982599999999999918e+00
3.073400000000000091e+03 1.982399999999999940e+00
3.073099999999999909e+03 1.982099999999999973e+00
3.072699999999999818e+03 1.981899999999999995e+00
3.072199999999999818e+03 1.981600000000000028e+00
3.071699999999999818e+03 1.981300000000000061e+00
3.071199999999999818e+03 1.980900000000000105e+00
3.070599999999999909e+03 1.980599999999999916e+00
3.070000000000000000e+03 1.980199999999999960e+00
3.069400000000000091e+03 1.979800000000000004e+00
3.068699999999999818e+03 1.979300000000000059e+00
3.068000000000000000e+03 1.978900000000000103e+00
3.067199999999999818e+03 1.978399999999999936e+00
3.066500000000000000e+03 1.977899999999999991e+00
3.065699999999999818e+03 1.977300000000000058e+00
3.064900000000000091e+03 1.976799999999999891e+00
3.064000000000000000e+03 1.976199999999999957e+00
3.063199999999999818e+03 1.975700000000000012e+00
3.062300000000000182e+03 1.975100000000000078e+00
3.061400000000000091e+03 1.974499999999999922e+00
3.060500000000000000e+03 1.973799999999999999e+00
3.059599999999999909e+03 1.973200000000000065e+00
3.058699999999999818e+03 1.972599999999999909e+00
3.057900000000000091e+03 1.971999999999999975e+00
3.057199999999999818e+03 1.971500000000000030e+00
3.056599999999999909e+03 1.971000000000000085e+00
3.056099999999999909e+03 1.970699999999999896e+00
3.055800000000000182e+03 1.970399999999999929e+00
3.055699999999999818e+03 1.970299999999999940e+00
3.055800000000000182e+03 1.970299999999999940e+00
3.056000000000000000e+03 1.970399999999999929e+00
3.056400000000000091e+03 1.970599999999999907e+00
3.057000000000000000e+03 1.971000000000000085e+00
3.057800000000000182e+03 1.971500000000000030e+00
3.058800000000000182e+03 1.972199999999999953e+00
3.059900000000000091e+03 1.972900000000000098e+00
3.061199999999999818e+03 1.973799999999999999e+00
3.062599999999999909e+03 1.974699999999999900e+00
3.064199999999999818e+03 1.975800000000000001e+00
3.065900000000000091e+03 1.977000000000000091e+00
3.067699999999999818e+03 1.978299999999999947e+00
3.069599999999999909e+03 1.979600000000000026e+00
3.071699999999999818e+03 1.981100000000000083e+00
3.073900000000000091e+03 1.982599999999999918e+00
3.076099999999999909e+03 1.984199999999999964e+00
3.078500000000000000e+03 1.985800000000000010e+00
3.080900000000000091e+03 1.987500000000000044e+00
3.083400000000000091e+03 1.989300000000000068e+00
3.085900000000000091e+03 1.991100000000000092e+00
3.088500000000000000e+03 1.992899999999999894e+00
3.091099999999999909e+03 1.994799999999999907e+00
3.093699999999999818e+03 1.996699999999999919e+00
3.096400000000000091e+03 1.998599999999999932e+00
3.099099999999999909e+03 2.000599999999999934e+00
3.101800000000000182e+03 2.002499999999999947e+00
3.104500000000000000e+03 2.004500000000000171e+00
3.107199999999999818e+03 2.006400000000000183e+00
3.109900000000000091e+03 2.008399999999999963e+00
3.112599999999999909e+03 2.010400000000000187e+00
3.115400000000000091e+03 2.012300000000000200e+00
3.118099999999999909e+03 2.014299999999999979e+00
3.120800000000000182e+03 2.016300000000000203e+00
3.123500000000000000e+03 2.018299999999999983e+00
3.126300000000000182e+03 2.020300000000000207e+00
3.129000000000000000e+03 2.022200000000000220e+00
3.131699999999999818e+03 2.024199999999999999e+00
3.134500000000000000e+03 2.026199999999999779e+00
3.137199999999999818e+03 2.028200000000000003e+00
3.140000000000000000e+03 2.030199999999999783e+00
3.142699999999999818e+03 2.032200000000000006e+00
3.145400000000000091e+03 2.034100000000000019e+00
3.148099999999999909e+03 2.036099999999999799e+00
3.150800000000000182e+03 2.038100000000000023e+00
3.153400000000000091e+03 2.040000000000000036e+00
3.155900000000000091e+03 2.041900000000000048e+00
3.158400000000000091e+03 2.043699999999999850e+00
3.160800000000000182e+03 2.045500000000000096e+00
3.163199999999999818e+03 2.047299999999999898e+00
3.165500000000000000e+03 2.048999999999999932e+00
3.167699999999999818e+03 2.050600000000000200e+00
3.169900000000000091e+03 2.052200000000000024e+00
3.172000000000000000e+03 2.053799999999999848e+00
3.174000000000000000e+03 2.055299999999999905e+00
3.176000000000000000e+03 2.056799999999999962e+00
3.177900000000000091e+03 2.058199999999999807e+00
3.179699999999999818e+03 2.059600000000000097e+00
3.181500000000000000e+03 2.060900000000000176e+00
3.183300000000000182e+03 2.062199999999999811e+00
3.185000000000000000e+03 2.063499999999999890e+00
3.186699999999999818e+03 2.064799999999999969e+00
3.188300000000000182e+03 2.065999999999999837e+00
3.189800000000000182e+03 2.067099999999999937e+00
3.191400000000000091e+03 2.068299999999999805e+00
3.192900000000000091e+03 2.069399999999999906e+00
3.194500000000000000e+03 2.070600000000000218e+00
3.196300000000000182e+03 2.071800000000000086e+00
3.198199999999999818e+03 2.073100000000000165e+00
3.200400000000000091e+03 2.074600000000000222e+00
3.202900000000000091e+03 2.076299999999999812e+00
3.205699999999999818e+03 2.078100000000000058e+00
3.208800000000000182e+03 2.080200000000000049e+00
3.212400000000000091e+03 2.082599999999999785e+00
3.216300000000000182e+03 2.085199999999999942e+00
3.220599999999999909e+03 2.088099999999999845e+00
3.225300000000000182e+03 2.091200000000000170e+00
3.230400000000000091e+03 2.094700000000000006e+00
3.235800000000000182e+03 2.098300000000000054e+00
3.241599999999999909e+03 2.102300000000000058e+00
3.247699999999999818e+03 2.106399999999999828e+00
3.254099999999999909e+03 2.110799999999999788e+00
3.260800000000000182e+03 2.115499999999999936e+00
3.267800000000000182e+03 2.120299999999999851e+00
3.275199999999999818e+03 2.125399999999999956e+00
3.282699999999999818e+03 2.130599999999999827e+00
3.290599999999999909e+03 2.136099999999999888e+00
3.298599999999999909e+03 2.141700000000000159e+00
3.307000000000000000e+03 2.147499999999999964e+00
3.315500000000000000e+03 2.153500000000000192e+00
3.324400000000000091e+03 2.159600000000000186e+00
3.333699999999999818e+03 2.165999999999999925e+00
3.343400000000000091e+03 2.172699999999999854e+00
3.353599999999999909e+03 2.179699999999999971e+00
3.364199999999999818e+03 2.187100000000000044e+00
3.375500000000000000e+03 2.194799999999999862e+00
3.387400000000000091e+03 2.202900000000000080e+00
3.399900000000000091e+03 2.211399999999999810e+00
3.412900000000000091e+03 2.220299999999999940e+00
3.426599999999999909e+03 2.229600000000000026e+00
3.440800000000000182e+03 2.239399999999999835e+00
3.455599999999999909e+03 2.249499999999999833e+00
3.470900000000000091e+03 2.259999999999999787e+00
3.486800000000000182e+03 2.270900000000000141e+00
3.503099999999999909e+03 2.282200000000000006e+00
3.519900000000000091e+03 2.293800000000000061e+00
3.537099999999999909e+03 2.305699999999999861e+00
3.554800000000000182e+03 2.318000000000000060e+00
3.572800000000000182e+03 2.330499999999999794e+00
3.591099999999999909e+03 2.343199999999999950e+00
3.609800000000000182e+03 2.356199999999999850e+00
3.628699999999999818e+03 2.369400000000000173e+00
3.647900000000000091e+03 2.382800000000000029e+00
3.667199999999999818e+03 2.396399999999999864e+00
3.686800000000000182e+03 2.410099999999999909e+00
3.706599999999999909e+03 2.423900000000000166e+00
3.726500000000000000e+03 2.437800000000000189e+00
3.746599999999999909e+03 2.451799999999999979e+00
3.766699999999999818e+03 2.465899999999999981e+00
3.787000000000000000e+03 2.479999999999999982e+00
3.807199999999999818e+03 2.494099999999999984e+00
3.827500000000000000e+03 2.508300000000000196e+00
3.848000000000000000e+03 2.522400000000000198e+00
3.868500000000000000e+03 2.536599999999999966e+00
3.889099999999999909e+03 2.550800000000000178e+00
3.909900000000000091e+03 2.565100000000000158e+00
3.930599999999999909e+03 2.579400000000000137e+00
3.951500000000000000e+03 2.593700000000000117e+00
3.972599999999999909e+03 2.608099999999999863e+00
3.993599999999999909e+03 2.622399999999999842e+00
4.014500000000000000e+03 2.636699999999999822e+00
4.035300000000000182e+03 2.650900000000000034e+00
4.056199999999999818e+03 2.664899999999999824e+00
4.077099999999999909e+03 2.678799999999999848e+00
4.097899999999999636e+03 2.692600000000000104e+00
4.118899999999999636e+03 2.706399999999999917e+00
4.139699999999999818e+03 2.720200000000000173e+00
4.160500000000000000e+03 2.733900000000000219e+00
4.181399999999999636e+03 2.747500000000000053e+00
4.202600000000000364e+03 2.761099999999999888e+00
4.224300000000000182e+03 2.774900000000000144e+00
4.246699999999999818e+03 2.788899999999999935e+00
4.269800000000000182e+03 2.803199999999999914e+00
4.293399999999999636e+03 2.817800000000000082e+00
4.317699999999999818e+03 2.832699999999999996e+00
4.343000000000000000e+03 2.847999999999999865e+00
4.369500000000000000e+03 2.863799999999999901e+00
4.397100000000000364e+03 2.880100000000000104e+00
4.426000000000000000e+03 2.896999999999999797e+00
4.456199999999999818e+03 2.914499999999999869e+00
4.487800000000000182e+03 2.932399999999999896e+00
4.520500000000000000e+03 2.950400000000000134e+00
4.554300000000000182e+03 2.968599999999999905e+00
4.588899999999999636e+03 2.986899999999999888e+00
4.624800000000000182e+03 3.005199999999999871e+00
4.661899999999999636e+03 3.023699999999999832e+00
4.699600000000000364e+03 3.041999999999999815e+00
4.738600000000000364e+03 3.060500000000000220e+00
4.778100000000000364e+03 3.078800000000000203e+00
4.818199999999999818e+03 3.096900000000000208e+00
4.859100000000000364e+03 3.114900000000000002e+00
4.901000000000000000e+03 3.132800000000000029e+00
4.943699999999999818e+03 3.150799999999999823e+00
4.987199999999999818e+03 3.168600000000000083e+00
5.031500000000000000e+03 3.186199999999999921e+00
5.076399999999999636e+03 3.203699999999999992e+00
5.122399999999999636e+03 3.221099999999999852e+00
5.169100000000000364e+03 3.238500000000000156e+00
5.216899999999999636e+03 3.256099999999999994e+00
5.265699999999999818e+03 3.273800000000000043e+00
5.315399999999999636e+03 3.291599999999999859e+00
5.366300000000000182e+03 3.309699999999999864e+00
5.418699999999999818e+03 3.327900000000000080e+00
5.471699999999999818e+03 3.346200000000000063e+00
5.525300000000000182e+03 3.364599999999999813e+00
5.579699999999999818e+03 3.383399999999999963e+00
5.633699999999999818e+03 3.402499999999999858e+00
5.687899999999999636e+03 3.421899999999999942e+00
5.741699999999999818e+03 3.441899999999999959e+00
5.795500000000000000e+03 3.462499999999999911e+00
5.849399999999999636e+03 3.483600000000000030e+00
5.903699999999999818e+03 3.505199999999999871e+00
5.958199999999999818e+03 3.527200000000000113e+00
6.013000000000000000e+03 3.549900000000000055e+00
6.067699999999999818e+03 3.573199999999999932e+00
6.122000000000000000e+03 3.597300000000000164e+00
6.176000000000000000e+03 3.622199999999999864e+00
6.229800000000000182e+03 3.647600000000000176e+00
6.283500000000000000e+03 3.673500000000000210e+00
6.337100000000000364e+03 3.700099999999999945e+00
6.390300000000000182e+03 3.727399999999999824e+00
6.443199999999999818e+03 3.755399999999999849e+00
6.496199999999999818e+03 3.784100000000000019e+00
6.550100000000000364e+03 3.813400000000000123e+00
6.603800000000000182e+03 3.842999999999999972e+00
6.657399999999999636e+03 3.872700000000000031e+00
6.711000000000000000e+03 3.902200000000000113e+00
6.764899999999999636e+03 3.931700000000000195e+00
6.820300000000000182e+03 3.961500000000000021e+00
6.875899999999999636e+03 3.991699999999999804e+00
6.932100000000000364e+03 4.022100000000000009e+00
6.988399999999999636e+03 4.052800000000000402e+00
7.045100000000000364e+03 4.083700000000000330e+00
7.102699999999999818e+03 4.114700000000000024e+00
7.161300000000000182e+03 4.146099999999999675e+00
7.221000000000000000e+03 4.177800000000000402e+00
7.280699999999999818e+03 4.209600000000000009e+00
7.340100000000000364e+03 4.241399999999999615e+00
7.399000000000000000e+03 4.272899999999999920e+00
7.458100000000000364e+03 4.304299999999999571e+00
7.516500000000000000e+03 4.335399999999999920e+00
7.575000000000000000e+03 4.366699999999999804e+00
7.633800000000000182e+03 4.398200000000000109e+00
7.691199999999999818e+03 4.429499999999999993e+00
7.747600000000000364e+03 4.460200000000000387e+00
7.803000000000000000e+03 4.490499999999999936e+00
7.858199999999999818e+03 4.520400000000000418e+00
7.913500000000000000e+03 4.550200000000000244e+00
7.969199999999999818e+03 4.580000000000000071e+00
8.024899999999999636e+03 4.609700000000000131e+00
8.080800000000000182e+03 4.639499999999999957e+00
8.137100000000000364e+03 4.669200000000000017e+00
8.193899999999999636e+03 4.699099999999999611e+00
8.251600000000000364e+03 4.729300000000000281e+00
8.310500000000000000e+03 4.759800000000000253e+00
8.370600000000000364e+03 4.790700000000000180e+00
8.432299999999999272e+03 4.822199999999999598e+00
8.495399999999999636e+03 4.854000000000000092e+00
8.559799999999999272e+03 4.886400000000000077e+00
8.625299999999999272e+03 4.919200000000000017e+00
8.692200000000000728e+03 4.952600000000000335e+00
8.760399999999999636e+03 4.986600000000000144e+00
8.830200000000000728e+03 5.021099999999999675e+00
8.901899999999999636e+03 5.056400000000000006e+00
8.975899999999999636e+03 5.092900000000000205e+00
9.052200000000000728e+03 5.130499999999999616e+00
9.131000000000000000e+03 5.169500000000000206e+00
9.212299999999999272e+03 5.209800000000000431e+00
9.295399999999999636e+03 5.251400000000000290e+00
9.379799999999999272e+03 5.293999999999999595e+00
9.464799999999999272e+03 5.337399999999999700e+00
9.549799999999999272e+03 5.381199999999999761e+00
9.635100000000000364e+03 5.425300000000000011e+00
9.720799999999999272e+03 5.469699999999999562e+00
9.806700000000000728e+03 5.514499999999999957e+00
9.893000000000000000e+03 5.559599999999999653e+00
9.981500000000000000e+03 5.605000000000000426e+00
1.007600000000000000e+04 5.649000000000000021e+00
1.017100000000000000e+04 5.691499999999999559e+00
1.026600000000000000e+04 5.732599999999999696e+00
1.036100000000000000e+04 5.772899999999999920e+00
1.045500000000000000e+04 5.812599999999999767e+00
1.054800000000000000e+04 5.851799999999999891e+00
1.064100000000000000e+04 5.890699999999999825e+00
1.073400000000000000e+04 5.929199999999999804e+00
1.082600000000000000e+04 5.967399999999999594e+00
1.091700000000000000e+04 6.005099999999999660e+00
1.100600000000000000e+04 6.042099999999999582e+00
1.109200000000000000e+04 6.078199999999999825e+00
1.117600000000000000e+04 6.113100000000000200e+00
1.125700000000000000e+04 6.146899999999999586e+00
1.133500000000000000e+04 6.179599999999999760e+00
1.140900000000000000e+04 6.210899999999999643e+00
1.148000000000000000e+04 6.240899999999999892e+00
1.154800000000000000e+04 6.269499999999999851e+00
1.161300000000000000e+04 6.296700000000000408e+00
1.167500000000000000e+04 6.322600000000000442e+00
1.173300000000000000e+04 6.347199999999999953e+00
1.178900000000000000e+04 6.370700000000000252e+00
1.184300000000000000e+04 6.392999999999999794e+00
1.189400000000000000e+04 6.414299999999999891e+00
1.194400000000000000e+04 6.434800000000000075e+00
1.199100000000000000e+04 6.454399999999999693e+00
1.203700000000000000e+04 6.473399999999999821e+00
1.208200000000000000e+04 6.491699999999999804e+00
1.212500000000000000e+04 6.509400000000000297e+00
1.216800000000000000e+04 6.526699999999999946e+00
1.220900000000000000e+04 6.543499999999999872e+00
1.225000000000000000e+04 6.559899999999999842e+00
1.229000000000000000e+04 6.575999999999999623e+00
1.232800000000000000e+04 6.591499999999999915e+00
1.236500000000000000e+04 6.606499999999999595e+00
1.240000000000000000e+04 6.620899999999999785e+00
1.243400000000000000e+04 6.634500000000000064e+00
1.246500000000000000e+04 6.647499999999999964e+00
1.249500000000000000e+04 6.659699999999999953e+00
1.252400000000000000e+04 6.671400000000000219e+00
1.255100000000000000e+04 6.682400000000000340e+00
1.257600000000000000e+04 6.692800000000000082e+00
1.260100000000000000e+04 6.702700000000000102e+00
1.262400000000000000e+04 6.712200000000000166e+00
1.264600000000000000e+04 6.721199999999999619e+00
1.266800000000000000e+04 6.729800000000000004e+00
1.268800000000000000e+04 6.738000000000000433e+00
1.270800000000000000e+04 6.745899999999999785e+00
1.272700000000000000e+04 6.753499999999999837e+00
1.274500000000000000e+04 6.760799999999999699e+00
1.276300000000000000e+04 6.767900000000000027e+00
1.278000000000000000e+04 6.774700000000000166e+00
1.279700000000000000e+04 6.781299999999999883e+00
1.281300000000000000e+04 6.787700000000000067e+00
1.282900000000000000e+04 6.793899999999999828e+00
1.284400000000000000e+04 6.799999999999999822e+00
1.285900000000000000e+04 6.805900000000000283e+00
1.287300000000000000e+04 6.811499999999999666e+00
1.288500000000000000e+04 6.816699999999999982e+00
1.289700000000000000e+04 6.821500000000000341e+00
1.290700000000000000e+04 6.825800000000000090e+00
1.291600000000000000e+04 6.829500000000000348e+00
1.292300000000000000e+04 6.832799999999999763e+00
1.292900000000000000e+04 6.835499999999999687e+00
1.293400000000000000e+04 6.837799999999999656e+00
1.293800000000000000e+04 6.839599999999999902e+00
1.294100000000000000e+04 6.841000000000000192e+00
1.294300000000000000e+04 6.841999999999999638e+00
1.294400000000000000e+04 6.842600000000000016e+00
