2.610150000000000091e+03 7.698100000000000165e+00
1.249700000000000045e+03 6.852899999999999991e+00
1.763000000000000000e+03 6.802699999999999747e+00
2.099449999999999818e+03 6.928200000000000358e+00
2.262750000000000000e+03 7.053499999999999659e+00
2.385250000000000000e+03 7.174000000000000377e+00
2.482650000000000091e+03 7.284900000000000375e+00
2.562349999999999909e+03 7.384900000000000020e+00
2.627900000000000091e+03 7.474400000000000155e+00
2.682750000000000000e+03 7.553700000000000081e+00
2.729100000000000364e+03 7.623599999999999710e+00
2.768550000000000182e+03 7.685500000000000220e+00
2.802300000000000182e+03 7.740400000000000169e+00
2.831449999999999818e+03 7.789200000000000124e+00
2.856800000000000182e+03 7.832799999999999763e+00
2.878900000000000091e+03 7.871699999999999697e+00
2.898250000000000000e+03 7.906399999999999650e+00
2.915399999999999636e+03 7.937599999999999767e+00
2.930550000000000182e+03 7.965600000000000236e+00
2.944050000000000182e+03 7.990800000000000125e+00
2.956000000000000000e+03 8.013700000000000045e+00
2.966900000000000091e+03 8.034399999999999764e+00
2.976699999999999818e+03 8.053200000000000358e+00
2.985600000000000364e+03 8.070299999999999585e+00
2.993699999999999818e+03 8.085800000000000765e+00
3.000949999999999818e+03 8.099899999999999878e+00
3.007550000000000182e+03 8.112800000000000011e+00
3.013500000000000000e+03 8.124599999999999156e+00
3.018900000000000091e+03 8.135400000000000631e+00
3.023849999999999909e+03 8.145200000000000884e+00
3.028300000000000182e+03 8.154199999999999449e+00
3.032449999999999818e+03 8.162499999999999645e+00
3.036199999999999818e+03 8.169999999999999929e+00
3.039600000000000364e+03 8.176899999999999835e+00
3.042800000000000182e+03 8.183199999999999363e+00
3.045699999999999818e+03 8.189000000000000057e+00
3.048349999999999909e+03 8.194300000000000139e+00
3.050750000000000000e+03 8.199099999999999611e+00
3.052949999999999818e+03 8.203599999999999781e+00
3.055000000000000000e+03 8.207700000000000884e+00
3.056900000000000091e+03 8.211399999999999366e+00
3.058599999999999909e+03 8.214900000000000091e+00
3.060199999999999818e+03 8.217999999999999972e+00
3.061649999999999636e+03 8.220900000000000318e+00
3.063000000000000000e+03 8.223599999999999355e+00
3.064250000000000000e+03 8.226000000000000867e+00
3.065350000000000364e+03 8.228300000000000836e+00
3.066399999999999636e+03 8.230399999999999494e+00
3.067350000000000364e+03 8.232300000000000395e+00
3.068250000000000000e+03 8.233999999999999986e+00
3.069050000000000182e+03 8.235599999999999810e+00
3.069800000000000182e+03 8.237099999999999866e+00
3.070500000000000000e+03 8.238400000000000389e+00
3.071149999999999636e+03 8.239699999999999136e+00
3.071699999999999818e+03 8.240800000000000125e+00
3.072250000000000000e+03 8.241899999999999338e+00
3.072750000000000000e+03 8.242900000000000560e+00
3.073199999999999818e+03 8.243800000000000239e+00
3.073600000000000364e+03 8.244600000000000151e+00
3.074000000000000000e+03 8.245300000000000296e+00
3.074400000000000091e+03 8.246000000000000441e+00
3.074699999999999818e+03 8.246700000000000585e+00
3.075000000000000000e+03 8.247299999999999187e+00
3.075250000000000000e+03 8.247799999999999798e+00
3.075500000000000000e+03 8.248300000000000409e+00
3.075750000000000000e+03 8.248799999999999244e+00
3.075949999999999818e+03 8.249200000000000088e+00
3.076199999999999818e+03 8.249599999999999156e+00
3.076350000000000364e+03 8.249900000000000233e+00
3.076500000000000000e+03 8.250299999999999301e+00
3.076699999999999818e+03 8.250600000000000378e+00
3.076850000000000364e+03 8.250899999999999679e+00
3.076949999999999818e+03 8.251099999999999213e+00
3.077050000000000182e+03 8.251300000000000523e+00
3.077150000000000091e+03 8.251599999999999824e+00
3.077300000000000182e+03 8.251699999999999591e+00
3.077300000000000182e+03 8.251899999999999125e+00
3.077300000000000182e+03 8.252000000000000668e+00
3.077300000000000182e+03 8.252100000000000435e+00
3.077250000000000000e+03 8.252100000000000435e+00
3.077149999999999636e+03 8.252100000000000435e+00
3.077050000000000182e+03 8.252000000000000668e+00
3.076900000000000091e+03 8.251899999999999125e+00
3.076750000000000000e+03 8.251799999999999358e+00
3.076600000000000364e+03 8.251699999999999591e+00
3.076399999999999636e+03 8.251500000000000057e+00
3.076199999999999818e+03 8.251300000000000523e+00
3.076000000000000000e+03 8.251099999999999213e+00
3.075800000000000182e+03 8.250799999999999912e+00
3.075550000000000182e+03 8.250600000000000378e+00
3.075300000000000182e+03 8.250299999999999301e+00
3.075050000000000182e+03 8.250000000000000000e+00
3.074800000000000182e+03 8.249700000000000699e+00
3.074500000000000000e+03 8.249399999999999622e+00
3.074250000000000000e+03 8.249100000000000321e+00
3.073949999999999818e+03 8.248699999999999477e+00
3.073699999999999818e+03 8.248400000000000176e+00
3.073400000000000091e+03 8.247999999999999332e+00
3.073099999999999909e+03 8.247600000000000264e+00
3.072750000000000000e+03 8.247199999999999420e+00
3.072349999999999909e+03 8.246800000000000352e+00
3.071849999999999909e+03 8.246199999999999974e+00
3.071300000000000182e+03 8.245599999999999596e+00
3.070699999999999818e+03 8.244899999999999451e+00
3.070000000000000000e+03 8.244199999999999307e+00
3.069300000000000182e+03 8.243299999999999628e+00
3.068600000000000364e+03 8.242499999999999716e+00
3.067750000000000000e+03 8.241500000000000270e+00
3.066949999999999818e+03 8.240600000000000591e+00
3.066099999999999909e+03 8.239499999999999602e+00
3.065250000000000000e+03 8.238400000000000389e+00
3.064300000000000182e+03 8.237299999999999400e+00
3.063400000000000091e+03 8.236200000000000188e+00
3.062500000000000000e+03 8.234999999999999432e+00
3.061550000000000182e+03 8.233800000000000452e+00
3.060600000000000364e+03 8.232599999999999696e+00
3.059600000000000364e+03 8.231299999999999173e+00
3.058600000000000364e+03 8.230100000000000193e+00
3.057600000000000364e+03 8.228799999999999670e+00
3.056600000000000364e+03 8.227399999999999380e+00
3.055599999999999909e+03 8.226100000000000634e+00
3.054599999999999909e+03 8.224800000000000111e+00
3.053599999999999909e+03 8.223399999999999821e+00
3.052800000000000182e+03 8.222200000000000841e+00
3.052400000000000091e+03 8.221299999999999386e+00
3.052300000000000182e+03 8.220800000000000551e+00
3.052599999999999909e+03 8.220599999999999241e+00
3.053199999999999818e+03 8.220700000000000784e+00
3.054050000000000182e+03 8.221099999999999852e+00
3.055100000000000364e+03 8.221899999999999764e+00
3.056399999999999636e+03 8.222899999999999210e+00
3.057850000000000364e+03 8.224299999999999500e+00
3.059500000000000000e+03 8.225899999999999324e+00
3.061300000000000182e+03 8.227700000000000458e+00
3.063199999999999818e+03 8.229699999999999349e+00
3.065300000000000182e+03 8.231899999999999551e+00
3.067500000000000000e+03 8.234400000000000830e+00
3.069800000000000182e+03 8.237000000000000099e+00
3.072199999999999818e+03 8.239800000000000679e+00
3.074649999999999636e+03 8.242699999999999250e+00
3.077250000000000000e+03 8.245699999999999363e+00
3.079900000000000091e+03 8.248900000000000787e+00
3.082649999999999636e+03 8.252299999999999969e+00
3.085399999999999636e+03 8.255699999999999150e+00
3.088250000000000000e+03 8.259199999999999875e+00
3.091099999999999909e+03 8.262800000000000367e+00
3.094050000000000182e+03 8.266500000000000625e+00
3.096949999999999818e+03 8.270300000000000651e+00
3.099899999999999636e+03 8.273999999999999133e+00
3.102800000000000182e+03 8.277799999999999159e+00
3.105650000000000091e+03 8.281599999999999184e+00
3.108500000000000000e+03 8.285399999999999210e+00
3.111300000000000182e+03 8.289099999999999469e+00
3.114150000000000091e+03 8.292899999999999494e+00
3.116900000000000091e+03 8.296699999999999520e+00
3.119699999999999818e+03 8.300399999999999778e+00
3.122500000000000000e+03 8.304199999999999804e+00
3.125250000000000000e+03 8.307900000000000063e+00
3.128050000000000182e+03 8.311600000000000321e+00
3.130800000000000182e+03 8.315400000000000347e+00
3.133599999999999909e+03 8.319100000000000605e+00
3.136349999999999909e+03 8.322900000000000631e+00
3.139099999999999909e+03 8.326599999999999113e+00
3.141900000000000091e+03 8.330299999999999372e+00
3.144650000000000091e+03 8.334099999999999397e+00
3.147400000000000091e+03 8.337799999999999656e+00
3.150199999999999818e+03 8.341499999999999915e+00
3.153000000000000000e+03 8.345299999999999940e+00
3.155699999999999818e+03 8.349000000000000199e+00
3.158500000000000000e+03 8.352700000000000458e+00
3.161300000000000182e+03 8.356500000000000483e+00
3.163949999999999818e+03 8.360099999999999199e+00
3.166500000000000000e+03 8.363699999999999690e+00
3.168949999999999818e+03 8.367100000000000648e+00
3.171199999999999818e+03 8.370400000000000063e+00
3.173349999999999909e+03 8.373599999999999710e+00
3.175400000000000091e+03 8.376699999999999591e+00
3.177400000000000091e+03 8.379599999999999937e+00
3.179250000000000000e+03 8.382400000000000517e+00
3.181099999999999909e+03 8.385099999999999554e+00
3.182850000000000364e+03 8.387700000000000600e+00
3.184500000000000000e+03 8.390299999999999869e+00
3.186150000000000091e+03 8.392699999999999605e+00
3.187750000000000000e+03 8.395099999999999341e+00
3.189250000000000000e+03 8.397399999999999309e+00
3.190849999999999909e+03 8.399599999999999511e+00
3.192250000000000000e+03 8.401799999999999713e+00
3.193699999999999818e+03 8.403900000000000148e+00
3.195099999999999909e+03 8.405900000000000816e+00
3.196500000000000000e+03 8.407999999999999474e+00
3.197850000000000364e+03 8.409900000000000375e+00
3.199199999999999818e+03 8.411799999999999500e+00
3.200500000000000000e+03 8.413700000000000401e+00
3.201849999999999909e+03 8.415599999999999525e+00
3.203150000000000091e+03 8.417400000000000659e+00
3.204900000000000091e+03 8.419499999999999318e+00
3.207399999999999636e+03 8.422299999999999898e+00
3.210699999999999818e+03 8.425599999999999312e+00
3.214699999999999818e+03 8.429800000000000182e+00
3.219350000000000364e+03 8.434599999999999653e+00
3.224599999999999909e+03 8.440099999999999270e+00
3.230399999999999636e+03 8.446199999999999264e+00
3.236600000000000364e+03 8.452899999999999636e+00
3.243250000000000000e+03 8.460200000000000387e+00
3.250250000000000000e+03 8.468099999999999739e+00
3.257599999999999909e+03 8.476399999999999935e+00
3.265250000000000000e+03 8.485099999999999199e+00
3.273150000000000091e+03 8.494300000000000850e+00
3.281350000000000364e+03 8.503800000000000026e+00
3.289699999999999818e+03 8.513700000000000045e+00
3.298350000000000364e+03 8.523899999999999366e+00
3.307199999999999818e+03 8.534399999999999764e+00
3.316199999999999818e+03 8.545199999999999463e+00
3.325349999999999909e+03 8.556200000000000472e+00
3.334699999999999818e+03 8.567399999999999238e+00
3.344149999999999636e+03 8.578799999999999315e+00
3.353750000000000000e+03 8.590400000000000702e+00
3.363550000000000182e+03 8.602100000000000080e+00
3.373449999999999818e+03 8.614100000000000534e+00
3.383949999999999818e+03 8.626400000000000290e+00
3.395399999999999636e+03 8.639499999999999957e+00
3.407800000000000182e+03 8.653399999999999537e+00
3.421099999999999909e+03 8.668200000000000571e+00
3.435300000000000182e+03 8.683799999999999741e+00
3.450250000000000000e+03 8.700100000000000833e+00
3.465800000000000182e+03 8.717100000000000293e+00
3.482000000000000000e+03 8.734700000000000131e+00
3.498800000000000182e+03 8.752900000000000347e+00
3.516099999999999909e+03 8.771599999999999397e+00
3.533849999999999909e+03 8.790699999999999292e+00
3.552050000000000182e+03 8.810299999999999798e+00
3.570699999999999818e+03 8.830199999999999605e+00
3.589650000000000091e+03 8.850500000000000256e+00
3.608849999999999909e+03 8.870900000000000674e+00
3.628300000000000182e+03 8.891400000000000858e+00
3.647899999999999636e+03 8.912000000000000810e+00
3.667750000000000000e+03 8.932600000000000762e+00
3.687850000000000364e+03 8.953300000000000480e+00
3.708199999999999818e+03 8.974099999999999966e+00
3.728750000000000000e+03 8.994899999999999451e+00
3.749400000000000091e+03 9.015700000000000713e+00
3.770250000000000000e+03 9.036500000000000199e+00
3.791149999999999636e+03 9.057299999999999685e+00
3.812250000000000000e+03 9.078099999999999170e+00
3.833500000000000000e+03 9.098900000000000432e+00
3.854949999999999818e+03 9.119799999999999685e+00
3.876500000000000000e+03 9.140700000000000713e+00
3.898250000000000000e+03 9.161799999999999500e+00
3.919900000000000091e+03 9.182800000000000296e+00
3.941599999999999909e+03 9.203900000000000858e+00
3.963699999999999818e+03 9.225099999999999412e+00
3.985849999999999909e+03 9.246499999999999275e+00
4.008000000000000000e+03 9.268100000000000449e+00
4.030300000000000182e+03 9.289899999999999380e+00
4.052949999999999818e+03 9.311799999999999855e+00
4.075900000000000091e+03 9.333899999999999864e+00
4.099100000000000364e+03 9.356099999999999639e+00
4.122050000000000182e+03 9.378399999999999181e+00
4.144799999999999272e+03 9.400900000000000034e+00
4.167350000000000364e+03 9.423899999999999721e+00
4.189949999999999818e+03 9.447400000000000020e+00
4.212600000000000364e+03 9.471099999999999852e+00
4.234850000000000364e+03 9.494799999999999685e+00
4.256350000000000364e+03 9.518200000000000216e+00
4.278600000000000364e+03 9.541800000000000281e+00
4.301899999999999636e+03 9.565699999999999648e+00
4.325350000000000364e+03 9.589900000000000091e+00
4.348299999999999272e+03 9.614800000000000679e+00
4.372649999999999636e+03 9.640599999999999170e+00
4.398800000000000182e+03 9.666600000000000747e+00
4.426850000000000364e+03 9.692700000000000315e+00
4.456800000000000182e+03 9.718799999999999883e+00
4.488450000000000728e+03 9.744500000000000384e+00
4.521700000000000728e+03 9.769600000000000506e+00
4.556800000000000182e+03 9.794200000000000017e+00
4.593600000000000364e+03 9.817999999999999616e+00
4.632050000000000182e+03 9.841100000000000847e+00
4.672050000000000182e+03 9.863300000000000622e+00
4.713500000000000000e+03 9.884700000000000486e+00
4.756350000000000364e+03 9.905099999999999127e+00
4.800399999999999636e+03 9.924699999999999633e+00
4.845299999999999272e+03 9.943300000000000693e+00
4.890899999999999636e+03 9.961100000000000065e+00
4.937050000000000182e+03 9.977999999999999758e+00
4.983600000000000364e+03 9.994099999999999540e+00
5.030299999999999272e+03 1.000900000000000034e+01
5.076899999999999636e+03 1.002399999999999913e+01
5.123649999999999636e+03 1.003800000000000026e+01
5.169949999999999818e+03 1.005100000000000016e+01
5.216299999999999272e+03 1.006400000000000006e+01
5.262199999999999818e+03 1.007600000000000051e+01
5.307899999999999636e+03 1.008799999999999919e+01
5.354750000000000000e+03 1.009999999999999964e+01
5.402799999999999272e+03 1.011200000000000010e+01
5.452199999999999818e+03 1.012400000000000055e+01
5.503149999999999636e+03 1.013599999999999923e+01
5.555850000000000364e+03 1.014899999999999913e+01
5.609899999999999636e+03 1.016099999999999959e+01
5.665350000000000364e+03 1.017399999999999949e+01
5.721450000000000728e+03 1.018699999999999939e+01
5.777750000000000000e+03 1.020100000000000051e+01
5.834500000000000000e+03 1.021400000000000041e+01
5.891000000000000000e+03 1.022700000000000031e+01
5.946850000000000364e+03 1.024099999999999966e+01
6.002049999999999272e+03 1.025500000000000078e+01
6.056949999999999818e+03 1.026800000000000068e+01
6.111649999999999636e+03 1.028200000000000003e+01
6.166250000000000000e+03 1.029599999999999937e+01
6.221200000000000728e+03 1.031099999999999994e+01
6.276149999999999636e+03 1.032600000000000051e+01
6.331250000000000000e+03 1.034099999999999930e+01
6.386149999999999636e+03 1.035699999999999932e+01
6.440950000000000728e+03 1.037199999999999989e+01
6.495350000000000364e+03 1.038899999999999935e+01
6.549350000000000364e+03 1.040499999999999936e+01
6.603050000000000182e+03 1.042200000000000060e+01
6.656550000000000182e+03 1.043999999999999950e+01
6.710049999999999272e+03 1.045800000000000018e+01
6.763399999999999636e+03 1.047600000000000087e+01
6.816199999999999818e+03 1.049499999999999922e+01
6.868750000000000000e+03 1.051500000000000057e+01
6.920950000000000728e+03 1.053599999999999959e+01
6.973100000000000364e+03 1.055700000000000038e+01
7.025699999999999818e+03 1.058000000000000007e+01
7.078199999999999818e+03 1.060200000000000031e+01
7.131000000000000000e+03 1.062599999999999945e+01
7.184000000000000000e+03 1.064899999999999913e+01
7.237100000000000364e+03 1.067300000000000004e+01
7.290049999999999272e+03 1.069699999999999918e+01
7.342649999999999636e+03 1.072100000000000009e+01
7.395850000000000364e+03 1.074600000000000044e+01
7.449600000000000364e+03 1.077100000000000080e+01
7.503000000000000000e+03 1.079599999999999937e+01
7.556000000000000000e+03 1.082099999999999973e+01
7.608500000000000000e+03 1.084600000000000009e+01
7.660949999999999818e+03 1.087100000000000044e+01
7.712500000000000000e+03 1.089499999999999957e+01
7.763550000000000182e+03 1.091999999999999993e+01
7.814699999999999818e+03 1.094599999999999973e+01
7.865850000000000364e+03 1.097100000000000009e+01
7.917100000000000364e+03 1.099699999999999989e+01
7.968300000000000182e+03 1.102299999999999969e+01
8.019549999999999272e+03 1.104899999999999949e+01
8.070449999999999818e+03 1.107499999999999929e+01
8.121449999999999818e+03 1.110200000000000031e+01
8.173149999999999636e+03 1.112899999999999956e+01
8.225500000000000000e+03 1.115600000000000058e+01
8.278750000000000000e+03 1.118399999999999928e+01
8.333250000000000000e+03 1.121199999999999974e+01
8.389000000000000000e+03 1.124000000000000021e+01
8.445849999999998545e+03 1.126800000000000068e+01
8.503850000000000364e+03 1.129700000000000060e+01
8.563350000000000364e+03 1.132699999999999996e+01
8.624850000000000364e+03 1.135699999999999932e+01
8.688599999999998545e+03 1.138799999999999990e+01
8.753950000000000728e+03 1.141900000000000048e+01
8.821000000000000000e+03 1.145100000000000051e+01
8.889750000000000000e+03 1.148300000000000054e+01
8.959649999999999636e+03 1.151600000000000001e+01
9.030950000000000728e+03 1.155000000000000071e+01
9.103600000000000364e+03 1.158399999999999963e+01
9.177250000000000000e+03 1.161899999999999977e+01
9.252149999999999636e+03 1.165399999999999991e+01
9.331299999999999272e+03 1.168999999999999950e+01
9.417299999999999272e+03 1.172799999999999976e+01
9.507250000000000000e+03 1.176699999999999946e+01
9.599549999999999272e+03 1.180700000000000038e+01
9.694399999999999636e+03 1.184900000000000020e+01
9.791399999999999636e+03 1.189100000000000001e+01
9.883850000000000364e+03 1.193399999999999928e+01
9.975200000000000728e+03 1.197899999999999920e+01
1.006579999999999927e+04 1.202399999999999913e+01
1.015550000000000000e+04 1.207000000000000028e+01
1.024450000000000000e+04 1.211700000000000088e+01
1.033250000000000000e+04 1.216399999999999970e+01
1.042100000000000000e+04 1.221100000000000030e+01
1.050900000000000000e+04 1.225799999999999912e+01
1.059650000000000000e+04 1.230499999999999972e+01
1.068350000000000000e+04 1.235200000000000031e+01
1.077150000000000000e+04 1.239799999999999969e+01
1.085950000000000000e+04 1.244500000000000028e+01
1.094800000000000000e+04 1.249099999999999966e+01
1.103650000000000000e+04 1.253800000000000026e+01
1.112450000000000000e+04 1.258399999999999963e+01
1.121250000000000000e+04 1.263000000000000078e+01
1.130050000000000000e+04 1.267600000000000016e+01
1.138650000000000000e+04 1.272199999999999953e+01
1.146650000000000000e+04 1.276600000000000001e+01
1.153950000000000000e+04 1.280799999999999983e+01
1.160800000000000000e+04 1.284800000000000075e+01
1.167250000000000000e+04 1.288599999999999923e+01
1.173300000000000000e+04 1.292300000000000004e+01
1.179050000000000000e+04 1.295700000000000074e+01
1.184400000000000000e+04 1.298900000000000077e+01
1.189400000000000000e+04 1.301999999999999957e+01
1.194050000000000000e+04 1.304899999999999949e+01
1.198550000000000000e+04 1.307600000000000051e+01
1.202850000000000000e+04 1.310200000000000031e+01
1.206950000000000000e+04 1.312700000000000067e+01
1.210950000000000000e+04 1.315000000000000036e+01
1.214900000000000000e+04 1.317300000000000004e+01
1.218700000000000000e+04 1.319500000000000028e+01
1.222450000000000000e+04 1.321700000000000053e+01
1.226150000000000000e+04 1.323700000000000010e+01
1.229800000000000000e+04 1.325699999999999967e+01
1.233450000000000000e+04 1.327699999999999925e+01
1.237050000000000000e+04 1.329700000000000060e+01
1.240650000000000000e+04 1.331600000000000072e+01
1.244200000000000000e+04 1.333399999999999963e+01
1.247800000000000000e+04 1.335299999999999976e+01
1.251150000000000000e+04 1.337100000000000044e+01
1.254200000000000000e+04 1.338700000000000045e+01
1.256950000000000000e+04 1.340300000000000047e+01
1.259450000000000000e+04 1.341799999999999926e+01
1.261750000000000000e+04 1.343200000000000038e+01
1.263950000000000000e+04 1.344500000000000028e+01
1.266050000000000000e+04 1.345800000000000018e+01
1.267950000000000000e+04 1.346899999999999942e+01
1.269850000000000000e+04 1.348099999999999987e+01
1.271650000000000000e+04 1.349099999999999966e+01
1.273450000000000000e+04 1.350099999999999945e+01
1.275150000000000000e+04 1.351099999999999923e+01
1.276750000000000000e+04 1.351999999999999957e+01
1.278350000000000000e+04 1.352999999999999936e+01
1.279950000000000000e+04 1.353800000000000026e+01
1.281500000000000000e+04 1.354700000000000060e+01
1.283050000000000000e+04 1.355499999999999972e+01
1.284500000000000000e+04 1.356300000000000061e+01
1.285900000000000000e+04 1.357099999999999973e+01
1.287350000000000000e+04 1.357799999999999940e+01
1.288700000000000000e+04 1.358500000000000085e+01
1.290050000000000000e+04 1.359299999999999997e+01
1.291400000000000000e+04 1.359900000000000020e+01
1.292700000000000000e+04 1.360599999999999987e+01
1.293900000000000000e+04 1.361299999999999955e+01
1.294800000000000000e+04 1.361899999999999977e+01
1.295400000000000000e+04 1.362299999999999933e+01
1.295850000000000000e+04 1.362800000000000011e+01
1.296100000000000000e+04 1.363100000000000023e+01
1.296200000000000000e+04 1.363400000000000034e+01
1.296250000000000000e+04 1.363599999999999923e+01
