1.352000000000000000e+03 8.327700000000000102e-01
2.679500000000000000e+03 1.427100000000000035e+00
2.735800000000000182e+03 1.461400000000000032e+00
2.743599999999999909e+03 1.473300000000000054e+00
2.685500000000000000e+03 1.455100000000000060e+00
2.602800000000000182e+03 1.417699999999999960e+00
2.522099999999999909e+03 1.383899999999999908e+00
2.463000000000000000e+03 1.358300000000000063e+00
2.427599999999999909e+03 1.342400000000000038e+00
2.413500000000000000e+03 1.335199999999999942e+00
2.416199999999999818e+03 1.334999999999999964e+00
2.431300000000000182e+03 1.340000000000000080e+00
2.455000000000000000e+03 1.348600000000000021e+00
2.484099999999999909e+03 1.359599999999999920e+00
2.516400000000000091e+03 1.372100000000000097e+00
2.550199999999999818e+03 1.385499999999999954e+00
2.584599999999999909e+03 1.399199999999999999e+00
2.618500000000000000e+03 1.412900000000000045e+00
2.651500000000000000e+03 1.426399999999999890e+00
2.683199999999999818e+03 1.439500000000000002e+00
2.713099999999999909e+03 1.452199999999999935e+00
2.738000000000000000e+03 1.466099999999999959e+00
2.762199999999999818e+03 1.479999999999999982e+00
2.785300000000000182e+03 1.493500000000000050e+00
2.807199999999999818e+03 1.506299999999999972e+00
2.827800000000000182e+03 1.518399999999999972e+00
2.847199999999999818e+03 1.529800000000000049e+00
2.865199999999999818e+03 1.540599999999999969e+00
2.882000000000000000e+03 1.550599999999999978e+00
2.897599999999999909e+03 1.559900000000000064e+00
2.912000000000000000e+03 1.568500000000000005e+00
2.925300000000000182e+03 1.576500000000000012e+00
2.937599999999999909e+03 1.583900000000000086e+00
2.948900000000000091e+03 1.590700000000000003e+00
2.959300000000000182e+03 1.596999999999999975e+00
2.968900000000000091e+03 1.602700000000000014e+00
2.977699999999999818e+03 1.608100000000000085e+00
2.985800000000000182e+03 1.612999999999999989e+00
2.993199999999999818e+03 1.617499999999999938e+00
3.000199999999999818e+03 1.621699999999999919e+00
3.006900000000000091e+03 1.625499999999999945e+00
3.013000000000000000e+03 1.629000000000000004e+00
3.018500000000000000e+03 1.632100000000000106e+00
3.023400000000000091e+03 1.635000000000000009e+00
3.028000000000000000e+03 1.637599999999999945e+00
3.032099999999999909e+03 1.639899999999999913e+00
3.035900000000000091e+03 1.642099999999999893e+00
3.039400000000000091e+03 1.644099999999999895e+00
3.042500000000000000e+03 1.645899999999999919e+00
3.045400000000000091e+03 1.647499999999999964e+00
3.048099999999999909e+03 1.649000000000000021e+00
3.050599999999999909e+03 1.650400000000000089e+00
3.052800000000000182e+03 1.651699999999999946e+00
3.054900000000000091e+03 1.652900000000000036e+00
3.056800000000000182e+03 1.653999999999999915e+00
3.058500000000000000e+03 1.655000000000000027e+00
3.060099999999999909e+03 1.655899999999999928e+00
3.061599999999999909e+03 1.656700000000000061e+00
3.062900000000000091e+03 1.657499999999999973e+00
3.064199999999999818e+03 1.658199999999999896e+00
3.065300000000000182e+03 1.658800000000000052e+00
3.066300000000000182e+03 1.659399999999999986e+00
3.067300000000000182e+03 1.659999999999999920e+00
3.068199999999999818e+03 1.660500000000000087e+00
3.069000000000000000e+03 1.660900000000000043e+00
3.069800000000000182e+03 1.661399999999999988e+00
3.070500000000000000e+03 1.661799999999999944e+00
3.071099999999999909e+03 1.662099999999999911e+00
3.071699999999999818e+03 1.662500000000000089e+00
3.072199999999999818e+03 1.662800000000000056e+00
3.072699999999999818e+03 1.663100000000000023e+00
3.073199999999999818e+03 1.663300000000000001e+00
3.073599999999999909e+03 1.663599999999999968e+00
3.074000000000000000e+03 1.663799999999999946e+00
3.074300000000000182e+03 1.663999999999999924e+00
3.074699999999999818e+03 1.664199999999999902e+00
3.075000000000000000e+03 1.664299999999999891e+00
3.075199999999999818e+03 1.664500000000000091e+00
3.075500000000000000e+03 1.664600000000000080e+00
3.075699999999999818e+03 1.664800000000000058e+00
3.075900000000000091e+03 1.664900000000000047e+00
3.076099999999999909e+03 1.665000000000000036e+00
3.076300000000000182e+03 1.665100000000000025e+00
3.076400000000000091e+03 1.665200000000000014e+00
3.076500000000000000e+03 1.665200000000000014e+00
3.076599999999999909e+03 1.665300000000000002e+00
3.076599999999999909e+03 1.665300000000000002e+00
3.076699999999999818e+03 1.665399999999999991e+00
3.076699999999999818e+03 1.665399999999999991e+00
3.076599999999999909e+03 1.665399999999999991e+00
3.076599999999999909e+03 1.665399999999999991e+00
3.076500000000000000e+03 1.665300000000000002e+00
3.076400000000000091e+03 1.665300000000000002e+00
3.076300000000000182e+03 1.665300000000000002e+00
3.076199999999999818e+03 1.665200000000000014e+00
3.076099999999999909e+03 1.665100000000000025e+00
3.075900000000000091e+03 1.665100000000000025e+00
3.075800000000000182e+03 1.665000000000000036e+00
3.075599999999999909e+03 1.664900000000000047e+00
3.075400000000000091e+03 1.664800000000000058e+00
3.075199999999999818e+03 1.664700000000000069e+00
3.075000000000000000e+03 1.664600000000000080e+00
3.074699999999999818e+03 1.664500000000000091e+00
3.074500000000000000e+03 1.664299999999999891e+00
3.074199999999999818e+03 1.664199999999999902e+00
3.073900000000000091e+03 1.664099999999999913e+00
3.073599999999999909e+03 1.663899999999999935e+00
3.073300000000000182e+03 1.663699999999999957e+00
3.072900000000000091e+03 1.663499999999999979e+00
3.072400000000000091e+03 1.663300000000000001e+00
3.072000000000000000e+03 1.663100000000000023e+00
3.071400000000000091e+03 1.662800000000000056e+00
3.070900000000000091e+03 1.662600000000000078e+00
3.070300000000000182e+03 1.662300000000000111e+00
3.069699999999999818e+03 1.661999999999999922e+00
3.069000000000000000e+03 1.661699999999999955e+00
3.068300000000000182e+03 1.661299999999999999e+00
3.067599999999999909e+03 1.660900000000000043e+00
3.066900000000000091e+03 1.660600000000000076e+00
3.066099999999999909e+03 1.660199999999999898e+00
3.065300000000000182e+03 1.659699999999999953e+00
3.064400000000000091e+03 1.659299999999999997e+00
3.063599999999999909e+03 1.658900000000000041e+00
3.062699999999999818e+03 1.658400000000000096e+00
3.061800000000000182e+03 1.657999999999999918e+00
3.060900000000000091e+03 1.657499999999999973e+00
3.060000000000000000e+03 1.657000000000000028e+00
3.059099999999999909e+03 1.656600000000000072e+00
3.058300000000000182e+03 1.656099999999999905e+00
3.057500000000000000e+03 1.655699999999999950e+00
3.056900000000000091e+03 1.655299999999999994e+00
3.056400000000000091e+03 1.655000000000000027e+00
3.056000000000000000e+03 1.654800000000000049e+00
3.055800000000000182e+03 1.654700000000000060e+00
3.055699999999999818e+03 1.654700000000000060e+00
3.055900000000000091e+03 1.654800000000000049e+00
3.056199999999999818e+03 1.655000000000000027e+00
3.056699999999999818e+03 1.655299999999999994e+00
3.057400000000000091e+03 1.655599999999999961e+00
3.058300000000000182e+03 1.656099999999999905e+00
3.059300000000000182e+03 1.656700000000000061e+00
3.060500000000000000e+03 1.657399999999999984e+00
3.061800000000000182e+03 1.658099999999999907e+00
3.063300000000000182e+03 1.659000000000000030e+00
3.064900000000000091e+03 1.659899999999999931e+00
3.066699999999999818e+03 1.660900000000000043e+00
3.068599999999999909e+03 1.661899999999999933e+00
3.070599999999999909e+03 1.663000000000000034e+00
3.072699999999999818e+03 1.664199999999999902e+00
3.074900000000000091e+03 1.665499999999999980e+00
3.077199999999999818e+03 1.666700000000000070e+00
3.079599999999999909e+03 1.668099999999999916e+00
3.082000000000000000e+03 1.669499999999999984e+00
3.084500000000000000e+03 1.670900000000000052e+00
3.087099999999999909e+03 1.672299999999999898e+00
3.089599999999999909e+03 1.673799999999999955e+00
3.092300000000000182e+03 1.675300000000000011e+00
3.094900000000000091e+03 1.676800000000000068e+00
3.097599999999999909e+03 1.678299999999999903e+00
3.100300000000000182e+03 1.679799999999999960e+00
3.103000000000000000e+03 1.681300000000000017e+00
3.105699999999999818e+03 1.682900000000000063e+00
3.108400000000000091e+03 1.684399999999999897e+00
3.111099999999999909e+03 1.685999999999999943e+00
3.113800000000000182e+03 1.687500000000000000e+00
3.116599999999999909e+03 1.689100000000000046e+00
3.119300000000000182e+03 1.690600000000000103e+00
3.122000000000000000e+03 1.692199999999999926e+00
3.124699999999999818e+03 1.693699999999999983e+00
3.127500000000000000e+03 1.695300000000000029e+00
3.130199999999999818e+03 1.696800000000000086e+00
3.132900000000000091e+03 1.698399999999999910e+00
3.135699999999999818e+03 1.699899999999999967e+00
3.138400000000000091e+03 1.701500000000000012e+00
3.141199999999999818e+03 1.703100000000000058e+00
3.143900000000000091e+03 1.704599999999999893e+00
3.146599999999999909e+03 1.706199999999999939e+00
3.149300000000000182e+03 1.707699999999999996e+00
3.151900000000000091e+03 1.709200000000000053e+00
3.154500000000000000e+03 1.710700000000000109e+00
3.157000000000000000e+03 1.712199999999999944e+00
3.159500000000000000e+03 1.713600000000000012e+00
3.161900000000000091e+03 1.715000000000000080e+00
3.164199999999999818e+03 1.716299999999999937e+00
3.166500000000000000e+03 1.717600000000000016e+00
3.168699999999999818e+03 1.718900000000000095e+00
3.170800000000000182e+03 1.720099999999999962e+00
3.172900000000000091e+03 1.721300000000000052e+00
3.174900000000000091e+03 1.722499999999999920e+00
3.176800000000000182e+03 1.723600000000000021e+00
3.178699999999999818e+03 1.724699999999999900e+00
3.180500000000000000e+03 1.725800000000000001e+00
3.182300000000000182e+03 1.726799999999999891e+00
3.184000000000000000e+03 1.727800000000000002e+00
3.185699999999999818e+03 1.728799999999999892e+00
3.187300000000000182e+03 1.729800000000000004e+00
3.188900000000000091e+03 1.730699999999999905e+00
3.190500000000000000e+03 1.731600000000000028e+00
3.192000000000000000e+03 1.732499999999999929e+00
3.193599999999999909e+03 1.733400000000000052e+00
3.195300000000000182e+03 1.734399999999999942e+00
3.197099999999999909e+03 1.735400000000000054e+00
3.199199999999999818e+03 1.736499999999999932e+00
3.201500000000000000e+03 1.737800000000000011e+00
3.204099999999999909e+03 1.739200000000000079e+00
3.207099999999999909e+03 1.740799999999999903e+00
3.210500000000000000e+03 1.742599999999999927e+00
3.214199999999999818e+03 1.744599999999999929e+00
3.218300000000000182e+03 1.746799999999999908e+00
3.222800000000000182e+03 1.749200000000000088e+00
3.227599999999999909e+03 1.751800000000000024e+00
3.232800000000000182e+03 1.754599999999999937e+00
3.238400000000000091e+03 1.757600000000000051e+00
3.244300000000000182e+03 1.760799999999999921e+00
3.250500000000000000e+03 1.764199999999999990e+00
3.257099999999999909e+03 1.767700000000000049e+00
3.263900000000000091e+03 1.771500000000000075e+00
3.271000000000000000e+03 1.775400000000000089e+00
3.278500000000000000e+03 1.779400000000000093e+00
3.286099999999999909e+03 1.783600000000000074e+00
3.294099999999999909e+03 1.787900000000000045e+00
3.302199999999999818e+03 1.792399999999999993e+00
3.310699999999999818e+03 1.796999999999999931e+00
3.319400000000000091e+03 1.801700000000000079e+00
3.328400000000000091e+03 1.806699999999999973e+00
3.337800000000000182e+03 1.811800000000000077e+00
3.347699999999999818e+03 1.817199999999999926e+00
3.358099999999999909e+03 1.822799999999999976e+00
3.369000000000000000e+03 1.828699999999999992e+00
3.380599999999999909e+03 1.834899999999999975e+00
3.392699999999999818e+03 1.841399999999999926e+00
3.405400000000000091e+03 1.848200000000000065e+00
3.418699999999999818e+03 1.855299999999999949e+00
3.432500000000000000e+03 1.862700000000000022e+00
3.446900000000000091e+03 1.870500000000000052e+00
3.461800000000000182e+03 1.878500000000000059e+00
3.477300000000000182e+03 1.886800000000000033e+00
3.493199999999999818e+03 1.895499999999999963e+00
3.509699999999999818e+03 1.904300000000000104e+00
3.526599999999999909e+03 1.913499999999999979e+00
3.543900000000000091e+03 1.922900000000000054e+00
3.561599999999999909e+03 1.932399999999999896e+00
3.579599999999999909e+03 1.942199999999999926e+00
3.598000000000000000e+03 1.952199999999999935e+00
3.616599999999999909e+03 1.962299999999999933e+00
3.635500000000000000e+03 1.972699999999999898e+00
3.654699999999999818e+03 1.983100000000000085e+00
3.674000000000000000e+03 1.993600000000000039e+00
3.693599999999999909e+03 2.004199999999999982e+00
3.713300000000000182e+03 2.014899999999999913e+00
3.733199999999999818e+03 2.025599999999999845e+00
3.753199999999999818e+03 2.036399999999999988e+00
3.773300000000000182e+03 2.047200000000000131e+00
3.793400000000000091e+03 2.057999999999999829e+00
3.813699999999999818e+03 2.068799999999999972e+00
3.834000000000000000e+03 2.079600000000000115e+00
3.854400000000000091e+03 2.090399999999999814e+00
3.874900000000000091e+03 2.101199999999999957e+00
3.895500000000000000e+03 2.112099999999999866e+00
3.916099999999999909e+03 2.122900000000000009e+00
3.936900000000000091e+03 2.133700000000000152e+00
3.957800000000000182e+03 2.144600000000000062e+00
3.978699999999999818e+03 2.155400000000000205e+00
3.999599999999999909e+03 2.166199999999999903e+00
4.020599999999999909e+03 2.176800000000000068e+00
4.041599999999999909e+03 2.187199999999999811e+00
4.062500000000000000e+03 2.197400000000000020e+00
4.083300000000000182e+03 2.207599999999999785e+00
4.104199999999999818e+03 2.217699999999999783e+00
4.125100000000000364e+03 2.227700000000000014e+00
4.145800000000000182e+03 2.237699999999999800e+00
4.166600000000000364e+03 2.247599999999999820e+00
4.187600000000000364e+03 2.257600000000000051e+00
4.209000000000000000e+03 2.267599999999999838e+00
4.230899999999999636e+03 2.277800000000000047e+00
4.253399999999999636e+03 2.288100000000000023e+00
4.276600000000000364e+03 2.298799999999999955e+00
4.300399999999999636e+03 2.309600000000000097e+00
4.325000000000000000e+03 2.320800000000000196e+00
4.350600000000000364e+03 2.332300000000000040e+00
4.377300000000000182e+03 2.344300000000000050e+00
4.405300000000000182e+03 2.356700000000000017e+00
4.434399999999999636e+03 2.369699999999999918e+00
4.464800000000000182e+03 2.383100000000000218e+00
4.496199999999999818e+03 2.396999999999999797e+00
4.528600000000000364e+03 2.411200000000000010e+00
4.561800000000000182e+03 2.425899999999999945e+00
4.596199999999999818e+03 2.440999999999999837e+00
4.631800000000000182e+03 2.456500000000000128e+00
4.668199999999999818e+03 2.472500000000000142e+00
4.705699999999999818e+03 2.488999999999999879e+00
4.743899999999999636e+03 2.505900000000000016e+00
4.782800000000000182e+03 2.523099999999999898e+00
4.822300000000000182e+03 2.540700000000000180e+00
4.862800000000000182e+03 2.558699999999999974e+00
4.904100000000000364e+03 2.577100000000000168e+00
4.946300000000000182e+03 2.595800000000000107e+00
4.989300000000000182e+03 2.615000000000000213e+00
5.032899999999999636e+03 2.634399999999999853e+00
5.077399999999999636e+03 2.654300000000000104e+00
5.123000000000000000e+03 2.674399999999999888e+00
5.169399999999999636e+03 2.695100000000000051e+00
5.216899999999999636e+03 2.716200000000000170e+00
5.265199999999999818e+03 2.737800000000000011e+00
5.314699999999999818e+03 2.759999999999999787e+00
5.365600000000000364e+03 2.782700000000000173e+00
5.418100000000000364e+03 2.806000000000000050e+00
5.471100000000000364e+03 2.829600000000000115e+00
5.524899999999999636e+03 2.853600000000000136e+00
5.579000000000000000e+03 2.877899999999999903e+00
5.633500000000000000e+03 2.902200000000000113e+00
5.687899999999999636e+03 2.926400000000000112e+00
5.742500000000000000e+03 2.950600000000000112e+00
5.797100000000000364e+03 2.974699999999999900e+00
5.852100000000000364e+03 2.998800000000000132e+00
5.907399999999999636e+03 3.022899999999999920e+00
5.963000000000000000e+03 3.047000000000000153e+00
6.018399999999999636e+03 3.071000000000000174e+00
6.073699999999999818e+03 3.095000000000000195e+00
6.128899999999999636e+03 3.119000000000000217e+00
6.183600000000000364e+03 3.142900000000000027e+00
6.238199999999999818e+03 3.166900000000000048e+00
6.292500000000000000e+03 3.190900000000000070e+00
6.346600000000000364e+03 3.215199999999999836e+00
6.400300000000000182e+03 3.239799999999999791e+00
6.454199999999999818e+03 3.264400000000000190e+00
6.508899999999999636e+03 3.289200000000000124e+00
6.563699999999999818e+03 3.314099999999999824e+00
6.618800000000000182e+03 3.338499999999999801e+00
6.673199999999999818e+03 3.362499999999999822e+00
6.727399999999999636e+03 3.386099999999999888e+00
6.782399999999999636e+03 3.410000000000000142e+00
6.837899999999999636e+03 3.434099999999999930e+00
6.893800000000000182e+03 3.458499999999999908e+00
6.950100000000000364e+03 3.483200000000000074e+00
7.006600000000000364e+03 3.508000000000000007e+00
7.063699999999999818e+03 3.532999999999999918e+00
7.121699999999999818e+03 3.558399999999999785e+00
7.181000000000000000e+03 3.584200000000000053e+00
7.240699999999999818e+03 3.610100000000000087e+00
7.300199999999999818e+03 3.636000000000000121e+00
7.359300000000000182e+03 3.661799999999999944e+00
7.418800000000000182e+03 3.687300000000000022e+00
7.477300000000000182e+03 3.712400000000000144e+00
7.535600000000000364e+03 3.737400000000000055e+00
7.594100000000000364e+03 3.762599999999999945e+00
7.652000000000000000e+03 3.787900000000000045e+00
7.708899999999999636e+03 3.813000000000000167e+00
7.764699999999999818e+03 3.837800000000000100e+00
7.820199999999999818e+03 3.862400000000000055e+00
7.875500000000000000e+03 3.887000000000000011e+00
7.931100000000000364e+03 3.911700000000000177e+00
7.986600000000000364e+03 3.936599999999999877e+00
8.042399999999999636e+03 3.961599999999999788e+00
8.098300000000000182e+03 3.986800000000000122e+00
8.154699999999999818e+03 4.012299999999999756e+00
8.211899999999999636e+03 4.038199999999999790e+00
8.270000000000000000e+03 4.064600000000000435e+00
8.329299999999999272e+03 4.091499999999999915e+00
8.390299999999999272e+03 4.118900000000000006e+00
8.452700000000000728e+03 4.146899999999999586e+00
8.516200000000000728e+03 4.175399999999999778e+00
8.580799999999999272e+03 4.204600000000000115e+00
8.646600000000000364e+03 4.234499999999999709e+00
8.714000000000000000e+03 4.264999999999999680e+00
8.782700000000000728e+03 4.296299999999999564e+00
8.853100000000000364e+03 4.328100000000000058e+00
8.925500000000000000e+03 4.360899999999999999e+00
9.000100000000000364e+03 4.394499999999999851e+00
9.077100000000000364e+03 4.429299999999999571e+00
9.156600000000000364e+03 4.465099999999999625e+00
9.238200000000000728e+03 4.501900000000000013e+00
9.321500000000000000e+03 4.539600000000000080e+00
9.405700000000000728e+03 4.577899999999999636e+00
9.490299999999999272e+03 4.616399999999999615e+00
9.575299999999999272e+03 4.655000000000000249e+00
9.660600000000000364e+03 4.693800000000000416e+00
9.746200000000000728e+03 4.732700000000000351e+00
9.832100000000000364e+03 4.771799999999999820e+00
9.920000000000000000e+03 4.811300000000000132e+00
1.001700000000000000e+04 4.852100000000000080e+00
1.011400000000000000e+04 4.891200000000000436e+00
1.021100000000000000e+04 4.928499999999999659e+00
1.030600000000000000e+04 4.965099999999999625e+00
1.040100000000000000e+04 5.001299999999999635e+00
1.049500000000000000e+04 5.037099999999999689e+00
1.058800000000000000e+04 5.072700000000000209e+00
1.068200000000000000e+04 5.107999999999999652e+00
1.077400000000000000e+04 5.143099999999999561e+00
1.086600000000000000e+04 5.177800000000000402e+00
1.095600000000000000e+04 5.211899999999999977e+00
1.104300000000000000e+04 5.245199999999999640e+00
1.112900000000000000e+04 5.277599999999999625e+00
1.121100000000000000e+04 5.308900000000000396e+00
1.129100000000000000e+04 5.339100000000000179e+00
1.136700000000000000e+04 5.368100000000000094e+00
1.144000000000000000e+04 5.395900000000000141e+00
1.151000000000000000e+04 5.422500000000000320e+00
1.157700000000000000e+04 5.447799999999999976e+00
1.164000000000000000e+04 5.471899999999999764e+00
1.170000000000000000e+04 5.494799999999999685e+00
1.175800000000000000e+04 5.516600000000000392e+00
1.181300000000000000e+04 5.537399999999999878e+00
1.186500000000000000e+04 5.557299999999999685e+00
1.191600000000000000e+04 5.576399999999999579e+00
1.196500000000000000e+04 5.594699999999999562e+00
1.201200000000000000e+04 5.612300000000000288e+00
1.205700000000000000e+04 5.629400000000000404e+00
1.210100000000000000e+04 5.645999999999999908e+00
1.214400000000000000e+04 5.662099999999999689e+00
1.218700000000000000e+04 5.677800000000000402e+00
1.222800000000000000e+04 5.693100000000000271e+00
1.226800000000000000e+04 5.708099999999999952e+00
1.230700000000000000e+04 5.722699999999999676e+00
1.234500000000000000e+04 5.736799999999999677e+00
1.238100000000000000e+04 5.750300000000000189e+00
1.241500000000000000e+04 5.763200000000000323e+00
1.244800000000000000e+04 5.775500000000000078e+00
1.247900000000000000e+04 5.787099999999999689e+00
1.250800000000000000e+04 5.798099999999999810e+00
1.253600000000000000e+04 5.808600000000000207e+00
1.256200000000000000e+04 5.818500000000000227e+00
1.258700000000000000e+04 5.827899999999999636e+00
1.261100000000000000e+04 5.836899999999999977e+00
1.263400000000000000e+04 5.845399999999999707e+00
1.265600000000000000e+04 5.853600000000000136e+00
1.267700000000000000e+04 5.861399999999999721e+00
1.269700000000000000e+04 5.868900000000000006e+00
1.271700000000000000e+04 5.876100000000000101e+00
1.273500000000000000e+04 5.883099999999999774e+00
1.275300000000000000e+04 5.889800000000000146e+00
1.277100000000000000e+04 5.896300000000000097e+00
1.278800000000000000e+04 5.902499999999999858e+00
1.280400000000000000e+04 5.908599999999999852e+00
1.282000000000000000e+04 5.914500000000000313e+00
1.283600000000000000e+04 5.920300000000000118e+00
1.285100000000000000e+04 5.925799999999999734e+00
1.286500000000000000e+04 5.931199999999999584e+00
1.287800000000000000e+04 5.936200000000000365e+00
1.289100000000000000e+04 5.940699999999999648e+00
1.290100000000000000e+04 5.944899999999999629e+00
1.291100000000000000e+04 5.948500000000000121e+00
1.291900000000000000e+04 5.951699999999999768e+00
1.292600000000000000e+04 5.954299999999999926e+00
1.293100000000000000e+04 5.956500000000000128e+00
1.293600000000000000e+04 5.958300000000000374e+00
1.293900000000000000e+04 5.959699999999999775e+00
1.294200000000000000e+04 5.960700000000000109e+00
1.294300000000000000e+04 5.961299999999999599e+00
1.294400000000000000e+04 5.961700000000000443e+00
