1.143599999999999909e+03 1.017099999999999937e+01
1.090799999999999955e+03 1.002399999999999913e+01
1.041299999999999955e+03 9.896699999999999164e+00
1.085799999999999955e+03 9.882300000000000750e+00
1.131099999999999909e+03 9.905900000000000816e+00
1.167599999999999909e+03 9.938100000000000378e+00
1.196700000000000045e+03 9.971199999999999619e+00
1.220000000000000000e+03 1.000200000000000067e+01
1.238700000000000045e+03 1.002999999999999936e+01
1.254000000000000000e+03 1.005499999999999972e+01
1.266700000000000045e+03 1.007699999999999996e+01
1.277400000000000091e+03 1.009699999999999953e+01
1.286400000000000091e+03 1.011400000000000077e+01
1.294099999999999909e+03 1.013000000000000078e+01
1.300799999999999955e+03 1.014400000000000013e+01
1.306599999999999909e+03 1.015700000000000003e+01
1.311700000000000045e+03 1.016799999999999926e+01
1.316099999999999909e+03 1.017900000000000027e+01
1.320000000000000000e+03 1.018800000000000061e+01
1.323400000000000091e+03 1.019699999999999918e+01
1.326500000000000000e+03 1.020400000000000063e+01
1.329200000000000045e+03 1.021100000000000030e+01
1.331599999999999909e+03 1.021799999999999997e+01
1.333700000000000045e+03 1.022400000000000020e+01
1.335700000000000045e+03 1.022899999999999920e+01
1.337400000000000091e+03 1.023399999999999999e+01
1.339000000000000000e+03 1.023900000000000077e+01
1.340400000000000091e+03 1.024300000000000033e+01
1.341700000000000045e+03 1.024699999999999989e+01
1.342799999999999955e+03 1.025000000000000000e+01
1.343900000000000091e+03 1.025399999999999956e+01
1.344799999999999955e+03 1.025699999999999967e+01
1.345700000000000045e+03 1.025999999999999979e+01
1.346500000000000000e+03 1.026200000000000045e+01
1.347200000000000045e+03 1.026500000000000057e+01
1.347799999999999955e+03 1.026699999999999946e+01
1.348400000000000091e+03 1.026900000000000013e+01
1.349000000000000000e+03 1.027100000000000080e+01
1.349500000000000000e+03 1.027200000000000024e+01
1.349900000000000091e+03 1.027399999999999913e+01
1.350299999999999955e+03 1.027599999999999980e+01
1.350700000000000045e+03 1.027699999999999925e+01
1.351000000000000000e+03 1.027800000000000047e+01
1.351400000000000091e+03 1.027899999999999991e+01
1.351700000000000045e+03 1.028100000000000058e+01
1.351900000000000091e+03 1.028200000000000003e+01
1.352200000000000045e+03 1.028299999999999947e+01
1.352400000000000091e+03 1.028299999999999947e+01
1.352599999999999909e+03 1.028400000000000070e+01
1.352799999999999955e+03 1.028500000000000014e+01
1.352900000000000091e+03 1.028599999999999959e+01
1.353099999999999909e+03 1.028599999999999959e+01
1.353200000000000045e+03 1.028700000000000081e+01
1.353400000000000091e+03 1.028700000000000081e+01
1.353500000000000000e+03 1.028800000000000026e+01
1.353599999999999909e+03 1.028800000000000026e+01
1.353700000000000045e+03 1.028899999999999970e+01
1.353799999999999955e+03 1.028899999999999970e+01
1.353900000000000091e+03 1.028999999999999915e+01
1.354000000000000000e+03 1.028999999999999915e+01
1.354099999999999909e+03 1.028999999999999915e+01
1.354099999999999909e+03 1.028999999999999915e+01
1.354200000000000045e+03 1.029100000000000037e+01
1.354200000000000045e+03 1.029100000000000037e+01
1.354299999999999955e+03 1.029100000000000037e+01
1.354400000000000091e+03 1.029100000000000037e+01
1.354400000000000091e+03 1.029199999999999982e+01
1.354400000000000091e+03 1.029199999999999982e+01
1.354500000000000000e+03 1.029199999999999982e+01
1.354500000000000000e+03 1.029199999999999982e+01
1.354599999999999909e+03 1.029199999999999982e+01
1.354599999999999909e+03 1.029199999999999982e+01
1.354599999999999909e+03 1.029199999999999982e+01
1.354599999999999909e+03 1.029199999999999982e+01
1.354599999999999909e+03 1.029199999999999982e+01
1.354500000000000000e+03 1.029199999999999982e+01
1.354400000000000091e+03 1.029199999999999982e+01
1.354299999999999955e+03 1.029199999999999982e+01
1.354200000000000045e+03 1.029199999999999982e+01
1.354099999999999909e+03 1.029199999999999982e+01
1.353900000000000091e+03 1.029100000000000037e+01
1.353799999999999955e+03 1.029100000000000037e+01
1.353700000000000045e+03 1.029100000000000037e+01
1.353500000000000000e+03 1.029100000000000037e+01
1.353400000000000091e+03 1.028999999999999915e+01
1.353200000000000045e+03 1.028999999999999915e+01
1.353099999999999909e+03 1.028999999999999915e+01
1.352900000000000091e+03 1.028899999999999970e+01
1.352700000000000045e+03 1.028899999999999970e+01
1.352599999999999909e+03 1.028899999999999970e+01
1.352400000000000091e+03 1.028800000000000026e+01
1.352200000000000045e+03 1.028800000000000026e+01
1.352099999999999909e+03 1.028700000000000081e+01
1.351900000000000091e+03 1.028700000000000081e+01
1.351700000000000045e+03 1.028700000000000081e+01
1.351599999999999909e+03 1.028599999999999959e+01
1.351400000000000091e+03 1.028599999999999959e+01
1.351200000000000045e+03 1.028500000000000014e+01
1.350900000000000091e+03 1.028500000000000014e+01
1.350400000000000091e+03 1.028400000000000070e+01
1.350000000000000000e+03 1.028299999999999947e+01
1.349500000000000000e+03 1.028200000000000003e+01
1.349000000000000000e+03 1.028100000000000058e+01
1.348500000000000000e+03 1.027999999999999936e+01
1.348000000000000000e+03 1.027899999999999991e+01
1.347400000000000091e+03 1.027800000000000047e+01
1.346900000000000091e+03 1.027699999999999925e+01
1.346299999999999955e+03 1.027500000000000036e+01
1.345700000000000045e+03 1.027399999999999913e+01
1.345200000000000045e+03 1.027299999999999969e+01
1.344599999999999909e+03 1.027200000000000024e+01
1.344000000000000000e+03 1.026999999999999957e+01
1.343500000000000000e+03 1.026900000000000013e+01
1.342900000000000091e+03 1.026800000000000068e+01
1.342299999999999955e+03 1.026600000000000001e+01
1.341700000000000045e+03 1.026500000000000057e+01
1.341099999999999909e+03 1.026399999999999935e+01
1.340500000000000000e+03 1.026200000000000045e+01
1.339900000000000091e+03 1.026099999999999923e+01
1.339200000000000045e+03 1.025999999999999979e+01
1.338599999999999909e+03 1.025799999999999912e+01
1.338099999999999909e+03 1.025699999999999967e+01
1.338400000000000091e+03 1.025699999999999967e+01
1.339000000000000000e+03 1.025699999999999967e+01
1.339799999999999955e+03 1.025799999999999912e+01
1.340700000000000045e+03 1.025999999999999979e+01
1.341799999999999955e+03 1.026099999999999923e+01
1.342900000000000091e+03 1.026299999999999990e+01
1.344099999999999909e+03 1.026600000000000001e+01
1.345400000000000091e+03 1.026800000000000068e+01
1.346700000000000045e+03 1.027100000000000080e+01
1.348000000000000000e+03 1.027399999999999913e+01
1.349400000000000091e+03 1.027699999999999925e+01
1.350799999999999955e+03 1.027999999999999936e+01
1.352200000000000045e+03 1.028400000000000070e+01
1.353599999999999909e+03 1.028700000000000081e+01
1.355099999999999909e+03 1.029100000000000037e+01
1.356599999999999909e+03 1.029499999999999993e+01
1.358099999999999909e+03 1.029899999999999949e+01
1.359599999999999909e+03 1.030300000000000082e+01
1.361099999999999909e+03 1.030700000000000038e+01
1.362599999999999909e+03 1.031099999999999994e+01
1.364200000000000045e+03 1.031600000000000072e+01
1.365700000000000045e+03 1.032000000000000028e+01
1.367200000000000045e+03 1.032499999999999929e+01
1.368799999999999955e+03 1.032900000000000063e+01
1.370099999999999909e+03 1.033399999999999963e+01
1.371500000000000000e+03 1.033799999999999919e+01
1.372799999999999955e+03 1.034200000000000053e+01
1.374099999999999909e+03 1.034600000000000009e+01
1.375299999999999955e+03 1.035100000000000087e+01
1.376599999999999909e+03 1.035500000000000043e+01
1.377799999999999955e+03 1.035899999999999999e+01
1.379000000000000000e+03 1.036400000000000077e+01
1.380200000000000045e+03 1.036800000000000033e+01
1.381500000000000000e+03 1.037199999999999989e+01
1.382700000000000045e+03 1.037599999999999945e+01
1.383900000000000091e+03 1.038100000000000023e+01
1.385099999999999909e+03 1.038499999999999979e+01
1.386299999999999955e+03 1.038899999999999935e+01
1.387500000000000000e+03 1.039300000000000068e+01
1.388599999999999909e+03 1.039799999999999969e+01
1.389799999999999955e+03 1.040199999999999925e+01
1.391000000000000000e+03 1.040600000000000058e+01
1.392200000000000045e+03 1.041099999999999959e+01
1.393299999999999955e+03 1.041499999999999915e+01
1.394500000000000000e+03 1.041900000000000048e+01
1.395700000000000045e+03 1.042399999999999949e+01
1.396799999999999955e+03 1.042800000000000082e+01
1.397900000000000091e+03 1.043299999999999983e+01
1.398700000000000045e+03 1.043699999999999939e+01
1.399299999999999955e+03 1.043999999999999950e+01
1.399799999999999955e+03 1.044400000000000084e+01
1.400299999999999955e+03 1.044699999999999918e+01
1.400700000000000045e+03 1.045100000000000051e+01
1.401000000000000000e+03 1.045400000000000063e+01
1.401400000000000091e+03 1.045700000000000074e+01
1.401700000000000045e+03 1.046000000000000085e+01
1.402000000000000000e+03 1.046299999999999919e+01
1.402299999999999955e+03 1.046499999999999986e+01
1.402599999999999909e+03 1.046799999999999997e+01
1.402900000000000091e+03 1.047100000000000009e+01
1.403099999999999909e+03 1.047400000000000020e+01
1.403400000000000091e+03 1.047600000000000087e+01
1.403700000000000045e+03 1.047899999999999920e+01
1.403900000000000091e+03 1.048099999999999987e+01
1.404200000000000045e+03 1.048399999999999999e+01
1.404400000000000091e+03 1.048600000000000065e+01
1.404599999999999909e+03 1.048900000000000077e+01
1.404900000000000091e+03 1.049099999999999966e+01
1.405099999999999909e+03 1.049300000000000033e+01
1.405299999999999955e+03 1.049600000000000044e+01
1.405599999999999909e+03 1.049799999999999933e+01
1.406099999999999909e+03 1.050000000000000000e+01
1.407900000000000091e+03 1.050399999999999956e+01
1.410400000000000091e+03 1.050900000000000034e+01
1.413400000000000091e+03 1.051500000000000057e+01
1.416700000000000045e+03 1.052100000000000080e+01
1.420099999999999909e+03 1.052899999999999991e+01
1.423799999999999955e+03 1.053599999999999959e+01
1.427599999999999909e+03 1.054499999999999993e+01
1.431599999999999909e+03 1.055300000000000082e+01
1.435599999999999909e+03 1.056199999999999939e+01
1.439700000000000045e+03 1.057199999999999918e+01
1.443900000000000091e+03 1.058099999999999952e+01
1.448099999999999909e+03 1.059099999999999930e+01
1.452400000000000091e+03 1.060100000000000087e+01
1.456700000000000045e+03 1.061100000000000065e+01
1.461000000000000000e+03 1.062100000000000044e+01
1.465400000000000091e+03 1.063199999999999967e+01
1.469799999999999955e+03 1.064300000000000068e+01
1.474299999999999955e+03 1.065300000000000047e+01
1.478700000000000045e+03 1.066399999999999970e+01
1.483200000000000045e+03 1.067500000000000071e+01
1.487599999999999909e+03 1.068699999999999939e+01
1.492099999999999909e+03 1.069800000000000040e+01
1.496599999999999909e+03 1.070899999999999963e+01
1.501400000000000091e+03 1.072000000000000064e+01
1.507500000000000000e+03 1.073300000000000054e+01
1.514500000000000000e+03 1.074699999999999989e+01
1.521799999999999955e+03 1.076200000000000045e+01
1.529400000000000091e+03 1.077699999999999925e+01
1.537299999999999955e+03 1.079400000000000048e+01
1.545299999999999955e+03 1.081000000000000050e+01
1.553500000000000000e+03 1.082799999999999940e+01
1.561799999999999955e+03 1.084500000000000064e+01
1.570200000000000045e+03 1.086299999999999955e+01
1.578599999999999909e+03 1.088100000000000023e+01
1.587200000000000045e+03 1.090000000000000036e+01
1.595799999999999955e+03 1.091799999999999926e+01
1.604299999999999955e+03 1.093699999999999939e+01
1.612900000000000091e+03 1.095599999999999952e+01
1.621500000000000000e+03 1.097400000000000020e+01
1.630099999999999909e+03 1.099300000000000033e+01
1.638700000000000045e+03 1.101200000000000045e+01
1.647299999999999955e+03 1.102999999999999936e+01
1.655900000000000091e+03 1.104899999999999949e+01
1.664500000000000000e+03 1.106799999999999962e+01
1.673200000000000045e+03 1.108600000000000030e+01
1.681900000000000091e+03 1.110500000000000043e+01
1.690500000000000000e+03 1.112299999999999933e+01
1.699099999999999909e+03 1.114199999999999946e+01
1.707799999999999955e+03 1.116000000000000014e+01
1.716599999999999909e+03 1.117900000000000027e+01
1.725400000000000091e+03 1.119800000000000040e+01
1.734299999999999955e+03 1.121599999999999930e+01
1.743099999999999909e+03 1.123399999999999999e+01
1.752000000000000000e+03 1.125300000000000011e+01
1.760799999999999955e+03 1.127100000000000080e+01
1.769700000000000045e+03 1.128899999999999970e+01
1.778400000000000091e+03 1.130799999999999983e+01
1.787000000000000000e+03 1.132600000000000051e+01
1.795500000000000000e+03 1.134500000000000064e+01
1.804000000000000000e+03 1.136299999999999955e+01
1.812400000000000091e+03 1.138100000000000023e+01
1.820700000000000045e+03 1.140000000000000036e+01
1.829000000000000000e+03 1.141699999999999982e+01
1.837299999999999955e+03 1.143500000000000050e+01
1.845500000000000000e+03 1.145299999999999940e+01
1.853700000000000045e+03 1.147100000000000009e+01
1.861799999999999955e+03 1.148799999999999955e+01
1.869900000000000091e+03 1.150500000000000078e+01
1.878000000000000000e+03 1.152200000000000024e+01
1.886099999999999909e+03 1.153999999999999915e+01
1.894200000000000045e+03 1.155700000000000038e+01
1.902400000000000091e+03 1.157300000000000040e+01
1.911000000000000000e+03 1.158999999999999986e+01
1.920200000000000045e+03 1.160800000000000054e+01
1.929900000000000091e+03 1.162599999999999945e+01
1.940000000000000000e+03 1.164400000000000013e+01
1.950400000000000091e+03 1.166200000000000081e+01
1.961000000000000000e+03 1.168099999999999916e+01
1.971700000000000045e+03 1.169999999999999929e+01
1.982599999999999909e+03 1.171799999999999997e+01
1.993599999999999909e+03 1.173799999999999955e+01
2.004200000000000045e+03 1.175699999999999967e+01
2.014900000000000091e+03 1.177599999999999980e+01
2.025799999999999955e+03 1.179499999999999993e+01
2.036799999999999955e+03 1.181400000000000006e+01
2.047799999999999955e+03 1.183300000000000018e+01
2.058800000000000182e+03 1.185299999999999976e+01
2.069599999999999909e+03 1.187199999999999989e+01
2.080400000000000091e+03 1.189100000000000001e+01
2.091400000000000091e+03 1.190900000000000070e+01
2.102400000000000091e+03 1.192800000000000082e+01
2.113599999999999909e+03 1.194699999999999918e+01
2.124800000000000182e+03 1.196599999999999930e+01
2.136000000000000000e+03 1.198499999999999943e+01
2.147400000000000091e+03 1.200399999999999956e+01
2.158800000000000182e+03 1.202299999999999969e+01
2.171099999999999909e+03 1.204199999999999982e+01
2.184699999999999818e+03 1.206199999999999939e+01
2.199300000000000182e+03 1.208300000000000018e+01
2.214599999999999909e+03 1.210500000000000043e+01
2.230300000000000182e+03 1.212700000000000067e+01
2.246500000000000000e+03 1.215000000000000036e+01
2.263599999999999909e+03 1.217300000000000004e+01
2.281900000000000091e+03 1.219800000000000040e+01
2.301400000000000091e+03 1.222300000000000075e+01
2.322000000000000000e+03 1.225000000000000000e+01
2.345000000000000000e+03 1.227800000000000047e+01
2.370800000000000182e+03 1.230799999999999983e+01
2.399199999999999818e+03 1.234099999999999930e+01
2.430699999999999818e+03 1.237700000000000067e+01
2.463599999999999909e+03 1.241399999999999970e+01
2.499500000000000000e+03 1.245400000000000063e+01
2.534699999999999818e+03 1.249399999999999977e+01
2.569900000000000091e+03 1.253400000000000070e+01
2.600800000000000182e+03 1.257399999999999984e+01
2.632599999999999909e+03 1.260999999999999943e+01
2.669599999999999909e+03 1.265000000000000036e+01
2.705699999999999818e+03 1.269200000000000017e+01
2.740400000000000091e+03 1.273399999999999999e+01
2.774000000000000000e+03 1.277500000000000036e+01
2.807199999999999818e+03 1.281600000000000072e+01
2.840599999999999909e+03 1.285500000000000043e+01
2.874199999999999818e+03 1.289400000000000013e+01
2.907099999999999909e+03 1.293200000000000038e+01
2.940599999999999909e+03 1.296899999999999942e+01
2.973699999999999818e+03 1.300500000000000078e+01
3.006599999999999909e+03 1.304199999999999982e+01
3.039500000000000000e+03 1.307699999999999996e+01
3.072699999999999818e+03 1.311200000000000010e+01
3.105500000000000000e+03 1.314600000000000080e+01
3.137900000000000091e+03 1.317900000000000027e+01
3.170000000000000000e+03 1.321199999999999974e+01
3.202099999999999909e+03 1.324200000000000088e+01
3.234900000000000091e+03 1.327200000000000024e+01
3.267800000000000182e+03 1.330000000000000071e+01
3.300400000000000091e+03 1.332699999999999996e+01
3.332599999999999909e+03 1.335200000000000031e+01
3.365400000000000091e+03 1.337599999999999945e+01
3.399500000000000000e+03 1.339799999999999969e+01
3.434800000000000182e+03 1.341900000000000048e+01
3.472500000000000000e+03 1.343900000000000006e+01
3.511900000000000091e+03 1.345899999999999963e+01
3.552699999999999818e+03 1.347799999999999976e+01
3.594000000000000000e+03 1.349799999999999933e+01
3.634800000000000182e+03 1.351800000000000068e+01
3.678699999999999818e+03 1.353800000000000026e+01
3.725300000000000182e+03 1.356000000000000050e+01
3.775099999999999909e+03 1.358200000000000074e+01
3.825900000000000091e+03 1.360599999999999987e+01
3.878199999999999818e+03 1.363000000000000078e+01
3.930800000000000182e+03 1.365499999999999936e+01
3.982199999999999818e+03 1.367999999999999972e+01
4.032300000000000182e+03 1.370599999999999952e+01
4.081199999999999818e+03 1.373199999999999932e+01
4.128699999999999818e+03 1.375900000000000034e+01
4.173899999999999636e+03 1.378500000000000014e+01
4.220300000000000182e+03 1.381000000000000050e+01
4.264800000000000182e+03 1.383200000000000074e+01
4.304000000000000000e+03 1.385200000000000031e+01
4.340800000000000182e+03 1.387100000000000044e+01
4.376199999999999818e+03 1.389000000000000057e+01
4.411199999999999818e+03 1.390799999999999947e+01
4.445399999999999636e+03 1.392600000000000016e+01
4.478699999999999818e+03 1.394400000000000084e+01
4.511100000000000364e+03 1.396299999999999919e+01
4.543500000000000000e+03 1.398099999999999987e+01
4.576300000000000182e+03 1.400000000000000000e+01
4.610500000000000000e+03 1.401999999999999957e+01
4.648600000000000364e+03 1.404100000000000037e+01
4.688300000000000182e+03 1.406300000000000061e+01
4.728600000000000364e+03 1.408500000000000085e+01
4.770000000000000000e+03 1.410899999999999999e+01
4.812800000000000182e+03 1.413299999999999912e+01
4.856800000000000182e+03 1.415700000000000003e+01
4.902399999999999636e+03 1.418200000000000038e+01
4.949399999999999636e+03 1.420700000000000074e+01
4.996899999999999636e+03 1.423199999999999932e+01
5.044699999999999818e+03 1.425699999999999967e+01
5.093399999999999636e+03 1.428299999999999947e+01
5.142800000000000182e+03 1.430799999999999983e+01
5.192699999999999818e+03 1.433500000000000085e+01
5.243899999999999636e+03 1.436200000000000010e+01
5.297699999999999818e+03 1.439100000000000001e+01
5.354000000000000000e+03 1.441999999999999993e+01
5.411899999999999636e+03 1.444999999999999929e+01
5.471100000000000364e+03 1.448099999999999987e+01
5.530500000000000000e+03 1.451299999999999990e+01
5.587000000000000000e+03 1.454599999999999937e+01
5.645300000000000182e+03 1.457900000000000063e+01
5.700699999999999818e+03 1.461500000000000021e+01
5.754699999999999818e+03 1.465399999999999991e+01
5.808399999999999636e+03 1.469500000000000028e+01
5.856600000000000364e+03 1.473499999999999943e+01
5.900199999999999818e+03 1.477200000000000024e+01
5.939899999999999636e+03 1.480799999999999983e+01
6.036699999999999818e+03 1.483000000000000007e+01
6.077699999999999818e+03 1.484500000000000064e+01
6.124399999999999636e+03 1.485800000000000054e+01
6.160100000000000364e+03 1.486800000000000033e+01
6.243399999999999636e+03 1.486999999999999922e+01
6.356600000000000364e+03 1.487400000000000055e+01
6.395600000000000364e+03 1.488899999999999935e+01
6.340500000000000000e+03 1.491099999999999959e+01
6.317600000000000364e+03 1.492399999999999949e+01
6.351800000000000182e+03 1.493099999999999916e+01
6.401500000000000000e+03 1.493800000000000061e+01
6.445100000000000364e+03 1.494699999999999918e+01
6.480399999999999636e+03 1.495800000000000018e+01
6.510899999999999636e+03 1.496899999999999942e+01
6.539399999999999636e+03 1.498099999999999987e+01
6.567500000000000000e+03 1.499300000000000033e+01
6.595100000000000364e+03 1.500600000000000023e+01
6.622300000000000182e+03 1.501800000000000068e+01
6.649100000000000364e+03 1.503100000000000058e+01
6.675600000000000364e+03 1.504499999999999993e+01
6.700000000000000000e+03 1.505799999999999983e+01
6.719199999999999818e+03 1.507099999999999973e+01
6.731699999999999818e+03 1.508500000000000085e+01
6.744600000000000364e+03 1.509800000000000075e+01
6.756899999999999636e+03 1.510999999999999943e+01
6.768399999999999636e+03 1.512199999999999989e+01
6.779199999999999818e+03 1.513400000000000034e+01
6.789399999999999636e+03 1.514499999999999957e+01
6.799100000000000364e+03 1.515499999999999936e+01
6.808500000000000000e+03 1.516600000000000037e+01
6.817399999999999636e+03 1.517600000000000016e+01
6.826100000000000364e+03 1.518599999999999994e+01
6.834600000000000364e+03 1.519500000000000028e+01
6.842800000000000182e+03 1.520500000000000007e+01
6.851600000000000364e+03 1.521400000000000041e+01
6.863000000000000000e+03 1.522199999999999953e+01
6.872699999999999818e+03 1.522899999999999920e+01
6.882000000000000000e+03 1.523600000000000065e+01
6.891000000000000000e+03 1.524300000000000033e+01
6.899800000000000182e+03 1.524900000000000055e+01
6.908399999999999636e+03 1.525600000000000023e+01
6.917000000000000000e+03 1.526200000000000045e+01
6.925500000000000000e+03 1.526800000000000068e+01
6.933800000000000182e+03 1.527399999999999913e+01
6.941100000000000364e+03 1.527999999999999936e+01
6.944800000000000182e+03 1.528500000000000014e+01
6.946399999999999636e+03 1.528899999999999970e+01
6.946699999999999818e+03 1.529199999999999982e+01
