1.140700000000000045e+03 1.035899999999999999e+01
1.068200000000000045e+03 1.019999999999999929e+01
1.032200000000000045e+03 1.007499999999999929e+01
1.089700000000000045e+03 1.007900000000000063e+01
1.137599999999999909e+03 1.011700000000000088e+01
1.174400000000000091e+03 1.016000000000000014e+01
1.203099999999999909e+03 1.019999999999999929e+01
1.225700000000000045e+03 1.023700000000000010e+01
1.243799999999999955e+03 1.026900000000000013e+01
1.258500000000000000e+03 1.029700000000000060e+01
1.270700000000000045e+03 1.032199999999999918e+01
1.280900000000000091e+03 1.034299999999999997e+01
1.289599999999999909e+03 1.036200000000000010e+01
1.297000000000000000e+03 1.037899999999999956e+01
1.303299999999999955e+03 1.039499999999999957e+01
1.308900000000000091e+03 1.040799999999999947e+01
1.313700000000000045e+03 1.041999999999999993e+01
1.317900000000000091e+03 1.043099999999999916e+01
1.321700000000000045e+03 1.044100000000000072e+01
1.324900000000000091e+03 1.044999999999999929e+01
1.327799999999999955e+03 1.045800000000000018e+01
1.330400000000000091e+03 1.046499999999999986e+01
1.332700000000000045e+03 1.047199999999999953e+01
1.334799999999999955e+03 1.047799999999999976e+01
1.336599999999999909e+03 1.048399999999999999e+01
1.338299999999999955e+03 1.048900000000000077e+01
1.339799999999999955e+03 1.049300000000000033e+01
1.341099999999999909e+03 1.049799999999999933e+01
1.342299999999999955e+03 1.050200000000000067e+01
1.343400000000000091e+03 1.050500000000000078e+01
1.344400000000000091e+03 1.050900000000000034e+01
1.345299999999999955e+03 1.051200000000000045e+01
1.346200000000000045e+03 1.051500000000000057e+01
1.346900000000000091e+03 1.051699999999999946e+01
1.347599999999999909e+03 1.051999999999999957e+01
1.348200000000000045e+03 1.052200000000000024e+01
1.348799999999999955e+03 1.052399999999999913e+01
1.349299999999999955e+03 1.052599999999999980e+01
1.349799999999999955e+03 1.052699999999999925e+01
1.350200000000000045e+03 1.052899999999999991e+01
1.350599999999999909e+03 1.053100000000000058e+01
1.350900000000000091e+03 1.053200000000000003e+01
1.351299999999999955e+03 1.053299999999999947e+01
1.351599999999999909e+03 1.053400000000000070e+01
1.351799999999999955e+03 1.053500000000000014e+01
1.352099999999999909e+03 1.053700000000000081e+01
1.352299999999999955e+03 1.053700000000000081e+01
1.352500000000000000e+03 1.053800000000000026e+01
1.352700000000000045e+03 1.053899999999999970e+01
1.352900000000000091e+03 1.053999999999999915e+01
1.353099999999999909e+03 1.053999999999999915e+01
1.353200000000000045e+03 1.054100000000000037e+01
1.353299999999999955e+03 1.054199999999999982e+01
1.353500000000000000e+03 1.054199999999999982e+01
1.353599999999999909e+03 1.054299999999999926e+01
1.353700000000000045e+03 1.054299999999999926e+01
1.353799999999999955e+03 1.054400000000000048e+01
1.353900000000000091e+03 1.054400000000000048e+01
1.354000000000000000e+03 1.054400000000000048e+01
1.354000000000000000e+03 1.054499999999999993e+01
1.354099999999999909e+03 1.054499999999999993e+01
1.354200000000000045e+03 1.054499999999999993e+01
1.354200000000000045e+03 1.054499999999999993e+01
1.354299999999999955e+03 1.054599999999999937e+01
1.354299999999999955e+03 1.054599999999999937e+01
1.354400000000000091e+03 1.054599999999999937e+01
1.354400000000000091e+03 1.054599999999999937e+01
1.354500000000000000e+03 1.054599999999999937e+01
1.354500000000000000e+03 1.054700000000000060e+01
1.354500000000000000e+03 1.054700000000000060e+01
1.354599999999999909e+03 1.054700000000000060e+01
1.354599999999999909e+03 1.054700000000000060e+01
1.354599999999999909e+03 1.054700000000000060e+01
1.354599999999999909e+03 1.054700000000000060e+01
1.354599999999999909e+03 1.054700000000000060e+01
1.354500000000000000e+03 1.054700000000000060e+01
1.354400000000000091e+03 1.054700000000000060e+01
1.354299999999999955e+03 1.054700000000000060e+01
1.354200000000000045e+03 1.054700000000000060e+01
1.354000000000000000e+03 1.054599999999999937e+01
1.353900000000000091e+03 1.054599999999999937e+01
1.353700000000000045e+03 1.054599999999999937e+01
1.353599999999999909e+03 1.054499999999999993e+01
1.353500000000000000e+03 1.054499999999999993e+01
1.353299999999999955e+03 1.054499999999999993e+01
1.353099999999999909e+03 1.054400000000000048e+01
1.353000000000000000e+03 1.054400000000000048e+01
1.352799999999999955e+03 1.054400000000000048e+01
1.352700000000000045e+03 1.054299999999999926e+01
1.352500000000000000e+03 1.054299999999999926e+01
1.352299999999999955e+03 1.054199999999999982e+01
1.352200000000000045e+03 1.054199999999999982e+01
1.352000000000000000e+03 1.054199999999999982e+01
1.351799999999999955e+03 1.054100000000000037e+01
1.351700000000000045e+03 1.054100000000000037e+01
1.351500000000000000e+03 1.053999999999999915e+01
1.351299999999999955e+03 1.053999999999999915e+01
1.351099999999999909e+03 1.053899999999999970e+01
1.350700000000000045e+03 1.053899999999999970e+01
1.350299999999999955e+03 1.053800000000000026e+01
1.349799999999999955e+03 1.053700000000000081e+01
1.349299999999999955e+03 1.053599999999999959e+01
1.348799999999999955e+03 1.053500000000000014e+01
1.348299999999999955e+03 1.053400000000000070e+01
1.347700000000000045e+03 1.053299999999999947e+01
1.347200000000000045e+03 1.053100000000000058e+01
1.346599999999999909e+03 1.052999999999999936e+01
1.346099999999999909e+03 1.052899999999999991e+01
1.345500000000000000e+03 1.052699999999999925e+01
1.344900000000000091e+03 1.052599999999999980e+01
1.344400000000000091e+03 1.052500000000000036e+01
1.343799999999999955e+03 1.052299999999999969e+01
1.343200000000000045e+03 1.052200000000000024e+01
1.342599999999999909e+03 1.051999999999999957e+01
1.342099999999999909e+03 1.051900000000000013e+01
1.341500000000000000e+03 1.051800000000000068e+01
1.340900000000000091e+03 1.051600000000000001e+01
1.340200000000000045e+03 1.051500000000000057e+01
1.339599999999999909e+03 1.051299999999999990e+01
1.339000000000000000e+03 1.051200000000000045e+01
1.338299999999999955e+03 1.051099999999999923e+01
1.338000000000000000e+03 1.050900000000000034e+01
1.338400000000000091e+03 1.050900000000000034e+01
1.339099999999999909e+03 1.050999999999999979e+01
1.340000000000000000e+03 1.051099999999999923e+01
1.341000000000000000e+03 1.051299999999999990e+01
1.342099999999999909e+03 1.051500000000000057e+01
1.343299999999999955e+03 1.051699999999999946e+01
1.344599999999999909e+03 1.051900000000000013e+01
1.345900000000000091e+03 1.052200000000000024e+01
1.347200000000000045e+03 1.052500000000000036e+01
1.348599999999999909e+03 1.052800000000000047e+01
1.350000000000000000e+03 1.053200000000000003e+01
1.351400000000000091e+03 1.053500000000000014e+01
1.352900000000000091e+03 1.053899999999999970e+01
1.354299999999999955e+03 1.054199999999999982e+01
1.355799999999999955e+03 1.054599999999999937e+01
1.357299999999999955e+03 1.055000000000000071e+01
1.358799999999999955e+03 1.055400000000000027e+01
1.360400000000000091e+03 1.055899999999999928e+01
1.361900000000000091e+03 1.056300000000000061e+01
1.363400000000000091e+03 1.056700000000000017e+01
1.365000000000000000e+03 1.057199999999999918e+01
1.366500000000000000e+03 1.057600000000000051e+01
1.368099999999999909e+03 1.058099999999999952e+01
1.369599999999999909e+03 1.058500000000000085e+01
1.371000000000000000e+03 1.058999999999999986e+01
1.372299999999999955e+03 1.059399999999999942e+01
1.373599999999999909e+03 1.059900000000000020e+01
1.374900000000000091e+03 1.060299999999999976e+01
1.376099999999999909e+03 1.060699999999999932e+01
1.377400000000000091e+03 1.061100000000000065e+01
1.378599999999999909e+03 1.061599999999999966e+01
1.379799999999999955e+03 1.061999999999999922e+01
1.381000000000000000e+03 1.062400000000000055e+01
1.382299999999999955e+03 1.062800000000000011e+01
1.383500000000000000e+03 1.063299999999999912e+01
1.384700000000000045e+03 1.063700000000000045e+01
1.385900000000000091e+03 1.064100000000000001e+01
1.387099999999999909e+03 1.064600000000000080e+01
1.388299999999999955e+03 1.065000000000000036e+01
1.389500000000000000e+03 1.065399999999999991e+01
1.390599999999999909e+03 1.065799999999999947e+01
1.391799999999999955e+03 1.066300000000000026e+01
1.393000000000000000e+03 1.066699999999999982e+01
1.394200000000000045e+03 1.067099999999999937e+01
1.395299999999999955e+03 1.067600000000000016e+01
1.396500000000000000e+03 1.067999999999999972e+01
1.397700000000000045e+03 1.068399999999999928e+01
1.398700000000000045e+03 1.068900000000000006e+01
1.399400000000000091e+03 1.069200000000000017e+01
1.400000000000000000e+03 1.069599999999999973e+01
1.400500000000000000e+03 1.069899999999999984e+01
1.400900000000000091e+03 1.070299999999999940e+01
1.401299999999999955e+03 1.070599999999999952e+01
1.401599999999999909e+03 1.070899999999999963e+01
1.402000000000000000e+03 1.071199999999999974e+01
1.402299999999999955e+03 1.071499999999999986e+01
1.402599999999999909e+03 1.071799999999999997e+01
1.402799999999999955e+03 1.072100000000000009e+01
1.403099999999999909e+03 1.072300000000000075e+01
1.403400000000000091e+03 1.072600000000000087e+01
1.403599999999999909e+03 1.072799999999999976e+01
1.403900000000000091e+03 1.073099999999999987e+01
1.404099999999999909e+03 1.073399999999999999e+01
1.404400000000000091e+03 1.073600000000000065e+01
1.404599999999999909e+03 1.073799999999999955e+01
1.404900000000000091e+03 1.074099999999999966e+01
1.405099999999999909e+03 1.074300000000000033e+01
1.405299999999999955e+03 1.074499999999999922e+01
1.405599999999999909e+03 1.074799999999999933e+01
1.405799999999999955e+03 1.075000000000000000e+01
1.406000000000000000e+03 1.075200000000000067e+01
1.406799999999999955e+03 1.075500000000000078e+01
1.408900000000000091e+03 1.075999999999999979e+01
1.411700000000000045e+03 1.076600000000000001e+01
1.414900000000000091e+03 1.077399999999999913e+01
1.418299999999999955e+03 1.078299999999999947e+01
1.421900000000000091e+03 1.079199999999999982e+01
1.425700000000000045e+03 1.080199999999999960e+01
1.429599999999999909e+03 1.081300000000000061e+01
1.433599999999999909e+03 1.082399999999999984e+01
1.437700000000000045e+03 1.083500000000000085e+01
1.441900000000000091e+03 1.084699999999999953e+01
1.446099999999999909e+03 1.085899999999999999e+01
1.450400000000000091e+03 1.087199999999999989e+01
1.454799999999999955e+03 1.088400000000000034e+01
1.459099999999999909e+03 1.089700000000000024e+01
1.463500000000000000e+03 1.091000000000000014e+01
1.467900000000000091e+03 1.092300000000000004e+01
1.472400000000000091e+03 1.093599999999999994e+01
1.476799999999999955e+03 1.094999999999999929e+01
1.481299999999999955e+03 1.096400000000000041e+01
1.485799999999999955e+03 1.097700000000000031e+01
1.490299999999999955e+03 1.099099999999999966e+01
1.494799999999999955e+03 1.100500000000000078e+01
1.499299999999999955e+03 1.101900000000000013e+01
1.504500000000000000e+03 1.103400000000000070e+01
1.511099999999999909e+03 1.105100000000000016e+01
1.518400000000000091e+03 1.106900000000000084e+01
1.526000000000000000e+03 1.108900000000000041e+01
1.533900000000000091e+03 1.111100000000000065e+01
1.542099999999999909e+03 1.113299999999999912e+01
1.550400000000000091e+03 1.115499999999999936e+01
1.558799999999999955e+03 1.117800000000000082e+01
1.567400000000000091e+03 1.120199999999999996e+01
1.576099999999999909e+03 1.122600000000000087e+01
1.584799999999999955e+03 1.125000000000000000e+01
1.593599999999999909e+03 1.127500000000000036e+01
1.602400000000000091e+03 1.129899999999999949e+01
1.611299999999999955e+03 1.132399999999999984e+01
1.620299999999999955e+03 1.134900000000000020e+01
1.629299999999999955e+03 1.137400000000000055e+01
1.638299999999999955e+03 1.139899999999999913e+01
1.647299999999999955e+03 1.142399999999999949e+01
1.656299999999999955e+03 1.144899999999999984e+01
1.665400000000000091e+03 1.147400000000000020e+01
1.674400000000000091e+03 1.149900000000000055e+01
1.683500000000000000e+03 1.152399999999999913e+01
1.692700000000000045e+03 1.154899999999999949e+01
1.701700000000000045e+03 1.157399999999999984e+01
1.710799999999999955e+03 1.159900000000000020e+01
1.720099999999999909e+03 1.162400000000000055e+01
1.729400000000000091e+03 1.164899999999999913e+01
1.738799999999999955e+03 1.167399999999999949e+01
1.748200000000000045e+03 1.169899999999999984e+01
1.757599999999999909e+03 1.172400000000000020e+01
1.767000000000000000e+03 1.174900000000000055e+01
1.776299999999999955e+03 1.177399999999999913e+01
1.785599999999999909e+03 1.179899999999999949e+01
1.794700000000000045e+03 1.182399999999999984e+01
1.803799999999999955e+03 1.184800000000000075e+01
1.812700000000000045e+03 1.187299999999999933e+01
1.821500000000000000e+03 1.189700000000000024e+01
1.830099999999999909e+03 1.192099999999999937e+01
1.838799999999999955e+03 1.194400000000000084e+01
1.847400000000000091e+03 1.196799999999999997e+01
1.855900000000000091e+03 1.199200000000000088e+01
1.864500000000000000e+03 1.201500000000000057e+01
1.872900000000000091e+03 1.203800000000000026e+01
1.881299999999999955e+03 1.206099999999999994e+01
1.889700000000000045e+03 1.208399999999999963e+01
1.898099999999999909e+03 1.210699999999999932e+01
1.906400000000000091e+03 1.213000000000000078e+01
1.914799999999999955e+03 1.215199999999999925e+01
1.923700000000000045e+03 1.217500000000000071e+01
1.933599999999999909e+03 1.219899999999999984e+01
1.944000000000000000e+03 1.222400000000000020e+01
1.954799999999999955e+03 1.225000000000000000e+01
1.965700000000000045e+03 1.227699999999999925e+01
1.976799999999999955e+03 1.230400000000000027e+01
1.987900000000000091e+03 1.233099999999999952e+01
1.999099999999999909e+03 1.235899999999999999e+01
2.010400000000000091e+03 1.238799999999999990e+01
2.021700000000000045e+03 1.241600000000000037e+01
2.032700000000000045e+03 1.244500000000000028e+01
2.043700000000000045e+03 1.247400000000000020e+01
2.054699999999999818e+03 1.250300000000000011e+01
2.065699999999999818e+03 1.253100000000000058e+01
2.076699999999999818e+03 1.256000000000000050e+01
2.087400000000000091e+03 1.258900000000000041e+01
2.098099999999999909e+03 1.261700000000000088e+01
2.109000000000000000e+03 1.264499999999999957e+01
2.120000000000000000e+03 1.267300000000000004e+01
2.131000000000000000e+03 1.270100000000000051e+01
2.142099999999999909e+03 1.272899999999999920e+01
2.153400000000000091e+03 1.275699999999999967e+01
2.164699999999999818e+03 1.278400000000000070e+01
2.176000000000000000e+03 1.281199999999999939e+01
2.188000000000000000e+03 1.283999999999999986e+01
2.202300000000000182e+03 1.286999999999999922e+01
2.217900000000000091e+03 1.290099999999999980e+01
2.234000000000000000e+03 1.293500000000000050e+01
2.250400000000000091e+03 1.296899999999999942e+01
2.266699999999999818e+03 1.300399999999999956e+01
2.283900000000000091e+03 1.303999999999999915e+01
2.302199999999999818e+03 1.307699999999999996e+01
2.323000000000000000e+03 1.311200000000000010e+01
2.345099999999999909e+03 1.314600000000000080e+01
2.368500000000000000e+03 1.317999999999999972e+01
2.395000000000000000e+03 1.321199999999999974e+01
2.424099999999999909e+03 1.324200000000000088e+01
2.455000000000000000e+03 1.326999999999999957e+01
2.488099999999999909e+03 1.329700000000000060e+01
2.522900000000000091e+03 1.332000000000000028e+01
2.557900000000000091e+03 1.334200000000000053e+01
2.592199999999999818e+03 1.336100000000000065e+01
2.625699999999999818e+03 1.337800000000000011e+01
2.658500000000000000e+03 1.339400000000000013e+01
2.688199999999999818e+03 1.341000000000000014e+01
2.719300000000000182e+03 1.342500000000000071e+01
2.751300000000000182e+03 1.343800000000000061e+01
2.782800000000000182e+03 1.344999999999999929e+01
2.814199999999999818e+03 1.346199999999999974e+01
2.846500000000000000e+03 1.347300000000000075e+01
2.879500000000000000e+03 1.348300000000000054e+01
2.913000000000000000e+03 1.349300000000000033e+01
2.946199999999999818e+03 1.350399999999999956e+01
2.979900000000000091e+03 1.351399999999999935e+01
3.013699999999999818e+03 1.352399999999999913e+01
3.047300000000000182e+03 1.353400000000000070e+01
3.081099999999999909e+03 1.354400000000000048e+01
3.115199999999999818e+03 1.355499999999999972e+01
3.148800000000000182e+03 1.356499999999999950e+01
3.181699999999999818e+03 1.357600000000000051e+01
3.214099999999999909e+03 1.358699999999999974e+01
3.245900000000000091e+03 1.359800000000000075e+01
3.277599999999999909e+03 1.360999999999999943e+01
3.309900000000000091e+03 1.362100000000000044e+01
3.342000000000000000e+03 1.363199999999999967e+01
3.374000000000000000e+03 1.364400000000000013e+01
3.406099999999999909e+03 1.365600000000000058e+01
3.439400000000000091e+03 1.366900000000000048e+01
3.474000000000000000e+03 1.368200000000000038e+01
3.512199999999999818e+03 1.369500000000000028e+01
3.551599999999999909e+03 1.370899999999999963e+01
3.592099999999999909e+03 1.372400000000000020e+01
3.633800000000000182e+03 1.373900000000000077e+01
3.676300000000000182e+03 1.375500000000000078e+01
3.721900000000000091e+03 1.377200000000000024e+01
3.769800000000000182e+03 1.379100000000000037e+01
3.820300000000000182e+03 1.381099999999999994e+01
3.871400000000000091e+03 1.383200000000000074e+01
3.923500000000000000e+03 1.385500000000000043e+01
3.975500000000000000e+03 1.387800000000000011e+01
4.026099999999999909e+03 1.390199999999999925e+01
4.075199999999999818e+03 1.392699999999999960e+01
4.122699999999999818e+03 1.395299999999999940e+01
4.168399999999999636e+03 1.397899999999999920e+01
4.211899999999999636e+03 1.400600000000000023e+01
4.252399999999999636e+03 1.403200000000000003e+01
4.292899999999999636e+03 1.405599999999999916e+01
4.329899999999999636e+03 1.407799999999999940e+01
4.365500000000000000e+03 1.409900000000000020e+01
4.400100000000000364e+03 1.411899999999999977e+01
4.434600000000000364e+03 1.414000000000000057e+01
4.468500000000000000e+03 1.416000000000000014e+01
4.501899999999999636e+03 1.417900000000000027e+01
4.534699999999999818e+03 1.419899999999999984e+01
4.567300000000000182e+03 1.421899999999999942e+01
4.600500000000000000e+03 1.424000000000000021e+01
4.635899999999999636e+03 1.425999999999999979e+01
4.676100000000000364e+03 1.428299999999999947e+01
4.716899999999999636e+03 1.430599999999999916e+01
4.758000000000000000e+03 1.433099999999999952e+01
4.800100000000000364e+03 1.435599999999999987e+01
4.843600000000000364e+03 1.438100000000000023e+01
4.888399999999999636e+03 1.440700000000000003e+01
4.934600000000000364e+03 1.443399999999999928e+01
4.982000000000000000e+03 1.446100000000000030e+01
5.029500000000000000e+03 1.448799999999999955e+01
5.077399999999999636e+03 1.451500000000000057e+01
5.126199999999999818e+03 1.454199999999999982e+01
5.176100000000000364e+03 1.456900000000000084e+01
5.227199999999999818e+03 1.459699999999999953e+01
5.279899999999999636e+03 1.462599999999999945e+01
5.335100000000000364e+03 1.465600000000000058e+01
5.392600000000000364e+03 1.468699999999999939e+01
5.451500000000000000e+03 1.471899999999999942e+01
5.511100000000000364e+03 1.475099999999999945e+01
5.571100000000000364e+03 1.478400000000000070e+01
5.629500000000000000e+03 1.481799999999999962e+01
5.688600000000000364e+03 1.485299999999999976e+01
5.747300000000000182e+03 1.488799999999999990e+01
5.804600000000000364e+03 1.492699999999999960e+01
5.858600000000000364e+03 1.496700000000000053e+01
5.904000000000000000e+03 1.500600000000000023e+01
5.945199999999999818e+03 1.504199999999999982e+01
5.982800000000000182e+03 1.507699999999999996e+01
6.048500000000000000e+03 1.510500000000000043e+01
6.095800000000000182e+03 1.512100000000000044e+01
6.142699999999999818e+03 1.513599999999999923e+01
6.189600000000000364e+03 1.514700000000000024e+01
6.261399999999999636e+03 1.515499999999999936e+01
6.326600000000000364e+03 1.516799999999999926e+01
6.324000000000000000e+03 1.518800000000000061e+01
6.297600000000000364e+03 1.520400000000000063e+01
6.321800000000000182e+03 1.521100000000000030e+01
6.373100000000000364e+03 1.521799999999999997e+01
6.422699999999999818e+03 1.522799999999999976e+01
6.463000000000000000e+03 1.523900000000000077e+01
6.496399999999999636e+03 1.525099999999999945e+01
6.526300000000000182e+03 1.526299999999999990e+01
6.555000000000000000e+03 1.527599999999999980e+01
6.583300000000000182e+03 1.528899999999999970e+01
6.611300000000000182e+03 1.530199999999999960e+01
6.638800000000000182e+03 1.531499999999999950e+01
6.665899999999999636e+03 1.532799999999999940e+01
6.692600000000000364e+03 1.534200000000000053e+01
6.716500000000000000e+03 1.535500000000000043e+01
6.734800000000000182e+03 1.536800000000000033e+01
6.747699999999999818e+03 1.538000000000000078e+01
6.760000000000000000e+03 1.539199999999999946e+01
6.771500000000000000e+03 1.540399999999999991e+01
6.782300000000000182e+03 1.541499999999999915e+01
6.792600000000000364e+03 1.542600000000000016e+01
6.802300000000000182e+03 1.543599999999999994e+01
6.811600000000000364e+03 1.544599999999999973e+01
6.820600000000000364e+03 1.545500000000000007e+01
6.829300000000000182e+03 1.546499999999999986e+01
6.837800000000000182e+03 1.547400000000000020e+01
6.845899999999999636e+03 1.548300000000000054e+01
6.853899999999999636e+03 1.549099999999999966e+01
6.862199999999999818e+03 1.550000000000000000e+01
6.872000000000000000e+03 1.550799999999999912e+01
6.881300000000000182e+03 1.551399999999999935e+01
6.890300000000000182e+03 1.552100000000000080e+01
6.899100000000000364e+03 1.552800000000000047e+01
6.907699999999999818e+03 1.553400000000000070e+01
6.916199999999999818e+03 1.553999999999999915e+01
6.924699999999999818e+03 1.554599999999999937e+01
6.933000000000000000e+03 1.555199999999999960e+01
6.941300000000000182e+03 1.555799999999999983e+01
6.947500000000000000e+03 1.556400000000000006e+01
6.949800000000000182e+03 1.556799999999999962e+01
6.950300000000000182e+03 1.557099999999999973e+01
