1.125799999999999955e+03 1.054100000000000037e+01
1.006600000000000023e+03 1.037299999999999933e+01
1.022000000000000000e+03 1.026699999999999946e+01
1.099500000000000000e+03 1.029299999999999926e+01
1.150000000000000000e+03 1.034600000000000009e+01
1.186299999999999955e+03 1.039799999999999969e+01
1.213500000000000000e+03 1.044500000000000028e+01
1.234500000000000000e+03 1.048700000000000010e+01
1.251200000000000045e+03 1.052200000000000024e+01
1.264700000000000045e+03 1.055300000000000082e+01
1.275799999999999955e+03 1.058000000000000007e+01
1.285099999999999909e+03 1.060299999999999976e+01
1.293000000000000000e+03 1.062299999999999933e+01
1.299700000000000045e+03 1.064100000000000001e+01
1.305599999999999909e+03 1.065700000000000003e+01
1.310599999999999909e+03 1.067200000000000060e+01
1.315000000000000000e+03 1.068399999999999928e+01
1.318900000000000091e+03 1.069599999999999973e+01
1.322299999999999955e+03 1.070599999999999952e+01
1.325299999999999955e+03 1.071499999999999986e+01
1.328000000000000000e+03 1.072300000000000075e+01
1.330299999999999955e+03 1.073099999999999987e+01
1.332400000000000091e+03 1.073799999999999955e+01
1.334299999999999955e+03 1.074399999999999977e+01
1.336000000000000000e+03 1.075000000000000000e+01
1.337500000000000000e+03 1.075500000000000078e+01
1.338900000000000091e+03 1.075900000000000034e+01
1.340099999999999909e+03 1.076399999999999935e+01
1.341200000000000045e+03 1.076800000000000068e+01
1.342200000000000045e+03 1.077100000000000080e+01
1.343200000000000045e+03 1.077500000000000036e+01
1.344000000000000000e+03 1.077800000000000047e+01
1.344700000000000045e+03 1.078100000000000058e+01
1.345400000000000091e+03 1.078299999999999947e+01
1.346000000000000000e+03 1.078599999999999959e+01
1.346599999999999909e+03 1.078800000000000026e+01
1.347099999999999909e+03 1.078999999999999915e+01
1.347599999999999909e+03 1.079199999999999982e+01
1.348000000000000000e+03 1.079299999999999926e+01
1.348400000000000091e+03 1.079499999999999993e+01
1.348799999999999955e+03 1.079700000000000060e+01
1.349099999999999909e+03 1.079800000000000004e+01
1.349400000000000091e+03 1.079899999999999949e+01
1.349599999999999909e+03 1.080000000000000071e+01
1.349900000000000091e+03 1.080100000000000016e+01
1.350099999999999909e+03 1.080199999999999960e+01
1.350299999999999955e+03 1.080300000000000082e+01
1.350500000000000000e+03 1.080400000000000027e+01
1.350700000000000045e+03 1.080499999999999972e+01
1.350799999999999955e+03 1.080599999999999916e+01
1.351000000000000000e+03 1.080599999999999916e+01
1.351099999999999909e+03 1.080700000000000038e+01
1.351200000000000045e+03 1.080700000000000038e+01
1.351400000000000091e+03 1.080799999999999983e+01
1.351500000000000000e+03 1.080799999999999983e+01
1.351599999999999909e+03 1.080899999999999928e+01
1.351599999999999909e+03 1.080899999999999928e+01
1.351700000000000045e+03 1.081000000000000050e+01
1.351799999999999955e+03 1.081000000000000050e+01
1.351900000000000091e+03 1.081000000000000050e+01
1.351900000000000091e+03 1.081099999999999994e+01
1.352000000000000000e+03 1.081099999999999994e+01
1.352000000000000000e+03 1.081099999999999994e+01
1.352099999999999909e+03 1.081099999999999994e+01
1.352099999999999909e+03 1.081199999999999939e+01
1.352200000000000045e+03 1.081199999999999939e+01
1.352200000000000045e+03 1.081199999999999939e+01
1.352299999999999955e+03 1.081199999999999939e+01
1.352299999999999955e+03 1.081199999999999939e+01
1.352299999999999955e+03 1.081199999999999939e+01
1.352299999999999955e+03 1.081300000000000061e+01
1.352400000000000091e+03 1.081300000000000061e+01
1.352400000000000091e+03 1.081300000000000061e+01
1.352400000000000091e+03 1.081300000000000061e+01
1.352299999999999955e+03 1.081300000000000061e+01
1.352200000000000045e+03 1.081300000000000061e+01
1.352099999999999909e+03 1.081300000000000061e+01
1.351900000000000091e+03 1.081199999999999939e+01
1.351799999999999955e+03 1.081199999999999939e+01
1.351700000000000045e+03 1.081199999999999939e+01
1.351500000000000000e+03 1.081199999999999939e+01
1.351400000000000091e+03 1.081099999999999994e+01
1.351200000000000045e+03 1.081099999999999994e+01
1.351099999999999909e+03 1.081099999999999994e+01
1.350900000000000091e+03 1.081000000000000050e+01
1.350799999999999955e+03 1.081000000000000050e+01
1.350599999999999909e+03 1.080899999999999928e+01
1.350400000000000091e+03 1.080899999999999928e+01
1.350299999999999955e+03 1.080899999999999928e+01
1.350099999999999909e+03 1.080799999999999983e+01
1.349900000000000091e+03 1.080799999999999983e+01
1.349700000000000045e+03 1.080700000000000038e+01
1.349599999999999909e+03 1.080700000000000038e+01
1.349400000000000091e+03 1.080599999999999916e+01
1.349200000000000045e+03 1.080599999999999916e+01
1.349099999999999909e+03 1.080499999999999972e+01
1.348900000000000091e+03 1.080499999999999972e+01
1.348599999999999909e+03 1.080400000000000027e+01
1.348200000000000045e+03 1.080400000000000027e+01
1.347700000000000045e+03 1.080300000000000082e+01
1.347200000000000045e+03 1.080199999999999960e+01
1.346700000000000045e+03 1.080100000000000016e+01
1.346099999999999909e+03 1.080000000000000071e+01
1.345599999999999909e+03 1.079800000000000004e+01
1.345000000000000000e+03 1.079700000000000060e+01
1.344500000000000000e+03 1.079599999999999937e+01
1.343900000000000091e+03 1.079400000000000048e+01
1.343299999999999955e+03 1.079299999999999926e+01
1.342700000000000045e+03 1.079199999999999982e+01
1.342099999999999909e+03 1.078999999999999915e+01
1.341500000000000000e+03 1.078899999999999970e+01
1.340900000000000091e+03 1.078700000000000081e+01
1.340299999999999955e+03 1.078599999999999959e+01
1.339700000000000045e+03 1.078400000000000070e+01
1.339099999999999909e+03 1.078299999999999947e+01
1.338500000000000000e+03 1.078100000000000058e+01
1.337799999999999955e+03 1.077999999999999936e+01
1.337200000000000045e+03 1.077800000000000047e+01
1.336500000000000000e+03 1.077699999999999925e+01
1.335900000000000091e+03 1.077500000000000036e+01
1.335200000000000045e+03 1.077399999999999913e+01
1.335099999999999909e+03 1.077299999999999969e+01
1.335799999999999955e+03 1.077299999999999969e+01
1.336700000000000045e+03 1.077399999999999913e+01
1.337700000000000045e+03 1.077500000000000036e+01
1.338799999999999955e+03 1.077699999999999925e+01
1.340000000000000000e+03 1.077899999999999991e+01
1.341200000000000045e+03 1.078100000000000058e+01
1.342500000000000000e+03 1.078400000000000070e+01
1.343799999999999955e+03 1.078700000000000081e+01
1.345200000000000045e+03 1.078999999999999915e+01
1.346599999999999909e+03 1.079400000000000048e+01
1.348000000000000000e+03 1.079700000000000060e+01
1.349400000000000091e+03 1.080100000000000016e+01
1.350900000000000091e+03 1.080499999999999972e+01
1.352299999999999955e+03 1.080899999999999928e+01
1.353799999999999955e+03 1.081300000000000061e+01
1.355200000000000045e+03 1.081700000000000017e+01
1.356700000000000045e+03 1.082099999999999973e+01
1.358200000000000045e+03 1.082499999999999929e+01
1.359700000000000045e+03 1.083000000000000007e+01
1.361200000000000045e+03 1.083399999999999963e+01
1.362700000000000045e+03 1.083900000000000041e+01
1.364200000000000045e+03 1.084299999999999997e+01
1.365700000000000045e+03 1.084800000000000075e+01
1.367099999999999909e+03 1.085299999999999976e+01
1.368400000000000091e+03 1.085699999999999932e+01
1.369599999999999909e+03 1.086200000000000010e+01
1.370799999999999955e+03 1.086599999999999966e+01
1.372000000000000000e+03 1.086999999999999922e+01
1.373200000000000045e+03 1.087500000000000000e+01
1.374400000000000091e+03 1.087899999999999956e+01
1.375500000000000000e+03 1.088299999999999912e+01
1.376700000000000045e+03 1.088799999999999990e+01
1.377900000000000091e+03 1.089199999999999946e+01
1.379000000000000000e+03 1.089600000000000080e+01
1.380099999999999909e+03 1.090000000000000036e+01
1.381299999999999955e+03 1.090499999999999936e+01
1.382400000000000091e+03 1.090900000000000070e+01
1.383500000000000000e+03 1.091300000000000026e+01
1.384700000000000045e+03 1.091699999999999982e+01
1.385799999999999955e+03 1.092200000000000060e+01
1.386900000000000091e+03 1.092600000000000016e+01
1.388000000000000000e+03 1.092999999999999972e+01
1.389099999999999909e+03 1.093399999999999928e+01
1.390200000000000045e+03 1.093900000000000006e+01
1.391299999999999955e+03 1.094299999999999962e+01
1.392400000000000091e+03 1.094699999999999918e+01
1.393500000000000000e+03 1.095199999999999996e+01
1.394299999999999955e+03 1.095599999999999952e+01
1.394900000000000091e+03 1.095899999999999963e+01
1.395299999999999955e+03 1.096299999999999919e+01
1.395700000000000045e+03 1.096599999999999930e+01
1.396000000000000000e+03 1.096899999999999942e+01
1.396200000000000045e+03 1.097199999999999953e+01
1.396500000000000000e+03 1.097499999999999964e+01
1.396700000000000045e+03 1.097799999999999976e+01
1.396900000000000091e+03 1.098099999999999987e+01
1.397099999999999909e+03 1.098300000000000054e+01
1.397299999999999955e+03 1.098600000000000065e+01
1.397500000000000000e+03 1.098799999999999955e+01
1.397700000000000045e+03 1.099099999999999966e+01
1.397799999999999955e+03 1.099300000000000033e+01
1.398000000000000000e+03 1.099499999999999922e+01
1.398200000000000045e+03 1.099799999999999933e+01
1.398299999999999955e+03 1.100000000000000000e+01
1.398500000000000000e+03 1.100200000000000067e+01
1.398599999999999909e+03 1.100399999999999956e+01
1.398799999999999955e+03 1.100699999999999967e+01
1.399000000000000000e+03 1.100900000000000034e+01
1.399099999999999909e+03 1.101099999999999923e+01
1.399299999999999955e+03 1.101299999999999990e+01
1.399400000000000091e+03 1.101500000000000057e+01
1.400700000000000045e+03 1.101800000000000068e+01
1.403400000000000091e+03 1.102299999999999969e+01
1.406599999999999909e+03 1.102999999999999936e+01
1.410000000000000000e+03 1.103800000000000026e+01
1.413599999999999909e+03 1.104800000000000004e+01
1.417400000000000091e+03 1.105700000000000038e+01
1.421299999999999955e+03 1.106799999999999962e+01
1.425299999999999955e+03 1.107900000000000063e+01
1.429299999999999955e+03 1.108999999999999986e+01
1.433500000000000000e+03 1.110200000000000031e+01
1.437700000000000045e+03 1.111400000000000077e+01
1.442000000000000000e+03 1.112700000000000067e+01
1.446299999999999955e+03 1.114000000000000057e+01
1.450599999999999909e+03 1.115300000000000047e+01
1.455000000000000000e+03 1.116600000000000037e+01
1.459400000000000091e+03 1.117900000000000027e+01
1.463799999999999955e+03 1.119200000000000017e+01
1.468200000000000045e+03 1.120599999999999952e+01
1.472700000000000045e+03 1.122000000000000064e+01
1.477099999999999909e+03 1.123399999999999999e+01
1.481599999999999909e+03 1.124799999999999933e+01
1.486099999999999909e+03 1.126200000000000045e+01
1.490599999999999909e+03 1.127599999999999980e+01
1.495000000000000000e+03 1.128999999999999915e+01
1.500799999999999955e+03 1.130499999999999972e+01
1.508099999999999909e+03 1.132300000000000040e+01
1.515799999999999955e+03 1.134200000000000053e+01
1.523799999999999955e+03 1.136299999999999955e+01
1.532000000000000000e+03 1.138499999999999979e+01
1.540299999999999955e+03 1.140799999999999947e+01
1.548700000000000045e+03 1.143099999999999916e+01
1.557299999999999955e+03 1.145500000000000007e+01
1.566000000000000000e+03 1.147899999999999920e+01
1.574700000000000045e+03 1.150399999999999956e+01
1.583500000000000000e+03 1.152899999999999991e+01
1.592400000000000091e+03 1.155400000000000027e+01
1.601299999999999955e+03 1.157900000000000063e+01
1.610299999999999955e+03 1.160500000000000043e+01
1.619400000000000091e+03 1.163000000000000078e+01
1.628500000000000000e+03 1.165600000000000058e+01
1.637599999999999909e+03 1.168099999999999916e+01
1.646799999999999955e+03 1.170700000000000074e+01
1.655900000000000091e+03 1.173199999999999932e+01
1.665099999999999909e+03 1.175799999999999912e+01
1.674400000000000091e+03 1.178400000000000070e+01
1.683599999999999909e+03 1.180899999999999928e+01
1.692900000000000091e+03 1.183500000000000085e+01
1.702299999999999955e+03 1.185999999999999943e+01
1.711799999999999955e+03 1.188599999999999923e+01
1.721500000000000000e+03 1.191099999999999959e+01
1.731299999999999955e+03 1.193699999999999939e+01
1.741000000000000000e+03 1.196299999999999919e+01
1.750700000000000045e+03 1.198900000000000077e+01
1.760299999999999955e+03 1.201399999999999935e+01
1.769700000000000045e+03 1.203999999999999915e+01
1.779099999999999909e+03 1.206499999999999950e+01
1.788400000000000091e+03 1.209099999999999930e+01
1.797700000000000045e+03 1.211599999999999966e+01
1.806799999999999955e+03 1.214100000000000001e+01
1.815799999999999955e+03 1.216600000000000037e+01
1.824799999999999955e+03 1.218999999999999950e+01
1.833700000000000045e+03 1.221499999999999986e+01
1.842700000000000045e+03 1.223900000000000077e+01
1.851700000000000045e+03 1.226299999999999990e+01
1.860700000000000045e+03 1.228700000000000081e+01
1.869599999999999909e+03 1.231099999999999994e+01
1.878500000000000000e+03 1.233500000000000085e+01
1.887400000000000091e+03 1.235899999999999999e+01
1.896400000000000091e+03 1.238199999999999967e+01
1.905299999999999955e+03 1.240600000000000058e+01
1.914299999999999955e+03 1.242900000000000027e+01
1.923200000000000045e+03 1.245199999999999996e+01
1.933400000000000091e+03 1.247600000000000087e+01
1.945299999999999955e+03 1.250099999999999945e+01
1.957500000000000000e+03 1.252800000000000047e+01
1.969799999999999955e+03 1.255499999999999972e+01
1.982200000000000045e+03 1.258300000000000018e+01
1.994700000000000045e+03 1.261100000000000065e+01
2.007299999999999955e+03 1.264000000000000057e+01
2.019799999999999955e+03 1.266900000000000048e+01
2.032400000000000091e+03 1.269800000000000040e+01
2.045000000000000000e+03 1.272700000000000031e+01
2.057500000000000000e+03 1.275699999999999967e+01
2.069699999999999818e+03 1.278700000000000081e+01
2.081900000000000091e+03 1.281600000000000072e+01
2.093800000000000182e+03 1.284600000000000009e+01
2.105699999999999818e+03 1.287500000000000000e+01
2.117400000000000091e+03 1.290399999999999991e+01
2.128699999999999818e+03 1.293399999999999928e+01
2.139800000000000182e+03 1.296299999999999919e+01
2.151000000000000000e+03 1.299200000000000088e+01
2.162099999999999909e+03 1.302200000000000024e+01
2.173300000000000182e+03 1.305100000000000016e+01
2.184599999999999909e+03 1.307900000000000063e+01
2.196000000000000000e+03 1.310800000000000054e+01
2.207300000000000182e+03 1.313700000000000045e+01
2.221000000000000000e+03 1.316600000000000037e+01
2.238599999999999909e+03 1.319800000000000040e+01
2.257000000000000000e+03 1.323199999999999932e+01
2.275599999999999909e+03 1.326699999999999946e+01
2.294500000000000000e+03 1.330300000000000082e+01
2.314000000000000000e+03 1.333999999999999986e+01
2.334500000000000000e+03 1.337700000000000067e+01
2.354500000000000000e+03 1.341300000000000026e+01
2.375199999999999818e+03 1.344699999999999918e+01
2.397599999999999909e+03 1.347899999999999920e+01
2.421699999999999818e+03 1.350900000000000034e+01
2.447199999999999818e+03 1.353800000000000026e+01
2.474800000000000182e+03 1.356600000000000072e+01
2.504199999999999818e+03 1.359200000000000053e+01
2.534599999999999909e+03 1.361700000000000088e+01
2.565800000000000182e+03 1.364000000000000057e+01
2.597099999999999909e+03 1.366099999999999959e+01
2.628199999999999818e+03 1.368099999999999916e+01
2.659000000000000000e+03 1.369899999999999984e+01
2.689800000000000182e+03 1.371599999999999930e+01
2.720000000000000000e+03 1.373199999999999932e+01
2.749699999999999818e+03 1.374699999999999989e+01
2.779300000000000182e+03 1.376099999999999923e+01
2.808900000000000091e+03 1.377399999999999913e+01
2.839400000000000091e+03 1.378700000000000081e+01
2.871400000000000091e+03 1.379899999999999949e+01
2.904199999999999818e+03 1.381099999999999994e+01
2.937699999999999818e+03 1.382300000000000040e+01
2.971300000000000182e+03 1.383399999999999963e+01
3.005099999999999909e+03 1.384500000000000064e+01
3.038900000000000091e+03 1.385500000000000043e+01
3.072699999999999818e+03 1.386599999999999966e+01
3.107000000000000000e+03 1.387599999999999945e+01
3.141400000000000091e+03 1.388599999999999923e+01
3.175199999999999818e+03 1.389600000000000080e+01
3.208500000000000000e+03 1.390600000000000058e+01
3.241199999999999818e+03 1.391499999999999915e+01
3.273300000000000182e+03 1.392500000000000071e+01
3.305300000000000182e+03 1.393399999999999928e+01
3.337599999999999909e+03 1.394299999999999962e+01
3.370000000000000000e+03 1.395199999999999996e+01
3.402900000000000091e+03 1.396199999999999974e+01
3.436000000000000000e+03 1.397100000000000009e+01
3.470099999999999909e+03 1.398000000000000043e+01
3.506199999999999818e+03 1.399000000000000021e+01
3.546099999999999909e+03 1.400000000000000000e+01
3.586699999999999818e+03 1.401099999999999923e+01
3.628199999999999818e+03 1.402200000000000024e+01
3.671199999999999818e+03 1.403299999999999947e+01
3.716800000000000182e+03 1.404499999999999993e+01
3.765699999999999818e+03 1.405799999999999983e+01
3.816500000000000000e+03 1.407099999999999973e+01
3.868599999999999909e+03 1.408600000000000030e+01
3.921699999999999818e+03 1.410100000000000087e+01
3.975000000000000000e+03 1.411700000000000088e+01
4.027599999999999909e+03 1.413299999999999912e+01
4.078800000000000182e+03 1.415099999999999980e+01
4.127899999999999636e+03 1.416900000000000048e+01
4.174300000000000182e+03 1.418800000000000061e+01
4.218300000000000182e+03 1.420800000000000018e+01
4.260000000000000000e+03 1.423000000000000043e+01
4.294699999999999818e+03 1.425200000000000067e+01
4.329600000000000364e+03 1.427200000000000024e+01
4.363899999999999636e+03 1.429199999999999982e+01
4.398100000000000364e+03 1.431199999999999939e+01
4.431800000000000182e+03 1.433099999999999952e+01
4.465100000000000364e+03 1.435100000000000087e+01
4.498199999999999818e+03 1.436999999999999922e+01
4.531300000000000182e+03 1.438899999999999935e+01
4.564000000000000000e+03 1.440900000000000070e+01
4.596699999999999818e+03 1.442900000000000027e+01
4.629800000000000182e+03 1.444999999999999929e+01
4.666800000000000182e+03 1.447100000000000009e+01
4.709100000000000364e+03 1.449399999999999977e+01
4.750600000000000364e+03 1.451900000000000013e+01
4.792100000000000364e+03 1.454499999999999993e+01
4.834300000000000182e+03 1.457099999999999973e+01
4.877899999999999636e+03 1.459800000000000075e+01
4.923000000000000000e+03 1.462599999999999945e+01
4.969600000000000364e+03 1.465499999999999936e+01
5.017199999999999818e+03 1.468399999999999928e+01
5.064600000000000364e+03 1.471299999999999919e+01
5.112500000000000000e+03 1.474099999999999966e+01
5.161600000000000364e+03 1.476999999999999957e+01
5.212000000000000000e+03 1.479899999999999949e+01
5.264500000000000000e+03 1.482900000000000063e+01
5.319000000000000000e+03 1.485999999999999943e+01
5.375800000000000182e+03 1.489199999999999946e+01
5.434699999999999818e+03 1.492600000000000016e+01
5.494800000000000182e+03 1.496000000000000085e+01
5.554899999999999636e+03 1.499499999999999922e+01
5.615300000000000182e+03 1.502999999999999936e+01
5.675500000000000000e+03 1.506499999999999950e+01
5.735500000000000000e+03 1.510200000000000031e+01
5.797199999999999818e+03 1.513899999999999935e+01
5.857899999999999636e+03 1.517900000000000027e+01
5.911399999999999636e+03 1.522000000000000064e+01
5.953399999999999636e+03 1.525900000000000034e+01
5.991899999999999636e+03 1.529499999999999993e+01
6.027100000000000364e+03 1.533000000000000007e+01
6.066899999999999636e+03 1.535999999999999943e+01
6.118199999999999818e+03 1.537800000000000011e+01
6.163199999999999818e+03 1.539600000000000080e+01
6.211000000000000000e+03 1.540799999999999947e+01
6.258100000000000364e+03 1.542099999999999937e+01
6.284800000000000182e+03 1.543900000000000006e+01
6.297300000000000182e+03 1.545800000000000018e+01
6.328100000000000364e+03 1.547000000000000064e+01
6.373300000000000182e+03 1.547799999999999976e+01
6.416100000000000364e+03 1.548799999999999955e+01
6.452100000000000364e+03 1.550000000000000000e+01
6.483500000000000000e+03 1.551299999999999990e+01
6.513199999999999818e+03 1.552599999999999980e+01
6.542000000000000000e+03 1.553999999999999915e+01
6.570800000000000182e+03 1.555300000000000082e+01
6.599300000000000182e+03 1.556700000000000017e+01
6.627399999999999636e+03 1.558000000000000007e+01
6.655199999999999818e+03 1.559399999999999942e+01
6.682500000000000000e+03 1.560800000000000054e+01
6.709500000000000000e+03 1.562199999999999989e+01
6.732199999999999818e+03 1.563599999999999923e+01
6.749000000000000000e+03 1.564799999999999969e+01
6.762300000000000182e+03 1.566000000000000014e+01
6.773899999999999636e+03 1.567200000000000060e+01
6.784600000000000364e+03 1.568299999999999983e+01
6.794600000000000364e+03 1.569299999999999962e+01
6.804300000000000182e+03 1.570299999999999940e+01
6.813500000000000000e+03 1.571299999999999919e+01
6.822399999999999636e+03 1.572199999999999953e+01
6.831100000000000364e+03 1.573199999999999932e+01
6.839399999999999636e+03 1.574000000000000021e+01
6.847600000000000364e+03 1.574900000000000055e+01
6.855500000000000000e+03 1.575699999999999967e+01
6.863300000000000182e+03 1.576600000000000001e+01
6.871000000000000000e+03 1.577399999999999913e+01
6.879500000000000000e+03 1.578100000000000058e+01
6.888300000000000182e+03 1.578800000000000026e+01
6.897000000000000000e+03 1.579400000000000048e+01
6.905500000000000000e+03 1.580100000000000016e+01
6.914000000000000000e+03 1.580700000000000038e+01
6.922399999999999636e+03 1.581300000000000061e+01
6.930699999999999818e+03 1.581900000000000084e+01
6.938899999999999636e+03 1.582499999999999929e+01
6.947100000000000364e+03 1.583099999999999952e+01
6.951800000000000182e+03 1.583600000000000030e+01
6.952500000000000000e+03 1.583999999999999986e+01
