7.442300000000000182e+02 7.165199999999999569e+00
7.422899999999999636e+02 7.145299999999999763e+00
7.360299999999999727e+02 7.113199999999999967e+00
7.265099999999999909e+02 7.079799999999999649e+00
7.156599999999999682e+02 7.038800000000000168e+00
7.099600000000000364e+02 7.001100000000000101e+00
7.083799999999999955e+02 6.971700000000000230e+00
7.093600000000000136e+02 6.950999999999999623e+00
7.118200000000000500e+02 6.938200000000000145e+00
7.150900000000000318e+02 6.931700000000000195e+00
7.187500000000000000e+02 6.930200000000000138e+00
7.225199999999999818e+02 6.932299999999999685e+00
7.262599999999999909e+02 6.937000000000000277e+00
7.298700000000000045e+02 6.943599999999999994e+00
7.333099999999999454e+02 6.951399999999999579e+00
7.365499999999999545e+02 6.959900000000000198e+00
7.395800000000000409e+02 6.968899999999999650e+00
7.423999999999999773e+02 6.977999999999999758e+00
7.450199999999999818e+02 6.987199999999999633e+00
7.474500000000000455e+02 6.996199999999999974e+00
7.496900000000000546e+02 7.004999999999999893e+00
7.517500000000000000e+02 7.013499999999999623e+00
7.536499999999999773e+02 7.021600000000000286e+00
7.553999999999999773e+02 7.029499999999999638e+00
7.570099999999999909e+02 7.036900000000000155e+00
7.584900000000000091e+02 7.043999999999999595e+00
7.598600000000000136e+02 7.050699999999999967e+00
7.611200000000000045e+02 7.057000000000000384e+00
7.622799999999999727e+02 7.062999999999999723e+00
7.633500000000000227e+02 7.068699999999999761e+00
7.643400000000000318e+02 7.073999999999999844e+00
7.652500000000000000e+02 7.078999999999999737e+00
7.661000000000000227e+02 7.083800000000000097e+00
7.668700000000000045e+02 7.088199999999999612e+00
7.675900000000000318e+02 7.092399999999999594e+00
7.682599999999999909e+02 7.096300000000000274e+00
7.688799999999999955e+02 7.099999999999999645e+00
7.694500000000000455e+02 7.103500000000000369e+00
7.699700000000000273e+02 7.106799999999999784e+00
7.704600000000000364e+02 7.109799999999999898e+00
7.709099999999999682e+02 7.112700000000000244e+00
7.713300000000000409e+02 7.115400000000000169e+00
7.717200000000000273e+02 7.117899999999999672e+00
7.720800000000000409e+02 7.120300000000000296e+00
7.724099999999999682e+02 7.122499999999999609e+00
7.727200000000000273e+02 7.124600000000000044e+00
7.730099999999999909e+02 7.126500000000000057e+00
7.732699999999999818e+02 7.128300000000000303e+00
7.735199999999999818e+02 7.129999999999999893e+00
7.737400000000000091e+02 7.131599999999999717e+00
7.739500000000000455e+02 7.133099999999999774e+00
7.741499999999999773e+02 7.134500000000000064e+00
7.743300000000000409e+02 7.135799999999999699e+00
7.744900000000000091e+02 7.137100000000000222e+00
7.746499999999999773e+02 7.138200000000000323e+00
7.747899999999999636e+02 7.139199999999999768e+00
7.749199999999999591e+02 7.140200000000000102e+00
7.750399999999999636e+02 7.141200000000000436e+00
7.751499999999999773e+02 7.142000000000000348e+00
7.752599999999999909e+02 7.142800000000000260e+00
7.753500000000000227e+02 7.143600000000000172e+00
7.754400000000000546e+02 7.144300000000000317e+00
7.755199999999999818e+02 7.144899999999999807e+00
7.756000000000000227e+02 7.145500000000000185e+00
7.756599999999999682e+02 7.146099999999999675e+00
7.757300000000000182e+02 7.146600000000000286e+00
7.757899999999999636e+02 7.147100000000000009e+00
7.758400000000000318e+02 7.147499999999999964e+00
7.758899999999999864e+02 7.147899999999999920e+00
7.759299999999999500e+02 7.148299999999999876e+00
7.759700000000000273e+02 7.148699999999999832e+00
7.760099999999999909e+02 7.149000000000000021e+00
7.760499999999999545e+02 7.149300000000000210e+00
7.760800000000000409e+02 7.149600000000000399e+00
7.761100000000000136e+02 7.149899999999999700e+00
7.761299999999999955e+02 7.150100000000000122e+00
7.761399999999999864e+02 7.150299999999999656e+00
7.761499999999999773e+02 7.150500000000000078e+00
7.761399999999999864e+02 7.150599999999999845e+00
7.761299999999999955e+02 7.150699999999999612e+00
7.761100000000000136e+02 7.150800000000000267e+00
7.760800000000000409e+02 7.150800000000000267e+00
7.760399999999999636e+02 7.150800000000000267e+00
7.760000000000000000e+02 7.150800000000000267e+00
7.759500000000000455e+02 7.150699999999999612e+00
7.758999999999999773e+02 7.150599999999999845e+00
7.758500000000000227e+02 7.150500000000000078e+00
7.757999999999999545e+02 7.150299999999999656e+00
7.757500000000000000e+02 7.150199999999999889e+00
7.756900000000000546e+02 7.150000000000000355e+00
7.756299999999999955e+02 7.149799999999999933e+00
7.755700000000000500e+02 7.149600000000000399e+00
7.755099999999999909e+02 7.149399999999999977e+00
7.754400000000000546e+02 7.149200000000000443e+00
7.753700000000000045e+02 7.149000000000000021e+00
7.753099999999999454e+02 7.148699999999999832e+00
7.752300000000000182e+02 7.148399999999999643e+00
7.751599999999999682e+02 7.148200000000000109e+00
7.750900000000000318e+02 7.147899999999999920e+00
7.750099999999999909e+02 7.147599999999999731e+00
7.749099999999999682e+02 7.147199999999999775e+00
7.747899999999999636e+02 7.146899999999999586e+00
7.746499999999999773e+02 7.146399999999999864e+00
7.745000000000000000e+02 7.145900000000000141e+00
7.743300000000000409e+02 7.145400000000000418e+00
7.741499999999999773e+02 7.144700000000000273e+00
7.739600000000000364e+02 7.144099999999999895e+00
7.737500000000000000e+02 7.143299999999999983e+00
7.735299999999999727e+02 7.142500000000000071e+00
7.733200000000000500e+02 7.141700000000000159e+00
7.731100000000000136e+02 7.140900000000000247e+00
7.728899999999999864e+02 7.139999999999999680e+00
7.726699999999999591e+02 7.139100000000000001e+00
7.724500000000000455e+02 7.138200000000000323e+00
7.722200000000000273e+02 7.137299999999999756e+00
7.719900000000000091e+02 7.136300000000000310e+00
7.717599999999999909e+02 7.135399999999999743e+00
7.715299999999999727e+02 7.134400000000000297e+00
7.712899999999999636e+02 7.133399999999999963e+00
7.710599999999999454e+02 7.132500000000000284e+00
7.708300000000000409e+02 7.131499999999999950e+00
7.706100000000000136e+02 7.130499999999999616e+00
7.703799999999999955e+02 7.129500000000000171e+00
7.702000000000000455e+02 7.128599999999999604e+00
7.701000000000000227e+02 7.127799999999999692e+00
7.701000000000000227e+02 7.127299999999999969e+00
7.701900000000000546e+02 7.126999999999999780e+00
7.703799999999999955e+02 7.126999999999999780e+00
7.706399999999999864e+02 7.127299999999999969e+00
7.709700000000000273e+02 7.127900000000000347e+00
7.713700000000000045e+02 7.128800000000000026e+00
7.718300000000000409e+02 7.129900000000000126e+00
7.723400000000000318e+02 7.131400000000000183e+00
7.729199999999999591e+02 7.133000000000000007e+00
7.735599999999999454e+02 7.134999999999999787e+00
7.742599999999999909e+02 7.137299999999999756e+00
7.749900000000000091e+02 7.139700000000000379e+00
7.757599999999999909e+02 7.142400000000000304e+00
7.765700000000000500e+02 7.145299999999999763e+00
7.774099999999999682e+02 7.148399999999999643e+00
7.782799999999999727e+02 7.151699999999999946e+00
7.791799999999999500e+02 7.155199999999999783e+00
7.801000000000000227e+02 7.158800000000000274e+00
7.810499999999999545e+02 7.162499999999999645e+00
7.820199999999999818e+02 7.166400000000000325e+00
7.830099999999999909e+02 7.170399999999999885e+00
7.840099999999999909e+02 7.174599999999999866e+00
7.850299999999999727e+02 7.178799999999999848e+00
7.860499999999999545e+02 7.183200000000000252e+00
7.870700000000000500e+02 7.187500000000000000e+00
7.880800000000000409e+02 7.192000000000000171e+00
7.890900000000000318e+02 7.196500000000000341e+00
7.901000000000000227e+02 7.200999999999999623e+00
7.911100000000000136e+02 7.205499999999999794e+00
7.921200000000000045e+02 7.209999999999999964e+00
7.931299999999999955e+02 7.214599999999999902e+00
7.941399999999999864e+02 7.219199999999999839e+00
7.951499999999999773e+02 7.223799999999999777e+00
7.961699999999999591e+02 7.228399999999999714e+00
7.971900000000000546e+02 7.233100000000000307e+00
7.982200000000000273e+02 7.237800000000000011e+00
7.992400000000000091e+02 7.242499999999999716e+00
8.002699999999999818e+02 7.247200000000000308e+00
8.012999999999999545e+02 7.251900000000000013e+00
8.023400000000000318e+02 7.256700000000000372e+00
8.033700000000000045e+02 7.261499999999999844e+00
8.044099999999999682e+02 7.266300000000000203e+00
8.054600000000000364e+02 7.271099999999999675e+00
8.065000000000000000e+02 7.275900000000000034e+00
8.075499999999999545e+02 7.280800000000000161e+00
8.086100000000000136e+02 7.285599999999999632e+00
8.096499999999999773e+02 7.290499999999999758e+00
8.106599999999999682e+02 7.295300000000000118e+00
8.116299999999999955e+02 7.300099999999999589e+00
8.125700000000000500e+02 7.304800000000000182e+00
8.134700000000000273e+02 7.309300000000000352e+00
8.143400000000000318e+02 7.313799999999999635e+00
8.151799999999999500e+02 7.318100000000000271e+00
8.160000000000000000e+02 7.322400000000000020e+00
8.167999999999999545e+02 7.326500000000000234e+00
8.175900000000000318e+02 7.330599999999999561e+00
8.183899999999999864e+02 7.334600000000000009e+00
8.191699999999999591e+02 7.338599999999999568e+00
8.199400000000000546e+02 7.342500000000000249e+00
8.207000000000000455e+02 7.346400000000000041e+00
8.214500000000000455e+02 7.350200000000000067e+00
8.221799999999999500e+02 7.353900000000000325e+00
8.229099999999999682e+02 7.357599999999999696e+00
8.236299999999999955e+02 7.361200000000000188e+00
8.243400000000000318e+02 7.364799999999999791e+00
8.250299999999999727e+02 7.368400000000000283e+00
8.257300000000000182e+02 7.371800000000000352e+00
8.264099999999999682e+02 7.375300000000000189e+00
8.270900000000000318e+02 7.378700000000000259e+00
8.277599999999999909e+02 7.381999999999999673e+00
8.284800000000000182e+02 7.385399999999999743e+00
8.293400000000000318e+02 7.389000000000000234e+00
8.303700000000000045e+02 7.392800000000000260e+00
8.315599999999999454e+02 7.397100000000000009e+00
8.328999999999999773e+02 7.401900000000000368e+00
8.343700000000000045e+02 7.407099999999999795e+00
8.359800000000000182e+02 7.412799999999999834e+00
8.376900000000000546e+02 7.418999999999999595e+00
8.395000000000000000e+02 7.425600000000000200e+00
8.414099999999999682e+02 7.432699999999999640e+00
8.433799999999999955e+02 7.440100000000000158e+00
8.454199999999999591e+02 7.447899999999999743e+00
8.475199999999999818e+02 7.456000000000000405e+00
8.496900000000000546e+02 7.464400000000000368e+00
8.518999999999999773e+02 7.473099999999999632e+00
8.541699999999999591e+02 7.482000000000000206e+00
8.564900000000000091e+02 7.491299999999999848e+00
8.588799999999999955e+02 7.500700000000000145e+00
8.613300000000000409e+02 7.510200000000000209e+00
8.638400000000000318e+02 7.519800000000000040e+00
8.663700000000000045e+02 7.529399999999999871e+00
8.689299999999999500e+02 7.539200000000000124e+00
8.715099999999999909e+02 7.549000000000000377e+00
8.741000000000000227e+02 7.558900000000000396e+00
8.767400000000000091e+02 7.568900000000000183e+00
8.795499999999999545e+02 7.579299999999999926e+00
8.825099999999999909e+02 7.589900000000000091e+00
8.856499999999999773e+02 7.601099999999999746e+00
8.889500000000000455e+02 7.612700000000000244e+00
8.923999999999999773e+02 7.624799999999999578e+00
8.959800000000000182e+02 7.637400000000000411e+00
8.996799999999999500e+02 7.650400000000000311e+00
9.034900000000000091e+02 7.663800000000000168e+00
9.073899999999999864e+02 7.677699999999999747e+00
9.112799999999999727e+02 7.691900000000000404e+00
9.152000000000000455e+02 7.706299999999999706e+00
9.191699999999999591e+02 7.720799999999999663e+00
9.231599999999999682e+02 7.735599999999999810e+00
9.271799999999999500e+02 7.750499999999999723e+00
9.312400000000000091e+02 7.765500000000000291e+00
9.353300000000000409e+02 7.780700000000000394e+00
9.394400000000000546e+02 7.795899999999999608e+00
9.435700000000000500e+02 7.811300000000000132e+00
9.477100000000000364e+02 7.826699999999999768e+00
9.518500000000000227e+02 7.842200000000000060e+00
9.560099999999999909e+02 7.857800000000000118e+00
9.601699999999999591e+02 7.873300000000000409e+00
9.643300000000000409e+02 7.888799999999999812e+00
9.684700000000000273e+02 7.904399999999999871e+00
9.726200000000000045e+02 7.919800000000000395e+00
9.767699999999999818e+02 7.935299999999999798e+00
9.809299999999999500e+02 7.950800000000000090e+00
9.850900000000000318e+02 7.966199999999999726e+00
9.892400000000000091e+02 7.981700000000000017e+00
9.934099999999999682e+02 7.997099999999999653e+00
9.975700000000000500e+02 8.012499999999999289e+00
1.001700000000000045e+03 8.027900000000000702e+00
1.005700000000000045e+03 8.043200000000000571e+00
1.009700000000000045e+03 8.058400000000000674e+00
1.013600000000000023e+03 8.073499999999999233e+00
1.017500000000000000e+03 8.088599999999999568e+00
1.021399999999999977e+03 8.103500000000000369e+00
1.025299999999999955e+03 8.118399999999999395e+00
1.029200000000000045e+03 8.133100000000000662e+00
1.033099999999999909e+03 8.147899999999999920e+00
1.037000000000000000e+03 8.162499999999999645e+00
1.040799999999999955e+03 8.177099999999999369e+00
1.044599999999999909e+03 8.191499999999999559e+00
1.048500000000000000e+03 8.205899999999999750e+00
1.052200000000000045e+03 8.220200000000000173e+00
1.056000000000000000e+03 8.234299999999999287e+00
1.059799999999999955e+03 8.248499999999999943e+00
1.063599999999999909e+03 8.262499999999999289e+00
1.067400000000000091e+03 8.276600000000000179e+00
1.071299999999999955e+03 8.290699999999999292e+00
1.075400000000000091e+03 8.304899999999999949e+00
1.079599999999999909e+03 8.319399999999999906e+00
1.083900000000000091e+03 8.334199999999999164e+00
1.088299999999999955e+03 8.349299999999999500e+00
1.092900000000000091e+03 8.364699999999999136e+00
1.097500000000000000e+03 8.380399999999999849e+00
1.102299999999999955e+03 8.396399999999999864e+00
1.107000000000000000e+03 8.412499999999999645e+00
1.111900000000000091e+03 8.428900000000000503e+00
1.116700000000000045e+03 8.445399999999999352e+00
1.121599999999999909e+03 8.461999999999999744e+00
1.126500000000000000e+03 8.478799999999999670e+00
1.131500000000000000e+03 8.495599999999999596e+00
1.136500000000000000e+03 8.512600000000000833e+00
1.141500000000000000e+03 8.529600000000000293e+00
1.146599999999999909e+03 8.546799999999999287e+00
1.151700000000000045e+03 8.564000000000000057e+00
1.156799999999999955e+03 8.581400000000000361e+00
1.162000000000000000e+03 8.598900000000000432e+00
1.167400000000000091e+03 8.616500000000000270e+00
1.172700000000000045e+03 8.634299999999999642e+00
1.178200000000000045e+03 8.652100000000000790e+00
1.183900000000000091e+03 8.670099999999999696e+00
1.189799999999999955e+03 8.688499999999999446e+00
1.196000000000000000e+03 8.707300000000000040e+00
1.202500000000000000e+03 8.726599999999999469e+00
1.209200000000000045e+03 8.746399999999999508e+00
1.216200000000000045e+03 8.766700000000000159e+00
1.223599999999999909e+03 8.787599999999999412e+00
1.231299999999999955e+03 8.809200000000000585e+00
1.239400000000000091e+03 8.831500000000000128e+00
1.248000000000000000e+03 8.854599999999999582e+00
1.257099999999999909e+03 8.878600000000000492e+00
1.266799999999999955e+03 8.903800000000000381e+00
1.277400000000000091e+03 8.930099999999999483e+00
1.288599999999999909e+03 8.957599999999999341e+00
1.300700000000000045e+03 8.986399999999999721e+00
1.313599999999999909e+03 9.016600000000000392e+00
1.327200000000000045e+03 9.048099999999999810e+00
1.341299999999999955e+03 9.080700000000000216e+00
1.355500000000000000e+03 9.114000000000000767e+00
1.369700000000000045e+03 9.147700000000000387e+00
1.383599999999999909e+03 9.181699999999999307e+00
1.397400000000000091e+03 9.215199999999999392e+00
1.411200000000000045e+03 9.248400000000000176e+00
1.424799999999999955e+03 9.281000000000000583e+00
1.438400000000000091e+03 9.313100000000000378e+00
1.451500000000000000e+03 9.344200000000000728e+00
1.464299999999999955e+03 9.374299999999999855e+00
1.477200000000000045e+03 9.403999999999999915e+00
1.490099999999999909e+03 9.432999999999999829e+00
1.502400000000000091e+03 9.461299999999999599e+00
1.514700000000000045e+03 9.488899999999999224e+00
1.527099999999999909e+03 9.516500000000000625e+00
1.539599999999999909e+03 9.544200000000000017e+00
1.552400000000000091e+03 9.572800000000000864e+00
1.565700000000000045e+03 9.602299999999999613e+00
1.579599999999999909e+03 9.632500000000000284e+00
1.594000000000000000e+03 9.663199999999999790e+00
1.609500000000000000e+03 9.694800000000000750e+00
1.624599999999999909e+03 9.727299999999999613e+00
1.641200000000000045e+03 9.761599999999999611e+00
1.658799999999999955e+03 9.797700000000000742e+00
1.677799999999999955e+03 9.835800000000000765e+00
1.697599999999999909e+03 9.876099999999999213e+00
1.720000000000000000e+03 9.918799999999999173e+00
1.745400000000000091e+03 9.963100000000000733e+00
1.774599999999999909e+03 1.000799999999999912e+01
1.807799999999999955e+03 1.005199999999999960e+01
1.844200000000000045e+03 1.009500000000000064e+01
1.882799999999999955e+03 1.013700000000000045e+01
1.924299999999999955e+03 1.017699999999999960e+01
1.968500000000000000e+03 1.021400000000000041e+01
2.013500000000000000e+03 1.024699999999999989e+01
2.059099999999999909e+03 1.027800000000000047e+01
2.104699999999999818e+03 1.030700000000000038e+01
2.150500000000000000e+03 1.033300000000000018e+01
2.195699999999999818e+03 1.035699999999999932e+01
2.239599999999999909e+03 1.038100000000000023e+01
2.282800000000000182e+03 1.040199999999999925e+01
2.324699999999999818e+03 1.042300000000000004e+01
2.362800000000000182e+03 1.044299999999999962e+01
2.397300000000000182e+03 1.046199999999999974e+01
2.430500000000000000e+03 1.048199999999999932e+01
2.461800000000000182e+03 1.050200000000000067e+01
2.491300000000000182e+03 1.052200000000000024e+01
2.518400000000000091e+03 1.054199999999999982e+01
2.543699999999999818e+03 1.056300000000000061e+01
2.567800000000000182e+03 1.058399999999999963e+01
2.591000000000000000e+03 1.060500000000000043e+01
2.613599999999999909e+03 1.062599999999999945e+01
2.636300000000000182e+03 1.064799999999999969e+01
2.658699999999999818e+03 1.066900000000000048e+01
2.681300000000000182e+03 1.069100000000000072e+01
2.704500000000000000e+03 1.071299999999999919e+01
2.728000000000000000e+03 1.073499999999999943e+01
2.752000000000000000e+03 1.075799999999999912e+01
2.776099999999999909e+03 1.078100000000000058e+01
2.800599999999999909e+03 1.080400000000000027e+01
2.825400000000000091e+03 1.082799999999999940e+01
2.850500000000000000e+03 1.085299999999999976e+01
2.876699999999999818e+03 1.087700000000000067e+01
2.903699999999999818e+03 1.090199999999999925e+01
2.930500000000000000e+03 1.092600000000000016e+01
2.957000000000000000e+03 1.094999999999999929e+01
2.983400000000000091e+03 1.097300000000000075e+01
3.009699999999999818e+03 1.099699999999999989e+01
3.035699999999999818e+03 1.101900000000000013e+01
3.061699999999999818e+03 1.104199999999999982e+01
3.088000000000000000e+03 1.106499999999999950e+01
3.114699999999999818e+03 1.108699999999999974e+01
3.141500000000000000e+03 1.110999999999999943e+01
3.168699999999999818e+03 1.113199999999999967e+01
3.196500000000000000e+03 1.115499999999999936e+01
3.224500000000000000e+03 1.117800000000000082e+01
3.251199999999999818e+03 1.120100000000000051e+01
3.277000000000000000e+03 1.122300000000000075e+01
3.302099999999999909e+03 1.124399999999999977e+01
3.326099999999999909e+03 1.126500000000000057e+01
3.348900000000000091e+03 1.128500000000000014e+01
3.369900000000000091e+03 1.130300000000000082e+01
3.387300000000000182e+03 1.132000000000000028e+01
3.402199999999999818e+03 1.133500000000000085e+01
3.414699999999999818e+03 1.134800000000000075e+01
3.425400000000000091e+03 1.135899999999999999e+01
3.435199999999999818e+03 1.136899999999999977e+01
3.444199999999999818e+03 1.137700000000000067e+01
3.451900000000000091e+03 1.138499999999999979e+01
3.458699999999999818e+03 1.139199999999999946e+01
3.464900000000000091e+03 1.139799999999999969e+01
3.470900000000000091e+03 1.140399999999999991e+01
3.476800000000000182e+03 1.141000000000000014e+01
3.482500000000000000e+03 1.141600000000000037e+01
3.488099999999999909e+03 1.142099999999999937e+01
3.493599999999999909e+03 1.142600000000000016e+01
3.499000000000000000e+03 1.143200000000000038e+01
3.504500000000000000e+03 1.143699999999999939e+01
3.509800000000000182e+03 1.144200000000000017e+01
3.515199999999999818e+03 1.144699999999999918e+01
3.520500000000000000e+03 1.145100000000000051e+01
3.525800000000000182e+03 1.145599999999999952e+01
3.531000000000000000e+03 1.146100000000000030e+01
3.536199999999999818e+03 1.146599999999999930e+01
3.541199999999999818e+03 1.147100000000000009e+01
3.546199999999999818e+03 1.147499999999999964e+01
3.550900000000000091e+03 1.148000000000000043e+01
3.555500000000000000e+03 1.148399999999999999e+01
3.559900000000000091e+03 1.148900000000000077e+01
3.564099999999999909e+03 1.149300000000000033e+01
3.568199999999999818e+03 1.149699999999999989e+01
3.572000000000000000e+03 1.150099999999999945e+01
3.575699999999999818e+03 1.150500000000000078e+01
3.579300000000000182e+03 1.150799999999999912e+01
3.582699999999999818e+03 1.151200000000000045e+01
3.586000000000000000e+03 1.151500000000000057e+01
3.590199999999999818e+03 1.151900000000000013e+01
3.595000000000000000e+03 1.152299999999999969e+01
3.600099999999999909e+03 1.152699999999999925e+01
3.605300000000000182e+03 1.153100000000000058e+01
3.610599999999999909e+03 1.153599999999999959e+01
3.615900000000000091e+03 1.154100000000000037e+01
3.621199999999999818e+03 1.154499999999999993e+01
3.626500000000000000e+03 1.155000000000000071e+01
3.631800000000000182e+03 1.155499999999999972e+01
3.637000000000000000e+03 1.156000000000000050e+01
3.641900000000000091e+03 1.156499999999999950e+01
3.646199999999999818e+03 1.156900000000000084e+01
3.650099999999999909e+03 1.157399999999999984e+01
3.653300000000000182e+03 1.157699999999999996e+01
3.656099999999999909e+03 1.158099999999999952e+01
3.658400000000000091e+03 1.158399999999999963e+01
3.660199999999999818e+03 1.158699999999999974e+01
3.661599999999999909e+03 1.158900000000000041e+01
3.662699999999999818e+03 1.159099999999999930e+01
3.663400000000000091e+03 1.159200000000000053e+01
3.663900000000000091e+03 1.159399999999999942e+01
3.664099999999999909e+03 1.159500000000000064e+01
