8.017999999999999545e+02 2.616099999999999870e+00
8.555700000000000500e+02 2.582199999999999829e+00
8.477300000000000182e+02 2.574500000000000011e+00
8.252200000000000273e+02 2.563000000000000167e+00
8.115099999999999909e+02 2.563299999999999912e+00
8.022300000000000182e+02 2.559699999999999864e+00
7.941200000000000045e+02 2.552900000000000169e+00
7.864400000000000546e+02 2.543499999999999872e+00
7.790399999999999636e+02 2.532200000000000006e+00
7.719800000000000182e+02 2.519400000000000084e+00
7.653899999999999864e+02 2.505900000000000016e+00
7.593999999999999773e+02 2.492199999999999971e+00
7.540700000000000500e+02 2.478800000000000114e+00
7.494400000000000546e+02 2.466099999999999959e+00
7.455099999999999909e+02 2.454299999999999926e+00
7.422400000000000091e+02 2.443499999999999783e+00
7.395800000000000409e+02 2.434000000000000163e+00
7.374900000000000091e+02 2.425699999999999967e+00
7.359099999999999682e+02 2.418600000000000083e+00
7.347699999999999818e+02 2.412700000000000067e+00
7.340299999999999727e+02 2.407900000000000151e+00
7.336200000000000045e+02 2.404100000000000126e+00
7.335099999999999909e+02 2.401299999999999990e+00
7.336399999999999864e+02 2.399300000000000210e+00
7.339600000000000364e+02 2.398200000000000109e+00
7.344500000000000455e+02 2.397699999999999942e+00
7.350800000000000409e+02 2.397800000000000153e+00
7.358300000000000409e+02 2.398499999999999854e+00
7.366699999999999591e+02 2.399599999999999955e+00
7.375800000000000409e+02 2.400999999999999801e+00
7.385499999999999545e+02 2.402699999999999836e+00
7.395599999999999454e+02 2.404700000000000060e+00
7.405900000000000318e+02 2.406800000000000050e+00
7.416399999999999864e+02 2.408999999999999808e+00
7.426900000000000546e+02 2.411399999999999988e+00
7.437300000000000182e+02 2.413800000000000168e+00
7.447599999999999909e+02 2.416300000000000114e+00
7.457699999999999818e+02 2.418699999999999850e+00
7.467599999999999909e+02 2.421199999999999797e+00
7.477300000000000182e+02 2.423599999999999977e+00
7.486699999999999591e+02 2.426000000000000156e+00
7.495700000000000500e+02 2.428300000000000125e+00
7.504500000000000455e+02 2.430600000000000094e+00
7.512799999999999727e+02 2.432799999999999851e+00
7.520800000000000409e+02 2.435000000000000053e+00
7.528400000000000318e+02 2.437100000000000044e+00
7.535700000000000500e+02 2.439099999999999824e+00
7.542699999999999818e+02 2.441100000000000048e+00
7.549299999999999500e+02 2.443000000000000060e+00
7.555700000000000500e+02 2.444799999999999862e+00
7.561699999999999591e+02 2.446499999999999897e+00
7.567400000000000091e+02 2.448199999999999932e+00
7.572799999999999727e+02 2.449800000000000200e+00
7.577899999999999636e+02 2.451299999999999812e+00
7.582799999999999727e+02 2.452700000000000102e+00
7.587400000000000091e+02 2.454099999999999948e+00
7.591699999999999591e+02 2.455400000000000027e+00
7.595900000000000318e+02 2.456599999999999895e+00
7.599700000000000273e+02 2.457800000000000207e+00
7.603400000000000318e+02 2.458899999999999864e+00
7.606799999999999500e+02 2.459900000000000198e+00
7.610099999999999909e+02 2.460900000000000087e+00
7.613099999999999454e+02 2.461800000000000210e+00
7.616000000000000227e+02 2.462699999999999889e+00
7.618700000000000045e+02 2.463499999999999801e+00
7.621200000000000045e+02 2.464300000000000157e+00
7.623600000000000136e+02 2.465100000000000069e+00
7.625800000000000409e+02 2.465700000000000003e+00
7.627899999999999636e+02 2.466400000000000148e+00
7.629900000000000091e+02 2.467000000000000082e+00
7.631699999999999591e+02 2.467600000000000016e+00
7.633400000000000318e+02 2.468100000000000183e+00
7.635000000000000000e+02 2.468599999999999905e+00
7.636499999999999773e+02 2.469100000000000072e+00
7.637899999999999636e+02 2.469500000000000028e+00
7.639299999999999500e+02 2.469899999999999984e+00
7.640499999999999545e+02 2.470299999999999940e+00
7.641599999999999682e+02 2.470699999999999896e+00
7.642699999999999818e+02 2.471000000000000085e+00
7.643700000000000045e+02 2.471299999999999830e+00
7.644600000000000364e+02 2.471600000000000019e+00
7.645399999999999636e+02 2.471900000000000208e+00
7.646200000000000045e+02 2.472100000000000186e+00
7.646799999999999500e+02 2.472399999999999931e+00
7.647400000000000091e+02 2.472599999999999909e+00
7.647899999999999636e+02 2.472799999999999887e+00
7.648400000000000318e+02 2.472900000000000098e+00
7.648799999999999955e+02 2.473100000000000076e+00
7.648999999999999773e+02 2.473199999999999843e+00
7.649299999999999500e+02 2.473300000000000054e+00
7.649400000000000546e+02 2.473399999999999821e+00
7.649500000000000455e+02 2.473500000000000032e+00
7.649600000000000364e+02 2.473599999999999799e+00
7.649600000000000364e+02 2.473599999999999799e+00
7.649500000000000455e+02 2.473700000000000010e+00
7.649400000000000546e+02 2.473700000000000010e+00
7.649299999999999500e+02 2.473700000000000010e+00
7.649099999999999682e+02 2.473700000000000010e+00
7.648799999999999955e+02 2.473700000000000010e+00
7.648600000000000136e+02 2.473599999999999799e+00
7.648200000000000500e+02 2.473599999999999799e+00
7.647899999999999636e+02 2.473500000000000032e+00
7.647500000000000000e+02 2.473500000000000032e+00
7.647100000000000364e+02 2.473399999999999821e+00
7.646599999999999682e+02 2.473300000000000054e+00
7.646100000000000136e+02 2.473199999999999843e+00
7.645499999999999545e+02 2.473100000000000076e+00
7.644800000000000182e+02 2.472999999999999865e+00
7.644099999999999682e+02 2.472900000000000098e+00
7.643300000000000409e+02 2.472700000000000120e+00
7.642599999999999909e+02 2.472599999999999909e+00
7.642000000000000455e+02 2.472399999999999931e+00
7.641399999999999864e+02 2.472300000000000164e+00
7.640800000000000409e+02 2.472100000000000186e+00
7.640199999999999818e+02 2.471999999999999975e+00
7.639600000000000364e+02 2.471900000000000208e+00
7.638999999999999773e+02 2.471799999999999997e+00
7.638400000000000318e+02 2.471699999999999786e+00
7.637699999999999818e+02 2.471499999999999808e+00
7.637100000000000364e+02 2.471400000000000041e+00
7.636399999999999864e+02 2.471299999999999830e+00
7.635599999999999454e+02 2.471099999999999852e+00
7.634900000000000091e+02 2.471000000000000085e+00
7.634199999999999591e+02 2.470899999999999874e+00
7.633400000000000318e+02 2.470699999999999896e+00
7.632599999999999909e+02 2.470600000000000129e+00
7.631799999999999500e+02 2.470400000000000151e+00
7.631100000000000136e+02 2.470299999999999940e+00
7.630499999999999545e+02 2.470099999999999962e+00
7.630000000000000000e+02 2.470000000000000195e+00
7.629800000000000182e+02 2.469899999999999984e+00
7.629800000000000182e+02 2.469899999999999984e+00
7.630099999999999909e+02 2.469899999999999984e+00
7.630800000000000409e+02 2.469899999999999984e+00
7.632000000000000455e+02 2.470099999999999962e+00
7.633700000000000045e+02 2.470400000000000151e+00
7.635800000000000409e+02 2.470800000000000107e+00
7.638500000000000227e+02 2.471200000000000063e+00
7.641599999999999682e+02 2.471900000000000208e+00
7.645299999999999727e+02 2.472599999999999909e+00
7.649500000000000455e+02 2.473500000000000032e+00
7.654099999999999682e+02 2.474400000000000155e+00
7.659299999999999500e+02 2.475499999999999812e+00
7.664900000000000091e+02 2.476799999999999891e+00
7.671000000000000227e+02 2.478099999999999969e+00
7.677500000000000000e+02 2.479600000000000026e+00
7.684500000000000455e+02 2.481199999999999850e+00
7.691799999999999500e+02 2.482899999999999885e+00
7.699600000000000364e+02 2.484700000000000131e+00
7.707699999999999818e+02 2.486600000000000144e+00
7.716200000000000045e+02 2.488599999999999923e+00
7.725000000000000000e+02 2.490699999999999914e+00
7.734199999999999591e+02 2.492900000000000116e+00
7.743600000000000136e+02 2.495200000000000085e+00
7.753300000000000409e+02 2.497599999999999820e+00
7.763200000000000500e+02 2.500100000000000211e+00
7.773300000000000409e+02 2.502600000000000158e+00
7.783700000000000045e+02 2.505100000000000104e+00
7.794199999999999591e+02 2.507800000000000029e+00
7.805000000000000000e+02 2.510499999999999954e+00
7.815900000000000318e+02 2.513199999999999878e+00
7.827000000000000455e+02 2.516099999999999781e+00
7.838200000000000500e+02 2.518899999999999917e+00
7.849600000000000364e+02 2.521799999999999820e+00
7.861000000000000227e+02 2.524700000000000166e+00
7.872599999999999909e+02 2.527699999999999836e+00
7.884299999999999500e+02 2.530699999999999950e+00
7.896100000000000136e+02 2.533799999999999830e+00
7.907999999999999545e+02 2.536799999999999944e+00
7.919900000000000091e+02 2.539899999999999824e+00
7.932000000000000455e+02 2.543099999999999916e+00
7.944099999999999682e+02 2.546199999999999797e+00
7.956299999999999955e+02 2.549399999999999888e+00
7.968500000000000227e+02 2.552599999999999980e+00
7.980800000000000409e+02 2.555800000000000072e+00
7.993200000000000500e+02 2.559000000000000163e+00
8.005599999999999454e+02 2.562199999999999811e+00
8.017899999999999636e+02 2.565500000000000114e+00
8.030199999999999818e+02 2.568700000000000205e+00
8.042500000000000000e+02 2.571899999999999853e+00
8.054600000000000364e+02 2.575200000000000156e+00
8.066699999999999591e+02 2.578399999999999803e+00
8.078400000000000318e+02 2.581500000000000128e+00
8.089900000000000091e+02 2.584700000000000220e+00
8.101299999999999955e+02 2.587800000000000100e+00
8.112400000000000091e+02 2.590800000000000214e+00
8.123400000000000318e+02 2.593799999999999883e+00
8.134199999999999591e+02 2.596799999999999997e+00
8.144800000000000182e+02 2.599699999999999900e+00
8.155299999999999727e+02 2.602599999999999802e+00
8.165700000000000500e+02 2.605399999999999938e+00
8.175900000000000318e+02 2.608200000000000074e+00
8.185900000000000318e+02 2.611000000000000210e+00
8.195900000000000318e+02 2.613700000000000134e+00
8.205700000000000500e+02 2.616400000000000059e+00
8.215299999999999727e+02 2.619099999999999984e+00
8.224900000000000091e+02 2.621700000000000141e+00
8.234299999999999500e+02 2.624299999999999855e+00
8.243700000000000045e+02 2.626799999999999802e+00
8.252999999999999545e+02 2.629399999999999959e+00
8.262400000000000091e+02 2.631899999999999906e+00
8.271900000000000546e+02 2.634399999999999853e+00
8.281799999999999500e+02 2.637000000000000011e+00
8.292000000000000455e+02 2.639600000000000168e+00
8.302699999999999818e+02 2.642300000000000093e+00
8.313899999999999864e+02 2.645000000000000018e+00
8.325700000000000500e+02 2.647899999999999920e+00
8.337899999999999636e+02 2.650900000000000034e+00
8.350900000000000318e+02 2.653999999999999915e+00
8.364400000000000546e+02 2.657200000000000006e+00
8.378600000000000136e+02 2.660600000000000076e+00
8.393500000000000227e+02 2.664099999999999913e+00
8.408999999999999773e+02 2.667699999999999960e+00
8.425199999999999818e+02 2.671499999999999986e+00
8.442200000000000273e+02 2.675499999999999989e+00
8.460099999999999909e+02 2.679699999999999971e+00
8.478899999999999864e+02 2.684099999999999930e+00
8.498400000000000318e+02 2.688600000000000101e+00
8.518600000000000136e+02 2.693400000000000016e+00
8.539299999999999500e+02 2.698300000000000143e+00
8.560499999999999545e+02 2.703399999999999803e+00
8.582200000000000273e+02 2.708699999999999886e+00
8.604299999999999500e+02 2.714100000000000179e+00
8.627000000000000455e+02 2.719599999999999795e+00
8.650199999999999818e+02 2.725299999999999834e+00
8.673999999999999773e+02 2.731100000000000083e+00
8.698500000000000227e+02 2.737200000000000077e+00
8.723899999999999864e+02 2.743399999999999839e+00
8.750099999999999909e+02 2.749800000000000022e+00
8.777100000000000364e+02 2.756400000000000183e+00
8.804900000000000091e+02 2.763100000000000112e+00
8.833500000000000227e+02 2.770099999999999785e+00
8.862899999999999636e+02 2.777200000000000113e+00
8.892999999999999545e+02 2.784600000000000186e+00
8.923799999999999955e+02 2.792100000000000026e+00
8.955299999999999727e+02 2.799700000000000077e+00
8.987400000000000091e+02 2.807599999999999874e+00
9.020199999999999818e+02 2.815599999999999881e+00
9.053500000000000227e+02 2.823700000000000099e+00
9.087400000000000091e+02 2.831999999999999851e+00
9.121699999999999591e+02 2.840500000000000025e+00
9.156599999999999682e+02 2.849099999999999966e+00
9.192000000000000455e+02 2.857899999999999885e+00
9.227699999999999818e+02 2.866699999999999804e+00
9.263700000000000045e+02 2.875700000000000145e+00
9.300099999999999909e+02 2.884799999999999809e+00
9.336799999999999500e+02 2.894000000000000128e+00
9.373700000000000045e+02 2.903200000000000003e+00
9.410800000000000409e+02 2.912599999999999856e+00
9.448099999999999454e+02 2.922000000000000153e+00
9.485499999999999545e+02 2.931500000000000217e+00
9.523099999999999454e+02 2.940999999999999837e+00
9.560900000000000318e+02 2.950600000000000112e+00
9.598899999999999864e+02 2.960199999999999942e+00
9.636900000000000546e+02 2.969899999999999984e+00
9.674900000000000091e+02 2.979600000000000026e+00
9.712999999999999545e+02 2.989300000000000068e+00
9.751100000000000136e+02 2.999099999999999877e+00
9.789099999999999682e+02 3.008799999999999919e+00
9.827200000000000273e+02 3.018600000000000172e+00
9.865199999999999818e+02 3.028300000000000214e+00
9.903099999999999454e+02 3.038100000000000023e+00
9.941100000000000136e+02 3.047800000000000065e+00
9.978899999999999864e+02 3.057500000000000107e+00
1.001700000000000045e+03 3.067299999999999915e+00
1.005399999999999977e+03 3.076999999999999957e+00
1.009200000000000045e+03 3.086699999999999999e+00
1.013000000000000000e+03 3.096299999999999830e+00
1.016700000000000045e+03 3.105999999999999872e+00
1.020399999999999977e+03 3.115600000000000147e+00
1.024200000000000045e+03 3.125199999999999978e+00
1.027900000000000091e+03 3.134799999999999809e+00
1.031599999999999909e+03 3.144299999999999873e+00
1.035299999999999955e+03 3.153799999999999937e+00
1.039000000000000000e+03 3.163400000000000212e+00
1.042700000000000045e+03 3.172899999999999832e+00
1.046500000000000000e+03 3.182500000000000107e+00
1.050200000000000045e+03 3.192099999999999937e+00
1.054099999999999909e+03 3.201700000000000212e+00
1.057900000000000091e+03 3.211399999999999810e+00
1.061799999999999955e+03 3.221299999999999830e+00
1.065799999999999955e+03 3.231199999999999850e+00
1.069799999999999955e+03 3.241200000000000081e+00
1.073799999999999955e+03 3.251300000000000079e+00
1.077900000000000091e+03 3.261499999999999844e+00
1.082099999999999909e+03 3.271799999999999820e+00
1.086299999999999955e+03 3.282300000000000217e+00
1.090500000000000000e+03 3.292800000000000171e+00
1.094799999999999955e+03 3.303399999999999892e+00
1.099099999999999909e+03 3.314099999999999824e+00
1.103400000000000091e+03 3.324899999999999967e+00
1.107700000000000045e+03 3.335799999999999876e+00
1.112099999999999909e+03 3.346799999999999997e+00
1.116599999999999909e+03 3.357899999999999885e+00
1.121099999999999909e+03 3.369099999999999984e+00
1.125599999999999909e+03 3.380399999999999849e+00
1.130200000000000045e+03 3.391799999999999926e+00
1.134900000000000091e+03 3.403300000000000214e+00
1.139700000000000045e+03 3.415000000000000036e+00
1.144500000000000000e+03 3.426800000000000068e+00
1.149400000000000091e+03 3.438800000000000079e+00
1.154500000000000000e+03 3.451099999999999834e+00
1.159700000000000045e+03 3.463499999999999801e+00
1.165099999999999909e+03 3.476300000000000168e+00
1.170799999999999955e+03 3.489599999999999813e+00
1.176700000000000045e+03 3.503299999999999859e+00
1.182900000000000091e+03 3.517500000000000071e+00
1.189400000000000091e+03 3.532300000000000217e+00
1.196099999999999909e+03 3.547699999999999854e+00
1.203200000000000045e+03 3.563600000000000101e+00
1.210700000000000045e+03 3.580299999999999816e+00
1.218500000000000000e+03 3.597599999999999909e+00
1.226799999999999955e+03 3.615699999999999914e+00
1.235299999999999955e+03 3.634700000000000042e+00
1.244299999999999955e+03 3.654399999999999871e+00
1.253500000000000000e+03 3.674799999999999844e+00
1.262900000000000091e+03 3.696000000000000174e+00
1.272500000000000000e+03 3.717600000000000016e+00
1.282200000000000045e+03 3.739799999999999791e+00
1.292000000000000000e+03 3.762199999999999989e+00
1.301900000000000091e+03 3.785099999999999909e+00
1.311900000000000091e+03 3.808199999999999807e+00
1.322000000000000000e+03 3.831599999999999895e+00
1.332099999999999909e+03 3.855199999999999960e+00
1.342299999999999955e+03 3.879000000000000004e+00
1.352500000000000000e+03 3.903000000000000025e+00
1.362799999999999955e+03 3.927099999999999813e+00
1.373099999999999909e+03 3.951299999999999812e+00
1.383400000000000091e+03 3.975499999999999812e+00
1.393799999999999955e+03 3.999899999999999789e+00
1.404400000000000091e+03 4.024399999999999977e+00
1.415299999999999955e+03 4.048899999999999721e+00
1.426299999999999955e+03 4.073699999999999655e+00
1.437599999999999909e+03 4.098700000000000010e+00
1.449000000000000000e+03 4.123800000000000132e+00
1.460700000000000045e+03 4.149200000000000443e+00
1.472700000000000045e+03 4.174900000000000055e+00
1.485099999999999909e+03 4.200999999999999623e+00
1.497599999999999909e+03 4.227299999999999613e+00
1.510500000000000000e+03 4.253800000000000026e+00
1.523799999999999955e+03 4.280700000000000394e+00
1.537799999999999955e+03 4.308099999999999596e+00
1.552200000000000045e+03 4.336000000000000298e+00
1.567299999999999955e+03 4.364499999999999602e+00
1.583099999999999909e+03 4.393600000000000172e+00
1.599700000000000045e+03 4.423399999999999999e+00
1.616799999999999955e+03 4.453800000000000203e+00
1.634200000000000045e+03 4.484499999999999709e+00
1.652400000000000091e+03 4.515699999999999825e+00
1.671400000000000091e+03 4.548000000000000043e+00
1.691400000000000091e+03 4.581100000000000172e+00
1.712599999999999909e+03 4.615099999999999980e+00
1.734599999999999909e+03 4.650299999999999656e+00
1.757700000000000045e+03 4.686700000000000088e+00
1.781900000000000091e+03 4.724700000000000344e+00
1.807099999999999909e+03 4.763899999999999579e+00
1.833299999999999955e+03 4.804000000000000270e+00
1.861500000000000000e+03 4.844100000000000072e+00
1.890299999999999955e+03 4.884299999999999642e+00
1.919400000000000091e+03 4.924800000000000288e+00
1.949400000000000091e+03 4.965399999999999814e+00
1.980799999999999955e+03 5.005700000000000038e+00
2.013599999999999909e+03 5.046000000000000263e+00
2.047900000000000091e+03 5.086700000000000443e+00
2.083199999999999818e+03 5.128000000000000114e+00
2.120300000000000182e+03 5.169999999999999929e+00
2.159199999999999818e+03 5.212500000000000355e+00
2.199300000000000182e+03 5.255399999999999849e+00
2.239099999999999909e+03 5.299000000000000377e+00
2.278699999999999818e+03 5.343200000000000394e+00
2.319000000000000000e+03 5.387800000000000367e+00
2.360699999999999818e+03 5.432199999999999918e+00
2.403900000000000091e+03 5.475600000000000023e+00
2.447300000000000182e+03 5.517599999999999838e+00
2.490199999999999818e+03 5.557599999999999874e+00
2.532400000000000091e+03 5.595600000000000129e+00
2.574099999999999909e+03 5.631400000000000183e+00
2.614500000000000000e+03 5.665600000000000414e+00
2.653699999999999818e+03 5.698299999999999699e+00
2.691199999999999818e+03 5.729700000000000237e+00
2.727800000000000182e+03 5.759999999999999787e+00
2.764000000000000000e+03 5.789100000000000357e+00
2.800099999999999909e+03 5.816900000000000404e+00
2.835400000000000091e+03 5.843600000000000350e+00
2.869900000000000091e+03 5.869500000000000384e+00
2.903300000000000182e+03 5.894599999999999618e+00
2.935800000000000182e+03 5.919100000000000250e+00
2.967599999999999909e+03 5.943100000000000271e+00
2.998699999999999818e+03 5.966800000000000104e+00
3.028800000000000182e+03 5.990599999999999703e+00
3.058000000000000000e+03 6.014400000000000190e+00
3.086300000000000182e+03 6.038400000000000212e+00
3.113300000000000182e+03 6.062599999999999767e+00
3.139099999999999909e+03 6.086899999999999977e+00
3.163199999999999818e+03 6.111399999999999721e+00
3.185900000000000091e+03 6.136000000000000121e+00
3.207199999999999818e+03 6.160599999999999632e+00
3.227300000000000182e+03 6.185200000000000031e+00
3.245400000000000091e+03 6.209699999999999775e+00
3.261900000000000091e+03 6.233999999999999986e+00
3.276800000000000182e+03 6.258200000000000429e+00
3.290400000000000091e+03 6.282099999999999795e+00
3.303000000000000000e+03 6.305600000000000094e+00
3.315000000000000000e+03 6.328500000000000014e+00
3.326599999999999909e+03 6.350600000000000023e+00
3.337699999999999818e+03 6.371900000000000119e+00
3.348199999999999818e+03 6.392299999999999649e+00
3.358300000000000182e+03 6.411900000000000155e+00
3.368000000000000000e+03 6.430699999999999861e+00
3.377400000000000091e+03 6.448800000000000310e+00
3.386400000000000091e+03 6.466099999999999959e+00
3.395300000000000182e+03 6.482700000000000351e+00
3.404099999999999909e+03 6.498700000000000365e+00
3.412599999999999909e+03 6.514000000000000234e+00
3.421000000000000000e+03 6.528699999999999726e+00
3.429199999999999818e+03 6.542799999999999727e+00
3.437099999999999909e+03 6.556400000000000006e+00
3.444900000000000091e+03 6.569600000000000328e+00
3.452500000000000000e+03 6.582300000000000040e+00
3.460000000000000000e+03 6.594500000000000028e+00
3.467400000000000091e+03 6.606200000000000294e+00
3.474599999999999909e+03 6.617499999999999716e+00
3.481500000000000000e+03 6.628400000000000070e+00
3.488199999999999818e+03 6.639000000000000234e+00
3.494800000000000182e+03 6.649200000000000443e+00
3.501199999999999818e+03 6.658900000000000041e+00
3.507500000000000000e+03 6.668300000000000338e+00
3.513500000000000000e+03 6.677299999999999791e+00
3.519500000000000000e+03 6.685900000000000176e+00
3.525300000000000182e+03 6.694300000000000139e+00
3.531199999999999818e+03 6.702399999999999913e+00
3.537000000000000000e+03 6.710300000000000153e+00
3.542900000000000091e+03 6.718099999999999739e+00
3.548699999999999818e+03 6.725699999999999790e+00
3.554599999999999909e+03 6.733100000000000307e+00
3.560400000000000091e+03 6.740499999999999936e+00
3.566199999999999818e+03 6.747799999999999798e+00
3.572000000000000000e+03 6.754900000000000126e+00
3.577699999999999818e+03 6.761999999999999567e+00
3.583300000000000182e+03 6.769000000000000128e+00
3.588800000000000182e+03 6.775800000000000267e+00
3.594099999999999909e+03 6.782499999999999751e+00
3.599199999999999818e+03 6.788999999999999702e+00
3.604000000000000000e+03 6.795399999999999885e+00
3.608599999999999909e+03 6.801499999999999879e+00
3.612900000000000091e+03 6.807400000000000340e+00
3.616900000000000091e+03 6.812999999999999723e+00
3.620599999999999909e+03 6.818399999999999572e+00
3.624000000000000000e+03 6.823400000000000354e+00
3.627199999999999818e+03 6.828199999999999825e+00
3.630099999999999909e+03 6.832699999999999996e+00
3.632599999999999909e+03 6.836899999999999977e+00
3.635000000000000000e+03 6.840900000000000425e+00
3.637099999999999909e+03 6.844500000000000028e+00
3.638900000000000091e+03 6.847800000000000331e+00
3.640500000000000000e+03 6.850900000000000212e+00
3.641900000000000091e+03 6.853699999999999903e+00
3.643099999999999909e+03 6.856200000000000294e+00
3.644000000000000000e+03 6.858399999999999608e+00
3.644800000000000182e+03 6.860400000000000276e+00
3.645400000000000091e+03 6.862199999999999633e+00
3.645800000000000182e+03 6.863699999999999690e+00
3.646000000000000000e+03 6.864899999999999558e+00
