8.080399999999999636e+02 2.047000000000000153e+00
8.293500000000000227e+02 1.988799999999999901e+00
8.455599999999999454e+02 1.954099999999999948e+00
8.105900000000000318e+02 1.994099999999999984e+00
8.059199999999999591e+02 2.009100000000000108e+00
8.026200000000000045e+02 2.014800000000000146e+00
7.983899999999999864e+02 2.015800000000000036e+00
7.937100000000000364e+02 2.013300000000000090e+00
7.885599999999999454e+02 2.008199999999999985e+00
7.830399999999999636e+02 2.001199999999999868e+00
7.773500000000000227e+02 1.992899999999999894e+00
7.716900000000000546e+02 1.983800000000000008e+00
7.662300000000000182e+02 1.974299999999999944e+00
7.611100000000000136e+02 1.964900000000000091e+00
7.564299999999999500e+02 1.955899999999999972e+00
7.522300000000000182e+02 1.947300000000000031e+00
7.485299999999999727e+02 1.939500000000000002e+00
7.453500000000000227e+02 1.932500000000000107e+00
7.426599999999999682e+02 1.926399999999999890e+00
7.404500000000000455e+02 1.921000000000000041e+00
7.386799999999999500e+02 1.916500000000000092e+00
7.373099999999999454e+02 1.912900000000000045e+00
7.363200000000000500e+02 1.909899999999999931e+00
7.356200000000000045e+02 1.907699999999999951e+00
7.351699999999999591e+02 1.906099999999999905e+00
7.349900000000000091e+02 1.905200000000000005e+00
7.350499999999999545e+02 1.904800000000000049e+00
7.353200000000000500e+02 1.904800000000000049e+00
7.357699999999999818e+02 1.905200000000000005e+00
7.363500000000000227e+02 1.905799999999999939e+00
7.370499999999999545e+02 1.906800000000000050e+00
7.378500000000000227e+02 1.907899999999999929e+00
7.387100000000000364e+02 1.909200000000000008e+00
7.396299999999999955e+02 1.910600000000000076e+00
7.405800000000000409e+02 1.912099999999999911e+00
7.415700000000000500e+02 1.913699999999999957e+00
7.425599999999999454e+02 1.915399999999999991e+00
7.435599999999999454e+02 1.917100000000000026e+00
7.445499999999999545e+02 1.918700000000000072e+00
7.455399999999999636e+02 1.920400000000000107e+00
7.465099999999999909e+02 1.922099999999999920e+00
7.474600000000000364e+02 1.923699999999999966e+00
7.483799999999999955e+02 1.925300000000000011e+00
7.492500000000000000e+02 1.926900000000000057e+00
7.501000000000000227e+02 1.928500000000000103e+00
7.509099999999999682e+02 1.929999999999999938e+00
7.517000000000000455e+02 1.931499999999999995e+00
7.524600000000000364e+02 1.933000000000000052e+00
7.531900000000000546e+02 1.934399999999999897e+00
7.538899999999999864e+02 1.935799999999999965e+00
7.545499999999999545e+02 1.937100000000000044e+00
7.551900000000000546e+02 1.938399999999999901e+00
7.557999999999999545e+02 1.939599999999999991e+00
7.563899999999999864e+02 1.940700000000000092e+00
7.569400000000000546e+02 1.941799999999999971e+00
7.574700000000000273e+02 1.942900000000000071e+00
7.579600000000000364e+02 1.943899999999999961e+00
7.584400000000000546e+02 1.944800000000000084e+00
7.588799999999999955e+02 1.945699999999999985e+00
7.593099999999999454e+02 1.946600000000000108e+00
7.597100000000000364e+02 1.947400000000000020e+00
7.600900000000000318e+02 1.948099999999999943e+00
7.604400000000000546e+02 1.948900000000000077e+00
7.607799999999999727e+02 1.949500000000000011e+00
7.611000000000000227e+02 1.950199999999999934e+00
7.613899999999999864e+02 1.950800000000000090e+00
7.616799999999999500e+02 1.951400000000000023e+00
7.619400000000000546e+02 1.951899999999999968e+00
7.621900000000000546e+02 1.952399999999999913e+00
7.624199999999999591e+02 1.952900000000000080e+00
7.626399999999999864e+02 1.953300000000000036e+00
7.628400000000000318e+02 1.953699999999999992e+00
7.630299999999999727e+02 1.954099999999999948e+00
7.632100000000000364e+02 1.954499999999999904e+00
7.633799999999999955e+02 1.954900000000000082e+00
7.635399999999999636e+02 1.955200000000000049e+00
7.636900000000000546e+02 1.955500000000000016e+00
7.638200000000000500e+02 1.955799999999999983e+00
7.639500000000000455e+02 1.955999999999999961e+00
7.640700000000000500e+02 1.956299999999999928e+00
7.641799999999999500e+02 1.956499999999999906e+00
7.642899999999999636e+02 1.956700000000000106e+00
7.643799999999999955e+02 1.956900000000000084e+00
7.644700000000000273e+02 1.957100000000000062e+00
7.645499999999999545e+02 1.957300000000000040e+00
7.646200000000000045e+02 1.957400000000000029e+00
7.646799999999999500e+02 1.957600000000000007e+00
7.647300000000000182e+02 1.957699999999999996e+00
7.647799999999999727e+02 1.957799999999999985e+00
7.648099999999999454e+02 1.957899999999999974e+00
7.648500000000000227e+02 1.957999999999999963e+00
7.648700000000000045e+02 1.958099999999999952e+00
7.648899999999999864e+02 1.958199999999999941e+00
7.648999999999999773e+02 1.958199999999999941e+00
7.649099999999999682e+02 1.958299999999999930e+00
7.649199999999999591e+02 1.958299999999999930e+00
7.649099999999999682e+02 1.958299999999999930e+00
7.648999999999999773e+02 1.958399999999999919e+00
7.648899999999999864e+02 1.958399999999999919e+00
7.648799999999999955e+02 1.958399999999999919e+00
7.648500000000000227e+02 1.958399999999999919e+00
7.648300000000000409e+02 1.958299999999999930e+00
7.647999999999999545e+02 1.958299999999999930e+00
7.647699999999999818e+02 1.958299999999999930e+00
7.647300000000000182e+02 1.958199999999999941e+00
7.646900000000000546e+02 1.958199999999999941e+00
7.646399999999999864e+02 1.958099999999999952e+00
7.645900000000000318e+02 1.958099999999999952e+00
7.645299999999999727e+02 1.957999999999999963e+00
7.644600000000000364e+02 1.957899999999999974e+00
7.643899999999999864e+02 1.957799999999999985e+00
7.643200000000000500e+02 1.957699999999999996e+00
7.642500000000000000e+02 1.957600000000000007e+00
7.641900000000000546e+02 1.957600000000000007e+00
7.641299999999999955e+02 1.957500000000000018e+00
7.640599999999999454e+02 1.957400000000000029e+00
7.640000000000000000e+02 1.957400000000000029e+00
7.639400000000000546e+02 1.957300000000000040e+00
7.638700000000000045e+02 1.957200000000000051e+00
7.638099999999999454e+02 1.957200000000000051e+00
7.637400000000000091e+02 1.957100000000000062e+00
7.636699999999999591e+02 1.957000000000000073e+00
7.636000000000000227e+02 1.957000000000000073e+00
7.635299999999999727e+02 1.956900000000000084e+00
7.634600000000000364e+02 1.956800000000000095e+00
7.633899999999999864e+02 1.956700000000000106e+00
7.633099999999999454e+02 1.956599999999999895e+00
7.632300000000000182e+02 1.956599999999999895e+00
7.631599999999999682e+02 1.956499999999999906e+00
7.631000000000000227e+02 1.956399999999999917e+00
7.630499999999999545e+02 1.956299999999999928e+00
7.630099999999999909e+02 1.956299999999999928e+00
7.629900000000000091e+02 1.956299999999999928e+00
7.630000000000000000e+02 1.956299999999999928e+00
7.630299999999999727e+02 1.956399999999999917e+00
7.631100000000000136e+02 1.956599999999999895e+00
7.632200000000000273e+02 1.956800000000000095e+00
7.633799999999999955e+02 1.957100000000000062e+00
7.635900000000000318e+02 1.957500000000000018e+00
7.638400000000000318e+02 1.957999999999999963e+00
7.641499999999999773e+02 1.958499999999999908e+00
7.645000000000000000e+02 1.959200000000000053e+00
7.648999999999999773e+02 1.959899999999999975e+00
7.653500000000000227e+02 1.960700000000000109e+00
7.658500000000000227e+02 1.961600000000000010e+00
7.663899999999999864e+02 1.962599999999999900e+00
7.669800000000000182e+02 1.963700000000000001e+00
7.676100000000000136e+02 1.964900000000000091e+00
7.682799999999999727e+02 1.966199999999999948e+00
7.690000000000000000e+02 1.967500000000000027e+00
7.697500000000000000e+02 1.968900000000000095e+00
7.705499999999999545e+02 1.970399999999999929e+00
7.713700000000000045e+02 1.971899999999999986e+00
7.722400000000000091e+02 1.973500000000000032e+00
7.731299999999999955e+02 1.975200000000000067e+00
7.740499999999999545e+02 1.977000000000000091e+00
7.750000000000000000e+02 1.978799999999999892e+00
7.759700000000000273e+02 1.980599999999999916e+00
7.769700000000000273e+02 1.982499999999999929e+00
7.779800000000000182e+02 1.984499999999999931e+00
7.790199999999999818e+02 1.986499999999999932e+00
7.800800000000000409e+02 1.988499999999999934e+00
7.811599999999999682e+02 1.990599999999999925e+00
7.822500000000000000e+02 1.992699999999999916e+00
7.833600000000000136e+02 1.994799999999999907e+00
7.844800000000000182e+02 1.997000000000000108e+00
7.856100000000000136e+02 1.999200000000000088e+00
7.867599999999999909e+02 2.001399999999999846e+00
7.879199999999999591e+02 2.003699999999999815e+00
7.890900000000000318e+02 2.005900000000000016e+00
7.902699999999999818e+02 2.008199999999999985e+00
7.914600000000000364e+02 2.010600000000000165e+00
7.926499999999999773e+02 2.012900000000000134e+00
7.938600000000000136e+02 2.015200000000000102e+00
7.950700000000000500e+02 2.017599999999999838e+00
7.962899999999999636e+02 2.020000000000000018e+00
7.975099999999999909e+02 2.022400000000000198e+00
7.987300000000000182e+02 2.024799999999999933e+00
7.999600000000000364e+02 2.027200000000000113e+00
8.011900000000000546e+02 2.029599999999999849e+00
8.024099999999999682e+02 2.032000000000000028e+00
8.036200000000000045e+02 2.034400000000000208e+00
8.048300000000000409e+02 2.036799999999999944e+00
8.060199999999999818e+02 2.039099999999999913e+00
8.071900000000000546e+02 2.041500000000000092e+00
8.083400000000000318e+02 2.043800000000000061e+00
8.094800000000000182e+02 2.046100000000000030e+00
8.106000000000000227e+02 2.048299999999999788e+00
8.117000000000000455e+02 2.050499999999999989e+00
8.127799999999999727e+02 2.052700000000000191e+00
8.138500000000000227e+02 2.054899999999999949e+00
8.149099999999999682e+02 2.056999999999999940e+00
8.159500000000000455e+02 2.059099999999999930e+00
8.169700000000000273e+02 2.061199999999999921e+00
8.179900000000000091e+02 2.063200000000000145e+00
8.189800000000000182e+02 2.065199999999999925e+00
8.199700000000000273e+02 2.067200000000000149e+00
8.209400000000000546e+02 2.069199999999999928e+00
8.218999999999999773e+02 2.071200000000000152e+00
8.228600000000000136e+02 2.073100000000000165e+00
8.237999999999999545e+02 2.075000000000000178e+00
8.247500000000000000e+02 2.076900000000000190e+00
8.257100000000000364e+02 2.078800000000000203e+00
8.266900000000000546e+02 2.080700000000000216e+00
8.277000000000000455e+02 2.082699999999999996e+00
8.287400000000000091e+02 2.084700000000000220e+00
8.298300000000000409e+02 2.086800000000000210e+00
8.309600000000000364e+02 2.088900000000000201e+00
8.321399999999999864e+02 2.091099999999999959e+00
8.333700000000000045e+02 2.093399999999999928e+00
8.346599999999999682e+02 2.095699999999999896e+00
8.360099999999999909e+02 2.098199999999999843e+00
8.374199999999999591e+02 2.100800000000000001e+00
8.388899999999999864e+02 2.103400000000000158e+00
8.404199999999999591e+02 2.106199999999999850e+00
8.420299999999999727e+02 2.109199999999999964e+00
8.437200000000000273e+02 2.112200000000000077e+00
8.454900000000000091e+02 2.115400000000000169e+00
8.473200000000000500e+02 2.118799999999999795e+00
8.492100000000000364e+02 2.122199999999999864e+00
8.511599999999999682e+02 2.125799999999999912e+00
8.531699999999999591e+02 2.129599999999999937e+00
8.552400000000000091e+02 2.133399999999999963e+00
8.573500000000000227e+02 2.137399999999999967e+00
8.595199999999999818e+02 2.141500000000000181e+00
8.617500000000000000e+02 2.145599999999999952e+00
8.640299999999999727e+02 2.149900000000000144e+00
8.663899999999999864e+02 2.154399999999999871e+00
8.688099999999999454e+02 2.158900000000000041e+00
8.713300000000000409e+02 2.163600000000000190e+00
8.739400000000000546e+02 2.168400000000000105e+00
8.766200000000000045e+02 2.173299999999999788e+00
8.793799999999999955e+02 2.178300000000000125e+00
8.822100000000000364e+02 2.183499999999999996e+00
8.851100000000000136e+02 2.188800000000000079e+00
8.880700000000000500e+02 2.194199999999999928e+00
8.911100000000000136e+02 2.199800000000000200e+00
8.942000000000000455e+02 2.205400000000000027e+00
8.973600000000000136e+02 2.211300000000000043e+00
9.005800000000000409e+02 2.217200000000000060e+00
9.038600000000000136e+02 2.223199999999999843e+00
9.071900000000000546e+02 2.229400000000000048e+00
9.105700000000000500e+02 2.235599999999999810e+00
9.140000000000000000e+02 2.241999999999999993e+00
9.174800000000000182e+02 2.248499999999999943e+00
9.209900000000000091e+02 2.254999999999999893e+00
9.245499999999999545e+02 2.261699999999999822e+00
9.281299999999999955e+02 2.268400000000000194e+00
9.317400000000000091e+02 2.275199999999999889e+00
9.353799999999999955e+02 2.282000000000000028e+00
9.390399999999999636e+02 2.289000000000000146e+00
9.427200000000000273e+02 2.295900000000000052e+00
9.464199999999999591e+02 2.302900000000000169e+00
9.501499999999999773e+02 2.310000000000000053e+00
9.538899999999999864e+02 2.317099999999999937e+00
9.576399999999999864e+02 2.324199999999999822e+00
9.613999999999999773e+02 2.331300000000000150e+00
9.651699999999999591e+02 2.338499999999999801e+00
9.689400000000000546e+02 2.345699999999999896e+00
9.727200000000000273e+02 2.352899999999999991e+00
9.764900000000000091e+02 2.360100000000000087e+00
9.802699999999999818e+02 2.367399999999999949e+00
9.840399999999999636e+02 2.374600000000000044e+00
9.878099999999999454e+02 2.381800000000000139e+00
9.915800000000000409e+02 2.389100000000000001e+00
9.953500000000000227e+02 2.396300000000000097e+00
9.991000000000000227e+02 2.403500000000000192e+00
1.002899999999999977e+03 2.410699999999999843e+00
1.006600000000000023e+03 2.417899999999999938e+00
1.010299999999999955e+03 2.425100000000000033e+00
1.014100000000000023e+03 2.432300000000000129e+00
1.017799999999999955e+03 2.439499999999999780e+00
1.021500000000000000e+03 2.446699999999999875e+00
1.025200000000000045e+03 2.453800000000000203e+00
1.028900000000000091e+03 2.460999999999999854e+00
1.032599999999999909e+03 2.468100000000000183e+00
1.036400000000000091e+03 2.475299999999999834e+00
1.040099999999999909e+03 2.482400000000000162e+00
1.043900000000000091e+03 2.489599999999999813e+00
1.047700000000000045e+03 2.496900000000000119e+00
1.051500000000000000e+03 2.504199999999999982e+00
1.055400000000000091e+03 2.511499999999999844e+00
1.059299999999999955e+03 2.518899999999999917e+00
1.063200000000000045e+03 2.526400000000000201e+00
1.067200000000000045e+03 2.533999999999999808e+00
1.071299999999999955e+03 2.541599999999999859e+00
1.075299999999999955e+03 2.549399999999999888e+00
1.079500000000000000e+03 2.557199999999999918e+00
1.083599999999999909e+03 2.565100000000000158e+00
1.087799999999999955e+03 2.572999999999999954e+00
1.092099999999999909e+03 2.580999999999999961e+00
1.096299999999999955e+03 2.589100000000000179e+00
1.100599999999999909e+03 2.597300000000000164e+00
1.105000000000000000e+03 2.605500000000000149e+00
1.109299999999999955e+03 2.613799999999999901e+00
1.113799999999999955e+03 2.622199999999999864e+00
1.118200000000000045e+03 2.630700000000000038e+00
1.122799999999999955e+03 2.639299999999999979e+00
1.127400000000000091e+03 2.647899999999999920e+00
1.132000000000000000e+03 2.656699999999999839e+00
1.136700000000000045e+03 2.665599999999999969e+00
1.141599999999999909e+03 2.674599999999999866e+00
1.146500000000000000e+03 2.683800000000000185e+00
1.151500000000000000e+03 2.693200000000000038e+00
1.156700000000000045e+03 2.702799999999999869e+00
1.162099999999999909e+03 2.712699999999999889e+00
1.167799999999999955e+03 2.722999999999999865e+00
1.173700000000000045e+03 2.733699999999999797e+00
1.179799999999999955e+03 2.744699999999999918e+00
1.186200000000000045e+03 2.755999999999999783e+00
1.192900000000000091e+03 2.767900000000000027e+00
1.199900000000000091e+03 2.780199999999999783e+00
1.207299999999999955e+03 2.793000000000000149e+00
1.214900000000000091e+03 2.806400000000000006e+00
1.222900000000000091e+03 2.820300000000000029e+00
1.231299999999999955e+03 2.834900000000000198e+00
1.239900000000000091e+03 2.850000000000000089e+00
1.248799999999999955e+03 2.865600000000000147e+00
1.257900000000000091e+03 2.881699999999999928e+00
1.267099999999999909e+03 2.898200000000000109e+00
1.276500000000000000e+03 2.915000000000000036e+00
1.286000000000000000e+03 2.932100000000000151e+00
1.295700000000000045e+03 2.949600000000000222e+00
1.305400000000000091e+03 2.967200000000000060e+00
1.315200000000000045e+03 2.985100000000000087e+00
1.325099999999999909e+03 3.003099999999999881e+00
1.335099999999999909e+03 3.021300000000000097e+00
1.345200000000000045e+03 3.039699999999999847e+00
1.355299999999999955e+03 3.058199999999999807e+00
1.365400000000000091e+03 3.076799999999999979e+00
1.375599999999999909e+03 3.095499999999999918e+00
1.385900000000000091e+03 3.114300000000000068e+00
1.396400000000000091e+03 3.133199999999999985e+00
1.406900000000000091e+03 3.152400000000000091e+00
1.417700000000000045e+03 3.171800000000000175e+00
1.428599999999999909e+03 3.191500000000000004e+00
1.439700000000000045e+03 3.211399999999999810e+00
1.451099999999999909e+03 3.231700000000000017e+00
1.462700000000000045e+03 3.252400000000000180e+00
1.474500000000000000e+03 3.273299999999999876e+00
1.486599999999999909e+03 3.294599999999999973e+00
1.499099999999999909e+03 3.316399999999999793e+00
1.512000000000000000e+03 3.338699999999999779e+00
1.525299999999999955e+03 3.361699999999999910e+00
1.539200000000000045e+03 3.385299999999999976e+00
1.553700000000000045e+03 3.409600000000000186e+00
1.568799999999999955e+03 3.434699999999999864e+00
1.584400000000000091e+03 3.460399999999999920e+00
1.600299999999999955e+03 3.486600000000000144e+00
1.617099999999999909e+03 3.513599999999999834e+00
1.634700000000000045e+03 3.541500000000000092e+00
1.653299999999999955e+03 3.570500000000000007e+00
1.672900000000000091e+03 3.600499999999999812e+00
1.693500000000000000e+03 3.631400000000000183e+00
1.715099999999999909e+03 3.663300000000000001e+00
1.737700000000000045e+03 3.696299999999999919e+00
1.761299999999999955e+03 3.730199999999999960e+00
1.786599999999999909e+03 3.766300000000000203e+00
1.813700000000000045e+03 3.804100000000000037e+00
1.842099999999999909e+03 3.842699999999999783e+00
1.871299999999999955e+03 3.881899999999999906e+00
1.901099999999999909e+03 3.921400000000000219e+00
1.931500000000000000e+03 3.961199999999999832e+00
1.962599999999999909e+03 4.001800000000000246e+00
1.995000000000000000e+03 4.043099999999999916e+00
2.028700000000000045e+03 4.085200000000000387e+00
2.063800000000000182e+03 4.128300000000000303e+00
2.098500000000000000e+03 4.172699999999999854e+00
2.132300000000000182e+03 4.217299999999999827e+00
2.166400000000000091e+03 4.261700000000000266e+00
2.201400000000000091e+03 4.306099999999999817e+00
2.238300000000000182e+03 4.350900000000000212e+00
2.277500000000000000e+03 4.396600000000000286e+00
2.318900000000000091e+03 4.442599999999999660e+00
2.362699999999999818e+03 4.488400000000000389e+00
2.407699999999999818e+03 4.532799999999999940e+00
2.453000000000000000e+03 4.575800000000000090e+00
2.496900000000000091e+03 4.616799999999999571e+00
2.541300000000000182e+03 4.656100000000000350e+00
2.584400000000000091e+03 4.693399999999999572e+00
2.626199999999999818e+03 4.728699999999999903e+00
2.667300000000000182e+03 4.762199999999999989e+00
2.707699999999999818e+03 4.793999999999999595e+00
2.747099999999999909e+03 4.824399999999999800e+00
2.785199999999999818e+03 4.853399999999999714e+00
2.821500000000000000e+03 4.881599999999999717e+00
2.856400000000000091e+03 4.909099999999999575e+00
2.889400000000000091e+03 4.936300000000000132e+00
2.920099999999999909e+03 4.964100000000000179e+00
2.949400000000000091e+03 4.992899999999999672e+00
2.977699999999999818e+03 5.022700000000000387e+00
3.004800000000000182e+03 5.053600000000000314e+00
3.030599999999999909e+03 5.085300000000000153e+00
3.055099999999999909e+03 5.117899999999999672e+00
3.078199999999999818e+03 5.151299999999999990e+00
3.100300000000000182e+03 5.185299999999999798e+00
3.121199999999999818e+03 5.219800000000000217e+00
3.141000000000000000e+03 5.254400000000000404e+00
3.160599999999999909e+03 5.288999999999999702e+00
3.179199999999999818e+03 5.323100000000000165e+00
3.196900000000000091e+03 5.356499999999999595e+00
3.214300000000000182e+03 5.388799999999999812e+00
3.231400000000000091e+03 5.419500000000000206e+00
3.248400000000000091e+03 5.448400000000000354e+00
3.264599999999999909e+03 5.475600000000000023e+00
3.279800000000000182e+03 5.501199999999999868e+00
3.294199999999999818e+03 5.525400000000000311e+00
3.307800000000000182e+03 5.548199999999999577e+00
3.320800000000000182e+03 5.569799999999999862e+00
3.333099999999999909e+03 5.590200000000000280e+00
3.345000000000000000e+03 5.609399999999999942e+00
3.356199999999999818e+03 5.627699999999999925e+00
3.367000000000000000e+03 5.644899999999999807e+00
3.377500000000000000e+03 5.661400000000000432e+00
3.387599999999999909e+03 5.677100000000000257e+00
3.397300000000000182e+03 5.692099999999999937e+00
3.406699999999999818e+03 5.706500000000000128e+00
3.415800000000000182e+03 5.720200000000000173e+00
3.424599999999999909e+03 5.733500000000000263e+00
3.433400000000000091e+03 5.746299999999999741e+00
3.442000000000000000e+03 5.758700000000000152e+00
3.450099999999999909e+03 5.770599999999999952e+00
3.458000000000000000e+03 5.782199999999999562e+00
3.465500000000000000e+03 5.793300000000000338e+00
3.473000000000000000e+03 5.804000000000000270e+00
3.480400000000000091e+03 5.814199999999999591e+00
3.487500000000000000e+03 5.823999999999999844e+00
3.494400000000000091e+03 5.833300000000000374e+00
3.501099999999999909e+03 5.842299999999999827e+00
3.507599999999999909e+03 5.850900000000000212e+00
3.514000000000000000e+03 5.859200000000000408e+00
3.520300000000000182e+03 5.867200000000000415e+00
3.526599999999999909e+03 5.875000000000000000e+00
3.532699999999999818e+03 5.882600000000000051e+00
3.538900000000000091e+03 5.889999999999999680e+00
3.544900000000000091e+03 5.897400000000000198e+00
3.551000000000000000e+03 5.904499999999999638e+00
3.556900000000000091e+03 5.911599999999999966e+00
3.562900000000000091e+03 5.918599999999999639e+00
3.568699999999999818e+03 5.925500000000000433e+00
3.574400000000000091e+03 5.932299999999999685e+00
3.580000000000000000e+03 5.939000000000000057e+00
3.585500000000000000e+03 5.945500000000000007e+00
3.590699999999999818e+03 5.951900000000000190e+00
3.595699999999999818e+03 5.958099999999999952e+00
3.600500000000000000e+03 5.964100000000000179e+00
3.605000000000000000e+03 5.969800000000000217e+00
3.609300000000000182e+03 5.975399999999999601e+00
3.613300000000000182e+03 5.980599999999999916e+00
3.617000000000000000e+03 5.985699999999999577e+00
3.620500000000000000e+03 5.990400000000000169e+00
3.623699999999999818e+03 5.994900000000000340e+00
3.626599999999999909e+03 5.999100000000000321e+00
3.629300000000000182e+03 6.003000000000000114e+00
3.631699999999999818e+03 6.006700000000000372e+00
3.633900000000000091e+03 6.009999999999999787e+00
3.635900000000000091e+03 6.013099999999999667e+00
3.637599999999999909e+03 6.016000000000000014e+00
3.639099999999999909e+03 6.018500000000000405e+00
3.640400000000000091e+03 6.020800000000000374e+00
3.641599999999999909e+03 6.022899999999999920e+00
3.642500000000000000e+03 6.024700000000000166e+00
3.643199999999999818e+03 6.026299999999999990e+00
3.643699999999999818e+03 6.027599999999999625e+00
3.643900000000000091e+03 6.028699999999999726e+00
3.644000000000000000e+03 6.029600000000000293e+00
