7.009700000000000273e+02 9.227100000000000080e+00
7.123700000000000045e+02 9.072300000000000253e+00
6.754900000000000091e+02 9.015299999999999869e+00
6.655399999999999636e+02 8.957399999999999807e+00
6.737699999999999818e+02 8.935000000000000497e+00
6.849800000000000182e+02 8.933699999999999974e+00
6.958999999999999773e+02 8.943500000000000227e+00
7.056299999999999955e+02 8.958899999999999864e+00
7.140399999999999636e+02 8.976599999999999469e+00
7.212000000000000455e+02 8.994899999999999451e+00
7.272799999999999727e+02 9.012900000000000134e+00
7.324700000000000273e+02 9.030099999999999127e+00
7.369199999999999591e+02 9.046400000000000219e+00
7.407799999999999727e+02 9.061700000000000088e+00
7.441299999999999955e+02 9.075900000000000745e+00
7.470599999999999454e+02 9.089100000000000179e+00
7.496299999999999955e+02 9.101300000000000168e+00
7.518899999999999864e+02 9.112600000000000477e+00
7.538999999999999773e+02 9.122999999999999332e+00
7.556799999999999500e+02 9.132699999999999818e+00
7.572699999999999818e+02 9.141600000000000392e+00
7.586900000000000546e+02 9.149800000000000821e+00
7.599600000000000364e+02 9.157400000000000873e+00
7.611100000000000136e+02 9.164400000000000546e+00
7.621399999999999864e+02 9.170799999999999841e+00
7.630800000000000409e+02 9.176800000000000068e+00
7.639299999999999500e+02 9.182399999999999451e+00
7.647000000000000455e+02 9.187500000000000000e+00
7.653999999999999773e+02 9.192199999999999704e+00
7.660399999999999636e+02 9.196699999999999875e+00
7.666200000000000045e+02 9.200699999999999434e+00
7.671499999999999773e+02 9.204499999999999460e+00
7.676399999999999864e+02 9.208099999999999952e+00
7.680900000000000318e+02 9.211299999999999599e+00
7.684900000000000091e+02 9.214399999999999480e+00
7.688700000000000045e+02 9.217200000000000060e+00
7.692100000000000364e+02 9.219799999999999329e+00
7.695199999999999818e+02 9.222200000000000841e+00
7.698099999999999454e+02 9.224500000000000810e+00
7.700800000000000409e+02 9.226599999999999469e+00
7.703200000000000500e+02 9.228500000000000369e+00
7.705399999999999636e+02 9.230399999999999494e+00
7.707400000000000091e+02 9.231999999999999318e+00
7.709299999999999500e+02 9.233599999999999142e+00
7.711000000000000227e+02 9.235099999999999199e+00
7.712500000000000000e+02 9.236399999999999721e+00
7.713999999999999773e+02 9.237700000000000244e+00
7.715299999999999727e+02 9.238799999999999457e+00
7.716499999999999773e+02 9.239900000000000446e+00
7.717599999999999909e+02 9.240899999999999892e+00
7.718500000000000227e+02 9.241899999999999338e+00
7.719500000000000455e+02 9.242699999999999250e+00
7.720299999999999727e+02 9.243499999999999162e+00
7.721000000000000227e+02 9.244300000000000850e+00
7.721699999999999591e+02 9.244899999999999451e+00
7.722400000000000091e+02 9.245599999999999596e+00
7.722899999999999636e+02 9.246199999999999974e+00
7.723500000000000227e+02 9.246700000000000585e+00
7.723899999999999864e+02 9.247199999999999420e+00
7.724400000000000546e+02 9.247700000000000031e+00
7.724700000000000273e+02 9.248100000000000875e+00
7.725099999999999909e+02 9.248499999999999943e+00
7.725399999999999636e+02 9.248900000000000787e+00
7.725700000000000500e+02 9.249200000000000088e+00
7.726000000000000227e+02 9.249499999999999389e+00
7.726200000000000045e+02 9.249800000000000466e+00
7.726399999999999864e+02 9.250099999999999767e+00
7.726599999999999682e+02 9.250299999999999301e+00
7.726699999999999591e+02 9.250600000000000378e+00
7.726900000000000546e+02 9.250799999999999912e+00
7.727000000000000455e+02 9.250999999999999446e+00
7.727100000000000364e+02 9.251099999999999213e+00
7.727200000000000273e+02 9.251300000000000523e+00
7.727300000000000182e+02 9.251400000000000290e+00
7.727200000000000273e+02 9.251500000000000057e+00
7.727000000000000455e+02 9.251599999999999824e+00
7.726599999999999682e+02 9.251599999999999824e+00
7.726100000000000136e+02 9.251599999999999824e+00
7.725599999999999454e+02 9.251500000000000057e+00
7.724900000000000091e+02 9.251400000000000290e+00
7.724299999999999500e+02 9.251300000000000523e+00
7.723500000000000227e+02 9.251099999999999213e+00
7.722799999999999727e+02 9.250899999999999679e+00
7.722000000000000455e+02 9.250700000000000145e+00
7.721200000000000045e+02 9.250500000000000611e+00
7.720399999999999636e+02 9.250199999999999534e+00
7.719500000000000455e+02 9.249900000000000233e+00
7.718600000000000136e+02 9.249599999999999156e+00
7.717699999999999818e+02 9.249299999999999855e+00
7.716799999999999500e+02 9.249000000000000554e+00
7.715900000000000318e+02 9.248699999999999477e+00
7.714900000000000091e+02 9.248400000000000176e+00
7.713999999999999773e+02 9.247999999999999332e+00
7.712999999999999545e+02 9.247700000000000031e+00
7.712000000000000455e+02 9.247299999999999187e+00
7.711000000000000227e+02 9.246900000000000119e+00
7.710000000000000000e+02 9.246600000000000819e+00
7.708999999999999773e+02 9.246199999999999974e+00
7.707699999999999818e+02 9.245799999999999130e+00
7.705900000000000318e+02 9.245200000000000529e+00
7.703899999999999864e+02 9.244600000000000151e+00
7.701599999999999682e+02 9.243900000000000006e+00
7.699199999999999591e+02 9.243100000000000094e+00
7.696699999999999591e+02 9.242300000000000182e+00
7.693999999999999773e+02 9.241400000000000503e+00
7.691299999999999955e+02 9.240399999999999281e+00
7.688500000000000227e+02 9.239399999999999835e+00
7.685599999999999454e+02 9.238300000000000622e+00
7.682599999999999909e+02 9.237199999999999633e+00
7.679700000000000273e+02 9.236100000000000421e+00
7.676699999999999591e+02 9.234899999999999665e+00
7.673600000000000136e+02 9.233700000000000685e+00
7.670599999999999454e+02 9.232499999999999929e+00
7.667500000000000000e+02 9.231299999999999173e+00
7.664400000000000546e+02 9.230100000000000193e+00
7.661299999999999955e+02 9.228899999999999437e+00
7.658200000000000500e+02 9.227700000000000458e+00
7.655199999999999818e+02 9.226399999999999935e+00
7.652200000000000273e+02 9.225199999999999179e+00
7.649299999999999500e+02 9.224000000000000199e+00
7.646499999999999773e+02 9.222799999999999443e+00
7.643700000000000045e+02 9.221600000000000463e+00
7.642699999999999818e+02 9.220700000000000784e+00
7.643899999999999864e+02 9.220200000000000173e+00
7.646699999999999591e+02 9.220200000000000173e+00
7.650599999999999454e+02 9.220700000000000784e+00
7.655299999999999727e+02 9.221600000000000463e+00
7.660800000000000409e+02 9.222799999999999443e+00
7.666699999999999591e+02 9.224299999999999500e+00
7.673200000000000500e+02 9.226200000000000401e+00
7.680099999999999909e+02 9.228199999999999292e+00
7.687300000000000182e+02 9.230600000000000804e+00
7.694800000000000182e+02 9.233100000000000307e+00
7.702699999999999818e+02 9.235900000000000887e+00
7.710800000000000409e+02 9.238799999999999457e+00
7.718999999999999773e+02 9.241899999999999338e+00
7.727500000000000000e+02 9.245200000000000529e+00
7.736200000000000045e+02 9.248699999999999477e+00
7.745099999999999909e+02 9.252299999999999969e+00
7.754099999999999682e+02 9.256099999999999994e+00
7.763300000000000409e+02 9.259900000000000020e+00
7.772699999999999818e+02 9.263899999999999579e+00
7.782100000000000364e+02 9.268000000000000682e+00
7.791799999999999500e+02 9.272199999999999775e+00
7.801499999999999773e+02 9.276400000000000645e+00
7.811399999999999864e+02 9.280799999999999272e+00
7.821000000000000227e+02 9.285199999999999676e+00
7.830299999999999727e+02 9.289600000000000080e+00
7.839400000000000546e+02 9.294000000000000483e+00
7.848400000000000318e+02 9.298299999999999343e+00
7.857300000000000182e+02 9.302699999999999747e+00
7.866200000000000045e+02 9.307000000000000384e+00
7.875000000000000000e+02 9.311400000000000787e+00
7.883799999999999955e+02 9.315699999999999648e+00
7.892699999999999818e+02 9.320100000000000051e+00
7.901499999999999773e+02 9.324400000000000688e+00
7.910299999999999727e+02 9.328799999999999315e+00
7.919199999999999591e+02 9.333099999999999952e+00
7.927999999999999545e+02 9.337500000000000355e+00
7.936900000000000546e+02 9.341900000000000759e+00
7.945800000000000409e+02 9.346299999999999386e+00
7.954700000000000273e+02 9.350699999999999790e+00
7.963600000000000136e+02 9.355100000000000193e+00
7.972599999999999909e+02 9.359600000000000364e+00
7.981599999999999682e+02 9.364000000000000767e+00
7.990599999999999454e+02 9.368499999999999162e+00
7.999600000000000364e+02 9.372999999999999332e+00
8.008700000000000045e+02 9.377499999999999503e+00
8.017799999999999727e+02 9.381999999999999673e+00
8.026900000000000546e+02 9.386499999999999844e+00
8.035399999999999636e+02 9.390900000000000247e+00
8.042899999999999636e+02 9.395200000000000884e+00
8.049900000000000091e+02 9.399300000000000210e+00
8.056299999999999955e+02 9.403200000000000003e+00
8.062300000000000182e+02 9.406900000000000261e+00
8.068099999999999454e+02 9.410600000000000520e+00
8.073700000000000045e+02 9.414099999999999469e+00
8.079199999999999591e+02 9.417500000000000426e+00
8.084600000000000364e+02 9.420799999999999841e+00
8.089900000000000091e+02 9.424099999999999255e+00
8.095000000000000000e+02 9.427300000000000679e+00
8.100000000000000000e+02 9.430400000000000560e+00
8.105000000000000000e+02 9.433400000000000674e+00
8.109800000000000182e+02 9.436400000000000787e+00
8.114500000000000455e+02 9.439399999999999125e+00
8.119099999999999682e+02 9.442199999999999704e+00
8.123700000000000045e+02 9.445100000000000051e+00
8.128099999999999454e+02 9.447900000000000631e+00
8.132500000000000000e+02 9.450599999999999667e+00
8.136900000000000546e+02 9.453300000000000480e+00
8.141200000000000045e+02 9.455999999999999517e+00
8.145399999999999636e+02 9.458700000000000330e+00
8.149600000000000364e+02 9.461299999999999599e+00
8.153700000000000045e+02 9.463800000000000878e+00
8.160700000000000500e+02 9.466699999999999449e+00
8.171699999999999591e+02 9.470399999999999707e+00
8.185599999999999454e+02 9.474899999999999878e+00
8.201599999999999682e+02 9.480100000000000193e+00
8.219199999999999591e+02 9.486000000000000654e+00
8.237999999999999545e+02 9.492499999999999716e+00
8.257899999999999636e+02 9.499499999999999389e+00
8.278500000000000227e+02 9.506999999999999673e+00
8.299900000000000091e+02 9.514900000000000801e+00
8.321900000000000546e+02 9.523199999999999221e+00
8.344400000000000546e+02 9.531800000000000495e+00
8.367300000000000182e+02 9.540699999999999292e+00
8.390599999999999454e+02 9.549899999999999167e+00
8.414299999999999500e+02 9.559400000000000119e+00
8.438200000000000500e+02 9.569100000000000605e+00
8.462500000000000000e+02 9.579000000000000625e+00
8.487200000000000273e+02 9.589000000000000412e+00
8.511699999999999591e+02 9.599299999999999500e+00
8.536499999999999773e+02 9.609700000000000131e+00
8.561499999999999773e+02 9.620200000000000529e+00
8.586699999999999591e+02 9.630800000000000693e+00
8.612100000000000364e+02 9.641500000000000625e+00
8.637500000000000000e+02 9.652300000000000324e+00
8.662899999999999636e+02 9.663100000000000023e+00
8.691299999999999955e+02 9.674300000000000566e+00
8.723999999999999773e+02 9.686400000000000787e+00
8.759500000000000455e+02 9.699199999999999378e+00
8.797000000000000455e+02 9.712799999999999656e+00
8.836000000000000227e+02 9.727100000000000080e+00
8.876299999999999955e+02 9.741899999999999338e+00
8.917599999999999909e+02 9.757300000000000750e+00
8.959700000000000273e+02 9.773099999999999454e+00
9.002500000000000000e+02 9.789300000000000779e+00
9.046000000000000227e+02 9.805899999999999395e+00
9.090000000000000000e+02 9.822800000000000864e+00
9.134400000000000546e+02 9.839999999999999858e+00
9.179199999999999591e+02 9.857300000000000395e+00
9.223999999999999773e+02 9.874700000000000699e+00
9.268899999999999864e+02 9.892200000000000770e+00
9.313899999999999864e+02 9.909900000000000375e+00
9.358899999999999864e+02 9.927500000000000213e+00
9.403700000000000045e+02 9.945199999999999818e+00
9.448300000000000409e+02 9.962899999999999423e+00
9.492799999999999727e+02 9.980600000000000804e+00
9.537300000000000182e+02 9.998300000000000409e+00
9.581799999999999500e+02 1.001600000000000001e+01
9.626100000000000136e+02 1.003400000000000070e+01
9.669800000000000182e+02 1.005100000000000016e+01
9.713200000000000500e+02 1.006799999999999962e+01
9.757000000000000455e+02 1.008600000000000030e+01
9.801200000000000045e+02 1.010299999999999976e+01
9.845399999999999636e+02 1.012100000000000044e+01
9.889400000000000546e+02 1.013799999999999990e+01
9.933300000000000409e+02 1.015499999999999936e+01
9.977300000000000182e+02 1.017300000000000004e+01
1.002100000000000023e+03 1.018999999999999950e+01
1.006399999999999977e+03 1.020700000000000074e+01
1.010500000000000000e+03 1.022400000000000020e+01
1.014500000000000000e+03 1.024000000000000021e+01
1.018600000000000023e+03 1.025699999999999967e+01
1.022600000000000023e+03 1.027299999999999969e+01
1.026599999999999909e+03 1.028999999999999915e+01
1.030599999999999909e+03 1.030599999999999916e+01
1.034599999999999909e+03 1.032199999999999918e+01
1.038599999999999909e+03 1.033799999999999919e+01
1.042500000000000000e+03 1.035399999999999920e+01
1.046500000000000000e+03 1.036899999999999977e+01
1.050400000000000091e+03 1.038499999999999979e+01
1.054299999999999955e+03 1.040099999999999980e+01
1.058200000000000045e+03 1.041600000000000037e+01
1.062200000000000045e+03 1.043099999999999916e+01
1.066099999999999909e+03 1.044699999999999918e+01
1.070099999999999909e+03 1.046199999999999974e+01
1.074200000000000045e+03 1.047700000000000031e+01
1.078700000000000045e+03 1.049300000000000033e+01
1.083500000000000000e+03 1.050900000000000034e+01
1.088299999999999955e+03 1.052599999999999980e+01
1.093599999999999909e+03 1.054400000000000048e+01
1.098900000000000091e+03 1.056099999999999994e+01
1.104200000000000045e+03 1.058000000000000007e+01
1.109599999999999909e+03 1.059800000000000075e+01
1.115000000000000000e+03 1.061700000000000088e+01
1.120200000000000045e+03 1.063499999999999979e+01
1.125400000000000091e+03 1.065399999999999991e+01
1.130599999999999909e+03 1.067300000000000004e+01
1.135900000000000091e+03 1.069200000000000017e+01
1.141299999999999955e+03 1.071100000000000030e+01
1.146700000000000045e+03 1.073000000000000043e+01
1.152000000000000000e+03 1.074900000000000055e+01
1.157400000000000091e+03 1.076800000000000068e+01
1.162900000000000091e+03 1.078700000000000081e+01
1.168500000000000000e+03 1.080599999999999916e+01
1.174200000000000045e+03 1.082499999999999929e+01
1.180000000000000000e+03 1.084399999999999942e+01
1.185799999999999955e+03 1.086299999999999955e+01
1.191599999999999909e+03 1.088199999999999967e+01
1.197599999999999909e+03 1.090099999999999980e+01
1.203900000000000091e+03 1.091999999999999993e+01
1.210799999999999955e+03 1.093900000000000006e+01
1.218099999999999909e+03 1.095899999999999963e+01
1.225900000000000091e+03 1.098000000000000043e+01
1.234099999999999909e+03 1.100099999999999945e+01
1.242700000000000045e+03 1.102299999999999969e+01
1.251900000000000091e+03 1.104499999999999993e+01
1.261599999999999909e+03 1.106799999999999962e+01
1.272099999999999909e+03 1.109299999999999997e+01
1.283200000000000045e+03 1.111800000000000033e+01
1.295500000000000000e+03 1.114400000000000013e+01
1.309200000000000045e+03 1.117200000000000060e+01
1.324400000000000091e+03 1.120100000000000051e+01
1.341000000000000000e+03 1.123199999999999932e+01
1.359000000000000000e+03 1.126500000000000057e+01
1.378000000000000000e+03 1.130000000000000071e+01
1.397400000000000091e+03 1.133600000000000030e+01
1.416900000000000091e+03 1.137299999999999933e+01
1.435099999999999909e+03 1.140900000000000070e+01
1.454099999999999909e+03 1.144500000000000028e+01
1.473799999999999955e+03 1.148300000000000054e+01
1.493099999999999909e+03 1.151999999999999957e+01
1.511799999999999955e+03 1.155700000000000038e+01
1.530299999999999955e+03 1.159299999999999997e+01
1.547700000000000045e+03 1.162700000000000067e+01
1.564700000000000045e+03 1.166000000000000014e+01
1.581500000000000000e+03 1.169299999999999962e+01
1.597599999999999909e+03 1.172400000000000020e+01
1.613400000000000091e+03 1.175600000000000023e+01
1.629500000000000000e+03 1.178700000000000081e+01
1.646200000000000045e+03 1.181900000000000084e+01
1.663500000000000000e+03 1.184900000000000020e+01
1.681299999999999955e+03 1.188000000000000078e+01
1.699500000000000000e+03 1.190900000000000070e+01
1.717900000000000091e+03 1.193800000000000061e+01
1.736900000000000091e+03 1.196599999999999930e+01
1.756700000000000045e+03 1.199399999999999977e+01
1.777599999999999909e+03 1.202100000000000080e+01
1.799500000000000000e+03 1.204700000000000060e+01
1.822099999999999909e+03 1.207300000000000040e+01
1.845799999999999955e+03 1.209800000000000075e+01
1.872099999999999909e+03 1.212400000000000055e+01
1.900200000000000045e+03 1.215000000000000036e+01
1.930200000000000045e+03 1.217699999999999960e+01
1.962099999999999909e+03 1.220400000000000063e+01
1.995700000000000045e+03 1.223099999999999987e+01
2.030599999999999909e+03 1.225900000000000034e+01
2.065000000000000000e+03 1.228500000000000014e+01
2.099500000000000000e+03 1.231099999999999994e+01
2.135199999999999818e+03 1.233699999999999974e+01
2.171099999999999909e+03 1.236299999999999955e+01
2.208900000000000091e+03 1.239000000000000057e+01
2.247699999999999818e+03 1.241799999999999926e+01
2.287099999999999909e+03 1.244599999999999973e+01
2.326000000000000000e+03 1.247400000000000020e+01
2.363400000000000091e+03 1.250099999999999945e+01
2.399400000000000091e+03 1.252800000000000047e+01
2.433599999999999909e+03 1.255400000000000027e+01
2.465699999999999818e+03 1.257799999999999940e+01
2.495199999999999818e+03 1.260100000000000087e+01
2.529199999999999818e+03 1.262400000000000055e+01
2.559699999999999818e+03 1.264700000000000024e+01
2.587400000000000091e+03 1.266799999999999926e+01
2.612900000000000091e+03 1.268800000000000061e+01
2.637099999999999909e+03 1.270700000000000074e+01
2.660199999999999818e+03 1.272499999999999964e+01
2.682699999999999818e+03 1.274200000000000088e+01
2.705500000000000000e+03 1.275799999999999912e+01
2.727900000000000091e+03 1.277399999999999913e+01
2.749900000000000091e+03 1.278999999999999915e+01
2.771699999999999818e+03 1.280599999999999916e+01
2.794199999999999818e+03 1.282199999999999918e+01
2.818099999999999909e+03 1.283900000000000041e+01
2.842300000000000182e+03 1.285599999999999987e+01
2.866500000000000000e+03 1.287400000000000055e+01
2.890599999999999909e+03 1.289199999999999946e+01
2.914800000000000182e+03 1.291099999999999959e+01
2.939000000000000000e+03 1.292999999999999972e+01
2.963400000000000091e+03 1.294999999999999929e+01
2.987599999999999909e+03 1.297000000000000064e+01
3.011500000000000000e+03 1.299099999999999966e+01
3.034900000000000091e+03 1.301299999999999990e+01
3.058099999999999909e+03 1.303500000000000014e+01
3.081300000000000182e+03 1.305700000000000038e+01
3.105199999999999818e+03 1.308099999999999952e+01
3.129800000000000182e+03 1.310599999999999987e+01
3.155099999999999909e+03 1.313100000000000023e+01
3.180900000000000091e+03 1.315799999999999947e+01
3.207199999999999818e+03 1.318599999999999994e+01
3.233699999999999818e+03 1.321400000000000041e+01
3.260900000000000091e+03 1.324300000000000033e+01
3.289500000000000000e+03 1.327299999999999969e+01
3.317800000000000182e+03 1.330400000000000027e+01
3.341099999999999909e+03 1.333300000000000018e+01
3.364099999999999909e+03 1.335999999999999943e+01
3.386400000000000091e+03 1.338700000000000045e+01
3.406699999999999818e+03 1.341300000000000026e+01
3.425500000000000000e+03 1.343699999999999939e+01
3.441800000000000182e+03 1.345899999999999963e+01
3.449000000000000000e+03 1.347600000000000087e+01
3.455199999999999818e+03 1.349000000000000021e+01
3.459000000000000000e+03 1.350099999999999945e+01
3.463099999999999909e+03 1.351200000000000045e+01
3.470500000000000000e+03 1.352100000000000080e+01
3.476599999999999909e+03 1.352899999999999991e+01
3.478900000000000091e+03 1.353599999999999959e+01
3.480900000000000091e+03 1.354299999999999926e+01
3.484500000000000000e+03 1.354899999999999949e+01
3.489400000000000091e+03 1.355599999999999916e+01
3.494500000000000000e+03 1.356300000000000061e+01
3.499500000000000000e+03 1.356900000000000084e+01
3.504599999999999909e+03 1.357499999999999929e+01
3.509699999999999818e+03 1.358099999999999952e+01
3.514800000000000182e+03 1.358799999999999919e+01
3.520000000000000000e+03 1.359399999999999942e+01
3.525199999999999818e+03 1.359999999999999964e+01
3.530400000000000091e+03 1.360599999999999987e+01
3.535599999999999909e+03 1.361200000000000010e+01
3.540800000000000182e+03 1.361800000000000033e+01
3.545900000000000091e+03 1.362400000000000055e+01
3.550800000000000182e+03 1.363000000000000078e+01
3.555599999999999909e+03 1.363499999999999979e+01
3.560199999999999818e+03 1.364100000000000001e+01
3.564500000000000000e+03 1.364600000000000080e+01
3.568599999999999909e+03 1.365199999999999925e+01
3.572400000000000091e+03 1.365600000000000058e+01
3.576099999999999909e+03 1.366099999999999959e+01
3.579500000000000000e+03 1.366600000000000037e+01
3.582800000000000182e+03 1.366999999999999993e+01
3.585900000000000091e+03 1.367399999999999949e+01
3.588900000000000091e+03 1.367800000000000082e+01
3.591800000000000182e+03 1.368200000000000038e+01
3.594599999999999909e+03 1.368500000000000050e+01
3.600400000000000091e+03 1.368999999999999950e+01
3.607099999999999909e+03 1.369599999999999973e+01
3.613400000000000091e+03 1.370199999999999996e+01
3.619400000000000091e+03 1.370899999999999963e+01
3.625199999999999818e+03 1.371499999999999986e+01
3.630900000000000091e+03 1.372100000000000009e+01
3.636400000000000091e+03 1.372700000000000031e+01
3.641800000000000182e+03 1.373300000000000054e+01
3.647099999999999909e+03 1.373900000000000077e+01
3.652199999999999818e+03 1.374499999999999922e+01
3.656500000000000000e+03 1.375000000000000000e+01
3.659699999999999818e+03 1.375500000000000078e+01
3.661900000000000091e+03 1.375900000000000034e+01
3.663500000000000000e+03 1.376200000000000045e+01
3.664599999999999909e+03 1.376500000000000057e+01
3.665199999999999818e+03 1.376800000000000068e+01
3.665400000000000091e+03 1.376900000000000013e+01
