7.943099999999999454e+02 3.949500000000000011e+00
8.322599999999999909e+02 3.908100000000000129e+00
8.193700000000000045e+02 3.878200000000000092e+00
8.101200000000000045e+02 3.849000000000000199e+00
7.992599999999999909e+02 3.822200000000000042e+00
7.890199999999999818e+02 3.798700000000000188e+00
7.795099999999999909e+02 3.775799999999999823e+00
7.706200000000000045e+02 3.752899999999999903e+00
7.624900000000000091e+02 3.730300000000000171e+00
7.552999999999999545e+02 3.708600000000000119e+00
7.491399999999999864e+02 3.688200000000000145e+00
7.440000000000000000e+02 3.669700000000000184e+00
7.398500000000000227e+02 3.653200000000000003e+00
7.365900000000000318e+02 3.638799999999999812e+00
7.341399999999999864e+02 3.626500000000000057e+00
7.323799999999999955e+02 3.616299999999999848e+00
7.312200000000000273e+02 3.608000000000000096e+00
7.305499999999999545e+02 3.601399999999999935e+00
7.303099999999999454e+02 3.596400000000000041e+00
7.303999999999999773e+02 3.592900000000000205e+00
7.307699999999999818e+02 3.590599999999999792e+00
7.313700000000000045e+02 3.589399999999999924e+00
7.321399999999999864e+02 3.589100000000000179e+00
7.330499999999999545e+02 3.589599999999999902e+00
7.340700000000000500e+02 3.590800000000000214e+00
7.351499999999999773e+02 3.592600000000000016e+00
7.362799999999999727e+02 3.594800000000000217e+00
7.374500000000000455e+02 3.597399999999999931e+00
7.386299999999999955e+02 3.600299999999999834e+00
7.398099999999999454e+02 3.603400000000000158e+00
7.409900000000000091e+02 3.606700000000000017e+00
7.421599999999999682e+02 3.610100000000000087e+00
7.432999999999999545e+02 3.613599999999999923e+00
7.444199999999999591e+02 3.617100000000000204e+00
7.455099999999999909e+02 3.620600000000000041e+00
7.465700000000000500e+02 3.624099999999999877e+00
7.475900000000000318e+02 3.627499999999999947e+00
7.485800000000000409e+02 3.630900000000000016e+00
7.495299999999999727e+02 3.634100000000000108e+00
7.504299999999999500e+02 3.637300000000000200e+00
7.512999999999999545e+02 3.640400000000000080e+00
7.521299999999999955e+02 3.643400000000000194e+00
7.529299999999999500e+02 3.646300000000000097e+00
7.536799999999999500e+02 3.649099999999999788e+00
7.543999999999999773e+02 3.651800000000000157e+00
7.550800000000000409e+02 3.654300000000000104e+00
7.557200000000000273e+02 3.656699999999999839e+00
7.563300000000000409e+02 3.659100000000000019e+00
7.569099999999999682e+02 3.661300000000000221e+00
7.574500000000000455e+02 3.663400000000000212e+00
7.579700000000000273e+02 3.665399999999999991e+00
7.584500000000000455e+02 3.667300000000000004e+00
7.589099999999999682e+02 3.669200000000000017e+00
7.593500000000000227e+02 3.670900000000000052e+00
7.597500000000000000e+02 3.672499999999999876e+00
7.601399999999999864e+02 3.673999999999999932e+00
7.605000000000000000e+02 3.675499999999999989e+00
7.608400000000000318e+02 3.676899999999999835e+00
7.611599999999999682e+02 3.678199999999999914e+00
7.614600000000000364e+02 3.679399999999999782e+00
7.617400000000000091e+02 3.680600000000000094e+00
7.620000000000000000e+02 3.681700000000000195e+00
7.622500000000000000e+02 3.682700000000000085e+00
7.624800000000000182e+02 3.683600000000000207e+00
7.627000000000000455e+02 3.684499999999999886e+00
7.629099999999999682e+02 3.685400000000000009e+00
7.631000000000000227e+02 3.686199999999999921e+00
7.632699999999999818e+02 3.686900000000000066e+00
7.634400000000000546e+02 3.687600000000000211e+00
7.636000000000000227e+02 3.688299999999999912e+00
7.637400000000000091e+02 3.688899999999999846e+00
7.638799999999999955e+02 3.689499999999999780e+00
7.640000000000000000e+02 3.689999999999999947e+00
7.641200000000000045e+02 3.690500000000000114e+00
7.642300000000000182e+02 3.690999999999999837e+00
7.643300000000000409e+02 3.691399999999999793e+00
7.644299999999999500e+02 3.691800000000000193e+00
7.645199999999999818e+02 3.692200000000000149e+00
7.646000000000000227e+02 3.692600000000000104e+00
7.646699999999999591e+02 3.692899999999999849e+00
7.647400000000000091e+02 3.693200000000000038e+00
7.647999999999999545e+02 3.693499999999999783e+00
7.648500000000000227e+02 3.693700000000000205e+00
7.648999999999999773e+02 3.693900000000000183e+00
7.649299999999999500e+02 3.694100000000000161e+00
7.649600000000000364e+02 3.694300000000000139e+00
7.649900000000000091e+02 3.694500000000000117e+00
7.650000000000000000e+02 3.694599999999999884e+00
7.650099999999999909e+02 3.694700000000000095e+00
7.650199999999999818e+02 3.694799999999999862e+00
7.650099999999999909e+02 3.694799999999999862e+00
7.650099999999999909e+02 3.694799999999999862e+00
7.650000000000000000e+02 3.694900000000000073e+00
7.649800000000000182e+02 3.694900000000000073e+00
7.649600000000000364e+02 3.694799999999999862e+00
7.649299999999999500e+02 3.694799999999999862e+00
7.648999999999999773e+02 3.694799999999999862e+00
7.648700000000000045e+02 3.694700000000000095e+00
7.648400000000000318e+02 3.694599999999999884e+00
7.647999999999999545e+02 3.694500000000000117e+00
7.647500000000000000e+02 3.694399999999999906e+00
7.647100000000000364e+02 3.694300000000000139e+00
7.646599999999999682e+02 3.694199999999999928e+00
7.646000000000000227e+02 3.693999999999999950e+00
7.645399999999999636e+02 3.693900000000000183e+00
7.644700000000000273e+02 3.693700000000000205e+00
7.643999999999999773e+02 3.693499999999999783e+00
7.643099999999999454e+02 3.693200000000000038e+00
7.642100000000000364e+02 3.693000000000000060e+00
7.641499999999999773e+02 3.692800000000000082e+00
7.641000000000000227e+02 3.692600000000000104e+00
7.640399999999999636e+02 3.692400000000000126e+00
7.639900000000000091e+02 3.692200000000000149e+00
7.639299999999999500e+02 3.692000000000000171e+00
7.638700000000000045e+02 3.691800000000000193e+00
7.638099999999999454e+02 3.691600000000000215e+00
7.637500000000000000e+02 3.691399999999999793e+00
7.636799999999999500e+02 3.691199999999999815e+00
7.636100000000000136e+02 3.690999999999999837e+00
7.635399999999999636e+02 3.690799999999999859e+00
7.634600000000000364e+02 3.690599999999999881e+00
7.633899999999999864e+02 3.690399999999999903e+00
7.633099999999999454e+02 3.690100000000000158e+00
7.632300000000000182e+02 3.689900000000000180e+00
7.631499999999999773e+02 3.689599999999999991e+00
7.630700000000000500e+02 3.689400000000000013e+00
7.630000000000000000e+02 3.689200000000000035e+00
7.629400000000000546e+02 3.689000000000000057e+00
7.629099999999999682e+02 3.688800000000000079e+00
7.628999999999999773e+02 3.688699999999999868e+00
7.629299999999999500e+02 3.688699999999999868e+00
7.630099999999999909e+02 3.688699999999999868e+00
7.631200000000000045e+02 3.688899999999999846e+00
7.633099999999999454e+02 3.689299999999999802e+00
7.635499999999999545e+02 3.689799999999999969e+00
7.638500000000000227e+02 3.690500000000000114e+00
7.642000000000000455e+02 3.691300000000000026e+00
7.646000000000000227e+02 3.692299999999999915e+00
7.650599999999999454e+02 3.693499999999999783e+00
7.655700000000000500e+02 3.694799999999999862e+00
7.661299999999999955e+02 3.696299999999999919e+00
7.667300000000000182e+02 3.697999999999999954e+00
7.673899999999999864e+02 3.699899999999999967e+00
7.680800000000000409e+02 3.701900000000000190e+00
7.688200000000000500e+02 3.704000000000000181e+00
7.696100000000000136e+02 3.706300000000000150e+00
7.704299999999999500e+02 3.708699999999999886e+00
7.712799999999999727e+02 3.711300000000000043e+00
7.721699999999999591e+02 3.713999999999999968e+00
7.731000000000000227e+02 3.716800000000000104e+00
7.740499999999999545e+02 3.719800000000000217e+00
7.750399999999999636e+02 3.722799999999999887e+00
7.760399999999999636e+02 3.725999999999999979e+00
7.770700000000000500e+02 3.729200000000000070e+00
7.781200000000000045e+02 3.732600000000000140e+00
7.791799999999999500e+02 3.736000000000000210e+00
7.802599999999999909e+02 3.739399999999999835e+00
7.813700000000000045e+02 3.742999999999999883e+00
7.824900000000000091e+02 3.746599999999999930e+00
7.836200000000000045e+02 3.750300000000000189e+00
7.847699999999999818e+02 3.754000000000000004e+00
7.859199999999999591e+02 3.757800000000000029e+00
7.870900000000000318e+02 3.761600000000000055e+00
7.882699999999999818e+02 3.765400000000000080e+00
7.894600000000000364e+02 3.769299999999999873e+00
7.906499999999999773e+02 3.773299999999999876e+00
7.918500000000000227e+02 3.777200000000000113e+00
7.930599999999999454e+02 3.781200000000000117e+00
7.942799999999999727e+02 3.785299999999999887e+00
7.955000000000000000e+02 3.789299999999999891e+00
7.967300000000000182e+02 3.793400000000000105e+00
7.979600000000000364e+02 3.797499999999999876e+00
7.992100000000000364e+02 3.801600000000000090e+00
8.004500000000000455e+02 3.805699999999999861e+00
8.017000000000000455e+02 3.809899999999999842e+00
8.029500000000000455e+02 3.814000000000000057e+00
8.041900000000000546e+02 3.818200000000000038e+00
8.054199999999999591e+02 3.822299999999999809e+00
8.066399999999999864e+02 3.826499999999999790e+00
8.078500000000000227e+02 3.830600000000000005e+00
8.090499999999999545e+02 3.834600000000000009e+00
8.102000000000000455e+02 3.838600000000000012e+00
8.113200000000000500e+02 3.842499999999999805e+00
8.124199999999999591e+02 3.846299999999999830e+00
8.135000000000000000e+02 3.850099999999999856e+00
8.145700000000000500e+02 3.853800000000000114e+00
8.156200000000000045e+02 3.857499999999999929e+00
8.166499999999999773e+02 3.861099999999999977e+00
8.176699999999999591e+02 3.864599999999999813e+00
8.186699999999999591e+02 3.868100000000000094e+00
8.196699999999999591e+02 3.871599999999999930e+00
8.206399999999999864e+02 3.875000000000000000e+00
8.216100000000000136e+02 3.878299999999999859e+00
8.225599999999999454e+02 3.881600000000000161e+00
8.235099999999999909e+02 3.884900000000000020e+00
8.244400000000000546e+02 3.888100000000000112e+00
8.253500000000000227e+02 3.891300000000000203e+00
8.262699999999999818e+02 3.894499999999999851e+00
8.271799999999999500e+02 3.897600000000000176e+00
8.281100000000000136e+02 3.900700000000000056e+00
8.290700000000000500e+02 3.903900000000000148e+00
8.300700000000000500e+02 3.907099999999999795e+00
8.311200000000000045e+02 3.910499999999999865e+00
8.322400000000000091e+02 3.914000000000000146e+00
8.334400000000000546e+02 3.917600000000000193e+00
8.346799999999999500e+02 3.921400000000000219e+00
8.359800000000000182e+02 3.925399999999999778e+00
8.373600000000000136e+02 3.929499999999999993e+00
8.388099999999999454e+02 3.933899999999999952e+00
8.403400000000000318e+02 3.938400000000000123e+00
8.419400000000000546e+02 3.943200000000000038e+00
8.436000000000000227e+02 3.948100000000000165e+00
8.453300000000000409e+02 3.953300000000000036e+00
8.471499999999999773e+02 3.958699999999999886e+00
8.490800000000000409e+02 3.964399999999999924e+00
8.511200000000000045e+02 3.970400000000000151e+00
8.532200000000000273e+02 3.976599999999999913e+00
8.553700000000000045e+02 3.983000000000000096e+00
8.575700000000000500e+02 3.989700000000000024e+00
8.598200000000000500e+02 3.996500000000000163e+00
8.621100000000000136e+02 4.003400000000000070e+00
8.644400000000000546e+02 4.010500000000000398e+00
8.668099999999999454e+02 4.017800000000000260e+00
8.692400000000000091e+02 4.025299999999999656e+00
8.717400000000000091e+02 4.032899999999999707e+00
8.743200000000000500e+02 4.040799999999999947e+00
8.769900000000000091e+02 4.048799999999999955e+00
8.797599999999999909e+02 4.057199999999999918e+00
8.826200000000000045e+02 4.065800000000000303e+00
8.855399999999999636e+02 4.074600000000000222e+00
8.885299999999999727e+02 4.083700000000000330e+00
8.916100000000000136e+02 4.092999999999999972e+00
8.947599999999999909e+02 4.102599999999999802e+00
8.979800000000000182e+02 4.112300000000000288e+00
9.012599999999999909e+02 4.122300000000000075e+00
9.046100000000000136e+02 4.132399999999999629e+00
9.080199999999999818e+02 4.142800000000000260e+00
9.114800000000000182e+02 4.153299999999999770e+00
9.149900000000000091e+02 4.163999999999999702e+00
9.185399999999999636e+02 4.174800000000000288e+00
9.221499999999999773e+02 4.185800000000000409e+00
9.257899999999999636e+02 4.196900000000000297e+00
9.294700000000000273e+02 4.208199999999999719e+00
9.331699999999999591e+02 4.219500000000000028e+00
9.368999999999999773e+02 4.230999999999999872e+00
9.406499999999999773e+02 4.242499999999999716e+00
9.444199999999999591e+02 4.254100000000000215e+00
9.482000000000000455e+02 4.265799999999999592e+00
9.520000000000000000e+02 4.277499999999999858e+00
9.558099999999999454e+02 4.289299999999999891e+00
9.596299999999999955e+02 4.301099999999999923e+00
9.634600000000000364e+02 4.312899999999999956e+00
9.672999999999999545e+02 4.324799999999999756e+00
9.711499999999999773e+02 4.336700000000000443e+00
9.749900000000000091e+02 4.348600000000000243e+00
9.788300000000000409e+02 4.360500000000000043e+00
9.826599999999999682e+02 4.372399999999999842e+00
9.864900000000000091e+02 4.384299999999999642e+00
9.903099999999999454e+02 4.396200000000000330e+00
9.941299999999999955e+02 4.408000000000000362e+00
9.979400000000000546e+02 4.419800000000000395e+00
1.001700000000000045e+03 4.431600000000000428e+00
1.005500000000000000e+03 4.443299999999999805e+00
1.009299999999999955e+03 4.455000000000000071e+00
1.013100000000000023e+03 4.466700000000000337e+00
1.016899999999999977e+03 4.478299999999999947e+00
1.020600000000000023e+03 4.489899999999999558e+00
1.024400000000000091e+03 4.501500000000000057e+00
1.028099999999999909e+03 4.512999999999999901e+00
1.031799999999999955e+03 4.524499999999999744e+00
1.035500000000000000e+03 4.535899999999999821e+00
1.039299999999999955e+03 4.547399999999999665e+00
1.043000000000000000e+03 4.558699999999999974e+00
1.046700000000000045e+03 4.570100000000000051e+00
1.050400000000000091e+03 4.581500000000000128e+00
1.054200000000000045e+03 4.592900000000000205e+00
1.058000000000000000e+03 4.604300000000000281e+00
1.061900000000000091e+03 4.615899999999999892e+00
1.065799999999999955e+03 4.627600000000000158e+00
1.069799999999999955e+03 4.639400000000000190e+00
1.073900000000000091e+03 4.651299999999999990e+00
1.078000000000000000e+03 4.663400000000000212e+00
1.082200000000000045e+03 4.675600000000000200e+00
1.086400000000000091e+03 4.687899999999999956e+00
1.090700000000000045e+03 4.700300000000000367e+00
1.095000000000000000e+03 4.712900000000000311e+00
1.099400000000000091e+03 4.725600000000000023e+00
1.103700000000000045e+03 4.738299999999999734e+00
1.108099999999999909e+03 4.751100000000000101e+00
1.112500000000000000e+03 4.764000000000000234e+00
1.117000000000000000e+03 4.776900000000000368e+00
1.121500000000000000e+03 4.790000000000000036e+00
1.126099999999999909e+03 4.803200000000000358e+00
1.130700000000000045e+03 4.816499999999999559e+00
1.135400000000000091e+03 4.829900000000000304e+00
1.140099999999999909e+03 4.843499999999999694e+00
1.145000000000000000e+03 4.857300000000000395e+00
1.149900000000000091e+03 4.871199999999999974e+00
1.155000000000000000e+03 4.885399999999999743e+00
1.160099999999999909e+03 4.899899999999999700e+00
1.165400000000000091e+03 4.914600000000000080e+00
1.170900000000000091e+03 4.929700000000000415e+00
1.176599999999999909e+03 4.945199999999999818e+00
1.182799999999999955e+03 4.961599999999999788e+00
1.189299999999999955e+03 4.978600000000000136e+00
1.196099999999999909e+03 4.996400000000000396e+00
1.203299999999999955e+03 5.014999999999999680e+00
1.210700000000000045e+03 5.034299999999999997e+00
1.218599999999999909e+03 5.054499999999999993e+00
1.227000000000000000e+03 5.075599999999999667e+00
1.235700000000000045e+03 5.097800000000000331e+00
1.244900000000000091e+03 5.121000000000000441e+00
1.254599999999999909e+03 5.145299999999999763e+00
1.264799999999999955e+03 5.170700000000000074e+00
1.275299999999999955e+03 5.197099999999999831e+00
1.286000000000000000e+03 5.224199999999999733e+00
1.296799999999999955e+03 5.251599999999999824e+00
1.307700000000000045e+03 5.279399999999999871e+00
1.318599999999999909e+03 5.307299999999999685e+00
1.329599999999999909e+03 5.335499999999999687e+00
1.340700000000000045e+03 5.363900000000000112e+00
1.351799999999999955e+03 5.392400000000000304e+00
1.362900000000000091e+03 5.421000000000000263e+00
1.374000000000000000e+03 5.449499999999999567e+00
1.385000000000000000e+03 5.477899999999999991e+00
1.396099999999999909e+03 5.506199999999999761e+00
1.407099999999999909e+03 5.534399999999999764e+00
1.418000000000000000e+03 5.562700000000000422e+00
1.428900000000000091e+03 5.591199999999999726e+00
1.440099999999999909e+03 5.619799999999999685e+00
1.451400000000000091e+03 5.648600000000000065e+00
1.463000000000000000e+03 5.677599999999999980e+00
1.474900000000000091e+03 5.706900000000000084e+00
1.486900000000000091e+03 5.736600000000000144e+00
1.499200000000000045e+03 5.766600000000000392e+00
1.512099999999999909e+03 5.797200000000000131e+00
1.525500000000000000e+03 5.828299999999999592e+00
1.539000000000000000e+03 5.859799999999999898e+00
1.552599999999999909e+03 5.891200000000000436e+00
1.566799999999999955e+03 5.923199999999999577e+00
1.582000000000000000e+03 5.956100000000000172e+00
1.597700000000000045e+03 5.989899999999999558e+00
1.614299999999999955e+03 6.024700000000000166e+00
1.632000000000000000e+03 6.060999999999999943e+00
1.650599999999999909e+03 6.098700000000000010e+00
1.669799999999999955e+03 6.137400000000000411e+00
1.689599999999999909e+03 6.177500000000000213e+00
1.710099999999999909e+03 6.219299999999999606e+00
1.732700000000000045e+03 6.262699999999999712e+00
1.757099999999999909e+03 6.307699999999999640e+00
1.783500000000000000e+03 6.354099999999999859e+00
1.811299999999999955e+03 6.401799999999999713e+00
1.840299999999999955e+03 6.450199999999999712e+00
1.870599999999999909e+03 6.499500000000000277e+00
1.901400000000000091e+03 6.548799999999999955e+00
1.932200000000000045e+03 6.597500000000000142e+00
1.962799999999999955e+03 6.645500000000000185e+00
1.993700000000000045e+03 6.693100000000000271e+00
2.025599999999999909e+03 6.740400000000000169e+00
2.059000000000000000e+03 6.787300000000000111e+00
2.093699999999999818e+03 6.833999999999999631e+00
2.130699999999999818e+03 6.881099999999999994e+00
2.170900000000000091e+03 6.928799999999999848e+00
2.213800000000000182e+03 6.977199999999999847e+00
2.258500000000000000e+03 7.025299999999999656e+00
2.303699999999999818e+03 7.072400000000000020e+00
2.348699999999999818e+03 7.118199999999999861e+00
2.393599999999999909e+03 7.162799999999999834e+00
2.437000000000000000e+03 7.206599999999999895e+00
2.481500000000000000e+03 7.249699999999999811e+00
2.524300000000000182e+03 7.290700000000000180e+00
2.565400000000000091e+03 7.329500000000000348e+00
2.604199999999999818e+03 7.366600000000000037e+00
2.642599999999999909e+03 7.402000000000000135e+00
2.680099999999999909e+03 7.435599999999999987e+00
2.717099999999999909e+03 7.467500000000000249e+00
2.752599999999999909e+03 7.497499999999999609e+00
2.786800000000000182e+03 7.525800000000000267e+00
2.820099999999999909e+03 7.552599999999999980e+00
2.852599999999999909e+03 7.578000000000000291e+00
2.884400000000000091e+03 7.602100000000000080e+00
2.915699999999999818e+03 7.625300000000000189e+00
2.946500000000000000e+03 7.647400000000000198e+00
2.977099999999999909e+03 7.668599999999999639e+00
3.007099999999999909e+03 7.689000000000000057e+00
3.036900000000000091e+03 7.708700000000000330e+00
3.066500000000000000e+03 7.727899999999999991e+00
3.096000000000000000e+03 7.746699999999999697e+00
3.125199999999999818e+03 7.764999999999999680e+00
3.153800000000000182e+03 7.782700000000000173e+00
3.181699999999999818e+03 7.799900000000000055e+00
3.208699999999999818e+03 7.816600000000000215e+00
3.234699999999999818e+03 7.832900000000000418e+00
3.259199999999999818e+03 7.848600000000000243e+00
3.281900000000000091e+03 7.863699999999999690e+00
3.302800000000000182e+03 7.878099999999999881e+00
3.321300000000000182e+03 7.892000000000000348e+00
3.337900000000000091e+03 7.905300000000000438e+00
3.352599999999999909e+03 7.918099999999999916e+00
3.365800000000000182e+03 7.930299999999999905e+00
3.377099999999999909e+03 7.942099999999999937e+00
3.387199999999999818e+03 7.953400000000000247e+00
3.396400000000000091e+03 7.964500000000000135e+00
3.404800000000000182e+03 7.975200000000000067e+00
3.412400000000000091e+03 7.985800000000000232e+00
3.419500000000000000e+03 7.996100000000000207e+00
3.426300000000000182e+03 8.006299999999999528e+00
3.432900000000000091e+03 8.016400000000000858e+00
3.439199999999999818e+03 8.026199999999999335e+00
3.445400000000000091e+03 8.035899999999999821e+00
3.451599999999999909e+03 8.045500000000000540e+00
3.457699999999999818e+03 8.054899999999999949e+00
3.463699999999999818e+03 8.064199999999999591e+00
3.469699999999999818e+03 8.073399999999999466e+00
3.475699999999999818e+03 8.082399999999999807e+00
3.481599999999999909e+03 8.091300000000000381e+00
3.487500000000000000e+03 8.100099999999999412e+00
3.493300000000000182e+03 8.108700000000000685e+00
3.498900000000000091e+03 8.117100000000000648e+00
3.504500000000000000e+03 8.125400000000000844e+00
3.510000000000000000e+03 8.133599999999999497e+00
3.515400000000000091e+03 8.141500000000000625e+00
3.520699999999999818e+03 8.149300000000000210e+00
3.525800000000000182e+03 8.156900000000000261e+00
3.530800000000000182e+03 8.164300000000000779e+00
3.535599999999999909e+03 8.171499999999999986e+00
3.540300000000000182e+03 8.178499999999999659e+00
3.545000000000000000e+03 8.185299999999999798e+00
3.549900000000000091e+03 8.192000000000000171e+00
3.554800000000000182e+03 8.198600000000000776e+00
3.559900000000000091e+03 8.205199999999999605e+00
3.565099999999999909e+03 8.211800000000000210e+00
3.570400000000000091e+03 8.218299999999999272e+00
3.575699999999999818e+03 8.224800000000000111e+00
3.581000000000000000e+03 8.231299999999999173e+00
3.586400000000000091e+03 8.237800000000000011e+00
3.591800000000000182e+03 8.244199999999999307e+00
3.597199999999999818e+03 8.250600000000000378e+00
3.602400000000000091e+03 8.256899999999999906e+00
3.607500000000000000e+03 8.263099999999999667e+00
3.612300000000000182e+03 8.269099999999999895e+00
3.616900000000000091e+03 8.275000000000000355e+00
3.621099999999999909e+03 8.280699999999999505e+00
3.625099999999999909e+03 8.286099999999999355e+00
3.628699999999999818e+03 8.291199999999999903e+00
3.631900000000000091e+03 8.296099999999999142e+00
3.634900000000000091e+03 8.300700000000000855e+00
3.637500000000000000e+03 8.304999999999999716e+00
3.639900000000000091e+03 8.308999999999999275e+00
3.642000000000000000e+03 8.312699999999999534e+00
3.643699999999999818e+03 8.316100000000000492e+00
3.645300000000000182e+03 8.319300000000000139e+00
3.646599999999999909e+03 8.322100000000000719e+00
3.647699999999999818e+03 8.324699999999999989e+00
3.648500000000000000e+03 8.326999999999999957e+00
3.649199999999999818e+03 8.329100000000000392e+00
3.649599999999999909e+03 8.330899999999999750e+00
3.649900000000000091e+03 8.332499999999999574e+00
3.650000000000000000e+03 8.333800000000000097e+00
