6.932599999999999909e+02 9.938100000000000378e+00
6.955299999999999727e+02 9.780599999999999739e+00
6.455399999999999636e+02 9.665900000000000603e+00
6.548600000000000136e+02 9.633200000000000429e+00
6.731699999999999591e+02 9.643599999999999284e+00
6.891799999999999500e+02 9.667400000000000659e+00
7.022699999999999818e+02 9.695100000000000051e+00
7.127899999999999636e+02 9.722799999999999443e+00
7.212799999999999727e+02 9.748900000000000787e+00
7.281699999999999591e+02 9.772800000000000153e+00
7.338300000000000409e+02 9.794299999999999784e+00
7.385399999999999636e+02 9.813800000000000523e+00
7.425199999999999818e+02 9.831400000000000361e+00
7.458999999999999773e+02 9.847300000000000608e+00
7.487999999999999545e+02 9.861599999999999255e+00
7.513099999999999454e+02 9.874599999999999156e+00
7.535000000000000000e+02 9.886499999999999844e+00
7.554099999999999682e+02 9.897199999999999775e+00
7.570800000000000409e+02 9.907000000000000028e+00
7.585599999999999454e+02 9.915900000000000603e+00
7.598700000000000045e+02 9.923999999999999488e+00
7.610399999999999636e+02 9.931499999999999773e+00
7.620800000000000409e+02 9.938299999999999912e+00
7.630199999999999818e+02 9.944499999999999673e+00
7.638600000000000136e+02 9.950200000000000600e+00
7.646200000000000045e+02 9.955500000000000682e+00
7.653099999999999454e+02 9.960399999999999920e+00
7.659299999999999500e+02 9.964900000000000091e+00
7.665000000000000000e+02 9.968999999999999417e+00
7.670099999999999909e+02 9.972799999999999443e+00
7.674800000000000182e+02 9.976300000000000168e+00
7.679099999999999682e+02 9.979599999999999582e+00
7.682999999999999545e+02 9.982599999999999696e+00
7.686499999999999773e+02 9.985400000000000276e+00
7.689800000000000182e+02 9.987899999999999778e+00
7.692699999999999818e+02 9.990299999999999514e+00
7.695499999999999545e+02 9.992499999999999716e+00
7.697899999999999636e+02 9.994600000000000151e+00
7.700199999999999818e+02 9.996499999999999275e+00
7.702300000000000182e+02 9.998200000000000642e+00
7.704099999999999682e+02 9.999900000000000233e+00
7.705900000000000318e+02 1.000099999999999945e+01
7.707400000000000091e+02 1.000300000000000011e+01
7.708899999999999864e+02 1.000399999999999956e+01
7.710199999999999818e+02 1.000500000000000078e+01
7.711399999999999864e+02 1.000600000000000023e+01
7.712500000000000000e+02 1.000699999999999967e+01
7.713500000000000227e+02 1.000799999999999912e+01
7.714299999999999500e+02 1.000900000000000034e+01
7.715199999999999818e+02 1.000999999999999979e+01
7.715900000000000318e+02 1.001099999999999923e+01
7.716599999999999682e+02 1.001099999999999923e+01
7.717200000000000273e+02 1.001200000000000045e+01
7.717699999999999818e+02 1.001299999999999990e+01
7.718200000000000500e+02 1.001299999999999990e+01
7.718700000000000045e+02 1.001399999999999935e+01
7.719099999999999682e+02 1.001399999999999935e+01
7.719400000000000546e+02 1.001500000000000057e+01
7.719800000000000182e+02 1.001500000000000057e+01
7.720099999999999909e+02 1.001500000000000057e+01
7.720299999999999727e+02 1.001600000000000001e+01
7.720599999999999454e+02 1.001600000000000001e+01
7.720800000000000409e+02 1.001600000000000001e+01
7.721000000000000227e+02 1.001699999999999946e+01
7.721100000000000136e+02 1.001699999999999946e+01
7.721299999999999955e+02 1.001699999999999946e+01
7.721399999999999864e+02 1.001699999999999946e+01
7.721499999999999773e+02 1.001699999999999946e+01
7.721599999999999682e+02 1.001800000000000068e+01
7.721699999999999591e+02 1.001800000000000068e+01
7.721799999999999500e+02 1.001800000000000068e+01
7.721799999999999500e+02 1.001800000000000068e+01
7.721900000000000546e+02 1.001800000000000068e+01
7.721900000000000546e+02 1.001800000000000068e+01
7.721599999999999682e+02 1.001800000000000068e+01
7.721100000000000136e+02 1.001800000000000068e+01
7.720599999999999454e+02 1.001800000000000068e+01
7.719900000000000091e+02 1.001800000000000068e+01
7.719199999999999591e+02 1.001800000000000068e+01
7.718500000000000227e+02 1.001800000000000068e+01
7.717699999999999818e+02 1.001800000000000068e+01
7.716900000000000546e+02 1.001699999999999946e+01
7.716000000000000227e+02 1.001699999999999946e+01
7.715099999999999909e+02 1.001699999999999946e+01
7.714299999999999500e+02 1.001600000000000001e+01
7.713400000000000318e+02 1.001600000000000001e+01
7.712400000000000091e+02 1.001600000000000001e+01
7.711499999999999773e+02 1.001500000000000057e+01
7.710499999999999545e+02 1.001500000000000057e+01
7.709600000000000364e+02 1.001500000000000057e+01
7.708600000000000136e+02 1.001399999999999935e+01
7.707599999999999909e+02 1.001399999999999935e+01
7.706599999999999682e+02 1.001399999999999935e+01
7.705599999999999454e+02 1.001299999999999990e+01
7.704600000000000364e+02 1.001299999999999990e+01
7.703600000000000136e+02 1.001200000000000045e+01
7.702599999999999909e+02 1.001200000000000045e+01
7.701399999999999864e+02 1.001200000000000045e+01
7.699700000000000273e+02 1.001099999999999923e+01
7.697500000000000000e+02 1.000999999999999979e+01
7.695099999999999909e+02 1.000999999999999979e+01
7.692599999999999909e+02 1.000900000000000034e+01
7.689900000000000091e+02 1.000799999999999912e+01
7.687100000000000364e+02 1.000699999999999967e+01
7.684199999999999591e+02 1.000600000000000023e+01
7.681200000000000045e+02 1.000500000000000078e+01
7.678300000000000409e+02 1.000300000000000011e+01
7.675199999999999818e+02 1.000200000000000067e+01
7.672100000000000364e+02 1.000099999999999945e+01
7.668999999999999773e+02 9.999800000000000466e+00
7.665900000000000318e+02 9.998499999999999943e+00
7.662699999999999818e+02 9.997199999999999420e+00
7.659500000000000455e+02 9.995900000000000674e+00
7.656299999999999955e+02 9.994600000000000151e+00
7.653099999999999454e+02 9.993299999999999628e+00
7.649900000000000091e+02 9.992000000000000881e+00
7.646799999999999500e+02 9.990600000000000591e+00
7.643700000000000045e+02 9.989300000000000068e+00
7.640800000000000409e+02 9.987999999999999545e+00
7.637799999999999727e+02 9.986800000000000566e+00
7.635000000000000000e+02 9.985500000000000043e+00
7.632599999999999909e+02 9.984299999999999287e+00
7.633600000000000136e+02 9.983700000000000685e+00
7.636900000000000546e+02 9.983900000000000219e+00
7.641499999999999773e+02 9.984500000000000597e+00
7.646900000000000546e+02 9.985699999999999577e+00
7.652999999999999545e+02 9.987099999999999866e+00
7.659600000000000364e+02 9.989000000000000767e+00
7.666699999999999591e+02 9.991099999999999426e+00
7.674099999999999682e+02 9.993399999999999395e+00
7.681799999999999500e+02 9.996000000000000441e+00
7.689800000000000182e+02 9.998799999999999244e+00
7.697999999999999545e+02 1.000200000000000067e+01
7.706499999999999773e+02 1.000500000000000078e+01
7.715099999999999909e+02 1.000799999999999912e+01
7.723899999999999864e+02 1.001200000000000045e+01
7.732799999999999727e+02 1.001500000000000057e+01
7.741900000000000546e+02 1.001900000000000013e+01
7.751100000000000136e+02 1.002299999999999969e+01
7.760499999999999545e+02 1.002699999999999925e+01
7.770000000000000000e+02 1.003100000000000058e+01
7.779600000000000364e+02 1.003500000000000014e+01
7.789299999999999500e+02 1.003899999999999970e+01
7.799099999999999682e+02 1.004400000000000048e+01
7.808999999999999773e+02 1.004800000000000004e+01
7.818899999999999864e+02 1.005300000000000082e+01
7.828300000000000409e+02 1.005700000000000038e+01
7.837400000000000091e+02 1.006099999999999994e+01
7.846200000000000045e+02 1.006600000000000072e+01
7.855000000000000000e+02 1.007000000000000028e+01
7.863700000000000045e+02 1.007399999999999984e+01
7.872500000000000000e+02 1.007900000000000063e+01
7.881100000000000136e+02 1.008300000000000018e+01
7.889800000000000182e+02 1.008699999999999974e+01
7.898500000000000227e+02 1.009200000000000053e+01
7.907200000000000273e+02 1.009600000000000009e+01
7.915900000000000318e+02 1.009999999999999964e+01
7.924600000000000364e+02 1.010399999999999920e+01
7.933300000000000409e+02 1.010899999999999999e+01
7.942100000000000364e+02 1.011299999999999955e+01
7.950800000000000409e+02 1.011700000000000088e+01
7.959600000000000364e+02 1.012199999999999989e+01
7.968400000000000318e+02 1.012599999999999945e+01
7.977200000000000273e+02 1.013000000000000078e+01
7.986100000000000136e+02 1.013499999999999979e+01
7.995000000000000000e+02 1.013899999999999935e+01
8.003899999999999864e+02 1.014300000000000068e+01
8.012899999999999636e+02 1.014799999999999969e+01
8.021900000000000546e+02 1.015199999999999925e+01
8.030700000000000500e+02 1.015700000000000003e+01
8.038200000000000500e+02 1.016099999999999959e+01
8.044800000000000182e+02 1.016499999999999915e+01
8.050800000000000409e+02 1.016799999999999926e+01
8.056299999999999955e+02 1.017200000000000060e+01
8.061699999999999591e+02 1.017500000000000071e+01
8.066900000000000546e+02 1.017900000000000027e+01
8.071900000000000546e+02 1.018200000000000038e+01
8.076900000000000546e+02 1.018500000000000050e+01
8.081799999999999500e+02 1.018800000000000061e+01
8.086599999999999682e+02 1.019100000000000072e+01
8.091299999999999955e+02 1.019400000000000084e+01
8.095900000000000318e+02 1.019699999999999918e+01
8.100499999999999545e+02 1.019899999999999984e+01
8.104900000000000091e+02 1.020199999999999996e+01
8.109199999999999591e+02 1.020500000000000007e+01
8.113500000000000227e+02 1.020700000000000074e+01
8.117699999999999818e+02 1.021000000000000085e+01
8.121799999999999500e+02 1.021199999999999974e+01
8.125900000000000318e+02 1.021499999999999986e+01
8.130000000000000000e+02 1.021700000000000053e+01
8.133899999999999864e+02 1.022000000000000064e+01
8.137899999999999636e+02 1.022199999999999953e+01
8.141799999999999500e+02 1.022499999999999964e+01
8.146200000000000045e+02 1.022700000000000031e+01
8.156399999999999864e+02 1.023000000000000043e+01
8.170800000000000409e+02 1.023499999999999943e+01
8.187699999999999818e+02 1.024000000000000021e+01
8.206299999999999955e+02 1.024600000000000044e+01
8.226100000000000136e+02 1.025300000000000011e+01
8.247000000000000455e+02 1.026099999999999923e+01
8.268600000000000136e+02 1.026900000000000013e+01
8.290700000000000500e+02 1.027699999999999925e+01
8.313500000000000227e+02 1.028599999999999959e+01
8.336699999999999591e+02 1.029499999999999993e+01
8.360199999999999818e+02 1.030400000000000027e+01
8.384099999999999682e+02 1.031400000000000006e+01
8.408200000000000500e+02 1.032300000000000040e+01
8.432699999999999818e+02 1.033300000000000018e+01
8.457300000000000182e+02 1.034299999999999997e+01
8.482300000000000182e+02 1.035399999999999920e+01
8.507500000000000000e+02 1.036400000000000077e+01
8.532400000000000091e+02 1.037500000000000000e+01
8.557599999999999909e+02 1.038599999999999923e+01
8.582899999999999636e+02 1.039700000000000024e+01
8.608500000000000227e+02 1.040799999999999947e+01
8.633899999999999864e+02 1.041900000000000048e+01
8.659400000000000546e+02 1.043099999999999916e+01
8.685499999999999545e+02 1.044200000000000017e+01
8.717400000000000091e+02 1.045400000000000063e+01
8.753700000000000045e+02 1.046799999999999997e+01
8.792400000000000091e+02 1.048300000000000054e+01
8.832799999999999727e+02 1.049799999999999933e+01
8.874299999999999500e+02 1.051399999999999935e+01
8.916799999999999500e+02 1.053100000000000058e+01
8.959900000000000091e+02 1.054800000000000004e+01
9.003700000000000045e+02 1.056600000000000072e+01
9.048099999999999454e+02 1.058300000000000018e+01
9.092899999999999636e+02 1.060200000000000031e+01
9.138099999999999454e+02 1.061999999999999922e+01
9.183700000000000045e+02 1.063899999999999935e+01
9.229199999999999591e+02 1.065799999999999947e+01
9.274700000000000273e+02 1.067699999999999960e+01
9.320299999999999727e+02 1.069500000000000028e+01
9.365800000000000409e+02 1.071400000000000041e+01
9.411399999999999864e+02 1.073300000000000054e+01
9.456699999999999591e+02 1.075200000000000067e+01
9.501799999999999500e+02 1.077100000000000080e+01
9.547000000000000455e+02 1.078999999999999915e+01
9.592100000000000364e+02 1.080899999999999928e+01
9.637400000000000091e+02 1.082799999999999940e+01
9.682200000000000273e+02 1.084699999999999953e+01
9.725900000000000318e+02 1.086599999999999966e+01
9.770000000000000000e+02 1.088400000000000034e+01
9.814700000000000273e+02 1.090300000000000047e+01
9.859400000000000546e+02 1.092200000000000060e+01
9.903899999999999864e+02 1.094100000000000072e+01
9.948400000000000318e+02 1.095899999999999963e+01
9.992799999999999727e+02 1.097799999999999976e+01
1.003700000000000045e+03 1.099699999999999989e+01
1.008100000000000023e+03 1.101500000000000057e+01
1.012399999999999977e+03 1.103400000000000070e+01
1.016399999999999977e+03 1.105300000000000082e+01
1.020399999999999977e+03 1.107300000000000040e+01
1.024500000000000000e+03 1.109200000000000053e+01
1.028500000000000000e+03 1.111100000000000065e+01
1.032500000000000000e+03 1.112899999999999956e+01
1.036500000000000000e+03 1.114799999999999969e+01
1.040500000000000000e+03 1.116600000000000037e+01
1.044500000000000000e+03 1.118500000000000050e+01
1.048400000000000091e+03 1.120299999999999940e+01
1.052400000000000091e+03 1.122100000000000009e+01
1.056299999999999955e+03 1.123900000000000077e+01
1.060200000000000045e+03 1.125699999999999967e+01
1.064200000000000045e+03 1.127500000000000036e+01
1.068099999999999909e+03 1.129199999999999982e+01
1.072099999999999909e+03 1.131000000000000050e+01
1.076299999999999955e+03 1.132799999999999940e+01
1.080700000000000045e+03 1.134600000000000009e+01
1.085500000000000000e+03 1.136400000000000077e+01
1.090599999999999909e+03 1.138299999999999912e+01
1.095900000000000091e+03 1.140199999999999925e+01
1.101500000000000000e+03 1.142200000000000060e+01
1.107099999999999909e+03 1.144100000000000072e+01
1.112799999999999955e+03 1.146000000000000085e+01
1.118599999999999909e+03 1.148000000000000043e+01
1.124299999999999955e+03 1.150000000000000000e+01
1.129900000000000091e+03 1.151999999999999957e+01
1.135599999999999909e+03 1.153999999999999915e+01
1.141400000000000091e+03 1.155899999999999928e+01
1.147200000000000045e+03 1.157900000000000063e+01
1.153200000000000045e+03 1.159900000000000020e+01
1.159000000000000000e+03 1.161899999999999977e+01
1.164900000000000091e+03 1.163899999999999935e+01
1.170900000000000091e+03 1.165900000000000070e+01
1.176900000000000091e+03 1.167800000000000082e+01
1.183000000000000000e+03 1.169800000000000040e+01
1.189099999999999909e+03 1.171799999999999997e+01
1.195299999999999955e+03 1.173700000000000010e+01
1.201599999999999909e+03 1.175699999999999967e+01
1.207799999999999955e+03 1.177599999999999980e+01
1.214299999999999955e+03 1.179599999999999937e+01
1.221500000000000000e+03 1.181700000000000017e+01
1.229299999999999955e+03 1.183799999999999919e+01
1.237700000000000045e+03 1.186100000000000065e+01
1.246599999999999909e+03 1.188400000000000034e+01
1.255700000000000045e+03 1.190700000000000003e+01
1.265200000000000045e+03 1.193099999999999916e+01
1.275400000000000091e+03 1.195599999999999952e+01
1.286400000000000091e+03 1.198199999999999932e+01
1.298099999999999909e+03 1.200900000000000034e+01
1.310799999999999955e+03 1.203800000000000026e+01
1.325200000000000045e+03 1.206799999999999962e+01
1.341299999999999955e+03 1.210100000000000087e+01
1.359000000000000000e+03 1.213700000000000045e+01
1.378000000000000000e+03 1.217500000000000071e+01
1.398799999999999955e+03 1.221599999999999930e+01
1.419700000000000045e+03 1.225699999999999967e+01
1.440500000000000000e+03 1.229899999999999949e+01
1.460799999999999955e+03 1.234099999999999930e+01
1.478099999999999909e+03 1.238000000000000078e+01
1.498099999999999909e+03 1.242099999999999937e+01
1.517500000000000000e+03 1.246299999999999919e+01
1.535900000000000091e+03 1.250399999999999956e+01
1.553599999999999909e+03 1.254499999999999993e+01
1.571000000000000000e+03 1.258500000000000085e+01
1.588500000000000000e+03 1.262599999999999945e+01
1.606599999999999909e+03 1.266499999999999915e+01
1.624500000000000000e+03 1.270400000000000063e+01
1.642599999999999909e+03 1.274300000000000033e+01
1.660200000000000045e+03 1.278200000000000003e+01
1.678299999999999955e+03 1.282199999999999918e+01
1.696700000000000045e+03 1.286200000000000010e+01
1.715400000000000091e+03 1.290199999999999925e+01
1.734400000000000091e+03 1.294200000000000017e+01
1.753400000000000091e+03 1.298099999999999987e+01
1.772500000000000000e+03 1.301999999999999957e+01
1.792799999999999955e+03 1.305599999999999916e+01
1.814400000000000091e+03 1.308999999999999986e+01
1.836099999999999909e+03 1.312299999999999933e+01
1.859200000000000045e+03 1.315399999999999991e+01
1.882299999999999955e+03 1.318299999999999983e+01
1.907099999999999909e+03 1.320899999999999963e+01
1.933599999999999909e+03 1.323300000000000054e+01
1.961200000000000045e+03 1.325500000000000078e+01
1.990700000000000045e+03 1.327599999999999980e+01
2.021799999999999955e+03 1.329599999999999937e+01
2.054300000000000182e+03 1.331499999999999950e+01
2.087500000000000000e+03 1.333399999999999963e+01
2.118000000000000000e+03 1.335100000000000087e+01
2.150800000000000182e+03 1.336800000000000033e+01
2.185500000000000000e+03 1.338499999999999979e+01
2.222199999999999818e+03 1.340300000000000047e+01
2.259900000000000091e+03 1.342099999999999937e+01
2.297800000000000182e+03 1.343900000000000006e+01
2.335699999999999818e+03 1.345800000000000018e+01
2.372000000000000000e+03 1.347799999999999976e+01
2.406400000000000091e+03 1.349799999999999933e+01
2.439099999999999909e+03 1.351900000000000013e+01
2.469900000000000091e+03 1.354100000000000037e+01
2.498300000000000182e+03 1.356400000000000006e+01
2.527500000000000000e+03 1.358600000000000030e+01
2.561699999999999818e+03 1.361400000000000077e+01
2.589900000000000091e+03 1.363899999999999935e+01
2.615199999999999818e+03 1.366399999999999970e+01
2.638900000000000091e+03 1.368699999999999939e+01
2.661699999999999818e+03 1.371100000000000030e+01
2.683699999999999818e+03 1.373399999999999999e+01
2.705300000000000182e+03 1.375600000000000023e+01
2.727400000000000091e+03 1.377899999999999991e+01
2.749400000000000091e+03 1.380199999999999960e+01
2.771199999999999818e+03 1.382499999999999929e+01
2.793199999999999818e+03 1.384900000000000020e+01
2.816699999999999818e+03 1.387299999999999933e+01
2.841500000000000000e+03 1.390000000000000036e+01
2.866199999999999818e+03 1.392600000000000016e+01
2.890900000000000091e+03 1.395400000000000063e+01
2.915699999999999818e+03 1.398099999999999987e+01
2.940300000000000182e+03 1.400900000000000034e+01
2.965099999999999909e+03 1.403700000000000081e+01
2.990099999999999909e+03 1.406600000000000072e+01
3.014699999999999818e+03 1.409399999999999942e+01
3.038800000000000182e+03 1.412199999999999989e+01
3.062500000000000000e+03 1.415000000000000036e+01
3.086000000000000000e+03 1.417800000000000082e+01
3.110199999999999818e+03 1.420700000000000074e+01
3.135300000000000182e+03 1.423700000000000010e+01
3.161099999999999909e+03 1.426800000000000068e+01
3.187400000000000091e+03 1.430000000000000071e+01
3.214199999999999818e+03 1.433200000000000074e+01
3.241099999999999909e+03 1.436599999999999966e+01
3.268000000000000000e+03 1.439899999999999913e+01
3.296800000000000182e+03 1.443399999999999928e+01
3.326400000000000091e+03 1.447000000000000064e+01
3.352500000000000000e+03 1.450500000000000078e+01
3.373300000000000182e+03 1.453599999999999959e+01
3.395599999999999909e+03 1.456600000000000072e+01
3.416300000000000182e+03 1.459500000000000064e+01
3.434800000000000182e+03 1.462100000000000044e+01
3.452000000000000000e+03 1.464600000000000080e+01
3.461800000000000182e+03 1.466600000000000037e+01
3.465199999999999818e+03 1.467900000000000027e+01
3.469000000000000000e+03 1.468999999999999950e+01
3.470099999999999909e+03 1.469800000000000040e+01
3.468500000000000000e+03 1.470400000000000063e+01
3.472000000000000000e+03 1.471199999999999974e+01
3.483900000000000091e+03 1.472300000000000075e+01
3.492900000000000091e+03 1.473099999999999987e+01
3.494500000000000000e+03 1.473600000000000065e+01
3.495199999999999818e+03 1.474099999999999966e+01
3.497699999999999818e+03 1.474600000000000044e+01
3.501699999999999818e+03 1.475200000000000067e+01
3.506300000000000182e+03 1.475900000000000034e+01
3.511300000000000182e+03 1.476500000000000057e+01
3.516300000000000182e+03 1.477200000000000024e+01
3.521400000000000091e+03 1.477800000000000047e+01
3.526599999999999909e+03 1.478400000000000070e+01
3.531800000000000182e+03 1.479100000000000037e+01
3.537000000000000000e+03 1.479700000000000060e+01
3.542199999999999818e+03 1.480400000000000027e+01
3.547400000000000091e+03 1.481000000000000050e+01
3.552199999999999818e+03 1.481600000000000072e+01
3.557000000000000000e+03 1.482199999999999918e+01
3.561699999999999818e+03 1.482799999999999940e+01
3.566000000000000000e+03 1.483399999999999963e+01
3.570099999999999909e+03 1.483900000000000041e+01
3.573900000000000091e+03 1.484399999999999942e+01
3.577400000000000091e+03 1.484900000000000020e+01
3.580800000000000182e+03 1.485299999999999976e+01
3.584000000000000000e+03 1.485800000000000054e+01
3.587099999999999909e+03 1.486200000000000010e+01
3.590000000000000000e+03 1.486599999999999966e+01
3.592800000000000182e+03 1.486999999999999922e+01
3.595599999999999909e+03 1.487299999999999933e+01
3.598599999999999909e+03 1.487700000000000067e+01
3.607099999999999909e+03 1.488400000000000034e+01
3.614000000000000000e+03 1.489100000000000001e+01
3.620300000000000182e+03 1.489799999999999969e+01
3.626300000000000182e+03 1.490399999999999991e+01
3.632099999999999909e+03 1.491099999999999959e+01
3.637599999999999909e+03 1.491699999999999982e+01
3.643099999999999909e+03 1.492399999999999949e+01
3.648400000000000091e+03 1.492999999999999972e+01
3.653599999999999909e+03 1.493599999999999994e+01
3.658500000000000000e+03 1.494200000000000017e+01
3.661800000000000182e+03 1.494699999999999918e+01
3.664000000000000000e+03 1.495100000000000051e+01
3.665500000000000000e+03 1.495500000000000007e+01
3.666300000000000182e+03 1.495700000000000074e+01
3.666699999999999818e+03 1.495899999999999963e+01
