8.099800000000000182e+02 1.818100000000000049e+00
9.164500000000000455e+02 1.671799999999999953e+00
7.982300000000000182e+02 1.712800000000000100e+00
7.969400000000000546e+02 1.753100000000000103e+00
8.003700000000000045e+02 1.769600000000000062e+00
8.002300000000000182e+02 1.777300000000000102e+00
7.982699999999999818e+02 1.780299999999999994e+00
7.952400000000000091e+02 1.779900000000000038e+00
7.912899999999999636e+02 1.776999999999999913e+00
7.866499999999999773e+02 1.772299999999999986e+00
7.815399999999999636e+02 1.766299999999999981e+00
7.762100000000000364e+02 1.759400000000000075e+00
7.708600000000000136e+02 1.752099999999999991e+00
7.656799999999999500e+02 1.744599999999999929e+00
7.607899999999999636e+02 1.737300000000000066e+00
7.562899999999999636e+02 1.730399999999999938e+00
7.522300000000000182e+02 1.723999999999999977e+00
7.486499999999999773e+02 1.718099999999999961e+00
7.455499999999999545e+02 1.712900000000000089e+00
7.429299999999999500e+02 1.708399999999999919e+00
7.407500000000000000e+02 1.704499999999999904e+00
7.390099999999999909e+02 1.701300000000000034e+00
7.376499999999999773e+02 1.698700000000000099e+00
7.365800000000000409e+02 1.696700000000000097e+00
7.357999999999999545e+02 1.695400000000000018e+00
7.353500000000000227e+02 1.694499999999999895e+00
7.351900000000000546e+02 1.693999999999999950e+00
7.352599999999999909e+02 1.693899999999999961e+00
7.355399999999999636e+02 1.694099999999999939e+00
7.359900000000000091e+02 1.694499999999999895e+00
7.365800000000000409e+02 1.695200000000000040e+00
7.372799999999999727e+02 1.695999999999999952e+00
7.380700000000000500e+02 1.696900000000000075e+00
7.389299999999999500e+02 1.697999999999999954e+00
7.398500000000000227e+02 1.699100000000000055e+00
7.407999999999999545e+02 1.700299999999999923e+00
7.417699999999999818e+02 1.701500000000000012e+00
7.427599999999999909e+02 1.702800000000000091e+00
7.437500000000000000e+02 1.704099999999999948e+00
7.447400000000000091e+02 1.705400000000000027e+00
7.457200000000000273e+02 1.706599999999999895e+00
7.466799999999999500e+02 1.707899999999999974e+00
7.476100000000000136e+02 1.709100000000000064e+00
7.484800000000000182e+02 1.710399999999999920e+00
7.493400000000000318e+02 1.711600000000000010e+00
7.501699999999999591e+02 1.712900000000000089e+00
7.509700000000000273e+02 1.714099999999999957e+00
7.517500000000000000e+02 1.715200000000000058e+00
7.525099999999999909e+02 1.716399999999999926e+00
7.532300000000000182e+02 1.717500000000000027e+00
7.539199999999999591e+02 1.718499999999999917e+00
7.545900000000000318e+02 1.719500000000000028e+00
7.552200000000000273e+02 1.720499999999999918e+00
7.558300000000000409e+02 1.721400000000000041e+00
7.564099999999999682e+02 1.722299999999999942e+00
7.569600000000000364e+02 1.723200000000000065e+00
7.574800000000000182e+02 1.723999999999999977e+00
7.579800000000000182e+02 1.724800000000000111e+00
7.584500000000000455e+02 1.725500000000000034e+00
7.588999999999999773e+02 1.726199999999999957e+00
7.593200000000000500e+02 1.726799999999999891e+00
7.597200000000000273e+02 1.727500000000000036e+00
7.601000000000000227e+02 1.728099999999999969e+00
7.604500000000000455e+02 1.728599999999999914e+00
7.607899999999999636e+02 1.729100000000000081e+00
7.611000000000000227e+02 1.729600000000000026e+00
7.613999999999999773e+02 1.730099999999999971e+00
7.616799999999999500e+02 1.730499999999999927e+00
7.619400000000000546e+02 1.730900000000000105e+00
7.621900000000000546e+02 1.731300000000000061e+00
7.624199999999999591e+02 1.731700000000000017e+00
7.626399999999999864e+02 1.731999999999999984e+00
7.628500000000000227e+02 1.732399999999999940e+00
7.630399999999999636e+02 1.732699999999999907e+00
7.632200000000000273e+02 1.732900000000000107e+00
7.633799999999999955e+02 1.733200000000000074e+00
7.635399999999999636e+02 1.733500000000000041e+00
7.636900000000000546e+02 1.733700000000000019e+00
7.638200000000000500e+02 1.733899999999999997e+00
7.639500000000000455e+02 1.734099999999999975e+00
7.640700000000000500e+02 1.734299999999999953e+00
7.641799999999999500e+02 1.734499999999999931e+00
7.642899999999999636e+02 1.734599999999999920e+00
7.643799999999999955e+02 1.734799999999999898e+00
7.644700000000000273e+02 1.734900000000000109e+00
7.645399999999999636e+02 1.735100000000000087e+00
7.646100000000000136e+02 1.735200000000000076e+00
7.646699999999999591e+02 1.735300000000000065e+00
7.647200000000000273e+02 1.735400000000000054e+00
7.647599999999999909e+02 1.735500000000000043e+00
7.647999999999999545e+02 1.735600000000000032e+00
7.648300000000000409e+02 1.735700000000000021e+00
7.648600000000000136e+02 1.735700000000000021e+00
7.648799999999999955e+02 1.735800000000000010e+00
7.648899999999999864e+02 1.735800000000000010e+00
7.648999999999999773e+02 1.735899999999999999e+00
7.648999999999999773e+02 1.735899999999999999e+00
7.648999999999999773e+02 1.735899999999999999e+00
7.648899999999999864e+02 1.735899999999999999e+00
7.648799999999999955e+02 1.735899999999999999e+00
7.648600000000000136e+02 1.735899999999999999e+00
7.648400000000000318e+02 1.735899999999999999e+00
7.648099999999999454e+02 1.735899999999999999e+00
7.647799999999999727e+02 1.735899999999999999e+00
7.647500000000000000e+02 1.735899999999999999e+00
7.647100000000000364e+02 1.735800000000000010e+00
7.646699999999999591e+02 1.735800000000000010e+00
7.646200000000000045e+02 1.735800000000000010e+00
7.645700000000000500e+02 1.735700000000000021e+00
7.645000000000000000e+02 1.735600000000000032e+00
7.644299999999999500e+02 1.735600000000000032e+00
7.643500000000000227e+02 1.735500000000000043e+00
7.642799999999999727e+02 1.735500000000000043e+00
7.642200000000000273e+02 1.735400000000000054e+00
7.641499999999999773e+02 1.735400000000000054e+00
7.640900000000000318e+02 1.735400000000000054e+00
7.640299999999999727e+02 1.735300000000000065e+00
7.639600000000000364e+02 1.735300000000000065e+00
7.638999999999999773e+02 1.735300000000000065e+00
7.638400000000000318e+02 1.735200000000000076e+00
7.637699999999999818e+02 1.735200000000000076e+00
7.637000000000000455e+02 1.735200000000000076e+00
7.636299999999999955e+02 1.735100000000000087e+00
7.635599999999999454e+02 1.735100000000000087e+00
7.634900000000000091e+02 1.735000000000000098e+00
7.634199999999999591e+02 1.735000000000000098e+00
7.633500000000000227e+02 1.735000000000000098e+00
7.632699999999999818e+02 1.734900000000000109e+00
7.632000000000000455e+02 1.734900000000000109e+00
7.631299999999999955e+02 1.734799999999999898e+00
7.630700000000000500e+02 1.734799999999999898e+00
7.630199999999999818e+02 1.734799999999999898e+00
7.629900000000000091e+02 1.734799999999999898e+00
7.629700000000000273e+02 1.734799999999999898e+00
7.629700000000000273e+02 1.734900000000000109e+00
7.630099999999999909e+02 1.735000000000000098e+00
7.630900000000000318e+02 1.735200000000000076e+00
7.632100000000000364e+02 1.735500000000000043e+00
7.633799999999999955e+02 1.735800000000000010e+00
7.635900000000000318e+02 1.736199999999999966e+00
7.638500000000000227e+02 1.736599999999999921e+00
7.641599999999999682e+02 1.737100000000000088e+00
7.645199999999999818e+02 1.737700000000000022e+00
7.649199999999999591e+02 1.738399999999999945e+00
7.653799999999999955e+02 1.739100000000000090e+00
7.658799999999999955e+02 1.739900000000000002e+00
7.664199999999999591e+02 1.740799999999999903e+00
7.670099999999999909e+02 1.741700000000000026e+00
7.676499999999999773e+02 1.742699999999999916e+00
7.683300000000000409e+02 1.743800000000000017e+00
7.690399999999999636e+02 1.744899999999999896e+00
7.697999999999999545e+02 1.746099999999999985e+00
7.705900000000000318e+02 1.747300000000000075e+00
7.714199999999999591e+02 1.748599999999999932e+00
7.722799999999999727e+02 1.750000000000000000e+00
7.731799999999999500e+02 1.751400000000000068e+00
7.741000000000000227e+02 1.752799999999999914e+00
7.750399999999999636e+02 1.754299999999999971e+00
7.760099999999999909e+02 1.755800000000000027e+00
7.770099999999999909e+02 1.757400000000000073e+00
7.780199999999999818e+02 1.758999999999999897e+00
7.790599999999999454e+02 1.760699999999999932e+00
7.801200000000000045e+02 1.762299999999999978e+00
7.811900000000000546e+02 1.764000000000000012e+00
7.822899999999999636e+02 1.765800000000000036e+00
7.833899999999999864e+02 1.767500000000000071e+00
7.845099999999999909e+02 1.769300000000000095e+00
7.856499999999999773e+02 1.771099999999999897e+00
7.867899999999999636e+02 1.772899999999999920e+00
7.879500000000000455e+02 1.774799999999999933e+00
7.891200000000000045e+02 1.776599999999999957e+00
7.902999999999999545e+02 1.778499999999999970e+00
7.914800000000000182e+02 1.780399999999999983e+00
7.926799999999999500e+02 1.782299999999999995e+00
7.938799999999999955e+02 1.784200000000000008e+00
7.950900000000000318e+02 1.786100000000000021e+00
7.963099999999999454e+02 1.788000000000000034e+00
7.975299999999999727e+02 1.790000000000000036e+00
7.987500000000000000e+02 1.791900000000000048e+00
7.999800000000000182e+02 1.793900000000000050e+00
8.012000000000000455e+02 1.795900000000000052e+00
8.024199999999999591e+02 1.797800000000000065e+00
8.036299999999999955e+02 1.799800000000000066e+00
8.048300000000000409e+02 1.801700000000000079e+00
8.060199999999999818e+02 1.803600000000000092e+00
8.071799999999999500e+02 1.805500000000000105e+00
8.083300000000000409e+02 1.807299999999999907e+00
8.094700000000000273e+02 1.809199999999999919e+00
8.105800000000000409e+02 1.810999999999999943e+00
8.116799999999999500e+02 1.812799999999999967e+00
8.127699999999999818e+02 1.814599999999999991e+00
8.138300000000000409e+02 1.816300000000000026e+00
8.148899999999999864e+02 1.818000000000000060e+00
8.159299999999999500e+02 1.819700000000000095e+00
8.169500000000000455e+02 1.821399999999999908e+00
8.179600000000000364e+02 1.823099999999999943e+00
8.189600000000000364e+02 1.824699999999999989e+00
8.199500000000000455e+02 1.826300000000000034e+00
8.209199999999999591e+02 1.827900000000000080e+00
8.218799999999999955e+02 1.829499999999999904e+00
8.228300000000000409e+02 1.831099999999999950e+00
8.237799999999999727e+02 1.832600000000000007e+00
8.247400000000000091e+02 1.834200000000000053e+00
8.257100000000000364e+02 1.835800000000000098e+00
8.267000000000000455e+02 1.837399999999999922e+00
8.277200000000000273e+02 1.838999999999999968e+00
8.287799999999999727e+02 1.840600000000000014e+00
8.298799999999999955e+02 1.842300000000000049e+00
8.310199999999999818e+02 1.844100000000000072e+00
8.322000000000000455e+02 1.845900000000000096e+00
8.334400000000000546e+02 1.847800000000000109e+00
8.347400000000000091e+02 1.849699999999999900e+00
8.360900000000000318e+02 1.851799999999999891e+00
8.375099999999999909e+02 1.853900000000000103e+00
8.389800000000000182e+02 1.856100000000000083e+00
8.405199999999999818e+02 1.858400000000000052e+00
8.421399999999999864e+02 1.860899999999999999e+00
8.438400000000000318e+02 1.863399999999999945e+00
8.456000000000000227e+02 1.866000000000000103e+00
8.474199999999999591e+02 1.868800000000000017e+00
8.492999999999999545e+02 1.871699999999999919e+00
8.512500000000000000e+02 1.874700000000000033e+00
8.532400000000000091e+02 1.877799999999999914e+00
8.552999999999999545e+02 1.880900000000000016e+00
8.574099999999999682e+02 1.884200000000000097e+00
8.595800000000000409e+02 1.887599999999999945e+00
8.617999999999999545e+02 1.891000000000000014e+00
8.640900000000000318e+02 1.894600000000000062e+00
8.664500000000000455e+02 1.898200000000000109e+00
8.689099999999999682e+02 1.901999999999999913e+00
8.714500000000000455e+02 1.905799999999999939e+00
8.740800000000000409e+02 1.909699999999999953e+00
8.767699999999999818e+02 1.913699999999999957e+00
8.795299999999999727e+02 1.917799999999999949e+00
8.823500000000000227e+02 1.921999999999999931e+00
8.852500000000000000e+02 1.926299999999999901e+00
8.882100000000000364e+02 1.930700000000000083e+00
8.912300000000000182e+02 1.935300000000000020e+00
8.943200000000000500e+02 1.939899999999999958e+00
8.974700000000000273e+02 1.944600000000000106e+00
9.006799999999999500e+02 1.949400000000000022e+00
9.039500000000000455e+02 1.954399999999999915e+00
9.072699999999999818e+02 1.959400000000000031e+00
9.106399999999999864e+02 1.964499999999999913e+00
9.140499999999999545e+02 1.969700000000000006e+00
9.175199999999999818e+02 1.974900000000000100e+00
9.210199999999999818e+02 1.980299999999999949e+00
9.245499999999999545e+02 1.985700000000000021e+00
9.281200000000000045e+02 1.991200000000000081e+00
9.317200000000000273e+02 1.996699999999999919e+00
9.353400000000000318e+02 2.002200000000000202e+00
9.389900000000000091e+02 2.007899999999999796e+00
9.426599999999999682e+02 2.013500000000000068e+00
9.463500000000000227e+02 2.019200000000000106e+00
9.500599999999999454e+02 2.024999999999999911e+00
9.537899999999999636e+02 2.030800000000000161e+00
9.575299999999999727e+02 2.036599999999999966e+00
9.612799999999999727e+02 2.042400000000000215e+00
9.650299999999999727e+02 2.048200000000000021e+00
9.687899999999999636e+02 2.054100000000000037e+00
9.725499999999999545e+02 2.059899999999999842e+00
9.763099999999999454e+02 2.065799999999999859e+00
9.800700000000000500e+02 2.071699999999999875e+00
9.838300000000000409e+02 2.077599999999999891e+00
9.875900000000000318e+02 2.083499999999999908e+00
9.913500000000000227e+02 2.089399999999999924e+00
9.951000000000000227e+02 2.095299999999999940e+00
9.988500000000000227e+02 2.101199999999999957e+00
1.002600000000000023e+03 2.107099999999999973e+00
1.006299999999999955e+03 2.112999999999999989e+00
1.010000000000000000e+03 2.118900000000000006e+00
1.013799999999999955e+03 2.124699999999999811e+00
1.017500000000000000e+03 2.130599999999999827e+00
1.021200000000000045e+03 2.136400000000000077e+00
1.024900000000000091e+03 2.142300000000000093e+00
1.028599999999999909e+03 2.148200000000000109e+00
1.032299999999999955e+03 2.153999999999999915e+00
1.036000000000000000e+03 2.159899999999999931e+00
1.039799999999999955e+03 2.165799999999999947e+00
1.043500000000000000e+03 2.171699999999999964e+00
1.047299999999999955e+03 2.177700000000000191e+00
1.051099999999999909e+03 2.183699999999999974e+00
1.055000000000000000e+03 2.189799999999999969e+00
1.058900000000000091e+03 2.195899999999999963e+00
1.062799999999999955e+03 2.202100000000000168e+00
1.066799999999999955e+03 2.208299999999999930e+00
1.070799999999999955e+03 2.214700000000000113e+00
1.074900000000000091e+03 2.221099999999999852e+00
1.079000000000000000e+03 2.227500000000000036e+00
1.083200000000000045e+03 2.233999999999999986e+00
1.087299999999999955e+03 2.240600000000000147e+00
1.091599999999999909e+03 2.247300000000000075e+00
1.095799999999999955e+03 2.254000000000000004e+00
1.100099999999999909e+03 2.260699999999999932e+00
1.104400000000000091e+03 2.267599999999999838e+00
1.108799999999999955e+03 2.274500000000000188e+00
1.113200000000000045e+03 2.281400000000000095e+00
1.117700000000000045e+03 2.288499999999999979e+00
1.122200000000000045e+03 2.295599999999999863e+00
1.126799999999999955e+03 2.302799999999999958e+00
1.131400000000000091e+03 2.310099999999999820e+00
1.136099999999999909e+03 2.317499999999999893e+00
1.140900000000000091e+03 2.325099999999999945e+00
1.145799999999999955e+03 2.332800000000000207e+00
1.150900000000000091e+03 2.340700000000000003e+00
1.156099999999999909e+03 2.348700000000000010e+00
1.161500000000000000e+03 2.357099999999999973e+00
1.167200000000000045e+03 2.365699999999999914e+00
1.173099999999999909e+03 2.374600000000000044e+00
1.179299999999999955e+03 2.383700000000000152e+00
1.185700000000000045e+03 2.393200000000000216e+00
1.192400000000000091e+03 2.403099999999999792e+00
1.199400000000000091e+03 2.413400000000000212e+00
1.206700000000000045e+03 2.424100000000000144e+00
1.214299999999999955e+03 2.435299999999999798e+00
1.222200000000000045e+03 2.447000000000000064e+00
1.230500000000000000e+03 2.459200000000000053e+00
1.239000000000000000e+03 2.471900000000000208e+00
1.247799999999999955e+03 2.484900000000000109e+00
1.256700000000000045e+03 2.498400000000000176e+00
1.265900000000000091e+03 2.512100000000000222e+00
1.275200000000000045e+03 2.526199999999999779e+00
1.284599999999999909e+03 2.540500000000000203e+00
1.294200000000000045e+03 2.555099999999999927e+00
1.303900000000000091e+03 2.569900000000000073e+00
1.313599999999999909e+03 2.584900000000000198e+00
1.323500000000000000e+03 2.600000000000000089e+00
1.333400000000000091e+03 2.615299999999999958e+00
1.343400000000000091e+03 2.630700000000000038e+00
1.353500000000000000e+03 2.646300000000000097e+00
1.363599999999999909e+03 2.661900000000000155e+00
1.373799999999999955e+03 2.677700000000000191e+00
1.384099999999999909e+03 2.693599999999999994e+00
1.394500000000000000e+03 2.709700000000000220e+00
1.405099999999999909e+03 2.725999999999999979e+00
1.415799999999999955e+03 2.742599999999999927e+00
1.426700000000000045e+03 2.759300000000000086e+00
1.437900000000000091e+03 2.776400000000000201e+00
1.449299999999999955e+03 2.793800000000000061e+00
1.460799999999999955e+03 2.811500000000000110e+00
1.472599999999999909e+03 2.829600000000000115e+00
1.484700000000000045e+03 2.848199999999999843e+00
1.497200000000000045e+03 2.867300000000000182e+00
1.510200000000000045e+03 2.887000000000000011e+00
1.523500000000000000e+03 2.907399999999999984e+00
1.537400000000000091e+03 2.928500000000000103e+00
1.551799999999999955e+03 2.950499999999999901e+00
1.566799999999999955e+03 2.973300000000000054e+00
1.582099999999999909e+03 2.996900000000000119e+00
1.598000000000000000e+03 3.021300000000000097e+00
1.614700000000000045e+03 3.046899999999999942e+00
1.632299999999999955e+03 3.073700000000000099e+00
1.651000000000000000e+03 3.101599999999999913e+00
1.670400000000000091e+03 3.130700000000000038e+00
1.690599999999999909e+03 3.160899999999999821e+00
1.711700000000000045e+03 3.192400000000000126e+00
1.733700000000000045e+03 3.225099999999999856e+00
1.756500000000000000e+03 3.259100000000000108e+00
1.780500000000000000e+03 3.294599999999999973e+00
1.805299999999999955e+03 3.331300000000000150e+00
1.830700000000000045e+03 3.368700000000000028e+00
1.856400000000000091e+03 3.406699999999999839e+00
1.882599999999999909e+03 3.445199999999999818e+00
1.909500000000000000e+03 3.484500000000000153e+00
1.937400000000000091e+03 3.524599999999999955e+00
1.966099999999999909e+03 3.565300000000000136e+00
1.996200000000000045e+03 3.607000000000000206e+00
2.027000000000000000e+03 3.649500000000000188e+00
2.058099999999999909e+03 3.692200000000000149e+00
2.089500000000000000e+03 3.735199999999999854e+00
2.121000000000000000e+03 3.778300000000000214e+00
2.153199999999999818e+03 3.821600000000000108e+00
2.186500000000000000e+03 3.865800000000000125e+00
2.220500000000000000e+03 3.910899999999999821e+00
2.255599999999999909e+03 3.956300000000000150e+00
2.290900000000000091e+03 4.001000000000000334e+00
2.327599999999999909e+03 4.045099999999999696e+00
2.364699999999999818e+03 4.088400000000000034e+00
2.402000000000000000e+03 4.130799999999999805e+00
2.439800000000000182e+03 4.172299999999999898e+00
2.477699999999999818e+03 4.212699999999999889e+00
2.516000000000000000e+03 4.251999999999999780e+00
2.555800000000000182e+03 4.290399999999999991e+00
2.594400000000000091e+03 4.328299999999999592e+00
2.632900000000000091e+03 4.365499999999999936e+00
2.671500000000000000e+03 4.402000000000000135e+00
2.708099999999999909e+03 4.437899999999999956e+00
2.743699999999999818e+03 4.473399999999999821e+00
2.778400000000000091e+03 4.509299999999999642e+00
2.812599999999999909e+03 4.545600000000000307e+00
2.846199999999999818e+03 4.582300000000000040e+00
2.879400000000000091e+03 4.619200000000000195e+00
2.911699999999999818e+03 4.656299999999999883e+00
2.943000000000000000e+03 4.693699999999999761e+00
2.973400000000000091e+03 4.731399999999999828e+00
3.002599999999999909e+03 4.769099999999999895e+00
3.030800000000000182e+03 4.806700000000000195e+00
3.057900000000000091e+03 4.844100000000000072e+00
3.084199999999999818e+03 4.880899999999999572e+00
3.109699999999999818e+03 4.916800000000000281e+00
3.134099999999999909e+03 4.951600000000000001e+00
3.157500000000000000e+03 4.984899999999999665e+00
3.179500000000000000e+03 5.016499999999999737e+00
3.199900000000000091e+03 5.046400000000000219e+00
3.219000000000000000e+03 5.074600000000000222e+00
3.236900000000000091e+03 5.101099999999999746e+00
3.253800000000000182e+03 5.126100000000000101e+00
3.269699999999999818e+03 5.149799999999999933e+00
3.284800000000000182e+03 5.172100000000000364e+00
3.299199999999999818e+03 5.193200000000000038e+00
3.312900000000000091e+03 5.213099999999999845e+00
3.325800000000000182e+03 5.231900000000000439e+00
3.338199999999999818e+03 5.249799999999999578e+00
3.350000000000000000e+03 5.266799999999999926e+00
3.361400000000000091e+03 5.283000000000000362e+00
3.372199999999999818e+03 5.298399999999999999e+00
3.382699999999999818e+03 5.313200000000000145e+00
3.392800000000000182e+03 5.327399999999999913e+00
3.402500000000000000e+03 5.341000000000000192e+00
3.411900000000000091e+03 5.354099999999999859e+00
3.421199999999999818e+03 5.366799999999999571e+00
3.430000000000000000e+03 5.379100000000000215e+00
3.438599999999999909e+03 5.391000000000000014e+00
3.446800000000000182e+03 5.402400000000000091e+00
3.455300000000000182e+03 5.413299999999999557e+00
3.463400000000000091e+03 5.423600000000000421e+00
3.471199999999999818e+03 5.433500000000000441e+00
3.478800000000000182e+03 5.442999999999999616e+00
3.486199999999999818e+03 5.452099999999999724e+00
3.493300000000000182e+03 5.460700000000000109e+00
3.500199999999999818e+03 5.469100000000000072e+00
3.506900000000000091e+03 5.477100000000000080e+00
3.513500000000000000e+03 5.484899999999999665e+00
3.520000000000000000e+03 5.492499999999999716e+00
3.526400000000000091e+03 5.500000000000000000e+00
3.532699999999999818e+03 5.507299999999999862e+00
3.538900000000000091e+03 5.514400000000000190e+00
3.545099999999999909e+03 5.521499999999999631e+00
3.551099999999999909e+03 5.528500000000000192e+00
3.557199999999999818e+03 5.535300000000000331e+00
3.563099999999999909e+03 5.542099999999999582e+00
3.568900000000000091e+03 5.548700000000000188e+00
3.574500000000000000e+03 5.555200000000000138e+00
3.580099999999999909e+03 5.561600000000000321e+00
3.585400000000000091e+03 5.567800000000000082e+00
3.590500000000000000e+03 5.573800000000000310e+00
3.595400000000000091e+03 5.579600000000000115e+00
3.600099999999999909e+03 5.585200000000000387e+00
3.604500000000000000e+03 5.590499999999999581e+00
3.608699999999999818e+03 5.595600000000000129e+00
3.612599999999999909e+03 5.600399999999999601e+00
3.616300000000000182e+03 5.605000000000000426e+00
3.619699999999999818e+03 5.609200000000000408e+00
3.622800000000000182e+03 5.613199999999999967e+00
3.625699999999999818e+03 5.616999999999999993e+00
3.628400000000000091e+03 5.620400000000000063e+00
3.630800000000000182e+03 5.623599999999999710e+00
3.633000000000000000e+03 5.626500000000000057e+00
3.635000000000000000e+03 5.629199999999999982e+00
3.636699999999999818e+03 5.631599999999999717e+00
3.638199999999999818e+03 5.633700000000000152e+00
3.639500000000000000e+03 5.635600000000000165e+00
3.640599999999999909e+03 5.637299999999999756e+00
3.641500000000000000e+03 5.638700000000000045e+00
3.642199999999999818e+03 5.639899999999999913e+00
3.642699999999999818e+03 5.640799999999999592e+00
3.642900000000000091e+03 5.641499999999999737e+00
