8.103799999999999955e+02 1.763300000000000090e+00
9.691900000000000546e+02 1.571099999999999941e+00
7.894199999999999591e+02 1.657100000000000017e+00
7.936799999999999500e+02 1.698900000000000077e+00
7.989400000000000546e+02 1.715300000000000047e+00
7.994900000000000091e+02 1.723200000000000065e+00
7.980800000000000409e+02 1.726599999999999913e+00
7.954400000000000546e+02 1.726599999999999913e+00
7.917899999999999636e+02 1.724199999999999955e+00
7.873500000000000227e+02 1.719899999999999984e+00
7.823899999999999864e+02 1.714399999999999924e+00
7.771399999999999864e+02 1.708099999999999952e+00
7.718200000000000500e+02 1.701300000000000034e+00
7.666299999999999955e+02 1.694299999999999917e+00
7.617100000000000364e+02 1.687500000000000000e+00
7.571599999999999682e+02 1.681000000000000050e+00
7.530299999999999727e+02 1.674900000000000055e+00
7.493700000000000045e+02 1.669399999999999995e+00
7.461799999999999500e+02 1.664400000000000102e+00
7.434700000000000273e+02 1.660099999999999909e+00
7.412100000000000364e+02 1.656500000000000083e+00
7.393799999999999955e+02 1.653399999999999981e+00
7.379600000000000364e+02 1.650900000000000034e+00
7.367899999999999636e+02 1.649000000000000021e+00
7.359500000000000455e+02 1.647699999999999942e+00
7.354400000000000546e+02 1.646800000000000042e+00
7.352300000000000182e+02 1.646400000000000086e+00
7.352599999999999909e+02 1.646300000000000097e+00
7.355000000000000000e+02 1.646400000000000086e+00
7.359199999999999591e+02 1.646800000000000042e+00
7.364900000000000091e+02 1.647399999999999975e+00
7.371699999999999591e+02 1.648099999999999898e+00
7.379500000000000455e+02 1.648900000000000032e+00
7.387999999999999545e+02 1.649899999999999922e+00
7.397000000000000455e+02 1.650900000000000034e+00
7.406399999999999864e+02 1.651999999999999913e+00
7.416100000000000136e+02 1.653200000000000003e+00
7.426000000000000227e+02 1.654400000000000093e+00
7.435900000000000318e+02 1.655499999999999972e+00
7.445800000000000409e+02 1.656700000000000061e+00
7.455499999999999545e+02 1.657899999999999929e+00
7.465199999999999818e+02 1.659100000000000019e+00
7.474500000000000455e+02 1.660199999999999898e+00
7.483200000000000500e+02 1.661399999999999988e+00
7.491799999999999500e+02 1.662600000000000078e+00
7.500099999999999909e+02 1.663699999999999957e+00
7.508200000000000500e+02 1.664800000000000058e+00
7.516000000000000227e+02 1.665899999999999936e+00
7.523600000000000136e+02 1.667000000000000037e+00
7.530900000000000318e+02 1.667999999999999927e+00
7.537899999999999636e+02 1.669000000000000039e+00
7.544600000000000364e+02 1.669999999999999929e+00
7.551000000000000227e+02 1.670900000000000052e+00
7.557100000000000364e+02 1.671799999999999953e+00
7.562999999999999545e+02 1.672600000000000087e+00
7.568500000000000227e+02 1.673399999999999999e+00
7.573799999999999955e+02 1.674199999999999910e+00
7.578799999999999955e+02 1.674900000000000055e+00
7.583600000000000136e+02 1.675599999999999978e+00
7.588099999999999454e+02 1.676199999999999912e+00
7.592400000000000091e+02 1.676800000000000068e+00
7.596399999999999864e+02 1.677400000000000002e+00
7.600199999999999818e+02 1.677999999999999936e+00
7.603799999999999955e+02 1.678500000000000103e+00
7.607200000000000273e+02 1.679000000000000048e+00
7.610399999999999636e+02 1.679499999999999993e+00
7.613400000000000318e+02 1.679899999999999949e+00
7.616299999999999955e+02 1.680299999999999905e+00
7.618899999999999864e+02 1.680700000000000083e+00
7.621399999999999864e+02 1.681100000000000039e+00
7.623799999999999955e+02 1.681400000000000006e+00
7.626000000000000227e+02 1.681699999999999973e+00
7.627999999999999545e+02 1.681999999999999940e+00
7.630000000000000000e+02 1.682299999999999907e+00
7.631799999999999500e+02 1.682600000000000096e+00
7.633500000000000227e+02 1.682800000000000074e+00
7.635099999999999909e+02 1.683100000000000041e+00
7.636599999999999682e+02 1.683300000000000018e+00
7.637999999999999545e+02 1.683499999999999996e+00
7.639299999999999500e+02 1.683699999999999974e+00
7.640499999999999545e+02 1.683899999999999952e+00
7.641599999999999682e+02 1.683999999999999941e+00
7.642699999999999818e+02 1.684199999999999919e+00
7.643600000000000136e+02 1.684299999999999908e+00
7.644500000000000455e+02 1.684500000000000108e+00
7.645199999999999818e+02 1.684600000000000097e+00
7.645900000000000318e+02 1.684700000000000086e+00
7.646499999999999773e+02 1.684800000000000075e+00
7.647000000000000455e+02 1.684900000000000064e+00
7.647500000000000000e+02 1.685000000000000053e+00
7.647899999999999636e+02 1.685100000000000042e+00
7.648200000000000500e+02 1.685200000000000031e+00
7.648500000000000227e+02 1.685200000000000031e+00
7.648700000000000045e+02 1.685300000000000020e+00
7.648799999999999955e+02 1.685300000000000020e+00
7.648899999999999864e+02 1.685400000000000009e+00
7.648999999999999773e+02 1.685400000000000009e+00
7.648899999999999864e+02 1.685400000000000009e+00
7.648899999999999864e+02 1.685400000000000009e+00
7.648799999999999955e+02 1.685400000000000009e+00
7.648600000000000136e+02 1.685400000000000009e+00
7.648400000000000318e+02 1.685400000000000009e+00
7.648200000000000500e+02 1.685400000000000009e+00
7.647899999999999636e+02 1.685400000000000009e+00
7.647599999999999909e+02 1.685400000000000009e+00
7.647200000000000273e+02 1.685400000000000009e+00
7.646799999999999500e+02 1.685300000000000020e+00
7.646299999999999955e+02 1.685300000000000020e+00
7.645800000000000409e+02 1.685200000000000031e+00
7.645099999999999909e+02 1.685200000000000031e+00
7.644299999999999500e+02 1.685100000000000042e+00
7.643600000000000136e+02 1.685100000000000042e+00
7.642899999999999636e+02 1.685100000000000042e+00
7.642200000000000273e+02 1.685000000000000053e+00
7.641599999999999682e+02 1.685000000000000053e+00
7.640900000000000318e+02 1.685000000000000053e+00
7.640299999999999727e+02 1.684900000000000064e+00
7.639700000000000273e+02 1.684900000000000064e+00
7.638999999999999773e+02 1.684900000000000064e+00
7.638400000000000318e+02 1.684900000000000064e+00
7.637699999999999818e+02 1.684800000000000075e+00
7.637100000000000364e+02 1.684800000000000075e+00
7.636399999999999864e+02 1.684800000000000075e+00
7.635700000000000500e+02 1.684700000000000086e+00
7.635000000000000000e+02 1.684700000000000086e+00
7.634299999999999500e+02 1.684700000000000086e+00
7.633500000000000227e+02 1.684600000000000097e+00
7.632799999999999727e+02 1.684600000000000097e+00
7.632000000000000455e+02 1.684600000000000097e+00
7.631299999999999955e+02 1.684500000000000108e+00
7.630700000000000500e+02 1.684500000000000108e+00
7.630199999999999818e+02 1.684500000000000108e+00
7.629900000000000091e+02 1.684500000000000108e+00
7.629600000000000364e+02 1.684500000000000108e+00
7.629600000000000364e+02 1.684600000000000097e+00
7.629900000000000091e+02 1.684700000000000086e+00
7.630599999999999454e+02 1.684900000000000064e+00
7.631699999999999591e+02 1.685200000000000031e+00
7.633300000000000409e+02 1.685499999999999998e+00
7.635399999999999636e+02 1.685799999999999965e+00
7.637899999999999636e+02 1.686299999999999910e+00
7.640900000000000318e+02 1.686800000000000077e+00
7.644400000000000546e+02 1.687300000000000022e+00
7.648300000000000409e+02 1.687899999999999956e+00
7.652799999999999727e+02 1.688600000000000101e+00
7.657699999999999818e+02 1.689400000000000013e+00
7.663099999999999454e+02 1.690199999999999925e+00
7.668899999999999864e+02 1.691100000000000048e+00
7.675199999999999818e+02 1.691999999999999948e+00
7.681799999999999500e+02 1.693000000000000060e+00
7.688899999999999864e+02 1.694099999999999939e+00
7.696399999999999864e+02 1.695200000000000040e+00
7.704299999999999500e+02 1.696399999999999908e+00
7.712500000000000000e+02 1.697599999999999998e+00
7.721100000000000136e+02 1.698900000000000077e+00
7.729900000000000091e+02 1.700199999999999934e+00
7.739099999999999682e+02 1.701500000000000012e+00
7.748500000000000227e+02 1.702900000000000080e+00
7.758099999999999454e+02 1.704399999999999915e+00
7.767999999999999545e+02 1.705899999999999972e+00
7.778099999999999454e+02 1.707400000000000029e+00
7.788400000000000318e+02 1.708900000000000086e+00
7.798999999999999773e+02 1.710499999999999909e+00
7.809700000000000273e+02 1.712099999999999955e+00
7.820599999999999454e+02 1.713700000000000001e+00
7.831599999999999682e+02 1.715400000000000036e+00
7.842799999999999727e+02 1.717000000000000082e+00
7.854099999999999682e+02 1.718699999999999894e+00
7.865499999999999545e+02 1.720499999999999918e+00
7.877100000000000364e+02 1.722199999999999953e+00
7.888700000000000045e+02 1.723899999999999988e+00
7.900499999999999545e+02 1.725700000000000012e+00
7.912300000000000182e+02 1.727500000000000036e+00
7.924299999999999500e+02 1.729300000000000059e+00
7.936299999999999955e+02 1.731100000000000083e+00
7.948400000000000318e+02 1.732900000000000107e+00
7.960499999999999545e+02 1.734699999999999909e+00
7.972699999999999818e+02 1.736499999999999932e+00
7.984900000000000091e+02 1.738399999999999945e+00
7.997200000000000273e+02 1.740199999999999969e+00
8.009400000000000546e+02 1.742099999999999982e+00
8.021599999999999682e+02 1.743900000000000006e+00
8.033799999999999955e+02 1.745700000000000029e+00
8.045800000000000409e+02 1.747600000000000042e+00
8.057599999999999909e+02 1.749400000000000066e+00
8.069299999999999500e+02 1.751100000000000101e+00
8.080900000000000318e+02 1.752899999999999903e+00
8.092200000000000273e+02 1.754599999999999937e+00
8.103400000000000318e+02 1.756399999999999961e+00
8.114400000000000546e+02 1.758000000000000007e+00
8.125299999999999727e+02 1.759700000000000042e+00
8.136000000000000227e+02 1.761400000000000077e+00
8.146599999999999682e+02 1.762999999999999901e+00
8.157000000000000455e+02 1.764599999999999946e+00
8.167300000000000182e+02 1.766199999999999992e+00
8.177400000000000091e+02 1.767800000000000038e+00
8.187400000000000091e+02 1.769300000000000095e+00
8.197300000000000182e+02 1.770799999999999930e+00
8.207000000000000455e+02 1.772399999999999975e+00
8.216699999999999591e+02 1.773900000000000032e+00
8.226200000000000045e+02 1.775300000000000100e+00
8.235700000000000500e+02 1.776799999999999935e+00
8.245299999999999727e+02 1.778299999999999992e+00
8.254900000000000091e+02 1.779800000000000049e+00
8.264800000000000182e+02 1.781300000000000106e+00
8.275000000000000000e+02 1.782799999999999940e+00
8.285499999999999545e+02 1.784299999999999997e+00
8.296399999999999864e+02 1.785900000000000043e+00
8.307799999999999727e+02 1.787600000000000078e+00
8.319500000000000455e+02 1.789299999999999891e+00
8.331799999999999500e+02 1.790999999999999925e+00
8.344700000000000273e+02 1.792899999999999938e+00
8.358099999999999454e+02 1.794799999999999951e+00
8.372100000000000364e+02 1.796799999999999953e+00
8.386699999999999591e+02 1.798899999999999944e+00
8.402000000000000455e+02 1.800999999999999934e+00
8.418099999999999454e+02 1.803299999999999903e+00
8.434900000000000091e+02 1.805700000000000083e+00
8.452300000000000182e+02 1.808200000000000029e+00
8.470399999999999636e+02 1.810799999999999965e+00
8.488999999999999773e+02 1.813499999999999890e+00
8.508300000000000409e+02 1.816300000000000026e+00
8.528099999999999454e+02 1.819199999999999928e+00
8.548600000000000136e+02 1.822200000000000042e+00
8.569600000000000364e+02 1.825199999999999934e+00
8.591100000000000136e+02 1.828400000000000025e+00
8.613200000000000500e+02 1.831700000000000106e+00
8.635900000000000318e+02 1.834999999999999964e+00
8.659400000000000546e+02 1.838400000000000034e+00
8.683799999999999955e+02 1.841900000000000093e+00
8.709199999999999591e+02 1.845499999999999918e+00
8.735299999999999727e+02 1.849199999999999955e+00
8.762100000000000364e+02 1.852899999999999991e+00
8.789500000000000455e+02 1.856700000000000017e+00
8.817599999999999909e+02 1.860700000000000021e+00
8.846399999999999864e+02 1.864700000000000024e+00
8.875800000000000409e+02 1.868800000000000017e+00
8.905900000000000318e+02 1.873099999999999987e+00
8.936699999999999591e+02 1.877399999999999958e+00
8.967999999999999545e+02 1.881799999999999917e+00
9.000000000000000000e+02 1.886400000000000077e+00
9.032500000000000000e+02 1.891000000000000014e+00
9.065499999999999545e+02 1.895699999999999941e+00
9.099099999999999682e+02 1.900500000000000078e+00
9.133099999999999454e+02 1.905299999999999994e+00
9.167599999999999909e+02 1.910300000000000109e+00
9.202500000000000000e+02 1.915300000000000002e+00
9.237799999999999727e+02 1.920400000000000107e+00
9.273400000000000318e+02 1.925499999999999989e+00
9.309299999999999500e+02 1.930700000000000083e+00
9.345399999999999636e+02 1.935899999999999954e+00
9.381799999999999500e+02 1.941200000000000037e+00
9.418400000000000318e+02 1.946600000000000108e+00
9.455199999999999818e+02 1.951899999999999968e+00
9.492300000000000182e+02 1.957300000000000040e+00
9.529500000000000455e+02 1.962699999999999889e+00
9.566900000000000546e+02 1.968199999999999950e+00
9.604299999999999500e+02 1.973700000000000010e+00
9.641799999999999500e+02 1.979200000000000070e+00
9.679299999999999500e+02 1.984699999999999909e+00
9.716900000000000546e+02 1.990199999999999969e+00
9.754500000000000455e+02 1.995700000000000029e+00
9.792100000000000364e+02 2.001300000000000079e+00
9.829700000000000273e+02 2.006800000000000139e+00
9.867300000000000182e+02 2.012399999999999967e+00
9.904800000000000182e+02 2.017900000000000027e+00
9.942300000000000182e+02 2.023499999999999854e+00
9.979800000000000182e+02 2.029100000000000126e+00
1.001700000000000045e+03 2.034600000000000186e+00
1.005500000000000000e+03 2.040099999999999802e+00
1.009200000000000045e+03 2.045700000000000074e+00
1.012899999999999977e+03 2.051200000000000134e+00
1.016600000000000023e+03 2.056799999999999962e+00
1.020299999999999955e+03 2.062300000000000022e+00
1.024000000000000000e+03 2.067800000000000082e+00
1.027700000000000045e+03 2.073300000000000143e+00
1.031400000000000091e+03 2.078800000000000203e+00
1.035200000000000045e+03 2.084400000000000031e+00
1.038900000000000091e+03 2.089900000000000091e+00
1.042599999999999909e+03 2.095499999999999918e+00
1.046400000000000091e+03 2.101100000000000190e+00
1.050200000000000045e+03 2.106799999999999784e+00
1.054099999999999909e+03 2.112499999999999822e+00
1.058000000000000000e+03 2.118300000000000072e+00
1.061900000000000091e+03 2.124099999999999877e+00
1.065900000000000091e+03 2.129999999999999893e+00
1.069900000000000091e+03 2.136000000000000121e+00
1.074000000000000000e+03 2.141999999999999904e+00
1.078099999999999909e+03 2.148099999999999898e+00
1.082200000000000045e+03 2.154300000000000104e+00
1.086400000000000091e+03 2.160499999999999865e+00
1.090599999999999909e+03 2.166700000000000070e+00
1.094799999999999955e+03 2.173099999999999810e+00
1.099099999999999909e+03 2.179399999999999782e+00
1.103400000000000091e+03 2.185900000000000176e+00
1.107799999999999955e+03 2.192400000000000126e+00
1.112200000000000045e+03 2.198999999999999844e+00
1.116599999999999909e+03 2.205600000000000005e+00
1.121099999999999909e+03 2.212299999999999933e+00
1.125700000000000045e+03 2.219100000000000072e+00
1.130299999999999955e+03 2.225999999999999979e+00
1.135000000000000000e+03 2.233099999999999863e+00
1.139799999999999955e+03 2.240200000000000191e+00
1.144700000000000045e+03 2.247399999999999842e+00
1.149700000000000045e+03 2.254900000000000126e+00
1.154900000000000091e+03 2.262500000000000178e+00
1.160200000000000045e+03 2.270399999999999974e+00
1.165900000000000091e+03 2.278500000000000192e+00
1.171799999999999955e+03 2.286799999999999944e+00
1.177900000000000091e+03 2.295399999999999885e+00
1.184200000000000045e+03 2.304300000000000015e+00
1.190900000000000091e+03 2.313499999999999890e+00
1.197799999999999955e+03 2.323199999999999932e+00
1.205000000000000000e+03 2.333200000000000163e+00
1.212599999999999909e+03 2.343799999999999883e+00
1.220400000000000091e+03 2.354699999999999793e+00
1.228599999999999909e+03 2.366200000000000081e+00
1.237099999999999909e+03 2.378099999999999881e+00
1.245799999999999955e+03 2.390400000000000080e+00
1.254700000000000045e+03 2.403000000000000025e+00
1.263799999999999955e+03 2.415999999999999925e+00
1.273000000000000000e+03 2.429199999999999804e+00
1.282400000000000091e+03 2.442699999999999871e+00
1.291900000000000091e+03 2.456500000000000128e+00
1.301599999999999909e+03 2.470400000000000151e+00
1.311299999999999955e+03 2.484599999999999920e+00
1.321200000000000045e+03 2.498899999999999899e+00
1.331099999999999909e+03 2.513300000000000090e+00
1.341000000000000000e+03 2.527899999999999814e+00
1.351099999999999909e+03 2.542600000000000193e+00
1.361200000000000045e+03 2.557399999999999896e+00
1.371299999999999955e+03 2.572400000000000020e+00
1.381599999999999909e+03 2.587400000000000144e+00
1.392000000000000000e+03 2.602700000000000014e+00
1.402500000000000000e+03 2.618100000000000094e+00
1.413200000000000045e+03 2.633799999999999919e+00
1.424099999999999909e+03 2.649599999999999955e+00
1.435200000000000045e+03 2.665799999999999947e+00
1.446500000000000000e+03 2.682300000000000129e+00
1.458000000000000000e+03 2.698999999999999844e+00
1.469700000000000045e+03 2.716099999999999959e+00
1.481799999999999955e+03 2.733499999999999819e+00
1.494200000000000045e+03 2.751399999999999846e+00
1.507000000000000000e+03 2.769699999999999829e+00
1.520299999999999955e+03 2.788699999999999957e+00
1.534000000000000000e+03 2.808199999999999807e+00
1.548299999999999955e+03 2.828500000000000014e+00
1.563099999999999909e+03 2.849499999999999922e+00
1.578400000000000091e+03 2.871100000000000207e+00
1.594099999999999909e+03 2.893499999999999961e+00
1.610599999999999909e+03 2.916700000000000070e+00
1.628000000000000000e+03 2.940900000000000070e+00
1.646299999999999955e+03 2.966099999999999959e+00
1.665599999999999909e+03 2.992199999999999971e+00
1.685500000000000000e+03 3.019299999999999873e+00
1.706299999999999955e+03 3.047299999999999898e+00
1.728000000000000000e+03 3.076499999999999790e+00
1.750400000000000091e+03 3.106599999999999806e+00
1.774200000000000045e+03 3.138100000000000112e+00
1.798599999999999909e+03 3.170599999999999863e+00
1.823700000000000045e+03 3.204099999999999948e+00
1.849200000000000045e+03 3.238199999999999967e+00
1.875099999999999909e+03 3.273000000000000131e+00
1.901500000000000000e+03 3.308300000000000018e+00
1.928799999999999955e+03 3.344500000000000028e+00
1.957000000000000000e+03 3.381499999999999950e+00
1.986299999999999955e+03 3.419599999999999973e+00
2.016500000000000000e+03 3.458800000000000097e+00
2.047000000000000000e+03 3.498600000000000154e+00
2.077800000000000182e+03 3.539000000000000146e+00
2.108800000000000182e+03 3.579800000000000093e+00
2.140300000000000182e+03 3.620999999999999996e+00
2.172900000000000091e+03 3.663100000000000023e+00
2.206300000000000182e+03 3.706199999999999939e+00
2.240099999999999909e+03 3.749600000000000044e+00
2.273900000000000091e+03 3.793099999999999916e+00
2.308800000000000182e+03 3.836599999999999788e+00
2.344099999999999909e+03 3.880100000000000104e+00
2.379699999999999818e+03 3.923500000000000210e+00
2.416000000000000000e+03 3.966800000000000104e+00
2.452500000000000000e+03 4.009599999999999831e+00
2.489500000000000000e+03 4.051800000000000068e+00
2.527800000000000182e+03 4.093899999999999650e+00
2.564599999999999909e+03 4.136499999999999844e+00
2.601900000000000091e+03 4.178799999999999848e+00
2.639699999999999818e+03 4.220699999999999896e+00
2.677599999999999909e+03 4.262400000000000411e+00
2.714500000000000000e+03 4.303499999999999659e+00
2.750599999999999909e+03 4.344400000000000261e+00
2.786300000000000182e+03 4.385299999999999976e+00
2.821599999999999909e+03 4.425900000000000389e+00
2.856400000000000091e+03 4.466199999999999726e+00
2.890199999999999818e+03 4.506300000000000416e+00
2.923099999999999909e+03 4.546299999999999564e+00
2.955099999999999909e+03 4.586100000000000065e+00
2.986000000000000000e+03 4.625499999999999723e+00
3.015800000000000182e+03 4.664399999999999658e+00
3.044599999999999909e+03 4.702700000000000102e+00
3.072000000000000000e+03 4.740000000000000213e+00
3.098099999999999909e+03 4.776200000000000223e+00
3.123199999999999818e+03 4.810999999999999943e+00
3.147099999999999909e+03 4.844400000000000261e+00
3.169699999999999818e+03 4.876199999999999868e+00
3.190599999999999909e+03 4.906200000000000117e+00
3.210300000000000182e+03 4.934499999999999886e+00
3.228699999999999818e+03 4.961199999999999832e+00
3.246000000000000000e+03 4.986399999999999721e+00
3.262400000000000091e+03 5.010100000000000442e+00
3.277900000000000091e+03 5.032600000000000406e+00
3.292699999999999818e+03 5.053799999999999848e+00
3.306699999999999818e+03 5.073800000000000310e+00
3.320000000000000000e+03 5.092800000000000438e+00
3.332599999999999909e+03 5.110800000000000232e+00
3.344699999999999818e+03 5.127799999999999692e+00
3.356300000000000182e+03 5.144099999999999895e+00
3.367400000000000091e+03 5.159600000000000186e+00
3.378099999999999909e+03 5.174500000000000099e+00
3.388300000000000182e+03 5.188699999999999868e+00
3.398199999999999818e+03 5.202399999999999913e+00
3.407800000000000182e+03 5.215499999999999581e+00
3.417199999999999818e+03 5.228299999999999947e+00
3.426199999999999818e+03 5.240599999999999703e+00
3.434900000000000091e+03 5.252500000000000391e+00
3.443199999999999818e+03 5.264000000000000234e+00
3.452000000000000000e+03 5.274799999999999933e+00
3.460199999999999818e+03 5.285099999999999909e+00
3.468199999999999818e+03 5.294999999999999929e+00
3.475900000000000091e+03 5.304499999999999993e+00
3.483400000000000091e+03 5.313500000000000334e+00
3.490599999999999909e+03 5.322099999999999831e+00
3.497599999999999909e+03 5.330400000000000027e+00
3.504400000000000091e+03 5.338400000000000034e+00
3.511099999999999909e+03 5.346199999999999619e+00
3.517599999999999909e+03 5.353799999999999670e+00
3.524099999999999909e+03 5.361100000000000421e+00
3.530400000000000091e+03 5.368400000000000283e+00
3.536699999999999818e+03 5.375499999999999723e+00
3.542800000000000182e+03 5.382500000000000284e+00
3.549000000000000000e+03 5.389400000000000190e+00
3.555000000000000000e+03 5.396200000000000330e+00
3.560900000000000091e+03 5.402899999999999814e+00
3.566800000000000182e+03 5.409500000000000419e+00
3.572500000000000000e+03 5.416000000000000369e+00
3.578099999999999909e+03 5.422299999999999898e+00
3.583500000000000000e+03 5.428499999999999659e+00
3.588599999999999909e+03 5.434400000000000119e+00
3.593599999999999909e+03 5.440199999999999925e+00
3.598400000000000091e+03 5.445700000000000429e+00
3.602900000000000091e+03 5.451100000000000279e+00
3.607099999999999909e+03 5.456100000000000172e+00
3.611099999999999909e+03 5.460899999999999643e+00
3.614800000000000182e+03 5.465499999999999581e+00
3.618300000000000182e+03 5.469800000000000217e+00
3.621599999999999909e+03 5.473799999999999777e+00
3.624599999999999909e+03 5.477500000000000036e+00
3.627300000000000182e+03 5.480999999999999872e+00
3.629800000000000182e+03 5.484200000000000408e+00
3.632099999999999909e+03 5.487099999999999866e+00
3.634199999999999818e+03 5.489799999999999791e+00
3.636000000000000000e+03 5.492200000000000415e+00
3.637599999999999909e+03 5.494299999999999962e+00
3.639000000000000000e+03 5.496199999999999974e+00
3.640199999999999818e+03 5.497899999999999565e+00
3.641099999999999909e+03 5.499399999999999622e+00
3.641900000000000091e+03 5.500600000000000378e+00
3.642400000000000091e+03 5.501500000000000057e+00
3.642699999999999818e+03 5.502200000000000202e+00
