8.230199999999999818e+02 1.445699999999999985e+00
7.762300000000000182e+02 1.123499999999999943e+00
7.275800000000000409e+02 1.359699999999999909e+00
7.717699999999999818e+02 1.394099999999999895e+00
7.885399999999999636e+02 1.406400000000000095e+00
7.943700000000000045e+02 1.414199999999999902e+00
7.970399999999999636e+02 1.418199999999999905e+00
7.972100000000000364e+02 1.419599999999999973e+00
7.956000000000000227e+02 1.419300000000000006e+00
7.926599999999999682e+02 1.417699999999999960e+00
7.887400000000000091e+02 1.415100000000000025e+00
7.841699999999999591e+02 1.411899999999999933e+00
7.792100000000000364e+02 1.408199999999999896e+00
7.741200000000000045e+02 1.404400000000000093e+00
7.690700000000000500e+02 1.400500000000000078e+00
7.642300000000000182e+02 1.396700000000000053e+00
7.597100000000000364e+02 1.393000000000000016e+00
7.555700000000000500e+02 1.389699999999999935e+00
7.518700000000000045e+02 1.386700000000000044e+00
7.486299999999999955e+02 1.383999999999999897e+00
7.458500000000000227e+02 1.381599999999999939e+00
7.435099999999999909e+02 1.379699999999999926e+00
7.415099999999999909e+02 1.378100000000000103e+00
7.397300000000000182e+02 1.377000000000000002e+00
7.384800000000000182e+02 1.376200000000000090e+00
7.376299999999999955e+02 1.375699999999999923e+00
7.371200000000000045e+02 1.375399999999999956e+00
7.369099999999999682e+02 1.375299999999999967e+00
7.369400000000000546e+02 1.375299999999999967e+00
7.371900000000000546e+02 1.375399999999999956e+00
7.376100000000000136e+02 1.375699999999999923e+00
7.381699999999999591e+02 1.375999999999999890e+00
7.388500000000000227e+02 1.376400000000000068e+00
7.396200000000000045e+02 1.376800000000000024e+00
7.404700000000000273e+02 1.377299999999999969e+00
7.413700000000000045e+02 1.377799999999999914e+00
7.423099999999999454e+02 1.378400000000000070e+00
7.432799999999999727e+02 1.378900000000000015e+00
7.442599999999999909e+02 1.379499999999999948e+00
7.452500000000000000e+02 1.380100000000000104e+00
7.462300000000000182e+02 1.380600000000000049e+00
7.472000000000000455e+02 1.381199999999999983e+00
7.480700000000000500e+02 1.381799999999999917e+00
7.489400000000000546e+02 1.382500000000000062e+00
7.497999999999999545e+02 1.383199999999999985e+00
7.506399999999999864e+02 1.383799999999999919e+00
7.514700000000000273e+02 1.384500000000000064e+00
7.522799999999999727e+02 1.385099999999999998e+00
7.530700000000000500e+02 1.385699999999999932e+00
7.538300000000000409e+02 1.386300000000000088e+00
7.545599999999999454e+02 1.386900000000000022e+00
7.552599999999999909e+02 1.387399999999999967e+00
7.559299999999999500e+02 1.387999999999999901e+00
7.565800000000000409e+02 1.388500000000000068e+00
7.572000000000000455e+02 1.389000000000000012e+00
7.577799999999999727e+02 1.389399999999999968e+00
7.583400000000000318e+02 1.389899999999999913e+00
7.588799999999999955e+02 1.390300000000000091e+00
7.593799999999999955e+02 1.390700000000000047e+00
7.598600000000000136e+02 1.391100000000000003e+00
7.603200000000000500e+02 1.391399999999999970e+00
7.607500000000000000e+02 1.391799999999999926e+00
7.611599999999999682e+02 1.392099999999999893e+00
7.615399999999999636e+02 1.392400000000000082e+00
7.619099999999999682e+02 1.392700000000000049e+00
7.622500000000000000e+02 1.393000000000000016e+00
7.625700000000000500e+02 1.393199999999999994e+00
7.628799999999999955e+02 1.393499999999999961e+00
7.631699999999999591e+02 1.393699999999999939e+00
7.634400000000000546e+02 1.393899999999999917e+00
7.636900000000000546e+02 1.394099999999999895e+00
7.639299999999999500e+02 1.394300000000000095e+00
7.641499999999999773e+02 1.394500000000000073e+00
7.643600000000000136e+02 1.394700000000000051e+00
7.645599999999999454e+02 1.394800000000000040e+00
7.647400000000000091e+02 1.395000000000000018e+00
7.649099999999999682e+02 1.395100000000000007e+00
7.650700000000000500e+02 1.395199999999999996e+00
7.652300000000000182e+02 1.395399999999999974e+00
7.653700000000000045e+02 1.395499999999999963e+00
7.655000000000000000e+02 1.395599999999999952e+00
7.656200000000000045e+02 1.395699999999999941e+00
7.657400000000000091e+02 1.395799999999999930e+00
7.658400000000000318e+02 1.395899999999999919e+00
7.659400000000000546e+02 1.395899999999999919e+00
7.660299999999999727e+02 1.395999999999999908e+00
7.661200000000000045e+02 1.396099999999999897e+00
7.662100000000000364e+02 1.396200000000000108e+00
7.662799999999999727e+02 1.396200000000000108e+00
7.663500000000000227e+02 1.396300000000000097e+00
7.664099999999999682e+02 1.396300000000000097e+00
7.664700000000000273e+02 1.396400000000000086e+00
7.665199999999999818e+02 1.396400000000000086e+00
7.665599999999999454e+02 1.396500000000000075e+00
7.666000000000000227e+02 1.396500000000000075e+00
7.666299999999999955e+02 1.396500000000000075e+00
7.666499999999999773e+02 1.396500000000000075e+00
7.666699999999999591e+02 1.396600000000000064e+00
7.666900000000000546e+02 1.396600000000000064e+00
7.667000000000000455e+02 1.396600000000000064e+00
7.667000000000000455e+02 1.396600000000000064e+00
7.667000000000000455e+02 1.396600000000000064e+00
7.667000000000000455e+02 1.396600000000000064e+00
7.666900000000000546e+02 1.396600000000000064e+00
7.666799999999999500e+02 1.396600000000000064e+00
7.666599999999999682e+02 1.396600000000000064e+00
7.666399999999999864e+02 1.396600000000000064e+00
7.666200000000000045e+02 1.396500000000000075e+00
7.665900000000000318e+02 1.396500000000000075e+00
7.665499999999999545e+02 1.396500000000000075e+00
7.665099999999999909e+02 1.396500000000000075e+00
7.664800000000000182e+02 1.396500000000000075e+00
7.664400000000000546e+02 1.396500000000000075e+00
7.664099999999999682e+02 1.396500000000000075e+00
7.663799999999999955e+02 1.396500000000000075e+00
7.663600000000000136e+02 1.396500000000000075e+00
7.663300000000000409e+02 1.396500000000000075e+00
7.663099999999999454e+02 1.396500000000000075e+00
7.662799999999999727e+02 1.396500000000000075e+00
7.662599999999999909e+02 1.396500000000000075e+00
7.662400000000000091e+02 1.396500000000000075e+00
7.662100000000000364e+02 1.396500000000000075e+00
7.661799999999999500e+02 1.396500000000000075e+00
7.661499999999999773e+02 1.396500000000000075e+00
7.661299999999999955e+02 1.396500000000000075e+00
7.660900000000000318e+02 1.396500000000000075e+00
7.660599999999999454e+02 1.396500000000000075e+00
7.660299999999999727e+02 1.396500000000000075e+00
7.659900000000000091e+02 1.396500000000000075e+00
7.659600000000000364e+02 1.396400000000000086e+00
7.659299999999999500e+02 1.396400000000000086e+00
7.659099999999999682e+02 1.396400000000000086e+00
7.658999999999999773e+02 1.396500000000000075e+00
7.659199999999999591e+02 1.396500000000000075e+00
7.659700000000000273e+02 1.396600000000000064e+00
7.660499999999999545e+02 1.396700000000000053e+00
7.661599999999999682e+02 1.396800000000000042e+00
7.663200000000000500e+02 1.396900000000000031e+00
7.665199999999999818e+02 1.397100000000000009e+00
7.667599999999999909e+02 1.397299999999999986e+00
7.670499999999999545e+02 1.397599999999999953e+00
7.673899999999999864e+02 1.397899999999999920e+00
7.677699999999999818e+02 1.398200000000000109e+00
7.682000000000000455e+02 1.398600000000000065e+00
7.686799999999999500e+02 1.399000000000000021e+00
7.692100000000000364e+02 1.399399999999999977e+00
7.697799999999999727e+02 1.399899999999999922e+00
7.703999999999999773e+02 1.400400000000000089e+00
7.710700000000000500e+02 1.400900000000000034e+00
7.717799999999999727e+02 1.401499999999999968e+00
7.725299999999999727e+02 1.402099999999999902e+00
7.733200000000000500e+02 1.402800000000000047e+00
7.741499999999999773e+02 1.403399999999999981e+00
7.750199999999999818e+02 1.404099999999999904e+00
7.759199999999999591e+02 1.404900000000000038e+00
7.768600000000000136e+02 1.405599999999999961e+00
7.778300000000000409e+02 1.406400000000000095e+00
7.788300000000000409e+02 1.407200000000000006e+00
7.798600000000000136e+02 1.408099999999999907e+00
7.809099999999999682e+02 1.408900000000000041e+00
7.819900000000000091e+02 1.409799999999999942e+00
7.830900000000000318e+02 1.410700000000000065e+00
7.842100000000000364e+02 1.411599999999999966e+00
7.853600000000000136e+02 1.412600000000000078e+00
7.865199999999999818e+02 1.413499999999999979e+00
7.877000000000000455e+02 1.414500000000000091e+00
7.888999999999999773e+02 1.415499999999999980e+00
7.901100000000000136e+02 1.416500000000000092e+00
7.913300000000000409e+02 1.417499999999999982e+00
7.925700000000000500e+02 1.418500000000000094e+00
7.938099999999999454e+02 1.419499999999999984e+00
7.950700000000000500e+02 1.420500000000000096e+00
7.963400000000000318e+02 1.421599999999999975e+00
7.976200000000000045e+02 1.422600000000000087e+00
7.988999999999999773e+02 1.423699999999999966e+00
8.002000000000000455e+02 1.424700000000000077e+00
8.015000000000000000e+02 1.425799999999999956e+00
8.028099999999999454e+02 1.426900000000000057e+00
8.041200000000000045e+02 1.427999999999999936e+00
8.054400000000000546e+02 1.429000000000000048e+00
8.067500000000000000e+02 1.430099999999999927e+00
8.080700000000000500e+02 1.431200000000000028e+00
8.093700000000000045e+02 1.432299999999999907e+00
8.106699999999999591e+02 1.433400000000000007e+00
8.119500000000000455e+02 1.434399999999999897e+00
8.132200000000000273e+02 1.435499999999999998e+00
8.144700000000000273e+02 1.436500000000000110e+00
8.157000000000000455e+02 1.437500000000000000e+00
8.169199999999999591e+02 1.438600000000000101e+00
8.181299999999999955e+02 1.439599999999999991e+00
8.193200000000000500e+02 1.440600000000000103e+00
8.204900000000000091e+02 1.441500000000000004e+00
8.216399999999999864e+02 1.442499999999999893e+00
8.227799999999999727e+02 1.443500000000000005e+00
8.239099999999999682e+02 1.444399999999999906e+00
8.250199999999999818e+02 1.445300000000000029e+00
8.261200000000000045e+02 1.446299999999999919e+00
8.272000000000000455e+02 1.447200000000000042e+00
8.282699999999999818e+02 1.448099999999999943e+00
8.293300000000000409e+02 1.449000000000000066e+00
8.303799999999999955e+02 1.449799999999999978e+00
8.314199999999999591e+02 1.450700000000000101e+00
8.324600000000000364e+02 1.451600000000000001e+00
8.335000000000000000e+02 1.452499999999999902e+00
8.345499999999999545e+02 1.453300000000000036e+00
8.356200000000000045e+02 1.454199999999999937e+00
8.367100000000000364e+02 1.455100000000000060e+00
8.378300000000000409e+02 1.455999999999999961e+00
8.389800000000000182e+02 1.457000000000000073e+00
8.401799999999999500e+02 1.457999999999999963e+00
8.414199999999999591e+02 1.459000000000000075e+00
8.427100000000000364e+02 1.459999999999999964e+00
8.440499999999999545e+02 1.461100000000000065e+00
8.454500000000000455e+02 1.462199999999999944e+00
8.468999999999999773e+02 1.463400000000000034e+00
8.484199999999999591e+02 1.464599999999999902e+00
8.500099999999999909e+02 1.465899999999999981e+00
8.516399999999999864e+02 1.467200000000000060e+00
8.533300000000000409e+02 1.468699999999999894e+00
8.551100000000000136e+02 1.470099999999999962e+00
8.569500000000000455e+02 1.471700000000000008e+00
8.588600000000000136e+02 1.473300000000000054e+00
8.608200000000000500e+02 1.475000000000000089e+00
8.628500000000000227e+02 1.476699999999999902e+00
8.649400000000000546e+02 1.478499999999999925e+00
8.670800000000000409e+02 1.480399999999999938e+00
8.692799999999999727e+02 1.482199999999999962e+00
8.715399999999999636e+02 1.484199999999999964e+00
8.738600000000000136e+02 1.486199999999999966e+00
8.762300000000000182e+02 1.488199999999999967e+00
8.786599999999999682e+02 1.490199999999999969e+00
8.811399999999999864e+02 1.492299999999999960e+00
8.836799999999999500e+02 1.494399999999999951e+00
8.862899999999999636e+02 1.496599999999999930e+00
8.889600000000000364e+02 1.498799999999999910e+00
8.916900000000000546e+02 1.501100000000000101e+00
8.944900000000000091e+02 1.503400000000000070e+00
8.973600000000000136e+02 1.505800000000000027e+00
9.002899999999999636e+02 1.508299999999999974e+00
9.032799999999999727e+02 1.510799999999999921e+00
9.063400000000000318e+02 1.513400000000000079e+00
9.094500000000000455e+02 1.516000000000000014e+00
9.126200000000000045e+02 1.518699999999999939e+00
9.158500000000000227e+02 1.521400000000000086e+00
9.191200000000000045e+02 1.524199999999999999e+00
9.224500000000000455e+02 1.526999999999999913e+00
9.258200000000000500e+02 1.529900000000000038e+00
9.292300000000000182e+02 1.532799999999999940e+00
9.326799999999999500e+02 1.535800000000000054e+00
9.361599999999999682e+02 1.538799999999999946e+00
9.396699999999999591e+02 1.541800000000000059e+00
9.432100000000000364e+02 1.544799999999999951e+00
9.467699999999999818e+02 1.547900000000000054e+00
9.503600000000000136e+02 1.550999999999999934e+00
9.539700000000000273e+02 1.554100000000000037e+00
9.576000000000000227e+02 1.557299999999999907e+00
9.612400000000000091e+02 1.560499999999999998e+00
9.648899999999999864e+02 1.563700000000000090e+00
9.685599999999999454e+02 1.566899999999999959e+00
9.722300000000000182e+02 1.570100000000000051e+00
9.759099999999999682e+02 1.573299999999999921e+00
9.795900000000000318e+02 1.576500000000000012e+00
9.832699999999999818e+02 1.579800000000000093e+00
9.869600000000000364e+02 1.582999999999999963e+00
9.906499999999999773e+02 1.586300000000000043e+00
9.943300000000000409e+02 1.589499999999999913e+00
9.980199999999999818e+02 1.592799999999999994e+00
1.001700000000000045e+03 1.596100000000000074e+00
1.005399999999999977e+03 1.599299999999999944e+00
1.009000000000000000e+03 1.602600000000000025e+00
1.012700000000000045e+03 1.605900000000000105e+00
1.016399999999999977e+03 1.609099999999999975e+00
1.020000000000000000e+03 1.612400000000000055e+00
1.023700000000000045e+03 1.615699999999999914e+00
1.027299999999999955e+03 1.618900000000000006e+00
1.030900000000000091e+03 1.622200000000000086e+00
1.034599999999999909e+03 1.625499999999999945e+00
1.038200000000000045e+03 1.628700000000000037e+00
1.041900000000000091e+03 1.631999999999999895e+00
1.045500000000000000e+03 1.635299999999999976e+00
1.049200000000000045e+03 1.638700000000000045e+00
1.052900000000000091e+03 1.641999999999999904e+00
1.056700000000000045e+03 1.645399999999999974e+00
1.060500000000000000e+03 1.648800000000000043e+00
1.064299999999999955e+03 1.652300000000000102e+00
1.068099999999999909e+03 1.655699999999999950e+00
1.072000000000000000e+03 1.659299999999999997e+00
1.076000000000000000e+03 1.662900000000000045e+00
1.079900000000000091e+03 1.666500000000000092e+00
1.083900000000000091e+03 1.670099999999999918e+00
1.088000000000000000e+03 1.673799999999999955e+00
1.092099999999999909e+03 1.677599999999999980e+00
1.096200000000000045e+03 1.681300000000000017e+00
1.100400000000000091e+03 1.685100000000000042e+00
1.104599999999999909e+03 1.689000000000000057e+00
1.108799999999999955e+03 1.692900000000000071e+00
1.113099999999999909e+03 1.696800000000000086e+00
1.117400000000000091e+03 1.700800000000000090e+00
1.121700000000000045e+03 1.704800000000000093e+00
1.126200000000000045e+03 1.708900000000000086e+00
1.130599999999999909e+03 1.713100000000000067e+00
1.135200000000000045e+03 1.717300000000000049e+00
1.139799999999999955e+03 1.721500000000000030e+00
1.144500000000000000e+03 1.725899999999999990e+00
1.149299999999999955e+03 1.730299999999999949e+00
1.154200000000000045e+03 1.734900000000000109e+00
1.159299999999999955e+03 1.739500000000000046e+00
1.164799999999999955e+03 1.744099999999999984e+00
1.170400000000000091e+03 1.748799999999999910e+00
1.176200000000000045e+03 1.753600000000000048e+00
1.182200000000000045e+03 1.758599999999999941e+00
1.188400000000000091e+03 1.763700000000000045e+00
1.194900000000000091e+03 1.769099999999999895e+00
1.201599999999999909e+03 1.774699999999999944e+00
1.208700000000000045e+03 1.780599999999999961e+00
1.216000000000000000e+03 1.786799999999999944e+00
1.223700000000000045e+03 1.793199999999999905e+00
1.231599999999999909e+03 1.799900000000000055e+00
1.239799999999999955e+03 1.806899999999999951e+00
1.248299999999999955e+03 1.814100000000000046e+00
1.257000000000000000e+03 1.821499999999999897e+00
1.265799999999999955e+03 1.829199999999999937e+00
1.274900000000000091e+03 1.836999999999999966e+00
1.284099999999999909e+03 1.844999999999999973e+00
1.293400000000000091e+03 1.853099999999999969e+00
1.302900000000000091e+03 1.861399999999999944e+00
1.312400000000000091e+03 1.869899999999999896e+00
1.322099999999999909e+03 1.878400000000000070e+00
1.331799999999999955e+03 1.887100000000000000e+00
1.341599999999999909e+03 1.895799999999999930e+00
1.351500000000000000e+03 1.904700000000000060e+00
1.361500000000000000e+03 1.913699999999999957e+00
1.371500000000000000e+03 1.922700000000000076e+00
1.381599999999999909e+03 1.931899999999999951e+00
1.391799999999999955e+03 1.941200000000000037e+00
1.402200000000000045e+03 1.950599999999999890e+00
1.412700000000000045e+03 1.960199999999999942e+00
1.423299999999999955e+03 1.969899999999999984e+00
1.434200000000000045e+03 1.979899999999999993e+00
1.445200000000000045e+03 1.989999999999999991e+00
1.456500000000000000e+03 2.000399999999999956e+00
1.468000000000000000e+03 2.011099999999999888e+00
1.479700000000000045e+03 2.021999999999999797e+00
1.491799999999999955e+03 2.033199999999999896e+00
1.504299999999999955e+03 2.044799999999999951e+00
1.517099999999999909e+03 2.056799999999999962e+00
1.530500000000000000e+03 2.069199999999999928e+00
1.544299999999999955e+03 2.082100000000000062e+00
1.558500000000000000e+03 2.095600000000000129e+00
1.573200000000000045e+03 2.109500000000000153e+00
1.588500000000000000e+03 2.123899999999999899e+00
1.604799999999999955e+03 2.138799999999999812e+00
1.621900000000000091e+03 2.154100000000000126e+00
1.639799999999999955e+03 2.170100000000000140e+00
1.658299999999999955e+03 2.186700000000000088e+00
1.677500000000000000e+03 2.204099999999999948e+00
1.697500000000000000e+03 2.222199999999999953e+00
1.718299999999999955e+03 2.241299999999999848e+00
1.740099999999999909e+03 2.261200000000000099e+00
1.762700000000000045e+03 2.282000000000000028e+00
1.786099999999999909e+03 2.303799999999999848e+00
1.810099999999999909e+03 2.326400000000000023e+00
1.834700000000000045e+03 2.349699999999999900e+00
1.859700000000000045e+03 2.373600000000000154e+00
1.885400000000000091e+03 2.398299999999999876e+00
1.911799999999999955e+03 2.423799999999999955e+00
1.939099999999999909e+03 2.450099999999999945e+00
1.967299999999999955e+03 2.477500000000000036e+00
1.996099999999999909e+03 2.505900000000000016e+00
2.025400000000000091e+03 2.534899999999999931e+00
2.055099999999999909e+03 2.564599999999999991e+00
2.085099999999999909e+03 2.594800000000000217e+00
2.115599999999999909e+03 2.625500000000000167e+00
2.147099999999999909e+03 2.657000000000000028e+00
2.179400000000000091e+03 2.689200000000000035e+00
2.212000000000000000e+03 2.722100000000000186e+00
2.244699999999999818e+03 2.755300000000000082e+00
2.277900000000000091e+03 2.789000000000000146e+00
2.311400000000000091e+03 2.823199999999999932e+00
2.345400000000000091e+03 2.857800000000000118e+00
2.379699999999999818e+03 2.892900000000000027e+00
2.414400000000000091e+03 2.928399999999999892e+00
2.449599999999999909e+03 2.964399999999999924e+00
2.484800000000000182e+03 3.000700000000000145e+00
2.520400000000000091e+03 3.037100000000000133e+00
2.557199999999999818e+03 3.073300000000000143e+00
2.594699999999999818e+03 3.109399999999999942e+00
2.632099999999999909e+03 3.145300000000000207e+00
2.669199999999999818e+03 3.181000000000000050e+00
2.706000000000000000e+03 3.216499999999999915e+00
2.742500000000000000e+03 3.251999999999999780e+00
2.778699999999999818e+03 3.287399999999999878e+00
2.814599999999999909e+03 3.322599999999999998e+00
2.849900000000000091e+03 3.357499999999999929e+00
2.884400000000000091e+03 3.391999999999999904e+00
2.918099999999999909e+03 3.425899999999999945e+00
2.950900000000000091e+03 3.459200000000000053e+00
2.982699999999999818e+03 3.491800000000000015e+00
3.013300000000000182e+03 3.523499999999999854e+00
3.042699999999999818e+03 3.554199999999999804e+00
3.070699999999999818e+03 3.583600000000000119e+00
3.097500000000000000e+03 3.611899999999999888e+00
3.123000000000000000e+03 3.638999999999999790e+00
3.147199999999999818e+03 3.664899999999999824e+00
3.169900000000000091e+03 3.689299999999999802e+00
3.191099999999999909e+03 3.712200000000000166e+00
3.211199999999999818e+03 3.733699999999999797e+00
3.230000000000000000e+03 3.753899999999999793e+00
3.247699999999999818e+03 3.772800000000000153e+00
3.264400000000000091e+03 3.790599999999999969e+00
3.280199999999999818e+03 3.807300000000000129e+00
3.295199999999999818e+03 3.823100000000000165e+00
3.309300000000000182e+03 3.838000000000000078e+00
3.322800000000000182e+03 3.852199999999999847e+00
3.335599999999999909e+03 3.865600000000000147e+00
3.347800000000000182e+03 3.878400000000000070e+00
3.359500000000000000e+03 3.890499999999999847e+00
3.370699999999999818e+03 3.902099999999999902e+00
3.381400000000000091e+03 3.913199999999999790e+00
3.391699999999999818e+03 3.923900000000000166e+00
3.401699999999999818e+03 3.934200000000000141e+00
3.411300000000000182e+03 3.944199999999999928e+00
3.420500000000000000e+03 3.953899999999999970e+00
3.429400000000000091e+03 3.963200000000000056e+00
3.438400000000000091e+03 3.972399999999999931e+00
3.447300000000000182e+03 3.981500000000000039e+00
3.456099999999999909e+03 3.990000000000000213e+00
3.464599999999999909e+03 3.998000000000000220e+00
3.472699999999999818e+03 4.005600000000000271e+00
3.480500000000000000e+03 4.012800000000000367e+00
3.488000000000000000e+03 4.019700000000000273e+00
3.495300000000000182e+03 4.026399999999999757e+00
3.502300000000000182e+03 4.032799999999999940e+00
3.509199999999999818e+03 4.038999999999999702e+00
3.515900000000000091e+03 4.045099999999999696e+00
3.522400000000000091e+03 4.051000000000000156e+00
3.528900000000000091e+03 4.056799999999999962e+00
3.535199999999999818e+03 4.062500000000000000e+00
3.541500000000000000e+03 4.068100000000000271e+00
3.547699999999999818e+03 4.073599999999999888e+00
3.553800000000000182e+03 4.078999999999999737e+00
3.559800000000000182e+03 4.084399999999999586e+00
3.565699999999999818e+03 4.089599999999999902e+00
3.571400000000000091e+03 4.094699999999999562e+00
3.577099999999999909e+03 4.099800000000000111e+00
3.582500000000000000e+03 4.104700000000000237e+00
3.587800000000000182e+03 4.109399999999999942e+00
3.592900000000000091e+03 4.113999999999999879e+00
3.597800000000000182e+03 4.118400000000000283e+00
3.602400000000000091e+03 4.122600000000000264e+00
3.606800000000000182e+03 4.126500000000000057e+00
3.610900000000000091e+03 4.130300000000000082e+00
3.614800000000000182e+03 4.133899999999999686e+00
3.618400000000000091e+03 4.137299999999999756e+00
3.621900000000000091e+03 4.140399999999999636e+00
3.625000000000000000e+03 4.143299999999999983e+00
3.627900000000000091e+03 4.146099999999999675e+00
3.630599999999999909e+03 4.148600000000000065e+00
3.633000000000000000e+03 4.150800000000000267e+00
3.635199999999999818e+03 4.152899999999999814e+00
3.637199999999999818e+03 4.154799999999999827e+00
3.638900000000000091e+03 4.156500000000000306e+00
3.640500000000000000e+03 4.158000000000000362e+00
3.641800000000000182e+03 4.159299999999999997e+00
3.642900000000000091e+03 4.160400000000000098e+00
3.643800000000000182e+03 4.161400000000000432e+00
3.644500000000000000e+03 4.162099999999999689e+00
3.644900000000000091e+03 4.162700000000000067e+00
3.645000000000000000e+03 4.163000000000000256e+00
