8.057599999999999909e+02 -8.499999999999999778e-01
8.401699999999999591e+02 2.135299999999999976e+00
8.667400000000000091e+02 2.095299999999999940e+00
8.175199999999999818e+02 2.127299999999999969e+00
8.088200000000000500e+02 2.139499999999999957e+00
8.033999999999999773e+02 2.143499999999999961e+00
7.977899999999999636e+02 2.143100000000000005e+00
7.920800000000000409e+02 2.139299999999999979e+00
7.861499999999999773e+02 2.133100000000000218e+00
7.800800000000000409e+02 2.125100000000000211e+00
7.740299999999999727e+02 2.115899999999999892e+00
7.681900000000000546e+02 2.105999999999999872e+00
7.627000000000000455e+02 2.095800000000000107e+00
7.576699999999999591e+02 2.085799999999999876e+00
7.531599999999999682e+02 2.076200000000000045e+00
7.492000000000000455e+02 2.067200000000000149e+00
7.457899999999999636e+02 2.059099999999999930e+00
7.429099999999999682e+02 2.051800000000000068e+00
7.405399999999999636e+02 2.045399999999999885e+00
7.386499999999999773e+02 2.040000000000000036e+00
7.371799999999999500e+02 2.035400000000000098e+00
7.361100000000000136e+02 2.031600000000000072e+00
7.353799999999999955e+02 2.028700000000000170e+00
7.349500000000000455e+02 2.026499999999999968e+00
7.347300000000000182e+02 2.024999999999999911e+00
7.347599999999999909e+02 2.024099999999999788e+00
7.350000000000000000e+02 2.023699999999999832e+00
7.354199999999999591e+02 2.023800000000000043e+00
7.359800000000000182e+02 2.024300000000000210e+00
7.366699999999999591e+02 2.025100000000000122e+00
7.374600000000000364e+02 2.026199999999999779e+00
7.383200000000000500e+02 2.027499999999999858e+00
7.392400000000000091e+02 2.028900000000000148e+00
7.402000000000000455e+02 2.030499999999999972e+00
7.411799999999999500e+02 2.032200000000000006e+00
7.421900000000000546e+02 2.033900000000000041e+00
7.431900000000000546e+02 2.035699999999999843e+00
7.442000000000000455e+02 2.037599999999999856e+00
7.451900000000000546e+02 2.039400000000000102e+00
7.461799999999999500e+02 2.041199999999999903e+00
7.471399999999999864e+02 2.043000000000000149e+00
7.480700000000000500e+02 2.044799999999999951e+00
7.489800000000000182e+02 2.046600000000000197e+00
7.498500000000000227e+02 2.048299999999999788e+00
7.506799999999999500e+02 2.049999999999999822e+00
7.514800000000000182e+02 2.051600000000000090e+00
7.522500000000000000e+02 2.053199999999999914e+00
7.530000000000000000e+02 2.054800000000000182e+00
7.537100000000000364e+02 2.056299999999999795e+00
7.543899999999999864e+02 2.057700000000000085e+00
7.550299999999999727e+02 2.059099999999999930e+00
7.556499999999999773e+02 2.060400000000000009e+00
7.562400000000000091e+02 2.061700000000000088e+00
7.568099999999999454e+02 2.062899999999999956e+00
7.573400000000000318e+02 2.064099999999999824e+00
7.578500000000000227e+02 2.065199999999999925e+00
7.583300000000000409e+02 2.066199999999999815e+00
7.587799999999999727e+02 2.067200000000000149e+00
7.592100000000000364e+02 2.068200000000000038e+00
7.596200000000000045e+02 2.069100000000000161e+00
7.600000000000000000e+02 2.069900000000000073e+00
7.603600000000000136e+02 2.070800000000000196e+00
7.607000000000000455e+02 2.071499999999999897e+00
7.610299999999999727e+02 2.072200000000000042e+00
7.613300000000000409e+02 2.072900000000000187e+00
7.616100000000000136e+02 2.073500000000000121e+00
7.618799999999999955e+02 2.074100000000000055e+00
7.621299999999999955e+02 2.074699999999999989e+00
7.623700000000000045e+02 2.075200000000000156e+00
7.625900000000000318e+02 2.075699999999999878e+00
7.627999999999999545e+02 2.076200000000000045e+00
7.629900000000000091e+02 2.076700000000000212e+00
7.631799999999999500e+02 2.077100000000000168e+00
7.633500000000000227e+02 2.077500000000000124e+00
7.635099999999999909e+02 2.077799999999999869e+00
7.636599999999999682e+02 2.078199999999999825e+00
7.637999999999999545e+02 2.078500000000000014e+00
7.639299999999999500e+02 2.078800000000000203e+00
7.640499999999999545e+02 2.079099999999999948e+00
7.641599999999999682e+02 2.079299999999999926e+00
7.642699999999999818e+02 2.079600000000000115e+00
7.643600000000000136e+02 2.079800000000000093e+00
7.644500000000000455e+02 2.080000000000000071e+00
7.645299999999999727e+02 2.080200000000000049e+00
7.646100000000000136e+02 2.080400000000000027e+00
7.646699999999999591e+02 2.080499999999999794e+00
7.647300000000000182e+02 2.080700000000000216e+00
7.647799999999999727e+02 2.080799999999999983e+00
7.648200000000000500e+02 2.080900000000000194e+00
7.648500000000000227e+02 2.080999999999999961e+00
7.648799999999999955e+02 2.081100000000000172e+00
7.648999999999999773e+02 2.081199999999999939e+00
7.649099999999999682e+02 2.081300000000000150e+00
7.649199999999999591e+02 2.081300000000000150e+00
7.649299999999999500e+02 2.081399999999999917e+00
7.649299999999999500e+02 2.081399999999999917e+00
7.649199999999999591e+02 2.081399999999999917e+00
7.649099999999999682e+02 2.081399999999999917e+00
7.648899999999999864e+02 2.081399999999999917e+00
7.648700000000000045e+02 2.081399999999999917e+00
7.648500000000000227e+02 2.081399999999999917e+00
7.648200000000000500e+02 2.081399999999999917e+00
7.647899999999999636e+02 2.081399999999999917e+00
7.647500000000000000e+02 2.081300000000000150e+00
7.647100000000000364e+02 2.081300000000000150e+00
7.646699999999999591e+02 2.081199999999999939e+00
7.646200000000000045e+02 2.081100000000000172e+00
7.645599999999999454e+02 2.081100000000000172e+00
7.645000000000000000e+02 2.080999999999999961e+00
7.644299999999999500e+02 2.080900000000000194e+00
7.643500000000000227e+02 2.080799999999999983e+00
7.642899999999999636e+02 2.080700000000000216e+00
7.642200000000000273e+02 2.080600000000000005e+00
7.641599999999999682e+02 2.080499999999999794e+00
7.641000000000000227e+02 2.080400000000000027e+00
7.640399999999999636e+02 2.080299999999999816e+00
7.639700000000000273e+02 2.080299999999999816e+00
7.639099999999999682e+02 2.080200000000000049e+00
7.638500000000000227e+02 2.080099999999999838e+00
7.637799999999999727e+02 2.080000000000000071e+00
7.637100000000000364e+02 2.079899999999999860e+00
7.636499999999999773e+02 2.079899999999999860e+00
7.635700000000000500e+02 2.079800000000000093e+00
7.635000000000000000e+02 2.079699999999999882e+00
7.634299999999999500e+02 2.079600000000000115e+00
7.633500000000000227e+02 2.079499999999999904e+00
7.632799999999999727e+02 2.079400000000000137e+00
7.632000000000000455e+02 2.079299999999999926e+00
7.631299999999999955e+02 2.079200000000000159e+00
7.630700000000000500e+02 2.079099999999999948e+00
7.630199999999999818e+02 2.079000000000000181e+00
7.630000000000000000e+02 2.079000000000000181e+00
7.630000000000000000e+02 2.079000000000000181e+00
7.630199999999999818e+02 2.079000000000000181e+00
7.630800000000000409e+02 2.079099999999999948e+00
7.631799999999999500e+02 2.079299999999999926e+00
7.633200000000000500e+02 2.079499999999999904e+00
7.635099999999999909e+02 2.079800000000000093e+00
7.637500000000000000e+02 2.080299999999999816e+00
7.640399999999999636e+02 2.080799999999999983e+00
7.643700000000000045e+02 2.081399999999999917e+00
7.647599999999999909e+02 2.082100000000000062e+00
7.651900000000000546e+02 2.082899999999999974e+00
7.656699999999999591e+02 2.083800000000000097e+00
7.662000000000000455e+02 2.084700000000000220e+00
7.667799999999999727e+02 2.085799999999999876e+00
7.673999999999999773e+02 2.087000000000000188e+00
7.680599999999999454e+02 2.088200000000000056e+00
7.687699999999999818e+02 2.089599999999999902e+00
7.695099999999999909e+02 2.091000000000000192e+00
7.702899999999999636e+02 2.092499999999999805e+00
7.711100000000000136e+02 2.094100000000000072e+00
7.719700000000000273e+02 2.095699999999999896e+00
7.728500000000000227e+02 2.097500000000000142e+00
7.737699999999999818e+02 2.099299999999999944e+00
7.747100000000000364e+02 2.101100000000000190e+00
7.756799999999999500e+02 2.103000000000000203e+00
7.766699999999999591e+02 2.104999999999999982e+00
7.776799999999999500e+02 2.107000000000000206e+00
7.787100000000000364e+02 2.109100000000000197e+00
7.797699999999999818e+02 2.111200000000000188e+00
7.808400000000000318e+02 2.113399999999999945e+00
7.819299999999999500e+02 2.115499999999999936e+00
7.830299999999999727e+02 2.117799999999999905e+00
7.841499999999999773e+02 2.120000000000000107e+00
7.852899999999999636e+02 2.122300000000000075e+00
7.864299999999999500e+02 2.124699999999999811e+00
7.875900000000000318e+02 2.126999999999999780e+00
7.887500000000000000e+02 2.129399999999999959e+00
7.899299999999999500e+02 2.131800000000000139e+00
7.911100000000000136e+02 2.134199999999999875e+00
7.923099999999999454e+02 2.136699999999999822e+00
7.935099999999999909e+02 2.139100000000000001e+00
7.947200000000000273e+02 2.141599999999999948e+00
7.959400000000000546e+02 2.144099999999999895e+00
7.971599999999999682e+02 2.146599999999999842e+00
7.983899999999999864e+02 2.149099999999999788e+00
7.996100000000000136e+02 2.151600000000000179e+00
8.008400000000000318e+02 2.154199999999999893e+00
8.020700000000000500e+02 2.156699999999999839e+00
8.032899999999999636e+02 2.159199999999999786e+00
8.045000000000000000e+02 2.161799999999999944e+00
8.057000000000000455e+02 2.164299999999999891e+00
8.068799999999999955e+02 2.166799999999999837e+00
8.080399999999999636e+02 2.169200000000000017e+00
8.091799999999999500e+02 2.171600000000000197e+00
8.102999999999999545e+02 2.173999999999999932e+00
8.114099999999999682e+02 2.176400000000000112e+00
8.125000000000000000e+02 2.178700000000000081e+00
8.135700000000000500e+02 2.181000000000000050e+00
8.146299999999999955e+02 2.183300000000000018e+00
8.156699999999999591e+02 2.185500000000000220e+00
8.167000000000000455e+02 2.187699999999999978e+00
8.177200000000000273e+02 2.189900000000000180e+00
8.187200000000000273e+02 2.192000000000000171e+00
8.197100000000000364e+02 2.194100000000000161e+00
8.206900000000000546e+02 2.196200000000000152e+00
8.216499999999999773e+02 2.198300000000000143e+00
8.226100000000000136e+02 2.200299999999999923e+00
8.235499999999999545e+02 2.202300000000000146e+00
8.244900000000000091e+02 2.204299999999999926e+00
8.254400000000000546e+02 2.206300000000000150e+00
8.264099999999999682e+02 2.208400000000000141e+00
8.273899999999999864e+02 2.210399999999999920e+00
8.284199999999999591e+02 2.212400000000000144e+00
8.294800000000000182e+02 2.214599999999999902e+00
8.305900000000000318e+02 2.216699999999999893e+00
8.317500000000000000e+02 2.218999999999999861e+00
8.329500000000000455e+02 2.221299999999999830e+00
8.342200000000000273e+02 2.223700000000000010e+00
8.355399999999999636e+02 2.226300000000000168e+00
8.369299999999999500e+02 2.228899999999999881e+00
8.383700000000000045e+02 2.231599999999999806e+00
8.398799999999999955e+02 2.234500000000000153e+00
8.414600000000000364e+02 2.237499999999999822e+00
8.431100000000000136e+02 2.240600000000000147e+00
8.448500000000000227e+02 2.243799999999999795e+00
8.466699999999999591e+02 2.247199999999999864e+00
8.485599999999999454e+02 2.250799999999999912e+00
8.504900000000000091e+02 2.254500000000000171e+00
8.524900000000000091e+02 2.258300000000000196e+00
8.545399999999999636e+02 2.262300000000000200e+00
8.566499999999999773e+02 2.266300000000000203e+00
8.587999999999999545e+02 2.270500000000000185e+00
8.610099999999999909e+02 2.274900000000000144e+00
8.632699999999999818e+02 2.279300000000000104e+00
8.656000000000000227e+02 2.283799999999999830e+00
8.679900000000000091e+02 2.288499999999999979e+00
8.704700000000000273e+02 2.293299999999999894e+00
8.730299999999999727e+02 2.298299999999999788e+00
8.756799999999999500e+02 2.303399999999999892e+00
8.783999999999999773e+02 2.308600000000000207e+00
8.812100000000000364e+02 2.314000000000000057e+00
8.840800000000000409e+02 2.319500000000000117e+00
8.870199999999999818e+02 2.325099999999999945e+00
8.900299999999999727e+02 2.330900000000000194e+00
8.931100000000000136e+02 2.336800000000000210e+00
8.962500000000000000e+02 2.342799999999999994e+00
8.994500000000000455e+02 2.349000000000000199e+00
9.027100000000000364e+02 2.355300000000000171e+00
9.060199999999999818e+02 2.361800000000000122e+00
9.093899999999999864e+02 2.368300000000000072e+00
9.128099999999999454e+02 2.375000000000000000e+00
9.162699999999999818e+02 2.381699999999999928e+00
9.197699999999999818e+02 2.388599999999999834e+00
9.233200000000000500e+02 2.395599999999999952e+00
9.268899999999999864e+02 2.402600000000000069e+00
9.305000000000000000e+02 2.409800000000000164e+00
9.341299999999999955e+02 2.416900000000000048e+00
9.377799999999999727e+02 2.424199999999999910e+00
9.414500000000000455e+02 2.431500000000000217e+00
9.451499999999999773e+02 2.438899999999999846e+00
9.488600000000000136e+02 2.446299999999999919e+00
9.526000000000000227e+02 2.453800000000000203e+00
9.563500000000000227e+02 2.461300000000000043e+00
9.601100000000000136e+02 2.468799999999999883e+00
9.638700000000000045e+02 2.476399999999999935e+00
9.676399999999999864e+02 2.483900000000000219e+00
9.714199999999999591e+02 2.491499999999999826e+00
9.751900000000000546e+02 2.499200000000000088e+00
9.789600000000000364e+02 2.506800000000000139e+00
9.827400000000000091e+02 2.514400000000000190e+00
9.865099999999999909e+02 2.522100000000000009e+00
9.902699999999999818e+02 2.529700000000000060e+00
9.940399999999999636e+02 2.537300000000000111e+00
9.977899999999999636e+02 2.544999999999999929e+00
1.001500000000000000e+03 2.552599999999999980e+00
1.005299999999999955e+03 2.560200000000000031e+00
1.009000000000000000e+03 2.567800000000000082e+00
1.012799999999999955e+03 2.575400000000000134e+00
1.016500000000000000e+03 2.583000000000000185e+00
1.020200000000000045e+03 2.590599999999999792e+00
1.023899999999999977e+03 2.598100000000000076e+00
1.027599999999999909e+03 2.605700000000000127e+00
1.031299999999999955e+03 2.613199999999999967e+00
1.035000000000000000e+03 2.620800000000000018e+00
1.038700000000000045e+03 2.628400000000000070e+00
1.042500000000000000e+03 2.636000000000000121e+00
1.046200000000000045e+03 2.643600000000000172e+00
1.050000000000000000e+03 2.651299999999999990e+00
1.053900000000000091e+03 2.658999999999999808e+00
1.057799999999999955e+03 2.666799999999999837e+00
1.061700000000000045e+03 2.674700000000000077e+00
1.065700000000000045e+03 2.682700000000000085e+00
1.069700000000000045e+03 2.690799999999999859e+00
1.073799999999999955e+03 2.698900000000000077e+00
1.077900000000000091e+03 2.707199999999999829e+00
1.082000000000000000e+03 2.715500000000000025e+00
1.086200000000000045e+03 2.723899999999999988e+00
1.090400000000000091e+03 2.732400000000000162e+00
1.094599999999999909e+03 2.740899999999999892e+00
1.098900000000000091e+03 2.749600000000000044e+00
1.103200000000000045e+03 2.758300000000000196e+00
1.107599999999999909e+03 2.767100000000000115e+00
1.112000000000000000e+03 2.775999999999999801e+00
1.116500000000000000e+03 2.784899999999999931e+00
1.121000000000000000e+03 2.794000000000000039e+00
1.125500000000000000e+03 2.803100000000000147e+00
1.130099999999999909e+03 2.812399999999999789e+00
1.134799999999999955e+03 2.821800000000000086e+00
1.139599999999999909e+03 2.831300000000000150e+00
1.144500000000000000e+03 2.840899999999999981e+00
1.149500000000000000e+03 2.850800000000000001e+00
1.154599999999999909e+03 2.860799999999999788e+00
1.159900000000000091e+03 2.871100000000000207e+00
1.165400000000000091e+03 2.881800000000000139e+00
1.171099999999999909e+03 2.892799999999999816e+00
1.177099999999999909e+03 2.904300000000000104e+00
1.183400000000000091e+03 2.916100000000000136e+00
1.190000000000000000e+03 2.928399999999999892e+00
1.196799999999999955e+03 2.941100000000000048e+00
1.204000000000000000e+03 2.954400000000000137e+00
1.211500000000000000e+03 2.968199999999999950e+00
1.219400000000000091e+03 2.982600000000000140e+00
1.227599999999999909e+03 2.997700000000000031e+00
1.236200000000000045e+03 3.013399999999999856e+00
1.245000000000000000e+03 3.029700000000000060e+00
1.254000000000000000e+03 3.046499999999999986e+00
1.263200000000000045e+03 3.063699999999999868e+00
1.272599999999999909e+03 3.081300000000000150e+00
1.282099999999999909e+03 3.099299999999999944e+00
1.291700000000000045e+03 3.117500000000000160e+00
1.301400000000000091e+03 3.136099999999999888e+00
1.311299999999999955e+03 3.154900000000000038e+00
1.321200000000000045e+03 3.173900000000000166e+00
1.331200000000000045e+03 3.193000000000000060e+00
1.341299999999999955e+03 3.212299999999999933e+00
1.351400000000000091e+03 3.231799999999999784e+00
1.361500000000000000e+03 3.251300000000000079e+00
1.371700000000000045e+03 3.270900000000000141e+00
1.382000000000000000e+03 3.290700000000000180e+00
1.392400000000000091e+03 3.310500000000000220e+00
1.402900000000000091e+03 3.330499999999999794e+00
1.413599999999999909e+03 3.350800000000000001e+00
1.424500000000000000e+03 3.371300000000000185e+00
1.435500000000000000e+03 3.391999999999999904e+00
1.446799999999999955e+03 3.412999999999999812e+00
1.458299999999999955e+03 3.434400000000000119e+00
1.470099999999999909e+03 3.456199999999999939e+00
1.482000000000000000e+03 3.478299999999999947e+00
1.494299999999999955e+03 3.500700000000000145e+00
1.507000000000000000e+03 3.523699999999999832e+00
1.520200000000000045e+03 3.547299999999999898e+00
1.533799999999999955e+03 3.571499999999999897e+00
1.547900000000000091e+03 3.596400000000000041e+00
1.562700000000000045e+03 3.622199999999999864e+00
1.578099999999999909e+03 3.648699999999999832e+00
1.593900000000000091e+03 3.675800000000000178e+00
1.610099999999999909e+03 3.703599999999999781e+00
1.627200000000000045e+03 3.732200000000000184e+00
1.645200000000000045e+03 3.761800000000000033e+00
1.664200000000000045e+03 3.792600000000000193e+00
1.684200000000000045e+03 3.824500000000000011e+00
1.705200000000000045e+03 3.857600000000000140e+00
1.727200000000000045e+03 3.891700000000000159e+00
1.750200000000000045e+03 3.926899999999999835e+00
1.774200000000000045e+03 3.963299999999999823e+00
1.800500000000000000e+03 4.001999999999999780e+00
1.828099999999999909e+03 4.042600000000000193e+00
1.856799999999999955e+03 4.084100000000000286e+00
1.886200000000000045e+03 4.126299999999999635e+00
1.916099999999999909e+03 4.168899999999999828e+00
1.946700000000000045e+03 4.211800000000000210e+00
1.978099999999999909e+03 4.255499999999999616e+00
2.010900000000000091e+03 4.300099999999999589e+00
2.044900000000000091e+03 4.345699999999999896e+00
2.080500000000000000e+03 4.392400000000000304e+00
2.116199999999999818e+03 4.440299999999999692e+00
2.151300000000000182e+03 4.488299999999999734e+00
2.187300000000000182e+03 4.535999999999999588e+00
2.224400000000000091e+03 4.583899999999999864e+00
2.263800000000000182e+03 4.632500000000000284e+00
2.305699999999999818e+03 4.682299999999999685e+00
2.348699999999999818e+03 4.733299999999999841e+00
2.392599999999999909e+03 4.784399999999999764e+00
2.437800000000000182e+03 4.834299999999999820e+00
2.482699999999999818e+03 4.881899999999999906e+00
2.526300000000000182e+03 4.926199999999999690e+00
2.570300000000000182e+03 4.967999999999999972e+00
2.613500000000000000e+03 5.007100000000000328e+00
2.655599999999999909e+03 5.043199999999999683e+00
2.696800000000000182e+03 5.076399999999999579e+00
2.737199999999999818e+03 5.107099999999999973e+00
2.776400000000000091e+03 5.135699999999999932e+00
2.814300000000000182e+03 5.162300000000000111e+00
2.850699999999999818e+03 5.187299999999999578e+00
2.885699999999999818e+03 5.211100000000000065e+00
2.919500000000000000e+03 5.233799999999999564e+00
2.951599999999999909e+03 5.256199999999999761e+00
2.982699999999999818e+03 5.278599999999999959e+00
3.012699999999999818e+03 5.301199999999999690e+00
3.041500000000000000e+03 5.324200000000000266e+00
3.069099999999999909e+03 5.347500000000000142e+00
3.095199999999999818e+03 5.371199999999999974e+00
3.119800000000000182e+03 5.395500000000000185e+00
3.142900000000000091e+03 5.420200000000000351e+00
3.164800000000000182e+03 5.445199999999999818e+00
3.185099999999999909e+03 5.470600000000000129e+00
3.203400000000000091e+03 5.496800000000000352e+00
3.220199999999999818e+03 5.523399999999999643e+00
3.235800000000000182e+03 5.550300000000000011e+00
3.250400000000000091e+03 5.577099999999999724e+00
3.264500000000000000e+03 5.603299999999999947e+00
3.278300000000000182e+03 5.628599999999999604e+00
3.291599999999999909e+03 5.652899999999999814e+00
3.304400000000000091e+03 5.676099999999999923e+00
3.316400000000000091e+03 5.698400000000000354e+00
3.328000000000000000e+03 5.719699999999999562e+00
3.339099999999999909e+03 5.740199999999999747e+00
3.349699999999999818e+03 5.759699999999999598e+00
3.360099999999999909e+03 5.778200000000000003e+00
3.370199999999999818e+03 5.795899999999999608e+00
3.380000000000000000e+03 5.812800000000000189e+00
3.389500000000000000e+03 5.828999999999999737e+00
3.398800000000000182e+03 5.844400000000000261e+00
3.407800000000000182e+03 5.859200000000000408e+00
3.416599999999999909e+03 5.873400000000000176e+00
3.425000000000000000e+03 5.887199999999999989e+00
3.433300000000000182e+03 5.900400000000000311e+00
3.441699999999999818e+03 5.913199999999999790e+00
3.449699999999999818e+03 5.925699999999999967e+00
3.457500000000000000e+03 5.937800000000000189e+00
3.465000000000000000e+03 5.949399999999999800e+00
3.472300000000000182e+03 5.960700000000000109e+00
3.479400000000000091e+03 5.971499999999999808e+00
3.486500000000000000e+03 5.981799999999999784e+00
3.493400000000000091e+03 5.991600000000000037e+00
3.500000000000000000e+03 6.001100000000000101e+00
3.506500000000000000e+03 6.010100000000000442e+00
3.512800000000000182e+03 6.018799999999999706e+00
3.519000000000000000e+03 6.027199999999999669e+00
3.525199999999999818e+03 6.035300000000000331e+00
3.531300000000000182e+03 6.043199999999999683e+00
3.537400000000000091e+03 6.050900000000000389e+00
3.543400000000000091e+03 6.058399999999999785e+00
3.549400000000000091e+03 6.065800000000000303e+00
3.555400000000000091e+03 6.073100000000000165e+00
3.561300000000000182e+03 6.080300000000000260e+00
3.567099999999999909e+03 6.087399999999999700e+00
3.572900000000000091e+03 6.094400000000000261e+00
3.578599999999999909e+03 6.101300000000000168e+00
3.584099999999999909e+03 6.108100000000000307e+00
3.589400000000000091e+03 6.114700000000000024e+00
3.594599999999999909e+03 6.121199999999999974e+00
3.599500000000000000e+03 6.127399999999999736e+00
3.604099999999999909e+03 6.133499999999999730e+00
3.608500000000000000e+03 6.139300000000000423e+00
3.612599999999999909e+03 6.144800000000000040e+00
3.616400000000000091e+03 6.150199999999999889e+00
3.620000000000000000e+03 6.155199999999999783e+00
3.623300000000000182e+03 6.160000000000000142e+00
3.626300000000000182e+03 6.164500000000000313e+00
3.629099999999999909e+03 6.168700000000000294e+00
3.631599999999999909e+03 6.172600000000000087e+00
3.633900000000000091e+03 6.176199999999999690e+00
3.635900000000000091e+03 6.179599999999999760e+00
3.637699999999999818e+03 6.182599999999999874e+00
3.639300000000000182e+03 6.185399999999999565e+00
3.640599999999999909e+03 6.187999999999999723e+00
3.641800000000000182e+03 6.190199999999999925e+00
3.642699999999999818e+03 6.192300000000000360e+00
3.643500000000000000e+03 6.193999999999999950e+00
3.644099999999999909e+03 6.195599999999999774e+00
3.644400000000000091e+03 6.196900000000000297e+00
3.644500000000000000e+03 6.197899999999999743e+00
