8.047799999999999727e+02 2.260899999999999910e+00
8.331900000000000546e+02 2.230199999999999960e+00
8.649199999999999591e+02 2.195800000000000196e+00
8.200000000000000000e+02 2.216499999999999915e+00
8.100900000000000318e+02 2.226199999999999957e+00
8.036100000000000136e+02 2.228800000000000114e+00
7.972899999999999636e+02 2.227199999999999847e+00
7.910499999999999545e+02 2.222399999999999931e+00
7.847300000000000182e+02 2.215199999999999836e+00
7.783999999999999773e+02 2.206199999999999939e+00
7.722000000000000455e+02 2.196099999999999941e+00
7.662999999999999545e+02 2.185400000000000009e+00
7.608300000000000409e+02 2.174599999999999866e+00
7.558600000000000136e+02 2.163899999999999935e+00
7.514600000000000364e+02 2.153799999999999937e+00
7.476399999999999864e+02 2.144499999999999851e+00
7.443799999999999955e+02 2.136000000000000121e+00
7.416699999999999591e+02 2.128400000000000070e+00
7.394800000000000182e+02 2.121900000000000119e+00
7.377500000000000000e+02 2.116299999999999848e+00
7.364400000000000546e+02 2.111600000000000144e+00
7.355099999999999909e+02 2.107800000000000118e+00
7.349199999999999591e+02 2.104800000000000004e+00
7.346200000000000045e+02 2.102599999999999802e+00
7.345299999999999727e+02 2.101199999999999957e+00
7.346599999999999682e+02 2.100299999999999834e+00
7.349800000000000182e+02 2.100099999999999856e+00
7.354800000000000182e+02 2.100299999999999834e+00
7.361100000000000136e+02 2.100900000000000212e+00
7.368500000000000227e+02 2.101799999999999891e+00
7.376799999999999500e+02 2.103000000000000203e+00
7.385700000000000500e+02 2.104400000000000048e+00
7.395199999999999818e+02 2.105999999999999872e+00
7.405000000000000000e+02 2.107699999999999907e+00
7.415000000000000000e+02 2.109500000000000153e+00
7.425099999999999909e+02 2.111400000000000166e+00
7.435299999999999727e+02 2.113399999999999945e+00
7.445299999999999727e+02 2.115299999999999958e+00
7.455299999999999727e+02 2.117300000000000182e+00
7.465099999999999909e+02 2.119200000000000195e+00
7.474600000000000364e+02 2.121199999999999974e+00
7.483899999999999864e+02 2.123099999999999987e+00
7.492999999999999545e+02 2.124899999999999789e+00
7.501599999999999682e+02 2.126700000000000035e+00
7.509900000000000091e+02 2.128499999999999837e+00
7.517799999999999727e+02 2.130300000000000082e+00
7.525399999999999636e+02 2.132000000000000117e+00
7.532699999999999818e+02 2.133599999999999941e+00
7.539700000000000273e+02 2.135200000000000209e+00
7.546399999999999864e+02 2.136699999999999822e+00
7.552799999999999727e+02 2.138199999999999878e+00
7.558899999999999864e+02 2.139600000000000168e+00
7.564700000000000273e+02 2.140899999999999803e+00
7.570199999999999818e+02 2.142199999999999882e+00
7.575499999999999545e+02 2.143400000000000194e+00
7.580399999999999636e+02 2.144600000000000062e+00
7.585099999999999909e+02 2.145700000000000163e+00
7.589600000000000364e+02 2.146799999999999820e+00
7.593799999999999955e+02 2.147800000000000153e+00
7.597799999999999727e+02 2.148699999999999832e+00
7.601499999999999773e+02 2.149599999999999955e+00
7.605099999999999909e+02 2.150399999999999867e+00
7.608400000000000318e+02 2.151199999999999779e+00
7.611499999999999773e+02 2.152000000000000135e+00
7.614500000000000455e+02 2.152699999999999836e+00
7.617300000000000182e+02 2.153399999999999981e+00
7.619900000000000091e+02 2.153999999999999915e+00
7.622300000000000182e+02 2.154599999999999849e+00
7.624600000000000364e+02 2.155199999999999783e+00
7.626799999999999500e+02 2.155699999999999950e+00
7.628799999999999955e+02 2.156200000000000117e+00
7.630700000000000500e+02 2.156600000000000072e+00
7.632500000000000000e+02 2.157099999999999795e+00
7.634099999999999682e+02 2.157500000000000195e+00
7.635700000000000500e+02 2.157900000000000151e+00
7.637200000000000273e+02 2.158199999999999896e+00
7.638500000000000227e+02 2.158500000000000085e+00
7.639800000000000182e+02 2.158900000000000041e+00
7.641000000000000227e+02 2.159100000000000019e+00
7.642100000000000364e+02 2.159400000000000208e+00
7.643099999999999454e+02 2.159699999999999953e+00
7.643999999999999773e+02 2.159899999999999931e+00
7.644900000000000091e+02 2.160099999999999909e+00
7.645700000000000500e+02 2.160299999999999887e+00
7.646399999999999864e+02 2.160499999999999865e+00
7.647000000000000455e+02 2.160699999999999843e+00
7.647500000000000000e+02 2.160800000000000054e+00
7.647999999999999545e+02 2.161000000000000032e+00
7.648400000000000318e+02 2.161099999999999799e+00
7.648700000000000045e+02 2.161200000000000010e+00
7.648899999999999864e+02 2.161300000000000221e+00
7.649099999999999682e+02 2.161399999999999988e+00
7.649199999999999591e+02 2.161399999999999988e+00
7.649299999999999500e+02 2.161500000000000199e+00
7.649299999999999500e+02 2.161500000000000199e+00
7.649299999999999500e+02 2.161599999999999966e+00
7.649199999999999591e+02 2.161599999999999966e+00
7.649099999999999682e+02 2.161599999999999966e+00
7.648899999999999864e+02 2.161599999999999966e+00
7.648700000000000045e+02 2.161599999999999966e+00
7.648400000000000318e+02 2.161599999999999966e+00
7.648200000000000500e+02 2.161500000000000199e+00
7.647799999999999727e+02 2.161500000000000199e+00
7.647500000000000000e+02 2.161500000000000199e+00
7.647000000000000455e+02 2.161399999999999988e+00
7.646599999999999682e+02 2.161300000000000221e+00
7.646100000000000136e+02 2.161300000000000221e+00
7.645499999999999545e+02 2.161200000000000010e+00
7.644800000000000182e+02 2.161099999999999799e+00
7.644099999999999682e+02 2.161000000000000032e+00
7.643400000000000318e+02 2.160800000000000054e+00
7.642699999999999818e+02 2.160699999999999843e+00
7.642100000000000364e+02 2.160600000000000076e+00
7.641399999999999864e+02 2.160499999999999865e+00
7.640800000000000409e+02 2.160400000000000098e+00
7.640199999999999818e+02 2.160400000000000098e+00
7.639600000000000364e+02 2.160299999999999887e+00
7.638999999999999773e+02 2.160200000000000120e+00
7.638300000000000409e+02 2.160099999999999909e+00
7.637699999999999818e+02 2.160000000000000142e+00
7.637000000000000455e+02 2.159899999999999931e+00
7.636299999999999955e+02 2.159800000000000164e+00
7.635599999999999454e+02 2.159699999999999953e+00
7.634900000000000091e+02 2.159600000000000186e+00
7.634099999999999682e+02 2.159499999999999975e+00
7.633300000000000409e+02 2.159400000000000208e+00
7.632599999999999909e+02 2.159299999999999997e+00
7.631799999999999500e+02 2.159199999999999786e+00
7.631100000000000136e+02 2.159100000000000019e+00
7.630599999999999454e+02 2.158999999999999808e+00
7.630099999999999909e+02 2.158900000000000041e+00
7.629900000000000091e+02 2.158900000000000041e+00
7.630000000000000000e+02 2.158900000000000041e+00
7.630299999999999727e+02 2.158900000000000041e+00
7.631000000000000227e+02 2.158999999999999808e+00
7.632200000000000273e+02 2.159199999999999786e+00
7.633700000000000045e+02 2.159400000000000208e+00
7.635800000000000409e+02 2.159800000000000164e+00
7.638400000000000318e+02 2.160299999999999887e+00
7.641399999999999864e+02 2.160800000000000054e+00
7.644900000000000091e+02 2.161500000000000199e+00
7.648999999999999773e+02 2.162199999999999900e+00
7.653500000000000227e+02 2.163100000000000023e+00
7.658500000000000227e+02 2.164000000000000146e+00
7.663899999999999864e+02 2.165099999999999802e+00
7.669900000000000091e+02 2.166199999999999903e+00
7.676200000000000045e+02 2.167499999999999982e+00
7.682999999999999545e+02 2.168800000000000061e+00
7.690199999999999818e+02 2.170199999999999907e+00
7.697799999999999727e+02 2.171800000000000175e+00
7.705800000000000409e+02 2.173399999999999999e+00
7.714099999999999682e+02 2.175100000000000033e+00
7.722799999999999727e+02 2.176800000000000068e+00
7.731799999999999500e+02 2.178700000000000081e+00
7.741000000000000227e+02 2.180600000000000094e+00
7.750599999999999454e+02 2.182599999999999874e+00
7.760299999999999727e+02 2.184600000000000097e+00
7.770299999999999727e+02 2.186700000000000088e+00
7.780599999999999454e+02 2.188800000000000079e+00
7.791000000000000227e+02 2.190999999999999837e+00
7.801599999999999682e+02 2.193299999999999805e+00
7.812500000000000000e+02 2.195600000000000218e+00
7.823400000000000318e+02 2.197900000000000187e+00
7.834600000000000364e+02 2.200299999999999923e+00
7.845800000000000409e+02 2.202700000000000102e+00
7.857200000000000273e+02 2.205099999999999838e+00
7.868700000000000045e+02 2.207599999999999785e+00
7.880399999999999636e+02 2.210100000000000176e+00
7.892100000000000364e+02 2.212600000000000122e+00
7.903899999999999864e+02 2.215100000000000069e+00
7.915800000000000409e+02 2.217699999999999783e+00
7.927799999999999727e+02 2.220299999999999940e+00
7.939900000000000091e+02 2.222900000000000098e+00
7.952000000000000455e+02 2.225499999999999812e+00
7.964199999999999591e+02 2.228200000000000180e+00
7.976499999999999773e+02 2.230799999999999894e+00
7.988799999999999955e+02 2.233499999999999819e+00
8.001100000000000136e+02 2.236200000000000188e+00
8.013400000000000318e+02 2.238900000000000112e+00
8.025700000000000500e+02 2.241499999999999826e+00
8.037899999999999636e+02 2.244200000000000195e+00
8.050000000000000000e+02 2.246900000000000119e+00
8.062000000000000455e+02 2.249499999999999833e+00
8.073700000000000045e+02 2.252200000000000202e+00
8.085199999999999818e+02 2.254700000000000149e+00
8.096599999999999682e+02 2.257299999999999862e+00
8.107799999999999727e+02 2.259799999999999809e+00
8.118799999999999955e+02 2.262300000000000200e+00
8.129700000000000273e+02 2.264699999999999935e+00
8.140399999999999636e+02 2.267199999999999882e+00
8.150900000000000318e+02 2.269499999999999851e+00
8.161299999999999955e+02 2.271900000000000031e+00
8.171499999999999773e+02 2.274199999999999999e+00
8.181699999999999591e+02 2.276499999999999968e+00
8.191599999999999682e+02 2.278799999999999937e+00
8.201499999999999773e+02 2.281000000000000139e+00
8.211200000000000045e+02 2.283199999999999896e+00
8.220800000000000409e+02 2.285400000000000098e+00
8.230299999999999727e+02 2.287500000000000089e+00
8.239700000000000273e+02 2.289600000000000080e+00
8.249099999999999682e+02 2.291799999999999837e+00
8.258600000000000136e+02 2.293899999999999828e+00
8.268300000000000409e+02 2.295999999999999819e+00
8.278300000000000409e+02 2.298099999999999810e+00
8.288600000000000136e+02 2.300300000000000011e+00
8.299400000000000546e+02 2.302599999999999980e+00
8.310599999999999454e+02 2.304899999999999949e+00
8.322400000000000091e+02 2.307300000000000129e+00
8.334600000000000364e+02 2.309800000000000075e+00
8.347500000000000000e+02 2.312399999999999789e+00
8.361000000000000227e+02 2.314999999999999947e+00
8.375099999999999909e+02 2.317899999999999849e+00
8.389800000000000182e+02 2.320800000000000196e+00
8.405199999999999818e+02 2.323799999999999866e+00
8.421200000000000045e+02 2.326999999999999957e+00
8.438099999999999454e+02 2.330299999999999816e+00
8.455900000000000318e+02 2.333800000000000097e+00
8.474400000000000546e+02 2.337499999999999911e+00
8.493700000000000045e+02 2.341299999999999937e+00
8.513300000000000409e+02 2.345200000000000173e+00
8.533600000000000136e+02 2.349299999999999944e+00
8.554500000000000455e+02 2.353499999999999925e+00
8.575900000000000318e+02 2.357899999999999885e+00
8.597699999999999818e+02 2.362400000000000055e+00
8.620099999999999909e+02 2.366999999999999993e+00
8.643099999999999454e+02 2.371700000000000141e+00
8.666599999999999682e+02 2.376599999999999824e+00
8.691000000000000227e+02 2.381600000000000161e+00
8.716100000000000136e+02 2.386800000000000033e+00
8.742100000000000364e+02 2.392100000000000115e+00
8.768999999999999773e+02 2.397600000000000176e+00
8.796599999999999682e+02 2.403300000000000214e+00
8.825000000000000000e+02 2.408999999999999808e+00
8.854199999999999591e+02 2.414899999999999824e+00
8.883999999999999773e+02 2.420999999999999819e+00
8.914600000000000364e+02 2.427200000000000024e+00
8.945700000000000500e+02 2.433499999999999996e+00
8.977599999999999909e+02 2.439999999999999947e+00
9.010000000000000000e+02 2.446699999999999875e+00
9.042999999999999545e+02 2.453399999999999803e+00
9.076499999999999773e+02 2.460300000000000153e+00
9.110599999999999454e+02 2.467299999999999827e+00
9.145199999999999818e+02 2.474499999999999922e+00
9.180199999999999818e+02 2.481700000000000017e+00
9.215599999999999454e+02 2.489100000000000090e+00
9.251399999999999864e+02 2.496500000000000163e+00
9.287500000000000000e+02 2.504000000000000004e+00
9.323799999999999955e+02 2.511600000000000055e+00
9.360499999999999545e+02 2.519299999999999873e+00
9.397300000000000182e+02 2.527099999999999902e+00
9.434299999999999500e+02 2.534899999999999931e+00
9.471599999999999682e+02 2.542800000000000171e+00
9.508999999999999773e+02 2.550699999999999967e+00
9.546599999999999682e+02 2.558600000000000207e+00
9.584400000000000546e+02 2.566600000000000215e+00
9.622200000000000273e+02 2.574699999999999989e+00
9.660099999999999909e+02 2.582699999999999996e+00
9.697999999999999545e+02 2.590800000000000214e+00
9.735900000000000318e+02 2.598899999999999988e+00
9.773899999999999864e+02 2.607000000000000206e+00
9.811799999999999500e+02 2.615099999999999980e+00
9.849700000000000273e+02 2.623200000000000198e+00
9.887599999999999909e+02 2.631299999999999972e+00
9.925399999999999636e+02 2.639499999999999957e+00
9.963200000000000500e+02 2.647600000000000176e+00
1.000100000000000023e+03 2.655699999999999950e+00
1.003899999999999977e+03 2.663800000000000168e+00
1.007600000000000023e+03 2.671800000000000175e+00
1.011399999999999977e+03 2.679899999999999949e+00
1.015100000000000023e+03 2.688000000000000167e+00
1.018799999999999955e+03 2.696000000000000174e+00
1.022600000000000023e+03 2.704000000000000181e+00
1.026299999999999955e+03 2.712000000000000188e+00
1.030000000000000000e+03 2.720000000000000195e+00
1.033700000000000045e+03 2.728000000000000203e+00
1.037400000000000091e+03 2.736000000000000210e+00
1.041099999999999909e+03 2.744099999999999984e+00
1.044799999999999955e+03 2.752099999999999991e+00
1.048599999999999909e+03 2.760200000000000209e+00
1.052400000000000091e+03 2.768299999999999983e+00
1.056299999999999955e+03 2.776499999999999968e+00
1.060200000000000045e+03 2.784800000000000164e+00
1.064099999999999909e+03 2.793200000000000127e+00
1.068099999999999909e+03 2.801600000000000090e+00
1.072099999999999909e+03 2.810099999999999820e+00
1.076200000000000045e+03 2.818799999999999972e+00
1.080299999999999955e+03 2.827500000000000124e+00
1.084500000000000000e+03 2.836300000000000043e+00
1.088700000000000045e+03 2.845200000000000173e+00
1.092900000000000091e+03 2.854099999999999859e+00
1.097099999999999909e+03 2.863199999999999967e+00
1.101400000000000091e+03 2.872300000000000075e+00
1.105799999999999955e+03 2.881499999999999950e+00
1.110099999999999909e+03 2.890800000000000036e+00
1.114500000000000000e+03 2.900100000000000122e+00
1.119000000000000000e+03 2.909600000000000186e+00
1.123500000000000000e+03 2.919099999999999806e+00
1.128099999999999909e+03 2.928799999999999848e+00
1.132700000000000045e+03 2.938600000000000101e+00
1.137500000000000000e+03 2.948500000000000121e+00
1.142299999999999955e+03 2.958499999999999908e+00
1.147200000000000045e+03 2.968700000000000117e+00
1.152200000000000045e+03 2.979099999999999859e+00
1.157299999999999955e+03 2.989700000000000024e+00
1.162700000000000045e+03 3.000599999999999934e+00
1.168299999999999955e+03 3.011800000000000033e+00
1.174099999999999909e+03 3.023499999999999854e+00
1.180200000000000045e+03 3.035600000000000076e+00
1.186599999999999909e+03 3.048200000000000021e+00
1.193200000000000045e+03 3.061199999999999921e+00
1.200200000000000045e+03 3.074699999999999989e+00
1.207500000000000000e+03 3.088799999999999990e+00
1.215200000000000045e+03 3.103400000000000158e+00
1.223200000000000045e+03 3.118799999999999795e+00
1.231500000000000000e+03 3.134700000000000042e+00
1.240200000000000045e+03 3.151299999999999990e+00
1.249099999999999909e+03 3.168600000000000083e+00
1.258200000000000045e+03 3.186300000000000132e+00
1.267500000000000000e+03 3.204499999999999904e+00
1.276900000000000091e+03 3.222999999999999865e+00
1.286500000000000000e+03 3.241999999999999993e+00
1.296200000000000045e+03 3.261200000000000099e+00
1.306000000000000000e+03 3.280600000000000183e+00
1.315799999999999955e+03 3.300300000000000011e+00
1.325799999999999955e+03 3.320199999999999818e+00
1.335799999999999955e+03 3.340300000000000047e+00
1.346000000000000000e+03 3.360500000000000043e+00
1.356099999999999909e+03 3.380799999999999805e+00
1.366299999999999955e+03 3.401299999999999990e+00
1.376500000000000000e+03 3.421800000000000175e+00
1.386799999999999955e+03 3.442400000000000126e+00
1.397299999999999955e+03 3.463099999999999845e+00
1.407799999999999955e+03 3.484100000000000197e+00
1.418599999999999909e+03 3.505199999999999871e+00
1.429500000000000000e+03 3.526600000000000179e+00
1.440599999999999909e+03 3.548299999999999788e+00
1.452000000000000000e+03 3.570300000000000029e+00
1.463700000000000045e+03 3.592699999999999783e+00
1.475500000000000000e+03 3.615299999999999958e+00
1.487500000000000000e+03 3.638100000000000112e+00
1.499900000000000091e+03 3.661200000000000010e+00
1.512799999999999955e+03 3.684600000000000097e+00
1.526099999999999909e+03 3.708499999999999908e+00
1.539900000000000091e+03 3.732899999999999885e+00
1.554200000000000045e+03 3.757800000000000029e+00
1.569299999999999955e+03 3.783300000000000107e+00
1.584900000000000091e+03 3.809499999999999886e+00
1.600799999999999955e+03 3.835999999999999854e+00
1.617200000000000045e+03 3.862999999999999989e+00
1.634599999999999909e+03 3.890800000000000036e+00
1.652900000000000091e+03 3.919700000000000184e+00
1.672299999999999955e+03 3.949600000000000222e+00
1.692500000000000000e+03 3.980599999999999916e+00
1.713799999999999955e+03 4.012800000000000367e+00
1.736099999999999909e+03 4.046100000000000030e+00
1.759400000000000091e+03 4.080599999999999561e+00
1.783799999999999955e+03 4.116600000000000037e+00
1.810799999999999955e+03 4.155700000000000394e+00
1.838799999999999955e+03 4.197300000000000253e+00
1.867700000000000045e+03 4.240400000000000169e+00
1.897200000000000045e+03 4.284699999999999953e+00
1.927700000000000045e+03 4.330000000000000071e+00
1.959099999999999909e+03 4.376000000000000334e+00
1.991400000000000091e+03 4.422799999999999621e+00
2.025000000000000000e+03 4.470399999999999707e+00
2.060099999999999909e+03 4.518900000000000361e+00
2.096699999999999818e+03 4.568399999999999572e+00
2.133300000000000182e+03 4.618500000000000050e+00
2.169000000000000000e+03 4.668199999999999683e+00
2.205400000000000091e+03 4.717699999999999783e+00
2.243199999999999818e+03 4.767500000000000071e+00
2.284699999999999818e+03 4.817000000000000171e+00
2.328599999999999909e+03 4.866200000000000081e+00
2.373099999999999909e+03 4.915199999999999569e+00
2.417800000000000182e+03 4.963499999999999801e+00
2.463000000000000000e+03 5.010100000000000442e+00
2.507000000000000000e+03 5.054199999999999804e+00
2.550099999999999909e+03 5.096199999999999619e+00
2.593400000000000091e+03 5.136000000000000121e+00
2.635500000000000000e+03 5.173199999999999577e+00
2.676300000000000182e+03 5.207600000000000229e+00
2.716400000000000091e+03 5.239499999999999602e+00
2.755800000000000182e+03 5.268799999999999706e+00
2.793800000000000182e+03 5.296299999999999564e+00
2.830300000000000182e+03 5.322400000000000020e+00
2.865599999999999909e+03 5.347299999999999720e+00
2.899699999999999818e+03 5.371199999999999974e+00
2.932800000000000182e+03 5.394300000000000317e+00
2.964500000000000000e+03 5.417099999999999582e+00
2.995400000000000091e+03 5.439899999999999736e+00
3.025199999999999818e+03 5.462699999999999889e+00
3.053800000000000182e+03 5.485699999999999577e+00
3.081300000000000182e+03 5.509100000000000108e+00
3.107199999999999818e+03 5.532799999999999940e+00
3.131800000000000182e+03 5.557000000000000384e+00
3.154699999999999818e+03 5.581500000000000128e+00
3.176300000000000182e+03 5.606200000000000294e+00
3.196500000000000000e+03 5.631400000000000183e+00
3.214599999999999909e+03 5.657000000000000028e+00
3.231199999999999818e+03 5.682999999999999829e+00
3.246300000000000182e+03 5.709399999999999586e+00
3.260400000000000091e+03 5.735699999999999577e+00
3.273800000000000182e+03 5.761599999999999611e+00
3.286900000000000091e+03 5.786699999999999733e+00
3.299800000000000182e+03 5.810900000000000176e+00
3.312199999999999818e+03 5.833999999999999631e+00
3.323900000000000091e+03 5.856200000000000294e+00
3.335099999999999909e+03 5.877299999999999969e+00
3.345900000000000091e+03 5.897599999999999731e+00
3.356300000000000182e+03 5.916999999999999815e+00
3.366400000000000091e+03 5.935500000000000220e+00
3.376099999999999909e+03 5.953100000000000058e+00
3.385699999999999818e+03 5.969999999999999751e+00
3.395000000000000000e+03 5.986100000000000421e+00
3.404099999999999909e+03 6.001599999999999824e+00
3.412900000000000091e+03 6.016399999999999970e+00
3.421400000000000091e+03 6.030599999999999739e+00
3.429699999999999818e+03 6.044400000000000439e+00
3.437800000000000182e+03 6.057599999999999874e+00
3.446000000000000000e+03 6.070400000000000240e+00
3.453900000000000091e+03 6.082699999999999996e+00
3.461599999999999909e+03 6.094599999999999795e+00
3.468900000000000091e+03 6.106099999999999639e+00
3.476099999999999909e+03 6.117099999999999760e+00
3.483099999999999909e+03 6.127799999999999692e+00
3.490099999999999909e+03 6.137999999999999901e+00
3.496800000000000182e+03 6.147700000000000387e+00
3.503199999999999818e+03 6.157000000000000028e+00
3.509599999999999909e+03 6.166000000000000369e+00
3.515800000000000182e+03 6.174599999999999866e+00
3.521900000000000091e+03 6.182900000000000063e+00
3.528000000000000000e+03 6.190999999999999837e+00
3.534000000000000000e+03 6.198800000000000310e+00
3.540000000000000000e+03 6.206500000000000128e+00
3.546000000000000000e+03 6.214000000000000412e+00
3.552000000000000000e+03 6.221400000000000041e+00
3.557900000000000091e+03 6.228600000000000136e+00
3.563800000000000182e+03 6.235800000000000232e+00
3.569599999999999909e+03 6.242899999999999672e+00
3.575400000000000091e+03 6.249900000000000233e+00
3.581000000000000000e+03 6.256700000000000372e+00
3.586500000000000000e+03 6.263399999999999856e+00
3.591699999999999818e+03 6.269999999999999574e+00
3.596800000000000182e+03 6.276399999999999757e+00
3.601599999999999909e+03 6.282600000000000406e+00
3.606199999999999818e+03 6.288599999999999746e+00
3.610500000000000000e+03 6.294400000000000439e+00
3.614500000000000000e+03 6.299900000000000055e+00
3.618199999999999818e+03 6.305200000000000138e+00
3.621699999999999818e+03 6.310200000000000031e+00
3.624900000000000091e+03 6.314899999999999736e+00
3.627800000000000182e+03 6.319300000000000139e+00
3.630500000000000000e+03 6.323400000000000354e+00
3.632900000000000091e+03 6.327300000000000146e+00
3.635099999999999909e+03 6.330899999999999750e+00
3.637000000000000000e+03 6.334100000000000286e+00
3.638699999999999818e+03 6.337100000000000399e+00
3.640199999999999818e+03 6.339900000000000091e+00
3.641500000000000000e+03 6.342299999999999827e+00
3.642500000000000000e+03 6.344599999999999795e+00
3.643400000000000091e+03 6.346499999999999808e+00
3.644099999999999909e+03 6.348200000000000287e+00
3.644599999999999909e+03 6.349700000000000344e+00
3.644800000000000182e+03 6.350900000000000212e+00
