7.638500000000000227e+02 5.188900000000000290e+00
7.842400000000000091e+02 5.105299999999999727e+00
7.769299999999999500e+02 5.068399999999999572e+00
7.701699999999999591e+02 5.034600000000000186e+00
7.631100000000000136e+02 5.002299999999999969e+00
7.547000000000000455e+02 4.969599999999999795e+00
7.464099999999999682e+02 4.937700000000000422e+00
7.395000000000000000e+02 4.907799999999999940e+00
7.343700000000000045e+02 4.881000000000000227e+00
7.309500000000000455e+02 4.857700000000000351e+00
7.289900000000000091e+02 4.838099999999999845e+00
7.282100000000000364e+02 4.822000000000000064e+00
7.283200000000000500e+02 4.809199999999999697e+00
7.291000000000000227e+02 4.799299999999999677e+00
7.303500000000000227e+02 4.792099999999999582e+00
7.319400000000000546e+02 4.786999999999999922e+00
7.337400000000000091e+02 4.783999999999999808e+00
7.356699999999999591e+02 4.782499999999999751e+00
7.376699999999999591e+02 4.782399999999999984e+00
7.396900000000000546e+02 4.783299999999999663e+00
7.416900000000000546e+02 4.785199999999999676e+00
7.436499999999999773e+02 4.787899999999999601e+00
7.455599999999999454e+02 4.791100000000000136e+00
7.473899999999999864e+02 4.794699999999999740e+00
7.491499999999999773e+02 4.798700000000000188e+00
7.508200000000000500e+02 4.802900000000000169e+00
7.524099999999999682e+02 4.807299999999999685e+00
7.539199999999999591e+02 4.811799999999999855e+00
7.553400000000000318e+02 4.816399999999999793e+00
7.566900000000000546e+02 4.820899999999999963e+00
7.579500000000000455e+02 4.825400000000000134e+00
7.591399999999999864e+02 4.829900000000000304e+00
7.602599999999999909e+02 4.834299999999999820e+00
7.613099999999999454e+02 4.838499999999999801e+00
7.622999999999999545e+02 4.842699999999999783e+00
7.632300000000000182e+02 4.846700000000000230e+00
7.641000000000000227e+02 4.850600000000000023e+00
7.649199999999999591e+02 4.854400000000000048e+00
7.656799999999999500e+02 4.857999999999999652e+00
7.663999999999999773e+02 4.861399999999999721e+00
7.670700000000000500e+02 4.864700000000000024e+00
7.677100000000000364e+02 4.867899999999999672e+00
7.682999999999999545e+02 4.870899999999999785e+00
7.688500000000000227e+02 4.873800000000000132e+00
7.693700000000000045e+02 4.876500000000000057e+00
7.698500000000000227e+02 4.879100000000000215e+00
7.703099999999999454e+02 4.881499999999999950e+00
7.707300000000000182e+02 4.883899999999999686e+00
7.711299999999999955e+02 4.886099999999999888e+00
7.715000000000000000e+02 4.888200000000000323e+00
7.718400000000000318e+02 4.890100000000000335e+00
7.721699999999999591e+02 4.892000000000000348e+00
7.724700000000000273e+02 4.893699999999999939e+00
7.727500000000000000e+02 4.895400000000000418e+00
7.730099999999999909e+02 4.897000000000000242e+00
7.732599999999999909e+02 4.898399999999999643e+00
7.734800000000000182e+02 4.899799999999999933e+00
7.737000000000000455e+02 4.901099999999999568e+00
7.738999999999999773e+02 4.902400000000000091e+00
7.740800000000000409e+02 4.903500000000000192e+00
7.742500000000000000e+02 4.904600000000000293e+00
7.744099999999999682e+02 4.905599999999999739e+00
7.745599999999999454e+02 4.906600000000000072e+00
7.747000000000000455e+02 4.907499999999999751e+00
7.748300000000000409e+02 4.908299999999999663e+00
7.749500000000000455e+02 4.909099999999999575e+00
7.750599999999999454e+02 4.909799999999999720e+00
7.751599999999999682e+02 4.910499999999999865e+00
7.752599999999999909e+02 4.911100000000000243e+00
7.753500000000000227e+02 4.911699999999999733e+00
7.754299999999999500e+02 4.912300000000000111e+00
7.755099999999999909e+02 4.912799999999999834e+00
7.755800000000000409e+02 4.913299999999999557e+00
7.756399999999999864e+02 4.913800000000000168e+00
7.757000000000000455e+02 4.914200000000000124e+00
7.757599999999999909e+02 4.914600000000000080e+00
7.758099999999999454e+02 4.914900000000000269e+00
7.758500000000000227e+02 4.915300000000000225e+00
7.758899999999999864e+02 4.915600000000000414e+00
7.759199999999999591e+02 4.915899999999999714e+00
7.759400000000000546e+02 4.916100000000000136e+00
7.759600000000000364e+02 4.916299999999999670e+00
7.759600000000000364e+02 4.916500000000000092e+00
7.759600000000000364e+02 4.916699999999999626e+00
7.759600000000000364e+02 4.916800000000000281e+00
7.759400000000000546e+02 4.916900000000000048e+00
7.759199999999999591e+02 4.916999999999999815e+00
7.758999999999999773e+02 4.916999999999999815e+00
7.758700000000000045e+02 4.916999999999999815e+00
7.758300000000000409e+02 4.916999999999999815e+00
7.757999999999999545e+02 4.916999999999999815e+00
7.757599999999999909e+02 4.916900000000000048e+00
7.757100000000000364e+02 4.916900000000000048e+00
7.756699999999999591e+02 4.916800000000000281e+00
7.756200000000000045e+02 4.916699999999999626e+00
7.755599999999999454e+02 4.916599999999999859e+00
7.755099999999999909e+02 4.916500000000000092e+00
7.754500000000000455e+02 4.916299999999999670e+00
7.753899999999999864e+02 4.916199999999999903e+00
7.753300000000000409e+02 4.916000000000000369e+00
7.752699999999999818e+02 4.915799999999999947e+00
7.752000000000000455e+02 4.915600000000000414e+00
7.751200000000000045e+02 4.915399999999999991e+00
7.750199999999999818e+02 4.915199999999999569e+00
7.749199999999999591e+02 4.914900000000000269e+00
7.747999999999999545e+02 4.914600000000000080e+00
7.746699999999999591e+02 4.914299999999999891e+00
7.745299999999999727e+02 4.913899999999999935e+00
7.743799999999999955e+02 4.913400000000000212e+00
7.742100000000000364e+02 4.913000000000000256e+00
7.740199999999999818e+02 4.912499999999999645e+00
7.738300000000000409e+02 4.911999999999999922e+00
7.736299999999999955e+02 4.911500000000000199e+00
7.734199999999999591e+02 4.910999999999999588e+00
7.732200000000000273e+02 4.910499999999999865e+00
7.730000000000000000e+02 4.910000000000000142e+00
7.727899999999999636e+02 4.909500000000000419e+00
7.725700000000000500e+02 4.908900000000000041e+00
7.723500000000000227e+02 4.908400000000000318e+00
7.721200000000000045e+02 4.907799999999999940e+00
7.718999999999999773e+02 4.907300000000000217e+00
7.716699999999999591e+02 4.906699999999999839e+00
7.714400000000000546e+02 4.906100000000000350e+00
7.712200000000000273e+02 4.905499999999999972e+00
7.710000000000000000e+02 4.905000000000000249e+00
7.708099999999999454e+02 4.904399999999999871e+00
7.706499999999999773e+02 4.903900000000000148e+00
7.705599999999999454e+02 4.903500000000000192e+00
7.705199999999999818e+02 4.903299999999999770e+00
7.705399999999999636e+02 4.903100000000000236e+00
7.706299999999999955e+02 4.903200000000000003e+00
7.707799999999999727e+02 4.903400000000000425e+00
7.710000000000000000e+02 4.903800000000000381e+00
7.712699999999999818e+02 4.904300000000000104e+00
7.715900000000000318e+02 4.905100000000000016e+00
7.719700000000000273e+02 4.906100000000000350e+00
7.724199999999999591e+02 4.907300000000000217e+00
7.729099999999999682e+02 4.908699999999999619e+00
7.734500000000000455e+02 4.910300000000000331e+00
7.740499999999999545e+02 4.912099999999999689e+00
7.746799999999999500e+02 4.914100000000000357e+00
7.753500000000000227e+02 4.916299999999999670e+00
7.760599999999999454e+02 4.918599999999999639e+00
7.768099999999999454e+02 4.921100000000000030e+00
7.775900000000000318e+02 4.923799999999999955e+00
7.783999999999999773e+02 4.926599999999999646e+00
7.792400000000000091e+02 4.929599999999999760e+00
7.801000000000000227e+02 4.932699999999999640e+00
7.809900000000000091e+02 4.935999999999999943e+00
7.818999999999999773e+02 4.939400000000000013e+00
7.828300000000000409e+02 4.942800000000000082e+00
7.837599999999999909e+02 4.946399999999999686e+00
7.847100000000000364e+02 4.950099999999999945e+00
7.856599999999999682e+02 4.953800000000000203e+00
7.866100000000000136e+02 4.957600000000000229e+00
7.875800000000000409e+02 4.961400000000000254e+00
7.885399999999999636e+02 4.965399999999999814e+00
7.895099999999999909e+02 4.969299999999999606e+00
7.904800000000000182e+02 4.973300000000000054e+00
7.914600000000000364e+02 4.977400000000000269e+00
7.924400000000000546e+02 4.981499999999999595e+00
7.934299999999999500e+02 4.985599999999999810e+00
7.944199999999999591e+02 4.989799999999999791e+00
7.954199999999999591e+02 4.993999999999999773e+00
7.964199999999999591e+02 4.998199999999999754e+00
7.974199999999999591e+02 5.002500000000000391e+00
7.984299999999999500e+02 5.006800000000000139e+00
7.994500000000000455e+02 5.011099999999999888e+00
8.004600000000000364e+02 5.015500000000000291e+00
8.014800000000000182e+02 5.019899999999999807e+00
8.025099999999999909e+02 5.024300000000000210e+00
8.035399999999999636e+02 5.028699999999999726e+00
8.045700000000000500e+02 5.033100000000000129e+00
8.055900000000000318e+02 5.037600000000000300e+00
8.066100000000000136e+02 5.041999999999999815e+00
8.076000000000000227e+02 5.046400000000000219e+00
8.085700000000000500e+02 5.050799999999999734e+00
8.095199999999999818e+02 5.055100000000000371e+00
8.104500000000000455e+02 5.059400000000000119e+00
8.113500000000000227e+02 5.063600000000000101e+00
8.122300000000000182e+02 5.067800000000000082e+00
8.131000000000000227e+02 5.071900000000000297e+00
8.139500000000000455e+02 5.075999999999999623e+00
8.147999999999999545e+02 5.080000000000000071e+00
8.156399999999999864e+02 5.083899999999999864e+00
8.164600000000000364e+02 5.087699999999999889e+00
8.172699999999999818e+02 5.091499999999999915e+00
8.180700000000000500e+02 5.095200000000000173e+00
8.188500000000000227e+02 5.098900000000000432e+00
8.196299999999999955e+02 5.102500000000000036e+00
8.203899999999999864e+02 5.106099999999999639e+00
8.211399999999999864e+02 5.109600000000000364e+00
8.218899999999999864e+02 5.113100000000000200e+00
8.226200000000000045e+02 5.116500000000000270e+00
8.233400000000000318e+02 5.119799999999999685e+00
8.240599999999999454e+02 5.123199999999999754e+00
8.247699999999999818e+02 5.126500000000000057e+00
8.255199999999999818e+02 5.129800000000000360e+00
8.263300000000000409e+02 5.133099999999999774e+00
8.272100000000000364e+02 5.136599999999999611e+00
8.282000000000000455e+02 5.140200000000000102e+00
8.292899999999999636e+02 5.144099999999999895e+00
8.304900000000000091e+02 5.148100000000000342e+00
8.317999999999999545e+02 5.152499999999999858e+00
8.332000000000000455e+02 5.157099999999999795e+00
8.347000000000000455e+02 5.161999999999999922e+00
8.362999999999999545e+02 5.167099999999999582e+00
8.379800000000000182e+02 5.172500000000000320e+00
8.397400000000000091e+02 5.178200000000000358e+00
8.415800000000000409e+02 5.184199999999999697e+00
8.434700000000000273e+02 5.190400000000000347e+00
8.454299999999999500e+02 5.196799999999999642e+00
8.475299999999999727e+02 5.203500000000000014e+00
8.498600000000000136e+02 5.210799999999999876e+00
8.522599999999999909e+02 5.218300000000000161e+00
8.546200000000000045e+02 5.226099999999999746e+00
8.570000000000000000e+02 5.234099999999999753e+00
8.593999999999999773e+02 5.242300000000000182e+00
8.618300000000000409e+02 5.250600000000000378e+00
8.642699999999999818e+02 5.259100000000000108e+00
8.667500000000000000e+02 5.267699999999999605e+00
8.692899999999999636e+02 5.276500000000000412e+00
8.719199999999999591e+02 5.285599999999999632e+00
8.746599999999999682e+02 5.294900000000000162e+00
8.775199999999999818e+02 5.304400000000000226e+00
8.805099999999999909e+02 5.314400000000000013e+00
8.836299999999999955e+02 5.324600000000000222e+00
8.868700000000000045e+02 5.335200000000000387e+00
8.902200000000000273e+02 5.346199999999999619e+00
8.936599999999999682e+02 5.357499999999999929e+00
8.971900000000000546e+02 5.369100000000000428e+00
9.007799999999999727e+02 5.380899999999999572e+00
9.044299999999999500e+02 5.392999999999999794e+00
9.081299999999999955e+02 5.405300000000000438e+00
9.118799999999999955e+02 5.417900000000000382e+00
9.156599999999999682e+02 5.430600000000000094e+00
9.195000000000000000e+02 5.443500000000000227e+00
9.233700000000000045e+02 5.456500000000000128e+00
9.272699999999999818e+02 5.469800000000000217e+00
9.312000000000000455e+02 5.483100000000000307e+00
9.351499999999999773e+02 5.496599999999999930e+00
9.391200000000000045e+02 5.510200000000000209e+00
9.430900000000000318e+02 5.523900000000000254e+00
9.470599999999999454e+02 5.537700000000000067e+00
9.510399999999999636e+02 5.551499999999999879e+00
9.550099999999999909e+02 5.565400000000000347e+00
9.589900000000000091e+02 5.579299999999999926e+00
9.629700000000000273e+02 5.593200000000000394e+00
9.669600000000000364e+02 5.607199999999999740e+00
9.709500000000000455e+02 5.621199999999999974e+00
9.749500000000000455e+02 5.635200000000000209e+00
9.789500000000000455e+02 5.649200000000000443e+00
9.829400000000000546e+02 5.663199999999999790e+00
9.868899999999999864e+02 5.677200000000000024e+00
9.908200000000000500e+02 5.691200000000000259e+00
9.947300000000000182e+02 5.705099999999999838e+00
9.986299999999999955e+02 5.719000000000000306e+00
1.002500000000000000e+03 5.732800000000000118e+00
1.006399999999999977e+03 5.746599999999999930e+00
1.010299999999999955e+03 5.760399999999999743e+00
1.014100000000000023e+03 5.774099999999999788e+00
1.018000000000000000e+03 5.787700000000000067e+00
1.021799999999999955e+03 5.801300000000000345e+00
1.025599999999999909e+03 5.814799999999999969e+00
1.029400000000000091e+03 5.828299999999999592e+00
1.033200000000000045e+03 5.841800000000000104e+00
1.037000000000000000e+03 5.855199999999999960e+00
1.040799999999999955e+03 5.868500000000000050e+00
1.044500000000000000e+03 5.881800000000000139e+00
1.048299999999999955e+03 5.894999999999999574e+00
1.052099999999999909e+03 5.908199999999999896e+00
1.055799999999999955e+03 5.921499999999999986e+00
1.059599999999999909e+03 5.934599999999999653e+00
1.063500000000000000e+03 5.947899999999999743e+00
1.067500000000000000e+03 5.961299999999999599e+00
1.071599999999999909e+03 5.974800000000000111e+00
1.075799999999999955e+03 5.988500000000000156e+00
1.080000000000000000e+03 6.002399999999999736e+00
1.084299999999999955e+03 6.016399999999999970e+00
1.088700000000000045e+03 6.030700000000000394e+00
1.093200000000000045e+03 6.044999999999999929e+00
1.097700000000000045e+03 6.059599999999999653e+00
1.102299999999999955e+03 6.074200000000000266e+00
1.106900000000000091e+03 6.089000000000000412e+00
1.111500000000000000e+03 6.103900000000000325e+00
1.116099999999999909e+03 6.118900000000000006e+00
1.120700000000000045e+03 6.133899999999999686e+00
1.125299999999999955e+03 6.149000000000000021e+00
1.130000000000000000e+03 6.164200000000000124e+00
1.134700000000000045e+03 6.179499999999999993e+00
1.139500000000000000e+03 6.194899999999999629e+00
1.144400000000000091e+03 6.210499999999999687e+00
1.149299999999999955e+03 6.226200000000000401e+00
1.154400000000000091e+03 6.242099999999999760e+00
1.159500000000000000e+03 6.258200000000000429e+00
1.164799999999999955e+03 6.274600000000000399e+00
1.170200000000000045e+03 6.291199999999999903e+00
1.175799999999999955e+03 6.308200000000000252e+00
1.181599999999999909e+03 6.325499999999999901e+00
1.187500000000000000e+03 6.343200000000000394e+00
1.193700000000000045e+03 6.361399999999999721e+00
1.200200000000000045e+03 6.380099999999999660e+00
1.207400000000000091e+03 6.398900000000000254e+00
1.214900000000000091e+03 6.417799999999999727e+00
1.222799999999999955e+03 6.437100000000000044e+00
1.231200000000000045e+03 6.456800000000000317e+00
1.240099999999999909e+03 6.477100000000000080e+00
1.249500000000000000e+03 6.498199999999999754e+00
1.259599999999999909e+03 6.520100000000000229e+00
1.270299999999999955e+03 6.543000000000000149e+00
1.281500000000000000e+03 6.566900000000000404e+00
1.293299999999999955e+03 6.591700000000000337e+00
1.305500000000000000e+03 6.617399999999999949e+00
1.317900000000000091e+03 6.643799999999999706e+00
1.330400000000000091e+03 6.670799999999999841e+00
1.342599999999999909e+03 6.698500000000000121e+00
1.354799999999999955e+03 6.727000000000000313e+00
1.366900000000000091e+03 6.756099999999999994e+00
1.378900000000000091e+03 6.785599999999999632e+00
1.390900000000000091e+03 6.815500000000000114e+00
1.402900000000000091e+03 6.845799999999999663e+00
1.414799999999999955e+03 6.876199999999999868e+00
1.426400000000000091e+03 6.906600000000000072e+00
1.437799999999999955e+03 6.937000000000000277e+00
1.449099999999999909e+03 6.967399999999999594e+00
1.460400000000000091e+03 6.997799999999999798e+00
1.471700000000000045e+03 7.028100000000000236e+00
1.483200000000000045e+03 7.058600000000000207e+00
1.495099999999999909e+03 7.089400000000000368e+00
1.507299999999999955e+03 7.120599999999999596e+00
1.519799999999999955e+03 7.152300000000000324e+00
1.532799999999999955e+03 7.184599999999999653e+00
1.546200000000000045e+03 7.217600000000000016e+00
1.560200000000000045e+03 7.251299999999999635e+00
1.574900000000000091e+03 7.285999999999999588e+00
1.590200000000000045e+03 7.321799999999999642e+00
1.606299999999999955e+03 7.358500000000000263e+00
1.622400000000000091e+03 7.395999999999999908e+00
1.639500000000000000e+03 7.434599999999999653e+00
1.658500000000000000e+03 7.475299999999999834e+00
1.679099999999999909e+03 7.518200000000000216e+00
1.701700000000000045e+03 7.563200000000000145e+00
1.726400000000000091e+03 7.610899999999999999e+00
1.752599999999999909e+03 7.660899999999999821e+00
1.779900000000000091e+03 7.713700000000000223e+00
1.810200000000000045e+03 7.767500000000000071e+00
1.842200000000000045e+03 7.823100000000000165e+00
1.876099999999999909e+03 7.880600000000000271e+00
1.912799999999999955e+03 7.940800000000000303e+00
1.951099999999999909e+03 8.003600000000000492e+00
1.989400000000000091e+03 8.068199999999999150e+00
2.027799999999999955e+03 8.133800000000000807e+00
2.066699999999999818e+03 8.197300000000000253e+00
2.104000000000000000e+03 8.253399999999999181e+00
2.141000000000000000e+03 8.306800000000000850e+00
2.181099999999999909e+03 8.358900000000000219e+00
2.221099999999999909e+03 8.408599999999999852e+00
2.260099999999999909e+03 8.455399999999999139e+00
2.300199999999999818e+03 8.497299999999999187e+00
2.339300000000000182e+03 8.534299999999999997e+00
2.378099999999999909e+03 8.566700000000000870e+00
2.417099999999999909e+03 8.594900000000000873e+00
2.457000000000000000e+03 8.619899999999999451e+00
2.496599999999999909e+03 8.642400000000000304e+00
2.533599999999999909e+03 8.662599999999999412e+00
2.568699999999999818e+03 8.680500000000000327e+00
2.601900000000000091e+03 8.696699999999999875e+00
2.634400000000000091e+03 8.711499999999999133e+00
2.666400000000000091e+03 8.725199999999999179e+00
2.697900000000000091e+03 8.737999999999999545e+00
2.729000000000000000e+03 8.750000000000000000e+00
2.760000000000000000e+03 8.761599999999999611e+00
2.790800000000000182e+03 8.772700000000000387e+00
2.821300000000000182e+03 8.783400000000000318e+00
2.851300000000000182e+03 8.793900000000000716e+00
2.881000000000000000e+03 8.804000000000000270e+00
2.910099999999999909e+03 8.813900000000000290e+00
2.938800000000000182e+03 8.823600000000000776e+00
2.967099999999999909e+03 8.833000000000000185e+00
2.995300000000000182e+03 8.842299999999999827e+00
3.023199999999999818e+03 8.851399999999999935e+00
3.051000000000000000e+03 8.860400000000000276e+00
3.078900000000000091e+03 8.869300000000000850e+00
3.107000000000000000e+03 8.878199999999999648e+00
3.135199999999999818e+03 8.887100000000000222e+00
3.163699999999999818e+03 8.896100000000000563e+00
3.192000000000000000e+03 8.904899999999999594e+00
3.219599999999999909e+03 8.913700000000000401e+00
3.246500000000000000e+03 8.922499999999999432e+00
3.272500000000000000e+03 8.930999999999999162e+00
3.297400000000000091e+03 8.939500000000000668e+00
3.320800000000000182e+03 8.947900000000000631e+00
3.342099999999999909e+03 8.955999999999999517e+00
3.361000000000000000e+03 8.963699999999999335e+00
3.377599999999999909e+03 8.971000000000000085e+00
3.392000000000000000e+03 8.977800000000000225e+00
3.404800000000000182e+03 8.984199999999999520e+00
3.416099999999999909e+03 8.990199999999999747e+00
3.425900000000000091e+03 8.995900000000000674e+00
3.434300000000000182e+03 9.001099999999999213e+00
3.442000000000000000e+03 9.006199999999999761e+00
3.449099999999999909e+03 9.010999999999999233e+00
3.455800000000000182e+03 9.015599999999999170e+00
3.462199999999999818e+03 9.020200000000000884e+00
3.468199999999999818e+03 9.024699999999999278e+00
3.474099999999999909e+03 9.029199999999999449e+00
3.479900000000000091e+03 9.033599999999999852e+00
3.485500000000000000e+03 9.038100000000000023e+00
3.491000000000000000e+03 9.042500000000000426e+00
3.496400000000000091e+03 9.047000000000000597e+00
3.501800000000000182e+03 9.051500000000000767e+00
3.507199999999999818e+03 9.055999999999999162e+00
3.512500000000000000e+03 9.060499999999999332e+00
3.517699999999999818e+03 9.065099999999999270e+00
3.522900000000000091e+03 9.069699999999999207e+00
3.528000000000000000e+03 9.074199999999999378e+00
3.533000000000000000e+03 9.078799999999999315e+00
3.537900000000000091e+03 9.083399999999999253e+00
3.542599999999999909e+03 9.087899999999999423e+00
3.547099999999999909e+03 9.092499999999999361e+00
3.551500000000000000e+03 9.096999999999999531e+00
3.555800000000000182e+03 9.101399999999999935e+00
3.559900000000000091e+03 9.105700000000000571e+00
3.563900000000000091e+03 9.109999999999999432e+00
3.567699999999999818e+03 9.114200000000000301e+00
3.571400000000000091e+03 9.118299999999999628e+00
3.575300000000000182e+03 9.122500000000000497e+00
3.579599999999999909e+03 9.126599999999999824e+00
3.584300000000000182e+03 9.130900000000000460e+00
3.589199999999999818e+03 9.135199999999999321e+00
3.594099999999999909e+03 9.139599999999999724e+00
3.599199999999999818e+03 9.144000000000000128e+00
3.604400000000000091e+03 9.148500000000000298e+00
3.609599999999999909e+03 9.153000000000000469e+00
3.614800000000000182e+03 9.157600000000000406e+00
3.620000000000000000e+03 9.162300000000000111e+00
3.625099999999999909e+03 9.166999999999999815e+00
3.630000000000000000e+03 9.171599999999999753e+00
3.634500000000000000e+03 9.176199999999999690e+00
3.638599999999999909e+03 9.180699999999999861e+00
3.642199999999999818e+03 9.185000000000000497e+00
3.645500000000000000e+03 9.189199999999999591e+00
3.648300000000000182e+03 9.193199999999999150e+00
3.650699999999999818e+03 9.196899999999999409e+00
3.652699999999999818e+03 9.200499999999999901e+00
3.654400000000000091e+03 9.203799999999999315e+00
3.655699999999999818e+03 9.206899999999999196e+00
3.656800000000000182e+03 9.209699999999999775e+00
3.657599999999999909e+03 9.212300000000000821e+00
3.658099999999999909e+03 9.214700000000000557e+00
3.658400000000000091e+03 9.216900000000000759e+00
