8.237999999999999545e+02 1.365299999999999958e+00
5.767200000000000273e+02 1.246299999999999963e+00
6.893799999999999955e+02 1.290399999999999991e+00
7.626299999999999955e+02 1.318200000000000038e+00
7.826900000000000546e+02 1.329700000000000104e+00
7.911299999999999955e+02 1.336699999999999999e+00
7.955000000000000000e+02 1.340400000000000036e+00
7.968500000000000227e+02 1.342000000000000082e+00
7.960700000000000500e+02 1.342000000000000082e+00
7.937400000000000091e+02 1.340899999999999981e+00
7.902699999999999818e+02 1.338999999999999968e+00
7.859900000000000091e+02 1.336600000000000010e+00
7.812100000000000364e+02 1.333700000000000108e+00
7.761900000000000546e+02 1.330699999999999994e+00
7.711399999999999864e+02 1.327599999999999891e+00
7.662200000000000273e+02 1.324500000000000011e+00
7.615700000000000500e+02 1.321600000000000108e+00
7.572799999999999727e+02 1.318899999999999961e+00
7.534099999999999682e+02 1.316400000000000015e+00
7.499800000000000182e+02 1.314200000000000035e+00
7.470099999999999909e+02 1.312300000000000022e+00
7.444900000000000091e+02 1.310699999999999976e+00
7.421599999999999682e+02 1.309399999999999897e+00
7.402000000000000455e+02 1.308599999999999985e+00
7.387999999999999545e+02 1.308000000000000052e+00
7.378400000000000318e+02 1.307600000000000096e+00
7.372400000000000091e+02 1.307399999999999896e+00
7.369500000000000455e+02 1.307199999999999918e+00
7.369099999999999682e+02 1.307199999999999918e+00
7.371000000000000227e+02 1.307299999999999907e+00
7.374700000000000273e+02 1.307500000000000107e+00
7.379900000000000091e+02 1.307700000000000085e+00
7.386399999999999864e+02 1.307900000000000063e+00
7.393899999999999864e+02 1.308300000000000018e+00
7.402200000000000273e+02 1.308599999999999985e+00
7.411000000000000227e+02 1.308999999999999941e+00
7.420299999999999727e+02 1.309399999999999897e+00
7.429900000000000091e+02 1.309800000000000075e+00
7.439700000000000273e+02 1.310200000000000031e+00
7.449600000000000364e+02 1.310599999999999987e+00
7.459400000000000546e+02 1.310999999999999943e+00
7.468999999999999773e+02 1.311399999999999899e+00
7.477300000000000182e+02 1.311900000000000066e+00
7.485900000000000318e+02 1.312400000000000011e+00
7.494500000000000455e+02 1.312999999999999945e+00
7.502999999999999545e+02 1.313499999999999890e+00
7.511399999999999864e+02 1.314000000000000057e+00
7.519500000000000455e+02 1.314500000000000002e+00
7.527500000000000000e+02 1.314999999999999947e+00
7.535199999999999818e+02 1.315499999999999892e+00
7.542599999999999909e+02 1.315900000000000070e+00
7.549700000000000273e+02 1.316400000000000015e+00
7.556599999999999682e+02 1.316799999999999971e+00
7.563099999999999454e+02 1.317199999999999926e+00
7.569400000000000546e+02 1.317600000000000104e+00
7.575399999999999636e+02 1.318000000000000060e+00
7.581100000000000136e+02 1.318300000000000027e+00
7.586599999999999682e+02 1.318699999999999983e+00
7.591799999999999500e+02 1.318999999999999950e+00
7.596699999999999591e+02 1.319299999999999917e+00
7.601299999999999955e+02 1.319600000000000106e+00
7.605700000000000500e+02 1.319900000000000073e+00
7.609900000000000091e+02 1.320100000000000051e+00
7.613799999999999955e+02 1.320400000000000018e+00
7.617599999999999909e+02 1.320599999999999996e+00
7.621100000000000136e+02 1.320799999999999974e+00
7.624400000000000546e+02 1.321099999999999941e+00
7.627500000000000000e+02 1.321299999999999919e+00
7.630499999999999545e+02 1.321399999999999908e+00
7.633200000000000500e+02 1.321600000000000108e+00
7.635800000000000409e+02 1.321800000000000086e+00
7.638300000000000409e+02 1.321900000000000075e+00
7.640599999999999454e+02 1.322100000000000053e+00
7.642699999999999818e+02 1.322200000000000042e+00
7.644800000000000182e+02 1.322300000000000031e+00
7.646599999999999682e+02 1.322500000000000009e+00
7.648400000000000318e+02 1.322599999999999998e+00
7.650099999999999909e+02 1.322699999999999987e+00
7.651599999999999682e+02 1.322799999999999976e+00
7.653099999999999454e+02 1.322899999999999965e+00
7.654400000000000546e+02 1.322899999999999965e+00
7.655700000000000500e+02 1.322999999999999954e+00
7.656900000000000546e+02 1.323099999999999943e+00
7.657999999999999545e+02 1.323199999999999932e+00
7.658999999999999773e+02 1.323199999999999932e+00
7.659900000000000091e+02 1.323299999999999921e+00
7.660800000000000409e+02 1.323399999999999910e+00
7.661699999999999591e+02 1.323399999999999910e+00
7.662500000000000000e+02 1.323499999999999899e+00
7.663200000000000500e+02 1.323499999999999899e+00
7.663899999999999864e+02 1.323600000000000110e+00
7.664500000000000455e+02 1.323600000000000110e+00
7.665000000000000000e+02 1.323600000000000110e+00
7.665399999999999636e+02 1.323700000000000099e+00
7.665800000000000409e+02 1.323700000000000099e+00
7.666200000000000045e+02 1.323700000000000099e+00
7.666399999999999864e+02 1.323700000000000099e+00
7.666699999999999591e+02 1.323700000000000099e+00
7.666799999999999500e+02 1.323800000000000088e+00
7.666900000000000546e+02 1.323800000000000088e+00
7.667000000000000455e+02 1.323800000000000088e+00
7.667000000000000455e+02 1.323800000000000088e+00
7.667000000000000455e+02 1.323800000000000088e+00
7.666900000000000546e+02 1.323800000000000088e+00
7.666799999999999500e+02 1.323800000000000088e+00
7.666699999999999591e+02 1.323800000000000088e+00
7.666499999999999773e+02 1.323700000000000099e+00
7.666299999999999955e+02 1.323700000000000099e+00
7.666000000000000227e+02 1.323700000000000099e+00
7.665599999999999454e+02 1.323700000000000099e+00
7.665199999999999818e+02 1.323700000000000099e+00
7.664800000000000182e+02 1.323700000000000099e+00
7.664400000000000546e+02 1.323700000000000099e+00
7.664099999999999682e+02 1.323700000000000099e+00
7.663799999999999955e+02 1.323700000000000099e+00
7.663500000000000227e+02 1.323700000000000099e+00
7.663300000000000409e+02 1.323700000000000099e+00
7.662999999999999545e+02 1.323700000000000099e+00
7.662799999999999727e+02 1.323700000000000099e+00
7.662599999999999909e+02 1.323700000000000099e+00
7.662300000000000182e+02 1.323700000000000099e+00
7.662100000000000364e+02 1.323700000000000099e+00
7.661799999999999500e+02 1.323700000000000099e+00
7.661499999999999773e+02 1.323800000000000088e+00
7.661200000000000045e+02 1.323800000000000088e+00
7.660900000000000318e+02 1.323800000000000088e+00
7.660599999999999454e+02 1.323800000000000088e+00
7.660299999999999727e+02 1.323800000000000088e+00
7.659900000000000091e+02 1.323800000000000088e+00
7.659600000000000364e+02 1.323800000000000088e+00
7.659299999999999500e+02 1.323800000000000088e+00
7.659099999999999682e+02 1.323800000000000088e+00
7.658999999999999773e+02 1.323800000000000088e+00
7.658899999999999864e+02 1.323800000000000088e+00
7.659199999999999591e+02 1.323900000000000077e+00
7.659900000000000091e+02 1.324000000000000066e+00
7.660900000000000318e+02 1.324100000000000055e+00
7.662300000000000182e+02 1.324200000000000044e+00
7.664099999999999682e+02 1.324300000000000033e+00
7.666399999999999864e+02 1.324500000000000011e+00
7.669099999999999682e+02 1.324699999999999989e+00
7.672200000000000273e+02 1.324999999999999956e+00
7.675900000000000318e+02 1.325199999999999934e+00
7.680000000000000000e+02 1.325499999999999901e+00
7.684600000000000364e+02 1.325800000000000090e+00
7.689700000000000273e+02 1.326200000000000045e+00
7.695199999999999818e+02 1.326600000000000001e+00
7.701200000000000045e+02 1.326999999999999957e+00
7.707699999999999818e+02 1.327399999999999913e+00
7.714600000000000364e+02 1.327900000000000080e+00
7.721900000000000546e+02 1.328400000000000025e+00
7.729700000000000273e+02 1.328899999999999970e+00
7.737799999999999727e+02 1.329399999999999915e+00
7.746399999999999864e+02 1.330000000000000071e+00
7.755299999999999727e+02 1.330600000000000005e+00
7.764500000000000455e+02 1.331199999999999939e+00
7.774099999999999682e+02 1.331800000000000095e+00
7.783899999999999864e+02 1.332500000000000018e+00
7.793999999999999773e+02 1.333099999999999952e+00
7.804400000000000546e+02 1.333800000000000097e+00
7.815099999999999909e+02 1.334500000000000020e+00
7.826000000000000227e+02 1.335299999999999931e+00
7.837200000000000273e+02 1.336000000000000076e+00
7.848500000000000227e+02 1.336799999999999988e+00
7.860099999999999909e+02 1.337499999999999911e+00
7.871799999999999500e+02 1.338300000000000045e+00
7.883700000000000045e+02 1.339099999999999957e+00
7.895700000000000500e+02 1.339900000000000091e+00
7.907899999999999636e+02 1.340700000000000003e+00
7.920199999999999818e+02 1.341499999999999915e+00
7.932599999999999909e+02 1.342300000000000049e+00
7.945099999999999909e+02 1.343199999999999950e+00
7.957799999999999727e+02 1.344000000000000083e+00
7.970499999999999545e+02 1.344799999999999995e+00
7.983300000000000409e+02 1.345699999999999896e+00
7.996299999999999955e+02 1.346500000000000030e+00
8.009199999999999591e+02 1.347399999999999931e+00
8.022300000000000182e+02 1.348300000000000054e+00
8.035399999999999636e+02 1.349099999999999966e+00
8.048500000000000227e+02 1.350000000000000089e+00
8.061699999999999591e+02 1.350899999999999990e+00
8.074800000000000182e+02 1.351699999999999902e+00
8.087899999999999636e+02 1.352600000000000025e+00
8.100900000000000318e+02 1.353499999999999925e+00
8.113799999999999955e+02 1.354300000000000059e+00
8.126499999999999773e+02 1.355199999999999960e+00
8.139099999999999682e+02 1.356000000000000094e+00
8.151499999999999773e+02 1.356800000000000006e+00
8.163799999999999955e+02 1.357699999999999907e+00
8.175900000000000318e+02 1.358500000000000041e+00
8.187799999999999727e+02 1.359299999999999953e+00
8.199600000000000364e+02 1.360100000000000087e+00
8.211200000000000045e+02 1.360800000000000010e+00
8.222699999999999818e+02 1.361599999999999921e+00
8.233999999999999773e+02 1.362400000000000055e+00
8.245199999999999818e+02 1.363099999999999978e+00
8.256200000000000045e+02 1.363899999999999890e+00
8.267100000000000364e+02 1.364600000000000035e+00
8.277899999999999636e+02 1.365299999999999958e+00
8.288500000000000227e+02 1.366100000000000092e+00
8.298999999999999773e+02 1.366800000000000015e+00
8.309500000000000455e+02 1.367499999999999938e+00
8.319900000000000091e+02 1.368200000000000083e+00
8.330199999999999818e+02 1.368900000000000006e+00
8.340700000000000500e+02 1.369599999999999929e+00
8.351399999999999864e+02 1.370300000000000074e+00
8.362200000000000273e+02 1.370999999999999996e+00
8.373300000000000409e+02 1.371699999999999919e+00
8.384700000000000273e+02 1.372500000000000053e+00
8.396399999999999864e+02 1.373299999999999965e+00
8.408600000000000136e+02 1.374100000000000099e+00
8.421299999999999955e+02 1.374900000000000011e+00
8.434500000000000455e+02 1.375699999999999923e+00
8.448300000000000409e+02 1.376600000000000046e+00
8.462599999999999909e+02 1.377599999999999936e+00
8.477500000000000000e+02 1.378500000000000059e+00
8.492999999999999545e+02 1.379499999999999948e+00
8.508999999999999773e+02 1.380600000000000049e+00
8.525499999999999545e+02 1.381699999999999928e+00
8.542799999999999727e+02 1.382800000000000029e+00
8.560900000000000318e+02 1.383999999999999897e+00
8.579700000000000273e+02 1.385299999999999976e+00
8.598999999999999773e+02 1.386600000000000055e+00
8.618999999999999773e+02 1.387899999999999912e+00
8.639600000000000364e+02 1.389299999999999979e+00
8.660800000000000409e+02 1.390800000000000036e+00
8.682500000000000000e+02 1.392200000000000104e+00
8.704800000000000182e+02 1.393699999999999939e+00
8.727699999999999818e+02 1.395299999999999985e+00
8.751399999999999864e+02 1.396800000000000042e+00
8.775499999999999545e+02 1.398400000000000087e+00
8.800099999999999909e+02 1.399899999999999922e+00
8.825299999999999727e+02 1.401599999999999957e+00
8.851000000000000227e+02 1.403200000000000003e+00
8.877400000000000091e+02 1.404900000000000038e+00
8.904400000000000546e+02 1.406600000000000072e+00
8.932100000000000364e+02 1.408400000000000096e+00
8.960399999999999636e+02 1.410300000000000109e+00
8.989400000000000546e+02 1.412099999999999911e+00
9.018999999999999773e+02 1.414099999999999913e+00
9.049299999999999500e+02 1.415999999999999925e+00
9.080099999999999909e+02 1.417999999999999927e+00
9.111499999999999773e+02 1.420099999999999918e+00
9.143400000000000318e+02 1.422199999999999909e+00
9.175900000000000318e+02 1.424299999999999899e+00
9.208899999999999864e+02 1.426399999999999890e+00
9.242300000000000182e+02 1.428600000000000092e+00
9.276200000000000045e+02 1.430900000000000061e+00
9.310499999999999545e+02 1.433100000000000041e+00
9.345099999999999909e+02 1.435400000000000009e+00
9.380000000000000000e+02 1.437699999999999978e+00
9.415199999999999818e+02 1.440099999999999936e+00
9.450700000000000500e+02 1.442399999999999904e+00
9.486399999999999864e+02 1.444800000000000084e+00
9.522400000000000091e+02 1.447200000000000042e+00
9.558500000000000227e+02 1.449600000000000000e+00
9.594800000000000182e+02 1.451999999999999957e+00
9.631299999999999955e+02 1.454399999999999915e+00
9.667799999999999727e+02 1.456800000000000095e+00
9.704400000000000546e+02 1.459300000000000042e+00
9.741100000000000136e+02 1.461699999999999999e+00
9.777899999999999636e+02 1.464199999999999946e+00
9.814700000000000273e+02 1.466699999999999893e+00
9.851499999999999773e+02 1.469200000000000061e+00
9.888300000000000409e+02 1.471600000000000019e+00
9.925199999999999818e+02 1.474099999999999966e+00
9.962000000000000455e+02 1.476599999999999913e+00
9.998700000000000045e+02 1.479100000000000081e+00
1.003500000000000000e+03 1.481600000000000028e+00
1.007200000000000045e+03 1.483999999999999986e+00
1.010899999999999977e+03 1.486499999999999932e+00
1.014500000000000000e+03 1.489000000000000101e+00
1.018200000000000045e+03 1.491500000000000048e+00
1.021799999999999955e+03 1.493999999999999995e+00
1.025500000000000000e+03 1.496399999999999952e+00
1.029099999999999909e+03 1.498899999999999899e+00
1.032700000000000045e+03 1.501400000000000068e+00
1.036400000000000091e+03 1.503900000000000015e+00
1.040000000000000000e+03 1.506399999999999961e+00
1.043700000000000045e+03 1.508899999999999908e+00
1.047299999999999955e+03 1.511400000000000077e+00
1.051000000000000000e+03 1.513900000000000023e+00
1.054799999999999955e+03 1.516499999999999959e+00
1.058500000000000000e+03 1.519099999999999895e+00
1.062299999999999955e+03 1.521700000000000053e+00
1.066099999999999909e+03 1.524299999999999988e+00
1.070000000000000000e+03 1.526999999999999913e+00
1.073900000000000091e+03 1.529700000000000060e+00
1.077900000000000091e+03 1.532399999999999984e+00
1.081900000000000091e+03 1.535099999999999909e+00
1.085900000000000091e+03 1.537900000000000045e+00
1.089900000000000091e+03 1.540699999999999958e+00
1.094000000000000000e+03 1.543600000000000083e+00
1.098200000000000045e+03 1.546499999999999986e+00
1.102299999999999955e+03 1.549400000000000110e+00
1.106599999999999909e+03 1.552300000000000013e+00
1.110799999999999955e+03 1.555299999999999905e+00
1.115099999999999909e+03 1.558300000000000018e+00
1.119400000000000091e+03 1.561299999999999910e+00
1.123799999999999955e+03 1.564400000000000013e+00
1.128200000000000045e+03 1.567499999999999893e+00
1.132700000000000045e+03 1.570599999999999996e+00
1.137299999999999955e+03 1.573800000000000088e+00
1.141900000000000091e+03 1.577099999999999946e+00
1.146700000000000045e+03 1.580400000000000027e+00
1.151500000000000000e+03 1.583800000000000097e+00
1.156700000000000045e+03 1.587199999999999944e+00
1.162200000000000045e+03 1.590500000000000025e+00
1.167799999999999955e+03 1.593800000000000106e+00
1.173500000000000000e+03 1.597199999999999953e+00
1.179400000000000091e+03 1.600700000000000012e+00
1.185500000000000000e+03 1.604300000000000059e+00
1.191799999999999955e+03 1.608100000000000085e+00
1.198400000000000091e+03 1.612000000000000099e+00
1.205299999999999955e+03 1.616200000000000081e+00
1.212500000000000000e+03 1.620500000000000052e+00
1.220000000000000000e+03 1.625000000000000000e+00
1.227799999999999955e+03 1.629699999999999926e+00
1.235799999999999955e+03 1.634600000000000053e+00
1.244099999999999909e+03 1.639699999999999935e+00
1.252700000000000045e+03 1.645000000000000018e+00
1.261500000000000000e+03 1.650300000000000100e+00
1.270400000000000091e+03 1.655899999999999928e+00
1.279500000000000000e+03 1.661499999999999977e+00
1.288700000000000045e+03 1.667300000000000004e+00
1.298099999999999909e+03 1.673100000000000032e+00
1.307599999999999909e+03 1.679100000000000037e+00
1.317099999999999909e+03 1.685100000000000042e+00
1.326799999999999955e+03 1.691200000000000037e+00
1.336500000000000000e+03 1.697400000000000020e+00
1.346400000000000091e+03 1.703699999999999992e+00
1.356200000000000045e+03 1.709999999999999964e+00
1.366200000000000045e+03 1.716399999999999926e+00
1.376200000000000045e+03 1.722800000000000109e+00
1.386400000000000091e+03 1.729400000000000048e+00
1.396599999999999909e+03 1.735999999999999988e+00
1.407000000000000000e+03 1.742799999999999905e+00
1.417500000000000000e+03 1.749600000000000044e+00
1.428299999999999955e+03 1.756699999999999928e+00
1.439200000000000045e+03 1.763800000000000034e+00
1.450299999999999955e+03 1.771099999999999897e+00
1.461599999999999909e+03 1.778599999999999959e+00
1.473099999999999909e+03 1.786299999999999999e+00
1.485000000000000000e+03 1.794100000000000028e+00
1.497200000000000045e+03 1.802300000000000013e+00
1.509799999999999955e+03 1.810699999999999976e+00
1.522799999999999955e+03 1.819399999999999906e+00
1.536299999999999955e+03 1.828500000000000014e+00
1.550299999999999955e+03 1.837900000000000089e+00
1.564599999999999909e+03 1.847699999999999898e+00
1.579500000000000000e+03 1.857799999999999896e+00
1.595799999999999955e+03 1.867799999999999905e+00
1.612500000000000000e+03 1.878100000000000103e+00
1.629900000000000091e+03 1.888700000000000045e+00
1.648000000000000000e+03 1.899899999999999922e+00
1.666700000000000045e+03 1.911499999999999977e+00
1.686200000000000045e+03 1.923699999999999966e+00
1.706400000000000091e+03 1.936399999999999899e+00
1.727500000000000000e+03 1.949799999999999978e+00
1.749500000000000000e+03 1.963799999999999990e+00
1.772200000000000045e+03 1.978499999999999925e+00
1.795700000000000045e+03 1.993700000000000028e+00
1.819799999999999955e+03 2.009500000000000064e+00
1.844299999999999955e+03 2.025700000000000056e+00
1.869500000000000000e+03 2.042499999999999982e+00
1.895299999999999955e+03 2.059800000000000075e+00
1.921799999999999955e+03 2.077700000000000102e+00
1.949200000000000045e+03 2.096400000000000041e+00
1.977500000000000000e+03 2.115800000000000125e+00
2.006299999999999955e+03 2.135800000000000143e+00
2.035599999999999909e+03 2.156400000000000095e+00
2.065199999999999818e+03 2.177299999999999791e+00
2.095400000000000091e+03 2.198700000000000099e+00
2.126400000000000091e+03 2.220499999999999918e+00
2.158199999999999818e+03 2.242900000000000116e+00
2.190500000000000000e+03 2.265899999999999803e+00
2.222900000000000091e+03 2.289200000000000124e+00
2.255699999999999818e+03 2.313000000000000167e+00
2.288900000000000091e+03 2.337299999999999933e+00
2.322500000000000000e+03 2.362000000000000099e+00
2.356500000000000000e+03 2.387199999999999989e+00
2.390800000000000182e+03 2.412799999999999834e+00
2.425599999999999909e+03 2.438899999999999846e+00
2.460699999999999818e+03 2.465500000000000025e+00
2.496000000000000000e+03 2.492399999999999949e+00
2.533000000000000000e+03 2.519800000000000040e+00
2.570599999999999909e+03 2.546600000000000197e+00
2.608099999999999909e+03 2.573399999999999910e+00
2.645300000000000182e+03 2.600099999999999856e+00
2.682199999999999818e+03 2.626700000000000035e+00
2.718800000000000182e+03 2.653099999999999792e+00
2.755199999999999818e+03 2.679300000000000015e+00
2.791199999999999818e+03 2.705099999999999838e+00
2.826800000000000182e+03 2.730700000000000127e+00
2.861699999999999818e+03 2.755900000000000016e+00
2.895800000000000182e+03 2.780699999999999950e+00
2.929099999999999909e+03 2.804899999999999949e+00
2.961400000000000091e+03 2.828699999999999992e+00
2.992800000000000182e+03 2.851799999999999891e+00
3.022800000000000182e+03 2.874099999999999877e+00
3.051699999999999818e+03 2.895599999999999952e+00
3.079300000000000182e+03 2.916199999999999903e+00
3.105599999999999909e+03 2.935999999999999943e+00
3.130599999999999909e+03 2.954800000000000093e+00
3.154199999999999818e+03 2.972799999999999887e+00
3.176300000000000182e+03 2.989599999999999813e+00
3.197199999999999818e+03 3.005500000000000060e+00
3.216699999999999818e+03 3.020500000000000185e+00
3.235099999999999909e+03 3.034600000000000186e+00
3.252500000000000000e+03 3.047899999999999832e+00
3.268900000000000091e+03 3.060599999999999987e+00
3.284400000000000091e+03 3.072499999999999787e+00
3.299099999999999909e+03 3.083800000000000097e+00
3.313000000000000000e+03 3.094599999999999795e+00
3.326199999999999818e+03 3.104800000000000004e+00
3.338900000000000091e+03 3.114599999999999813e+00
3.350900000000000091e+03 3.123899999999999899e+00
3.362400000000000091e+03 3.132800000000000029e+00
3.373400000000000091e+03 3.141399999999999970e+00
3.384000000000000000e+03 3.149599999999999955e+00
3.394099999999999909e+03 3.157500000000000195e+00
3.403900000000000091e+03 3.165399999999999991e+00
3.413300000000000182e+03 3.173000000000000043e+00
3.422400000000000091e+03 3.180400000000000116e+00
3.431400000000000091e+03 3.187600000000000211e+00
3.440400000000000091e+03 3.194799999999999862e+00
3.449599999999999909e+03 3.201799999999999979e+00
3.458400000000000091e+03 3.208200000000000163e+00
3.466800000000000182e+03 3.214300000000000157e+00
3.474800000000000182e+03 3.220099999999999962e+00
3.482500000000000000e+03 3.225699999999999790e+00
3.490000000000000000e+03 3.230999999999999872e+00
3.497099999999999909e+03 3.236099999999999977e+00
3.504099999999999909e+03 3.241099999999999870e+00
3.510900000000000091e+03 3.245899999999999785e+00
3.517500000000000000e+03 3.250700000000000145e+00
3.524000000000000000e+03 3.255300000000000082e+00
3.530400000000000091e+03 3.259900000000000020e+00
3.536800000000000182e+03 3.264400000000000190e+00
3.543000000000000000e+03 3.268800000000000150e+00
3.549099999999999909e+03 3.273099999999999898e+00
3.555199999999999818e+03 3.277400000000000091e+00
3.561099999999999909e+03 3.281600000000000072e+00
3.567000000000000000e+03 3.285800000000000054e+00
3.572699999999999818e+03 3.289800000000000058e+00
3.578199999999999818e+03 3.293800000000000061e+00
3.583599999999999909e+03 3.297600000000000087e+00
3.588800000000000182e+03 3.301299999999999901e+00
3.593900000000000091e+03 3.304899999999999949e+00
3.598599999999999909e+03 3.308300000000000018e+00
3.603199999999999818e+03 3.311599999999999877e+00
3.607500000000000000e+03 3.314700000000000202e+00
3.611599999999999909e+03 3.317600000000000104e+00
3.615400000000000091e+03 3.320399999999999796e+00
3.619000000000000000e+03 3.322999999999999954e+00
3.622400000000000091e+03 3.325400000000000134e+00
3.625500000000000000e+03 3.327700000000000102e+00
3.628300000000000182e+03 3.329800000000000093e+00
3.630900000000000091e+03 3.331700000000000106e+00
3.633300000000000182e+03 3.333400000000000141e+00
3.635500000000000000e+03 3.334999999999999964e+00
3.637400000000000091e+03 3.336399999999999810e+00
3.639099999999999909e+03 3.337699999999999889e+00
3.640599999999999909e+03 3.338799999999999990e+00
3.641900000000000091e+03 3.339799999999999880e+00
3.643000000000000000e+03 3.340599999999999792e+00
3.643800000000000182e+03 3.341200000000000170e+00
3.644400000000000091e+03 3.341699999999999893e+00
3.644800000000000182e+03 3.342000000000000082e+00
3.644900000000000091e+03 3.342200000000000060e+00
