8.003400000000000318e+02 2.872700000000000031e+00
8.462300000000000182e+02 2.837000000000000188e+00
8.366900000000000546e+02 2.826400000000000023e+00
8.247400000000000091e+02 2.803399999999999892e+00
8.106399999999999864e+02 2.796699999999999964e+00
8.005599999999999454e+02 2.788600000000000190e+00
7.918400000000000318e+02 2.778300000000000214e+00
7.836499999999999773e+02 2.765899999999999803e+00
7.758799999999999955e+02 2.751999999999999780e+00
7.686000000000000227e+02 2.737099999999999866e+00
7.619500000000000455e+02 2.721900000000000208e+00
7.560099999999999909e+02 2.706799999999999873e+00
7.508400000000000318e+02 2.692299999999999915e+00
7.464299999999999500e+02 2.678799999999999848e+00
7.427699999999999818e+02 2.666399999999999881e+00
7.397899999999999636e+02 2.655400000000000205e+00
7.374500000000000455e+02 2.645700000000000163e+00
7.356699999999999591e+02 2.637399999999999967e+00
7.343799999999999955e+02 2.630500000000000060e+00
7.335199999999999818e+02 2.624800000000000022e+00
7.330399999999999636e+02 2.620299999999999851e+00
7.328799999999999955e+02 2.616899999999999782e+00
7.329800000000000182e+02 2.614399999999999835e+00
7.332999999999999545e+02 2.612800000000000011e+00
7.337999999999999545e+02 2.612000000000000099e+00
7.344500000000000455e+02 2.611899999999999888e+00
7.352100000000000364e+02 2.612400000000000055e+00
7.360700000000000500e+02 2.613399999999999945e+00
7.370000000000000000e+02 2.614900000000000002e+00
7.379900000000000091e+02 2.616699999999999804e+00
7.390199999999999818e+02 2.618700000000000028e+00
7.400800000000000409e+02 2.620999999999999996e+00
7.411399999999999864e+02 2.623400000000000176e+00
7.422200000000000273e+02 2.625999999999999890e+00
7.432799999999999727e+02 2.628600000000000048e+00
7.443300000000000409e+02 2.631299999999999972e+00
7.453700000000000045e+02 2.633999999999999897e+00
7.463799999999999955e+02 2.636699999999999822e+00
7.473700000000000045e+02 2.639299999999999979e+00
7.483200000000000500e+02 2.641999999999999904e+00
7.492500000000000000e+02 2.644600000000000062e+00
7.501399999999999864e+02 2.647100000000000009e+00
7.510000000000000000e+02 2.649500000000000188e+00
7.518200000000000500e+02 2.651899999999999924e+00
7.526000000000000227e+02 2.654199999999999893e+00
7.533500000000000227e+02 2.656499999999999861e+00
7.540599999999999454e+02 2.658599999999999852e+00
7.547400000000000091e+02 2.660699999999999843e+00
7.553899999999999864e+02 2.662700000000000067e+00
7.560000000000000000e+02 2.664600000000000080e+00
7.565800000000000409e+02 2.666500000000000092e+00
7.571299999999999955e+02 2.668200000000000127e+00
7.576599999999999682e+02 2.669900000000000162e+00
7.581499999999999773e+02 2.671499999999999986e+00
7.586200000000000045e+02 2.673000000000000043e+00
7.590599999999999454e+02 2.674399999999999888e+00
7.594800000000000182e+02 2.675800000000000178e+00
7.598799999999999955e+02 2.677099999999999813e+00
7.602500000000000000e+02 2.678300000000000125e+00
7.606000000000000227e+02 2.679499999999999993e+00
7.609299999999999500e+02 2.680600000000000094e+00
7.612400000000000091e+02 2.681599999999999984e+00
7.615299999999999727e+02 2.682599999999999874e+00
7.618099999999999454e+02 2.683499999999999996e+00
7.620700000000000500e+02 2.684299999999999908e+00
7.623099999999999454e+02 2.685099999999999820e+00
7.625299999999999727e+02 2.685900000000000176e+00
7.627500000000000000e+02 2.686599999999999877e+00
7.629500000000000455e+02 2.687300000000000022e+00
7.631299999999999955e+02 2.687899999999999956e+00
7.633099999999999454e+02 2.688499999999999890e+00
7.634700000000000273e+02 2.689099999999999824e+00
7.636200000000000045e+02 2.689599999999999991e+00
7.637699999999999818e+02 2.690100000000000158e+00
7.638999999999999773e+02 2.690599999999999881e+00
7.640199999999999818e+02 2.690999999999999837e+00
7.641399999999999864e+02 2.691399999999999793e+00
7.642500000000000000e+02 2.691800000000000193e+00
7.643500000000000227e+02 2.692099999999999937e+00
7.644400000000000546e+02 2.692400000000000126e+00
7.645199999999999818e+02 2.692699999999999871e+00
7.646000000000000227e+02 2.693000000000000060e+00
7.646699999999999591e+02 2.693299999999999805e+00
7.647400000000000091e+02 2.693499999999999783e+00
7.647899999999999636e+02 2.693700000000000205e+00
7.648400000000000318e+02 2.693900000000000183e+00
7.648799999999999955e+02 2.694100000000000161e+00
7.649099999999999682e+02 2.694199999999999928e+00
7.649299999999999500e+02 2.694300000000000139e+00
7.649500000000000455e+02 2.694500000000000117e+00
7.649600000000000364e+02 2.694500000000000117e+00
7.649700000000000273e+02 2.694599999999999884e+00
7.649700000000000273e+02 2.694700000000000095e+00
7.649700000000000273e+02 2.694700000000000095e+00
7.649600000000000364e+02 2.694700000000000095e+00
7.649400000000000546e+02 2.694799999999999862e+00
7.649299999999999500e+02 2.694799999999999862e+00
7.648999999999999773e+02 2.694700000000000095e+00
7.648799999999999955e+02 2.694700000000000095e+00
7.648500000000000227e+02 2.694700000000000095e+00
7.648099999999999454e+02 2.694599999999999884e+00
7.647799999999999727e+02 2.694599999999999884e+00
7.647300000000000182e+02 2.694500000000000117e+00
7.646900000000000546e+02 2.694399999999999906e+00
7.646399999999999864e+02 2.694300000000000139e+00
7.645800000000000409e+02 2.694199999999999928e+00
7.645199999999999818e+02 2.694100000000000161e+00
7.644500000000000455e+02 2.693900000000000183e+00
7.643700000000000045e+02 2.693700000000000205e+00
7.642899999999999636e+02 2.693599999999999994e+00
7.642300000000000182e+02 2.693400000000000016e+00
7.641699999999999591e+02 2.693200000000000038e+00
7.641100000000000136e+02 2.693099999999999827e+00
7.640499999999999545e+02 2.693000000000000060e+00
7.639900000000000091e+02 2.692800000000000082e+00
7.639299999999999500e+02 2.692699999999999871e+00
7.638700000000000045e+02 2.692499999999999893e+00
7.638099999999999454e+02 2.692400000000000126e+00
7.637400000000000091e+02 2.692200000000000149e+00
7.636699999999999591e+02 2.692099999999999937e+00
7.636000000000000227e+02 2.691899999999999959e+00
7.635299999999999727e+02 2.691800000000000193e+00
7.634500000000000455e+02 2.691600000000000215e+00
7.633799999999999955e+02 2.691500000000000004e+00
7.632999999999999545e+02 2.691300000000000026e+00
7.632200000000000273e+02 2.691100000000000048e+00
7.631499999999999773e+02 2.690900000000000070e+00
7.630800000000000409e+02 2.690799999999999859e+00
7.630199999999999818e+02 2.690599999999999881e+00
7.629800000000000182e+02 2.690500000000000114e+00
7.629600000000000364e+02 2.690399999999999903e+00
7.629700000000000273e+02 2.690399999999999903e+00
7.630199999999999818e+02 2.690399999999999903e+00
7.631100000000000136e+02 2.690500000000000114e+00
7.632599999999999909e+02 2.690700000000000092e+00
7.634500000000000455e+02 2.691100000000000048e+00
7.636900000000000546e+02 2.691500000000000004e+00
7.639900000000000091e+02 2.692099999999999937e+00
7.643300000000000409e+02 2.692800000000000082e+00
7.647300000000000182e+02 2.693700000000000205e+00
7.651799999999999500e+02 2.694700000000000095e+00
7.656799999999999500e+02 2.695800000000000196e+00
7.662200000000000273e+02 2.697000000000000064e+00
7.668099999999999454e+02 2.698399999999999910e+00
7.674500000000000455e+02 2.699899999999999967e+00
7.681299999999999955e+02 2.701600000000000001e+00
7.688600000000000136e+02 2.703399999999999803e+00
7.696200000000000045e+02 2.705200000000000049e+00
7.704199999999999591e+02 2.707199999999999829e+00
7.712599999999999909e+02 2.709400000000000031e+00
7.721399999999999864e+02 2.711599999999999788e+00
7.730399999999999636e+02 2.713900000000000201e+00
7.739800000000000182e+02 2.716299999999999937e+00
7.749400000000000546e+02 2.718799999999999883e+00
7.759299999999999500e+02 2.721400000000000041e+00
7.769400000000000546e+02 2.724099999999999966e+00
7.779700000000000273e+02 2.726799999999999891e+00
7.790199999999999818e+02 2.729600000000000026e+00
7.800900000000000318e+02 2.732499999999999929e+00
7.811799999999999500e+02 2.735500000000000043e+00
7.822799999999999727e+02 2.738399999999999945e+00
7.833999999999999773e+02 2.741499999999999826e+00
7.845399999999999636e+02 2.744600000000000151e+00
7.856799999999999500e+02 2.747700000000000031e+00
7.868400000000000318e+02 2.750900000000000123e+00
7.880099999999999909e+02 2.754100000000000215e+00
7.891900000000000546e+02 2.757400000000000073e+00
7.903700000000000045e+02 2.760600000000000165e+00
7.915700000000000500e+02 2.763900000000000023e+00
7.927699999999999818e+02 2.767300000000000093e+00
7.939800000000000182e+02 2.770599999999999952e+00
7.952000000000000455e+02 2.774000000000000021e+00
7.964199999999999591e+02 2.777400000000000091e+00
7.976499999999999773e+02 2.780899999999999928e+00
7.988899999999999864e+02 2.784299999999999997e+00
8.001299999999999955e+02 2.787799999999999834e+00
8.013600000000000136e+02 2.791199999999999903e+00
8.026000000000000227e+02 2.794700000000000184e+00
8.038300000000000409e+02 2.798200000000000021e+00
8.050499999999999545e+02 2.801699999999999857e+00
8.062699999999999818e+02 2.805099999999999927e+00
8.074600000000000364e+02 2.808499999999999996e+00
8.086299999999999955e+02 2.811900000000000066e+00
8.097699999999999818e+02 2.815199999999999925e+00
8.108899999999999864e+02 2.818499999999999783e+00
8.120000000000000000e+02 2.821800000000000086e+00
8.130800000000000409e+02 2.824899999999999967e+00
8.141499999999999773e+02 2.828100000000000058e+00
8.152100000000000364e+02 2.831199999999999939e+00
8.162500000000000000e+02 2.834200000000000053e+00
8.172699999999999818e+02 2.837299999999999933e+00
8.182799999999999727e+02 2.840199999999999836e+00
8.192799999999999727e+02 2.843199999999999950e+00
8.202599999999999909e+02 2.846000000000000085e+00
8.212400000000000091e+02 2.848899999999999988e+00
8.221900000000000546e+02 2.851700000000000124e+00
8.231399999999999864e+02 2.854499999999999815e+00
8.240800000000000409e+02 2.857200000000000184e+00
8.250000000000000000e+02 2.859900000000000109e+00
8.259299999999999500e+02 2.862600000000000033e+00
8.268700000000000045e+02 2.865299999999999958e+00
8.278300000000000409e+02 2.867999999999999883e+00
8.288300000000000409e+02 2.870800000000000018e+00
8.298700000000000045e+02 2.873600000000000154e+00
8.309600000000000364e+02 2.876500000000000057e+00
8.321100000000000136e+02 2.879500000000000171e+00
8.332999999999999545e+02 2.882600000000000051e+00
8.345599999999999454e+02 2.885899999999999910e+00
8.358899999999999864e+02 2.889200000000000212e+00
8.372799999999999727e+02 2.892799999999999816e+00
8.387400000000000091e+02 2.896399999999999864e+00
8.402599999999999909e+02 2.900300000000000100e+00
8.418500000000000227e+02 2.904300000000000104e+00
8.435099999999999909e+02 2.908399999999999874e+00
8.452599999999999909e+02 2.912799999999999834e+00
8.471000000000000227e+02 2.917400000000000215e+00
8.490299999999999727e+02 2.922200000000000131e+00
8.510299999999999727e+02 2.927200000000000024e+00
8.530900000000000318e+02 2.932399999999999896e+00
8.552100000000000364e+02 2.937699999999999978e+00
8.573700000000000045e+02 2.943299999999999805e+00
8.595700000000000500e+02 2.948999999999999844e+00
8.618300000000000409e+02 2.954800000000000093e+00
8.641299999999999955e+02 2.960799999999999876e+00
8.664900000000000091e+02 2.967000000000000082e+00
8.689199999999999591e+02 2.973300000000000054e+00
8.714199999999999591e+02 2.979800000000000004e+00
8.740000000000000000e+02 2.986499999999999932e+00
8.766699999999999591e+02 2.993399999999999839e+00
8.794199999999999591e+02 3.000500000000000167e+00
8.822500000000000000e+02 3.007899999999999796e+00
8.851599999999999682e+02 3.015400000000000080e+00
8.881399999999999864e+02 3.023099999999999898e+00
8.912000000000000455e+02 3.031000000000000139e+00
8.943300000000000409e+02 3.039099999999999913e+00
8.975199999999999818e+02 3.047299999999999898e+00
9.007799999999999727e+02 3.055800000000000072e+00
9.041000000000000227e+02 3.064400000000000013e+00
9.074700000000000273e+02 3.073199999999999932e+00
9.108999999999999773e+02 3.082100000000000062e+00
9.143799999999999955e+02 3.091200000000000170e+00
9.179099999999999682e+02 3.100400000000000045e+00
9.214700000000000273e+02 3.109799999999999898e+00
9.250800000000000409e+02 3.119299999999999962e+00
9.287200000000000273e+02 3.128899999999999793e+00
9.323799999999999955e+02 3.138599999999999834e+00
9.360800000000000409e+02 3.148400000000000087e+00
9.397899999999999636e+02 3.158300000000000107e+00
9.435299999999999727e+02 3.168200000000000127e+00
9.472799999999999727e+02 3.178300000000000125e+00
9.510399999999999636e+02 3.188299999999999912e+00
9.548300000000000409e+02 3.198500000000000121e+00
9.586200000000000045e+02 3.208699999999999886e+00
9.624299999999999500e+02 3.218900000000000095e+00
9.662500000000000000e+02 3.229200000000000070e+00
9.700599999999999454e+02 3.239399999999999835e+00
9.738799999999999955e+02 3.249699999999999811e+00
9.777000000000000455e+02 3.259999999999999787e+00
9.815099999999999909e+02 3.270300000000000207e+00
9.853200000000000500e+02 3.280600000000000183e+00
9.891200000000000045e+02 3.290900000000000158e+00
9.929299999999999500e+02 3.301200000000000134e+00
9.967200000000000273e+02 3.311500000000000110e+00
1.000500000000000000e+03 3.321699999999999875e+00
1.004299999999999955e+03 3.331999999999999851e+00
1.008100000000000023e+03 3.342200000000000060e+00
1.011799999999999955e+03 3.352399999999999824e+00
1.015600000000000023e+03 3.362499999999999822e+00
1.019299999999999955e+03 3.372700000000000031e+00
1.023100000000000023e+03 3.382800000000000029e+00
1.026799999999999955e+03 3.392900000000000027e+00
1.030500000000000000e+03 3.402899999999999814e+00
1.034200000000000045e+03 3.412999999999999812e+00
1.037900000000000091e+03 3.423000000000000043e+00
1.041700000000000045e+03 3.432999999999999829e+00
1.045400000000000091e+03 3.443000000000000060e+00
1.049099999999999909e+03 3.453100000000000058e+00
1.052900000000000091e+03 3.463200000000000056e+00
1.056799999999999955e+03 3.473399999999999821e+00
1.060700000000000045e+03 3.483600000000000030e+00
1.064599999999999909e+03 3.494000000000000217e+00
1.068599999999999909e+03 3.504399999999999959e+00
1.072599999999999909e+03 3.515000000000000124e+00
1.076700000000000045e+03 3.525599999999999845e+00
1.080900000000000091e+03 3.536399999999999988e+00
1.085099999999999909e+03 3.547299999999999898e+00
1.089299999999999955e+03 3.558300000000000018e+00
1.093599999999999909e+03 3.569399999999999906e+00
1.097900000000000091e+03 3.580600000000000005e+00
1.102200000000000045e+03 3.591899999999999871e+00
1.106500000000000000e+03 3.603200000000000180e+00
1.110900000000000091e+03 3.614599999999999813e+00
1.115400000000000091e+03 3.626199999999999868e+00
1.119900000000000091e+03 3.637799999999999923e+00
1.124400000000000091e+03 3.649599999999999955e+00
1.129000000000000000e+03 3.661399999999999988e+00
1.133700000000000045e+03 3.673399999999999999e+00
1.138400000000000091e+03 3.685500000000000220e+00
1.143200000000000045e+03 3.697799999999999976e+00
1.148099999999999909e+03 3.710199999999999942e+00
1.153099999999999909e+03 3.722900000000000098e+00
1.158299999999999955e+03 3.735700000000000021e+00
1.163500000000000000e+03 3.748899999999999899e+00
1.169099999999999909e+03 3.762399999999999967e+00
1.175000000000000000e+03 3.776499999999999968e+00
1.181099999999999909e+03 3.791100000000000136e+00
1.187500000000000000e+03 3.806200000000000028e+00
1.194200000000000045e+03 3.822000000000000064e+00
1.201200000000000045e+03 3.838400000000000034e+00
1.208500000000000000e+03 3.855500000000000149e+00
1.216299999999999955e+03 3.873299999999999965e+00
1.224500000000000000e+03 3.891900000000000137e+00
1.233099999999999909e+03 3.911399999999999988e+00
1.242200000000000045e+03 3.931799999999999962e+00
1.251599999999999909e+03 3.952900000000000080e+00
1.261299999999999955e+03 3.974800000000000111e+00
1.271200000000000045e+03 3.997300000000000075e+00
1.281299999999999955e+03 4.020400000000000418e+00
1.291500000000000000e+03 4.043800000000000061e+00
1.301700000000000045e+03 4.067599999999999660e+00
1.312099999999999909e+03 4.091700000000000337e+00
1.322599999999999909e+03 4.115999999999999659e+00
1.333099999999999909e+03 4.140500000000000291e+00
1.343700000000000045e+03 4.165300000000000225e+00
1.354299999999999955e+03 4.190100000000000158e+00
1.364900000000000091e+03 4.214999999999999858e+00
1.375500000000000000e+03 4.240000000000000213e+00
1.386000000000000000e+03 4.265100000000000335e+00
1.396599999999999909e+03 4.290300000000000225e+00
1.407299999999999955e+03 4.315599999999999881e+00
1.418200000000000045e+03 4.341000000000000192e+00
1.429299999999999955e+03 4.366500000000000270e+00
1.440700000000000045e+03 4.392299999999999649e+00
1.452200000000000045e+03 4.418300000000000338e+00
1.463900000000000091e+03 4.444600000000000328e+00
1.475900000000000091e+03 4.471099999999999852e+00
1.488400000000000091e+03 4.498000000000000220e+00
1.501200000000000045e+03 4.525299999999999656e+00
1.514000000000000000e+03 4.552999999999999936e+00
1.527099999999999909e+03 4.581000000000000405e+00
1.540799999999999955e+03 4.609399999999999942e+00
1.555099999999999909e+03 4.638399999999999856e+00
1.569900000000000091e+03 4.668000000000000149e+00
1.585500000000000000e+03 4.698299999999999699e+00
1.602099999999999909e+03 4.729300000000000281e+00
1.619500000000000000e+03 4.761099999999999888e+00
1.637200000000000045e+03 4.793499999999999872e+00
1.655099999999999909e+03 4.826200000000000045e+00
1.674099999999999909e+03 4.859600000000000364e+00
1.694299999999999955e+03 4.894099999999999895e+00
1.715700000000000045e+03 4.929400000000000226e+00
1.738299999999999955e+03 4.965499999999999581e+00
1.762700000000000045e+03 5.002200000000000202e+00
1.788799999999999955e+03 5.038899999999999935e+00
1.816299999999999955e+03 5.075400000000000134e+00
1.844400000000000091e+03 5.111600000000000144e+00
1.873400000000000091e+03 5.147300000000000431e+00
1.903299999999999955e+03 5.182100000000000151e+00
1.933700000000000045e+03 5.215700000000000003e+00
1.964000000000000000e+03 5.248499999999999943e+00
1.995099999999999909e+03 5.280599999999999739e+00
2.027599999999999909e+03 5.312199999999999811e+00
2.061900000000000091e+03 5.343499999999999694e+00
2.098000000000000000e+03 5.374699999999999811e+00
2.135099999999999909e+03 5.406600000000000072e+00
2.173800000000000182e+03 5.440199999999999925e+00
2.213199999999999818e+03 5.475600000000000023e+00
2.253199999999999818e+03 5.512999999999999901e+00
2.292800000000000182e+03 5.552200000000000024e+00
2.332000000000000000e+03 5.593200000000000394e+00
2.371800000000000182e+03 5.636000000000000121e+00
2.411500000000000000e+03 5.679599999999999760e+00
2.452199999999999818e+03 5.723600000000000243e+00
2.492199999999999818e+03 5.766899999999999693e+00
2.531699999999999818e+03 5.809199999999999697e+00
2.570500000000000000e+03 5.850200000000000067e+00
2.609500000000000000e+03 5.889700000000000379e+00
2.647599999999999909e+03 5.927599999999999980e+00
2.685199999999999818e+03 5.963799999999999990e+00
2.721599999999999909e+03 5.998400000000000176e+00
2.757500000000000000e+03 6.031600000000000072e+00
2.792199999999999818e+03 6.063500000000000334e+00
2.826699999999999818e+03 6.094000000000000306e+00
2.860800000000000182e+03 6.123300000000000409e+00
2.894099999999999909e+03 6.151600000000000179e+00
2.926500000000000000e+03 6.179100000000000037e+00
2.958099999999999909e+03 6.205799999999999983e+00
2.989300000000000182e+03 6.231900000000000439e+00
3.020000000000000000e+03 6.257699999999999818e+00
3.049800000000000182e+03 6.283400000000000318e+00
3.078800000000000182e+03 6.309000000000000163e+00
3.106800000000000182e+03 6.334399999999999586e+00
3.133599999999999909e+03 6.359700000000000131e+00
3.159000000000000000e+03 6.384999999999999787e+00
3.182900000000000091e+03 6.410000000000000142e+00
3.205300000000000182e+03 6.434899999999999842e+00
3.226300000000000182e+03 6.459699999999999775e+00
3.245800000000000182e+03 6.483999999999999986e+00
3.263500000000000000e+03 6.507900000000000240e+00
3.279500000000000000e+03 6.531500000000000306e+00
3.294099999999999909e+03 6.554700000000000415e+00
3.307300000000000182e+03 6.577499999999999680e+00
3.319599999999999909e+03 6.599800000000000111e+00
3.331099999999999909e+03 6.621500000000000163e+00
3.342099999999999909e+03 6.642500000000000071e+00
3.352599999999999909e+03 6.662600000000000300e+00
3.362500000000000000e+03 6.681899999999999729e+00
3.372000000000000000e+03 6.700499999999999901e+00
3.381199999999999818e+03 6.718200000000000394e+00
3.390000000000000000e+03 6.735299999999999621e+00
3.398599999999999909e+03 6.751800000000000246e+00
3.407000000000000000e+03 6.767500000000000071e+00
3.415300000000000182e+03 6.782700000000000173e+00
3.423400000000000091e+03 6.797299999999999898e+00
3.431400000000000091e+03 6.811300000000000132e+00
3.439099999999999909e+03 6.824900000000000411e+00
3.446699999999999818e+03 6.837900000000000311e+00
3.454199999999999818e+03 6.850500000000000256e+00
3.461400000000000091e+03 6.862700000000000244e+00
3.468599999999999909e+03 6.874500000000000277e+00
3.475699999999999818e+03 6.885799999999999699e+00
3.482599999999999909e+03 6.896700000000000053e+00
3.489199999999999818e+03 6.907199999999999562e+00
3.495699999999999818e+03 6.917399999999999771e+00
3.502000000000000000e+03 6.927200000000000024e+00
3.508099999999999909e+03 6.936700000000000088e+00
3.514099999999999909e+03 6.945800000000000196e+00
3.519900000000000091e+03 6.954500000000000348e+00
3.525599999999999909e+03 6.962900000000000311e+00
3.531300000000000182e+03 6.971099999999999852e+00
3.537000000000000000e+03 6.979000000000000092e+00
3.542699999999999818e+03 6.986799999999999677e+00
3.548400000000000091e+03 6.994399999999999729e+00
3.554199999999999818e+03 7.001900000000000013e+00
3.559900000000000091e+03 7.009299999999999642e+00
3.565699999999999818e+03 7.016600000000000392e+00
3.571400000000000091e+03 7.023799999999999599e+00
3.577099999999999909e+03 7.030899999999999928e+00
3.582800000000000182e+03 7.037899999999999601e+00
3.588300000000000182e+03 7.044800000000000395e+00
3.593699999999999818e+03 7.051499999999999879e+00
3.598900000000000091e+03 7.058099999999999596e+00
3.603800000000000182e+03 7.064600000000000435e+00
3.608500000000000000e+03 7.070800000000000196e+00
3.612900000000000091e+03 7.076800000000000423e+00
3.617000000000000000e+03 7.082499999999999574e+00
3.620800000000000182e+03 7.088000000000000078e+00
3.624400000000000091e+03 7.093200000000000394e+00
3.627599999999999909e+03 7.098200000000000287e+00
3.630500000000000000e+03 7.102800000000000225e+00
3.633199999999999818e+03 7.107099999999999973e+00
3.635599999999999909e+03 7.111200000000000188e+00
3.637699999999999818e+03 7.114899999999999558e+00
3.639599999999999909e+03 7.118400000000000283e+00
3.641199999999999818e+03 7.121500000000000163e+00
3.642599999999999909e+03 7.124399999999999622e+00
3.643800000000000182e+03 7.127100000000000435e+00
3.644699999999999818e+03 7.129400000000000404e+00
3.645500000000000000e+03 7.131499999999999950e+00
3.646099999999999909e+03 7.133300000000000196e+00
3.646500000000000000e+03 7.134900000000000020e+00
3.646800000000000182e+03 7.136300000000000310e+00
