8.027999999999999545e+02 2.484900000000000109e+00
8.456399999999999864e+02 2.459600000000000009e+00
8.558600000000000136e+02 2.446800000000000086e+00
8.240499999999999545e+02 2.444500000000000117e+00
8.114099999999999682e+02 2.448100000000000165e+00
8.030000000000000000e+02 2.446800000000000086e+00
7.954700000000000273e+02 2.441800000000000193e+00
7.882599999999999909e+02 2.434000000000000163e+00
7.812000000000000455e+02 2.423999999999999932e+00
7.743700000000000045e+02 2.412500000000000089e+00
7.678999999999999773e+02 2.399999999999999911e+00
7.619099999999999682e+02 2.387199999999999989e+00
7.565199999999999818e+02 2.374499999999999833e+00
7.517500000000000000e+02 2.362400000000000055e+00
7.476299999999999955e+02 2.350999999999999979e+00
7.441499999999999773e+02 2.340599999999999792e+00
7.412799999999999727e+02 2.331300000000000150e+00
7.389600000000000364e+02 2.323100000000000165e+00
7.371599999999999682e+02 2.315999999999999837e+00
7.358099999999999454e+02 2.310099999999999820e+00
7.348600000000000136e+02 2.305299999999999905e+00
7.342699999999999818e+02 2.301400000000000112e+00
7.339800000000000182e+02 2.298500000000000210e+00
7.339600000000000364e+02 2.296400000000000219e+00
7.341399999999999864e+02 2.295100000000000140e+00
7.345000000000000000e+02 2.294399999999999995e+00
7.350199999999999818e+02 2.294399999999999995e+00
7.356799999999999500e+02 2.294900000000000162e+00
7.364500000000000455e+02 2.295799999999999841e+00
7.372999999999999545e+02 2.297099999999999920e+00
7.382200000000000273e+02 2.298599999999999977e+00
7.391900000000000546e+02 2.300399999999999778e+00
7.402000000000000455e+02 2.302299999999999791e+00
7.412200000000000273e+02 2.304399999999999782e+00
7.422500000000000000e+02 2.306599999999999984e+00
7.432799999999999727e+02 2.308899999999999952e+00
7.443099999999999454e+02 2.311199999999999921e+00
7.453200000000000500e+02 2.313499999999999890e+00
7.463099999999999454e+02 2.315799999999999859e+00
7.472799999999999727e+02 2.318099999999999827e+00
7.482300000000000182e+02 2.320300000000000029e+00
7.491399999999999864e+02 2.322499999999999787e+00
7.500299999999999727e+02 2.324699999999999989e+00
7.508799999999999955e+02 2.326799999999999979e+00
7.516900000000000546e+02 2.328800000000000203e+00
7.524600000000000364e+02 2.330799999999999983e+00
7.532000000000000455e+02 2.332800000000000207e+00
7.539099999999999682e+02 2.334600000000000009e+00
7.545900000000000318e+02 2.336500000000000021e+00
7.552300000000000182e+02 2.338200000000000056e+00
7.558500000000000227e+02 2.339900000000000091e+00
7.564299999999999500e+02 2.341400000000000148e+00
7.569900000000000091e+02 2.342999999999999972e+00
7.575199999999999818e+02 2.344399999999999817e+00
7.580199999999999818e+02 2.345800000000000107e+00
7.584900000000000091e+02 2.347100000000000186e+00
7.589400000000000546e+02 2.348399999999999821e+00
7.593600000000000136e+02 2.349499999999999922e+00
7.597599999999999909e+02 2.350699999999999790e+00
7.601399999999999864e+02 2.351700000000000124e+00
7.604900000000000091e+02 2.352700000000000014e+00
7.608300000000000409e+02 2.353699999999999903e+00
7.611399999999999864e+02 2.354600000000000026e+00
7.614400000000000546e+02 2.355399999999999938e+00
7.617200000000000273e+02 2.356199999999999850e+00
7.619800000000000182e+02 2.357000000000000206e+00
7.622300000000000182e+02 2.357699999999999907e+00
7.624600000000000364e+02 2.358400000000000052e+00
7.626799999999999500e+02 2.358999999999999986e+00
7.628799999999999955e+02 2.359599999999999920e+00
7.630700000000000500e+02 2.360100000000000087e+00
7.632500000000000000e+02 2.360599999999999810e+00
7.634099999999999682e+02 2.361099999999999977e+00
7.635700000000000500e+02 2.361600000000000144e+00
7.637100000000000364e+02 2.362000000000000099e+00
7.638500000000000227e+02 2.362400000000000055e+00
7.639800000000000182e+02 2.362800000000000011e+00
7.641000000000000227e+02 2.363100000000000200e+00
7.642100000000000364e+02 2.363399999999999945e+00
7.643099999999999454e+02 2.363700000000000134e+00
7.643999999999999773e+02 2.363999999999999879e+00
7.644900000000000091e+02 2.364300000000000068e+00
7.645700000000000500e+02 2.364500000000000046e+00
7.646399999999999864e+02 2.364700000000000024e+00
7.647100000000000364e+02 2.365000000000000213e+00
7.647599999999999909e+02 2.365099999999999980e+00
7.648099999999999454e+02 2.365299999999999958e+00
7.648500000000000227e+02 2.365400000000000169e+00
7.648799999999999955e+02 2.365600000000000147e+00
7.649099999999999682e+02 2.365699999999999914e+00
7.649299999999999500e+02 2.365800000000000125e+00
7.649400000000000546e+02 2.365899999999999892e+00
7.649500000000000455e+02 2.365899999999999892e+00
7.649500000000000455e+02 2.366000000000000103e+00
7.649500000000000455e+02 2.366000000000000103e+00
7.649400000000000546e+02 2.366099999999999870e+00
7.649299999999999500e+02 2.366099999999999870e+00
7.649099999999999682e+02 2.366099999999999870e+00
7.648899999999999864e+02 2.366099999999999870e+00
7.648600000000000136e+02 2.366000000000000103e+00
7.648300000000000409e+02 2.366000000000000103e+00
7.647999999999999545e+02 2.366000000000000103e+00
7.647599999999999909e+02 2.365899999999999892e+00
7.647200000000000273e+02 2.365800000000000125e+00
7.646799999999999500e+02 2.365800000000000125e+00
7.646299999999999955e+02 2.365699999999999914e+00
7.645700000000000500e+02 2.365600000000000147e+00
7.645099999999999909e+02 2.365499999999999936e+00
7.644400000000000546e+02 2.365299999999999958e+00
7.643600000000000136e+02 2.365200000000000191e+00
7.642899999999999636e+02 2.365099999999999980e+00
7.642300000000000182e+02 2.364900000000000002e+00
7.641699999999999591e+02 2.364799999999999791e+00
7.641100000000000136e+02 2.364700000000000024e+00
7.640499999999999545e+02 2.364599999999999813e+00
7.639900000000000091e+02 2.364500000000000046e+00
7.639199999999999591e+02 2.364399999999999835e+00
7.638600000000000136e+02 2.364199999999999857e+00
7.637999999999999545e+02 2.364100000000000090e+00
7.637300000000000182e+02 2.363999999999999879e+00
7.636599999999999682e+02 2.363900000000000112e+00
7.635900000000000318e+02 2.363799999999999901e+00
7.635199999999999818e+02 2.363599999999999923e+00
7.634400000000000546e+02 2.363500000000000156e+00
7.633700000000000045e+02 2.363399999999999945e+00
7.632899999999999636e+02 2.363199999999999967e+00
7.632100000000000364e+02 2.363100000000000200e+00
7.631399999999999864e+02 2.362999999999999989e+00
7.630700000000000500e+02 2.362800000000000011e+00
7.630199999999999818e+02 2.362699999999999800e+00
7.629900000000000091e+02 2.362600000000000033e+00
7.629800000000000182e+02 2.362600000000000033e+00
7.630000000000000000e+02 2.362600000000000033e+00
7.630599999999999454e+02 2.362600000000000033e+00
7.631599999999999682e+02 2.362800000000000011e+00
7.633099999999999454e+02 2.362999999999999989e+00
7.635000000000000000e+02 2.363399999999999945e+00
7.637500000000000000e+02 2.363799999999999901e+00
7.640399999999999636e+02 2.364399999999999835e+00
7.643899999999999864e+02 2.365000000000000213e+00
7.647799999999999727e+02 2.365800000000000125e+00
7.652200000000000273e+02 2.366699999999999804e+00
7.657100000000000364e+02 2.367700000000000138e+00
7.662500000000000000e+02 2.368900000000000006e+00
7.668400000000000318e+02 2.370099999999999874e+00
7.674700000000000273e+02 2.371500000000000163e+00
7.681399999999999864e+02 2.373000000000000220e+00
7.688600000000000136e+02 2.374600000000000044e+00
7.696200000000000045e+02 2.376300000000000079e+00
7.704099999999999682e+02 2.378099999999999881e+00
7.712400000000000091e+02 2.379999999999999893e+00
7.721100000000000136e+02 2.381899999999999906e+00
7.730000000000000000e+02 2.383999999999999897e+00
7.739299999999999500e+02 2.386200000000000099e+00
7.748799999999999955e+02 2.388399999999999856e+00
7.758600000000000136e+02 2.390699999999999825e+00
7.768600000000000136e+02 2.393100000000000005e+00
7.778799999999999955e+02 2.395500000000000185e+00
7.789299999999999500e+02 2.398000000000000131e+00
7.799900000000000091e+02 2.400599999999999845e+00
7.810700000000000500e+02 2.403200000000000003e+00
7.821699999999999591e+02 2.405800000000000161e+00
7.832899999999999636e+02 2.408500000000000085e+00
7.844099999999999682e+02 2.411300000000000221e+00
7.855499999999999545e+02 2.414000000000000146e+00
7.867100000000000364e+02 2.416900000000000048e+00
7.878700000000000045e+02 2.419700000000000184e+00
7.890399999999999636e+02 2.422600000000000087e+00
7.902200000000000273e+02 2.425499999999999989e+00
7.914199999999999591e+02 2.428399999999999892e+00
7.926100000000000136e+02 2.431400000000000006e+00
7.938200000000000500e+02 2.434400000000000119e+00
7.950399999999999636e+02 2.437399999999999789e+00
7.962599999999999909e+02 2.440399999999999903e+00
7.974900000000000091e+02 2.443499999999999783e+00
7.987200000000000273e+02 2.446499999999999897e+00
7.999500000000000455e+02 2.449600000000000222e+00
8.011900000000000546e+02 2.452700000000000102e+00
8.024199999999999591e+02 2.455700000000000216e+00
8.036399999999999864e+02 2.458800000000000097e+00
8.048600000000000136e+02 2.461899999999999977e+00
8.060700000000000500e+02 2.464999999999999858e+00
8.072500000000000000e+02 2.467999999999999972e+00
8.084099999999999682e+02 2.471000000000000085e+00
8.095499999999999545e+02 2.473899999999999988e+00
8.106699999999999591e+02 2.476799999999999891e+00
8.117799999999999727e+02 2.479699999999999793e+00
8.128700000000000045e+02 2.482499999999999929e+00
8.139400000000000546e+02 2.485300000000000065e+00
8.150000000000000000e+02 2.488100000000000200e+00
8.160399999999999636e+02 2.490800000000000125e+00
8.170599999999999454e+02 2.493500000000000050e+00
8.180800000000000409e+02 2.496100000000000207e+00
8.190800000000000409e+02 2.498699999999999921e+00
8.200599999999999454e+02 2.501300000000000079e+00
8.210399999999999636e+02 2.503800000000000026e+00
8.220000000000000000e+02 2.506299999999999972e+00
8.229500000000000455e+02 2.508799999999999919e+00
8.238899999999999864e+02 2.511200000000000099e+00
8.248200000000000500e+02 2.513700000000000045e+00
8.257599999999999909e+02 2.516099999999999781e+00
8.267100000000000364e+02 2.518499999999999961e+00
8.276900000000000546e+02 2.520900000000000141e+00
8.287000000000000455e+02 2.523400000000000087e+00
8.297599999999999909e+02 2.525900000000000034e+00
8.308700000000000045e+02 2.528599999999999959e+00
8.320199999999999818e+02 2.531299999999999883e+00
8.332300000000000182e+02 2.534100000000000019e+00
8.345000000000000000e+02 2.536999999999999922e+00
8.358300000000000409e+02 2.540000000000000036e+00
8.372200000000000273e+02 2.543200000000000127e+00
8.386799999999999500e+02 2.546499999999999986e+00
8.402000000000000455e+02 2.549900000000000055e+00
8.417899999999999636e+02 2.553500000000000103e+00
8.434600000000000364e+02 2.557199999999999918e+00
8.452100000000000364e+02 2.561199999999999921e+00
8.470499999999999545e+02 2.565300000000000136e+00
8.489700000000000273e+02 2.569599999999999884e+00
8.509600000000000364e+02 2.573999999999999844e+00
8.529900000000000091e+02 2.578699999999999992e+00
8.550800000000000409e+02 2.583499999999999908e+00
8.572100000000000364e+02 2.588400000000000034e+00
8.593999999999999773e+02 2.593500000000000139e+00
8.616399999999999864e+02 2.598800000000000221e+00
8.639299999999999500e+02 2.604200000000000070e+00
8.662799999999999727e+02 2.609700000000000131e+00
8.687000000000000455e+02 2.615400000000000169e+00
8.712000000000000455e+02 2.621300000000000185e+00
8.737799999999999727e+02 2.627299999999999969e+00
8.764500000000000455e+02 2.633599999999999941e+00
8.791900000000000546e+02 2.640000000000000124e+00
8.820199999999999818e+02 2.646599999999999842e+00
8.849199999999999591e+02 2.653300000000000214e+00
8.878999999999999773e+02 2.660299999999999887e+00
8.909400000000000546e+02 2.667400000000000215e+00
8.940599999999999454e+02 2.674599999999999866e+00
8.972400000000000091e+02 2.682100000000000151e+00
9.004800000000000182e+02 2.689599999999999991e+00
9.037799999999999727e+02 2.697400000000000020e+00
9.071399999999999864e+02 2.705299999999999816e+00
9.105499999999999545e+02 2.713299999999999823e+00
9.140099999999999909e+02 2.721499999999999808e+00
9.175199999999999818e+02 2.729800000000000004e+00
9.210599999999999454e+02 2.738199999999999967e+00
9.246499999999999773e+02 2.746799999999999908e+00
9.282699999999999818e+02 2.755399999999999849e+00
9.319099999999999682e+02 2.764200000000000212e+00
9.355800000000000409e+02 2.773000000000000131e+00
9.392799999999999727e+02 2.781899999999999817e+00
9.429900000000000091e+02 2.790900000000000158e+00
9.467200000000000273e+02 2.799900000000000055e+00
9.504700000000000273e+02 2.809099999999999930e+00
9.542400000000000091e+02 2.818200000000000038e+00
9.580199999999999818e+02 2.827399999999999913e+00
9.618099999999999454e+02 2.836699999999999999e+00
9.656100000000000136e+02 2.846000000000000085e+00
9.694099999999999682e+02 2.855300000000000171e+00
9.732200000000000273e+02 2.864599999999999813e+00
9.770199999999999818e+02 2.873899999999999899e+00
9.808200000000000500e+02 2.883199999999999985e+00
9.846200000000000045e+02 2.892599999999999838e+00
9.884199999999999591e+02 2.901899999999999924e+00
9.922100000000000364e+02 2.911300000000000221e+00
9.959900000000000091e+02 2.920599999999999863e+00
9.997699999999999818e+02 2.929899999999999949e+00
1.003500000000000000e+03 2.939200000000000035e+00
1.007299999999999955e+03 2.948500000000000121e+00
1.011100000000000023e+03 2.957800000000000207e+00
1.014799999999999955e+03 2.967099999999999849e+00
1.018600000000000023e+03 2.976300000000000168e+00
1.022299999999999955e+03 2.985500000000000043e+00
1.026000000000000000e+03 2.994699999999999918e+00
1.029700000000000045e+03 3.003899999999999793e+00
1.033400000000000091e+03 3.013100000000000112e+00
1.037099999999999909e+03 3.022299999999999986e+00
1.040799999999999955e+03 3.031400000000000095e+00
1.044599999999999909e+03 3.040599999999999969e+00
1.048299999999999955e+03 3.049799999999999844e+00
1.052099999999999909e+03 3.059099999999999930e+00
1.056000000000000000e+03 3.068400000000000016e+00
1.059900000000000091e+03 3.077900000000000080e+00
1.063799999999999955e+03 3.087400000000000144e+00
1.067799999999999955e+03 3.096999999999999975e+00
1.071799999999999955e+03 3.106700000000000017e+00
1.075900000000000091e+03 3.116499999999999826e+00
1.080000000000000000e+03 3.126399999999999846e+00
1.084200000000000045e+03 3.136499999999999844e+00
1.088400000000000091e+03 3.146599999999999842e+00
1.092599999999999909e+03 3.156800000000000050e+00
1.096900000000000091e+03 3.167100000000000026e+00
1.101200000000000045e+03 3.177500000000000213e+00
1.105500000000000000e+03 3.188000000000000167e+00
1.109900000000000091e+03 3.198599999999999888e+00
1.114299999999999955e+03 3.209200000000000053e+00
1.118799999999999955e+03 3.220000000000000195e+00
1.123299999999999955e+03 3.230799999999999894e+00
1.127900000000000091e+03 3.241800000000000015e+00
1.132500000000000000e+03 3.252899999999999903e+00
1.137200000000000045e+03 3.264100000000000001e+00
1.142000000000000000e+03 3.275500000000000078e+00
1.146900000000000091e+03 3.286999999999999922e+00
1.151900000000000091e+03 3.298799999999999955e+00
1.157000000000000000e+03 3.310799999999999965e+00
1.162299999999999955e+03 3.322999999999999954e+00
1.167900000000000091e+03 3.335700000000000109e+00
1.173700000000000045e+03 3.348800000000000221e+00
1.179799999999999955e+03 3.362400000000000055e+00
1.186099999999999909e+03 3.376500000000000057e+00
1.192700000000000045e+03 3.391199999999999992e+00
1.199599999999999909e+03 3.406400000000000095e+00
1.206900000000000091e+03 3.422299999999999898e+00
1.214500000000000000e+03 3.438800000000000079e+00
1.222500000000000000e+03 3.456100000000000172e+00
1.230900000000000091e+03 3.474099999999999966e+00
1.239599999999999909e+03 3.492900000000000116e+00
1.248599999999999909e+03 3.512500000000000178e+00
1.257799999999999955e+03 3.532599999999999962e+00
1.267200000000000045e+03 3.553300000000000125e+00
1.276799999999999955e+03 3.574399999999999800e+00
1.286400000000000091e+03 3.596000000000000085e+00
1.296200000000000045e+03 3.617900000000000116e+00
1.306000000000000000e+03 3.640099999999999891e+00
1.316000000000000000e+03 3.662599999999999856e+00
1.326000000000000000e+03 3.685400000000000009e+00
1.336099999999999909e+03 3.708299999999999930e+00
1.346299999999999955e+03 3.731500000000000039e+00
1.356500000000000000e+03 3.754700000000000149e+00
1.366700000000000045e+03 3.778099999999999792e+00
1.377000000000000000e+03 3.801499999999999879e+00
1.387299999999999955e+03 3.825099999999999945e+00
1.397700000000000045e+03 3.848700000000000010e+00
1.408200000000000045e+03 3.872599999999999820e+00
1.419000000000000000e+03 3.896599999999999842e+00
1.429900000000000091e+03 3.920999999999999819e+00
1.441000000000000000e+03 3.945600000000000218e+00
1.452299999999999955e+03 3.970600000000000129e+00
1.463900000000000091e+03 3.995899999999999785e+00
1.475799999999999955e+03 4.021799999999999820e+00
1.488000000000000000e+03 4.048000000000000043e+00
1.500400000000000091e+03 4.074399999999999800e+00
1.513299999999999955e+03 4.101300000000000168e+00
1.526700000000000045e+03 4.128800000000000026e+00
1.540599999999999909e+03 4.156799999999999606e+00
1.555000000000000000e+03 4.185500000000000220e+00
1.570000000000000000e+03 4.214999999999999858e+00
1.585700000000000045e+03 4.245400000000000063e+00
1.602000000000000000e+03 4.276600000000000179e+00
1.618500000000000000e+03 4.308300000000000018e+00
1.635799999999999955e+03 4.340499999999999581e+00
1.654299999999999955e+03 4.373700000000000365e+00
1.673900000000000091e+03 4.407899999999999707e+00
1.694599999999999909e+03 4.443299999999999805e+00
1.716200000000000045e+03 4.479599999999999582e+00
1.739000000000000000e+03 4.517100000000000115e+00
1.762900000000000091e+03 4.555799999999999628e+00
1.788099999999999909e+03 4.595299999999999940e+00
1.814599999999999909e+03 4.635100000000000442e+00
1.843400000000000091e+03 4.674000000000000377e+00
1.872700000000000045e+03 4.712299999999999933e+00
1.902500000000000000e+03 4.750000000000000000e+00
1.932799999999999955e+03 4.787200000000000344e+00
1.964000000000000000e+03 4.824300000000000033e+00
1.996500000000000000e+03 4.861399999999999721e+00
2.029900000000000091e+03 4.899099999999999788e+00
2.064400000000000091e+03 4.937800000000000189e+00
2.100599999999999909e+03 4.977500000000000036e+00
2.138300000000000182e+03 5.018299999999999983e+00
2.177000000000000000e+03 5.060500000000000220e+00
2.215199999999999818e+03 5.104599999999999582e+00
2.253300000000000182e+03 5.150400000000000311e+00
2.292300000000000182e+03 5.197499999999999787e+00
2.333199999999999818e+03 5.245099999999999874e+00
2.376300000000000182e+03 5.291999999999999815e+00
2.420099999999999909e+03 5.337200000000000166e+00
2.463800000000000182e+03 5.379900000000000126e+00
2.507199999999999818e+03 5.420300000000000118e+00
2.549699999999999818e+03 5.458199999999999719e+00
2.591199999999999818e+03 5.494399999999999729e+00
2.631400000000000091e+03 5.528900000000000148e+00
2.670000000000000000e+03 5.561700000000000088e+00
2.707599999999999909e+03 5.592999999999999972e+00
2.745000000000000000e+03 5.622600000000000264e+00
2.782099999999999909e+03 5.650500000000000078e+00
2.818300000000000182e+03 5.676899999999999835e+00
2.853400000000000091e+03 5.702399999999999913e+00
2.887400000000000091e+03 5.726799999999999891e+00
2.920400000000000091e+03 5.750499999999999723e+00
2.952599999999999909e+03 5.773500000000000298e+00
2.983900000000000091e+03 5.796199999999999797e+00
3.014400000000000091e+03 5.818900000000000183e+00
3.043800000000000182e+03 5.841700000000000337e+00
3.072300000000000182e+03 5.864799999999999791e+00
3.099500000000000000e+03 5.888099999999999667e+00
3.125300000000000182e+03 5.911599999999999966e+00
3.149699999999999818e+03 5.935500000000000220e+00
3.172500000000000000e+03 5.959600000000000009e+00
3.194199999999999818e+03 5.983799999999999564e+00
3.214400000000000091e+03 6.008000000000000007e+00
3.232800000000000182e+03 6.032300000000000217e+00
3.249400000000000091e+03 6.056799999999999962e+00
3.264599999999999909e+03 6.081199999999999939e+00
3.278500000000000000e+03 6.105500000000000149e+00
3.291500000000000000e+03 6.129400000000000404e+00
3.304099999999999909e+03 6.152800000000000047e+00
3.316199999999999818e+03 6.175399999999999778e+00
3.327900000000000091e+03 6.197099999999999831e+00
3.339000000000000000e+03 6.217900000000000205e+00
3.349599999999999909e+03 6.237899999999999778e+00
3.359699999999999818e+03 6.257100000000000328e+00
3.369500000000000000e+03 6.275599999999999845e+00
3.379000000000000000e+03 6.293300000000000338e+00
3.388199999999999818e+03 6.310200000000000031e+00
3.397300000000000182e+03 6.326399999999999579e+00
3.406099999999999909e+03 6.341899999999999871e+00
3.414699999999999818e+03 6.356799999999999784e+00
3.423099999999999909e+03 6.371199999999999974e+00
3.431300000000000182e+03 6.384999999999999787e+00
3.439199999999999818e+03 6.398299999999999876e+00
3.447000000000000000e+03 6.411200000000000010e+00
3.454800000000000182e+03 6.423499999999999766e+00
3.462400000000000091e+03 6.435399999999999565e+00
3.469800000000000182e+03 6.446799999999999642e+00
3.476900000000000091e+03 6.457799999999999763e+00
3.483699999999999818e+03 6.468399999999999928e+00
3.490400000000000091e+03 6.478699999999999903e+00
3.497099999999999909e+03 6.488500000000000156e+00
3.503500000000000000e+03 6.497899999999999565e+00
3.509699999999999818e+03 6.506899999999999906e+00
3.515800000000000182e+03 6.515600000000000058e+00
3.521800000000000182e+03 6.524000000000000021e+00
3.527699999999999818e+03 6.532099999999999795e+00
3.533699999999999818e+03 6.540099999999999802e+00
3.539599999999999909e+03 6.547799999999999621e+00
3.545500000000000000e+03 6.555299999999999905e+00
3.551400000000000091e+03 6.562800000000000189e+00
3.557199999999999818e+03 6.570100000000000051e+00
3.563099999999999909e+03 6.577300000000000146e+00
3.568900000000000091e+03 6.584399999999999586e+00
3.574699999999999818e+03 6.591499999999999915e+00
3.580300000000000182e+03 6.598399999999999821e+00
3.585900000000000091e+03 6.605199999999999960e+00
3.591199999999999818e+03 6.611900000000000333e+00
3.596400000000000091e+03 6.618400000000000283e+00
3.601300000000000182e+03 6.624699999999999811e+00
3.606000000000000000e+03 6.630799999999999805e+00
3.610400000000000091e+03 6.636700000000000266e+00
3.614500000000000000e+03 6.642400000000000304e+00
3.618300000000000182e+03 6.647800000000000153e+00
3.621900000000000091e+03 6.652899999999999814e+00
3.625199999999999818e+03 6.657799999999999940e+00
3.628099999999999909e+03 6.662300000000000111e+00
3.630900000000000091e+03 6.666599999999999859e+00
3.633300000000000182e+03 6.670600000000000307e+00
3.635500000000000000e+03 6.674299999999999677e+00
3.637500000000000000e+03 6.677699999999999747e+00
3.639199999999999818e+03 6.680799999999999628e+00
3.640699999999999818e+03 6.683699999999999974e+00
3.642000000000000000e+03 6.686200000000000365e+00
3.643099999999999909e+03 6.688600000000000101e+00
3.644000000000000000e+03 6.690599999999999881e+00
3.644699999999999818e+03 6.692400000000000126e+00
3.645199999999999818e+03 6.693999999999999950e+00
3.645500000000000000e+03 6.695299999999999585e+00
3.645599999999999909e+03 6.696399999999999686e+00
