7.535199999999999818e+02 6.363900000000000112e+00
7.570000000000000000e+02 6.341999999999999638e+00
7.525000000000000000e+02 6.309099999999999930e+00
7.469299999999999500e+02 6.275999999999999801e+00
7.380499999999999545e+02 6.237599999999999589e+00
7.297500000000000000e+02 6.197400000000000020e+00
7.238300000000000409e+02 6.161400000000000432e+00
7.203600000000000136e+02 6.132200000000000095e+00
7.188899999999999864e+02 6.110299999999999621e+00
7.189600000000000364e+02 6.095100000000000406e+00
7.201000000000000227e+02 6.085600000000000342e+00
7.219800000000000182e+02 6.080599999999999561e+00
7.243300000000000409e+02 6.079200000000000159e+00
7.269400000000000546e+02 6.080599999999999561e+00
7.296799999999999500e+02 6.083999999999999631e+00
7.324500000000000455e+02 6.089000000000000412e+00
7.351900000000000546e+02 6.095100000000000406e+00
7.378500000000000227e+02 6.101899999999999658e+00
7.404099999999999682e+02 6.109200000000000408e+00
7.428500000000000227e+02 6.116699999999999804e+00
7.451599999999999682e+02 6.124500000000000277e+00
7.473400000000000318e+02 6.132200000000000095e+00
7.493700000000000045e+02 6.139800000000000146e+00
7.512799999999999727e+02 6.147300000000000431e+00
7.530599999999999454e+02 6.154499999999999638e+00
7.547200000000000273e+02 6.161599999999999966e+00
7.562599999999999909e+02 6.168300000000000338e+00
7.576900000000000546e+02 6.174900000000000055e+00
7.590299999999999727e+02 6.181099999999999817e+00
7.602699999999999818e+02 6.187000000000000277e+00
7.614199999999999591e+02 6.192700000000000315e+00
7.624900000000000091e+02 6.198100000000000165e+00
7.634900000000000091e+02 6.203199999999999825e+00
7.644099999999999682e+02 6.208099999999999952e+00
7.652699999999999818e+02 6.212699999999999889e+00
7.660700000000000500e+02 6.217100000000000293e+00
7.668099999999999454e+02 6.221199999999999619e+00
7.675000000000000000e+02 6.225100000000000300e+00
7.681399999999999864e+02 6.228799999999999670e+00
7.687400000000000091e+02 6.232199999999999740e+00
7.692899999999999636e+02 6.235500000000000043e+00
7.698099999999999454e+02 6.238599999999999923e+00
7.702899999999999636e+02 6.241500000000000270e+00
7.707400000000000091e+02 6.244299999999999962e+00
7.711499999999999773e+02 6.246800000000000352e+00
7.715399999999999636e+02 6.249299999999999855e+00
7.718999999999999773e+02 6.251500000000000057e+00
7.722300000000000182e+02 6.253700000000000259e+00
7.725399999999999636e+02 6.255700000000000038e+00
7.728300000000000409e+02 6.257600000000000051e+00
7.731000000000000227e+02 6.259299999999999642e+00
7.733500000000000227e+02 6.261000000000000121e+00
7.735800000000000409e+02 6.262500000000000178e+00
7.737899999999999636e+02 6.264000000000000234e+00
7.739900000000000091e+02 6.265399999999999636e+00
7.741799999999999500e+02 6.266600000000000392e+00
7.743500000000000227e+02 6.267800000000000260e+00
7.745099999999999909e+02 6.268900000000000361e+00
7.746599999999999682e+02 6.269999999999999574e+00
7.747899999999999636e+02 6.270900000000000141e+00
7.749199999999999591e+02 6.271899999999999586e+00
7.750399999999999636e+02 6.272700000000000387e+00
7.751499999999999773e+02 6.273500000000000298e+00
7.752500000000000000e+02 6.274200000000000443e+00
7.753400000000000318e+02 6.274899999999999700e+00
7.754199999999999591e+02 6.275599999999999845e+00
7.755000000000000000e+02 6.276200000000000223e+00
7.755800000000000409e+02 6.276699999999999946e+00
7.756399999999999864e+02 6.277199999999999669e+00
7.757100000000000364e+02 6.277700000000000280e+00
7.757599999999999909e+02 6.278200000000000003e+00
7.758200000000000500e+02 6.278599999999999959e+00
7.758700000000000045e+02 6.278999999999999915e+00
7.759099999999999682e+02 6.279300000000000104e+00
7.759500000000000455e+02 6.279700000000000060e+00
7.759900000000000091e+02 6.280000000000000249e+00
7.760199999999999818e+02 6.280199999999999783e+00
7.760399999999999636e+02 6.280499999999999972e+00
7.760599999999999454e+02 6.280700000000000394e+00
7.760700000000000500e+02 6.280899999999999928e+00
7.760700000000000500e+02 6.280999999999999694e+00
7.760599999999999454e+02 6.281100000000000350e+00
7.760399999999999636e+02 6.281200000000000117e+00
7.760199999999999818e+02 6.281200000000000117e+00
7.759900000000000091e+02 6.281200000000000117e+00
7.759500000000000455e+02 6.281100000000000350e+00
7.759099999999999682e+02 6.281100000000000350e+00
7.758700000000000045e+02 6.280999999999999694e+00
7.758300000000000409e+02 6.280899999999999928e+00
7.757799999999999727e+02 6.280700000000000394e+00
7.757300000000000182e+02 6.280599999999999739e+00
7.756799999999999500e+02 6.280400000000000205e+00
7.756200000000000045e+02 6.280199999999999783e+00
7.755700000000000500e+02 6.280100000000000016e+00
7.755099999999999909e+02 6.279799999999999827e+00
7.754400000000000546e+02 6.279600000000000293e+00
7.753799999999999955e+02 6.279399999999999871e+00
7.753099999999999454e+02 6.279099999999999682e+00
7.752400000000000091e+02 6.278900000000000148e+00
7.751699999999999591e+02 6.278599999999999959e+00
7.751000000000000227e+02 6.278299999999999770e+00
7.750000000000000000e+02 6.277899999999999814e+00
7.748999999999999773e+02 6.277599999999999625e+00
7.747799999999999727e+02 6.277099999999999902e+00
7.746399999999999864e+02 6.276600000000000179e+00
7.744900000000000091e+02 6.276099999999999568e+00
7.743300000000000409e+02 6.275500000000000078e+00
7.741599999999999682e+02 6.274799999999999933e+00
7.739700000000000273e+02 6.274099999999999788e+00
7.737699999999999818e+02 6.273399999999999643e+00
7.735700000000000500e+02 6.272599999999999731e+00
7.733700000000000045e+02 6.271700000000000053e+00
7.731599999999999682e+02 6.270900000000000141e+00
7.729500000000000455e+02 6.269999999999999574e+00
7.727300000000000182e+02 6.269199999999999662e+00
7.725099999999999909e+02 6.268299999999999983e+00
7.722799999999999727e+02 6.267400000000000304e+00
7.720599999999999454e+02 6.266499999999999737e+00
7.718300000000000409e+02 6.265500000000000291e+00
7.716000000000000227e+02 6.264599999999999724e+00
7.713700000000000045e+02 6.263700000000000045e+00
7.711399999999999864e+02 6.262699999999999712e+00
7.709099999999999682e+02 6.261800000000000033e+00
7.706900000000000546e+02 6.260799999999999699e+00
7.705099999999999909e+02 6.259999999999999787e+00
7.703899999999999864e+02 6.259199999999999875e+00
7.703400000000000318e+02 6.258700000000000152e+00
7.703600000000000136e+02 6.258499999999999730e+00
7.704700000000000273e+02 6.258499999999999730e+00
7.706399999999999864e+02 6.258700000000000152e+00
7.708799999999999955e+02 6.259299999999999642e+00
7.711900000000000546e+02 6.260100000000000442e+00
7.715599999999999454e+02 6.261199999999999655e+00
7.719900000000000091e+02 6.262500000000000178e+00
7.724800000000000182e+02 6.264100000000000001e+00
7.730299999999999727e+02 6.266000000000000014e+00
7.736299999999999955e+02 6.268200000000000216e+00
7.742799999999999727e+02 6.270599999999999952e+00
7.749700000000000273e+02 6.273200000000000109e+00
7.757000000000000455e+02 6.275999999999999801e+00
7.764700000000000273e+02 6.279099999999999682e+00
7.772699999999999818e+02 6.282300000000000217e+00
7.781000000000000227e+02 6.285700000000000287e+00
7.789600000000000364e+02 6.289299999999999891e+00
7.798500000000000227e+02 6.293000000000000149e+00
7.807599999999999909e+02 6.296899999999999942e+00
7.817000000000000455e+02 6.300900000000000389e+00
7.826599999999999682e+02 6.305100000000000371e+00
7.836299999999999955e+02 6.309300000000000352e+00
7.846100000000000136e+02 6.313699999999999868e+00
7.855900000000000318e+02 6.318100000000000271e+00
7.865800000000000409e+02 6.322600000000000442e+00
7.875700000000000500e+02 6.327200000000000379e+00
7.885599999999999454e+02 6.331699999999999662e+00
7.895499999999999545e+02 6.336400000000000254e+00
7.905399999999999636e+02 6.341000000000000192e+00
7.915299999999999727e+02 6.345699999999999896e+00
7.925299999999999727e+02 6.350399999999999601e+00
7.935299999999999727e+02 6.355100000000000193e+00
7.945399999999999636e+02 6.359899999999999665e+00
7.955499999999999545e+02 6.364700000000000024e+00
7.965599999999999454e+02 6.369600000000000151e+00
7.975700000000000500e+02 6.374399999999999622e+00
7.985900000000000318e+02 6.379299999999999748e+00
7.996100000000000136e+02 6.384199999999999875e+00
8.006299999999999955e+02 6.389100000000000001e+00
8.016599999999999682e+02 6.394099999999999895e+00
8.026900000000000546e+02 6.399000000000000021e+00
8.037300000000000182e+02 6.403999999999999915e+00
8.047599999999999909e+02 6.408999999999999808e+00
8.057999999999999545e+02 6.414100000000000357e+00
8.068400000000000318e+02 6.419100000000000250e+00
8.078700000000000045e+02 6.424199999999999910e+00
8.088799999999999955e+02 6.429199999999999804e+00
8.098700000000000045e+02 6.434099999999999930e+00
8.108200000000000500e+02 6.438900000000000290e+00
8.117500000000000000e+02 6.443699999999999761e+00
8.126499999999999773e+02 6.448400000000000354e+00
8.135199999999999818e+02 6.452899999999999636e+00
8.143799999999999955e+02 6.457399999999999807e+00
8.152100000000000364e+02 6.461800000000000210e+00
8.160299999999999727e+02 6.466099999999999959e+00
8.168400000000000318e+02 6.470299999999999940e+00
8.176499999999999773e+02 6.474499999999999922e+00
8.184400000000000546e+02 6.478699999999999903e+00
8.192200000000000273e+02 6.482700000000000351e+00
8.199800000000000182e+02 6.486699999999999910e+00
8.207400000000000091e+02 6.490700000000000358e+00
8.214900000000000091e+02 6.494500000000000384e+00
8.222300000000000182e+02 6.498400000000000176e+00
8.229500000000000455e+02 6.502200000000000202e+00
8.236699999999999591e+02 6.505899999999999572e+00
8.243799999999999955e+02 6.509500000000000064e+00
8.250800000000000409e+02 6.513200000000000323e+00
8.257699999999999818e+02 6.516700000000000159e+00
8.264700000000000273e+02 6.520299999999999763e+00
8.272100000000000364e+02 6.523900000000000254e+00
8.280499999999999545e+02 6.527700000000000280e+00
8.290000000000000000e+02 6.531799999999999606e+00
8.300800000000000409e+02 6.536200000000000010e+00
8.312799999999999727e+02 6.541100000000000136e+00
8.326100000000000136e+02 6.546400000000000219e+00
8.340599999999999454e+02 6.552200000000000024e+00
8.356100000000000136e+02 6.558399999999999785e+00
8.372699999999999818e+02 6.565000000000000391e+00
8.390199999999999818e+02 6.572000000000000064e+00
8.408400000000000318e+02 6.579399999999999693e+00
8.427400000000000091e+02 6.587200000000000166e+00
8.447200000000000273e+02 6.595200000000000173e+00
8.467500000000000000e+02 6.603600000000000136e+00
8.488400000000000318e+02 6.612300000000000288e+00
8.510499999999999545e+02 6.621299999999999741e+00
8.533899999999999864e+02 6.630300000000000082e+00
8.557999999999999545e+02 6.639400000000000190e+00
8.582500000000000000e+02 6.648399999999999643e+00
8.607200000000000273e+02 6.657600000000000406e+00
8.632100000000000364e+02 6.666800000000000281e+00
8.657200000000000273e+02 6.676199999999999690e+00
8.682400000000000091e+02 6.685599999999999987e+00
8.707799999999999727e+02 6.695199999999999818e+00
8.733899999999999864e+02 6.705000000000000071e+00
8.761200000000000045e+02 6.714999999999999858e+00
8.789800000000000182e+02 6.725399999999999601e+00
8.819800000000000182e+02 6.736200000000000188e+00
8.851299999999999955e+02 6.747399999999999842e+00
8.884099999999999682e+02 6.759100000000000108e+00
8.918200000000000500e+02 6.771200000000000330e+00
8.953500000000000227e+02 6.783800000000000274e+00
8.989600000000000364e+02 6.796700000000000408e+00
9.026299999999999955e+02 6.809899999999999842e+00
9.063600000000000136e+02 6.823400000000000354e+00
9.101299999999999955e+02 6.837100000000000399e+00
9.139600000000000364e+02 6.850999999999999979e+00
9.178099999999999454e+02 6.865099999999999980e+00
9.217000000000000455e+02 6.879400000000000404e+00
9.256299999999999955e+02 6.893799999999999706e+00
9.296000000000000227e+02 6.908400000000000318e+00
9.335900000000000318e+02 6.923199999999999577e+00
9.376000000000000227e+02 6.937999999999999723e+00
9.416399999999999864e+02 6.952899999999999636e+00
9.456699999999999591e+02 6.967900000000000205e+00
9.497000000000000455e+02 6.982899999999999885e+00
9.537500000000000000e+02 6.998000000000000220e+00
9.577899999999999636e+02 7.012999999999999901e+00
9.618300000000000409e+02 7.028100000000000236e+00
9.658700000000000045e+02 7.043099999999999916e+00
9.699099999999999682e+02 7.058200000000000252e+00
9.739500000000000455e+02 7.073299999999999699e+00
9.779900000000000091e+02 7.088400000000000034e+00
9.820399999999999636e+02 7.103600000000000136e+00
9.861000000000000227e+02 7.118699999999999584e+00
9.901399999999999864e+02 7.133799999999999919e+00
9.941100000000000136e+02 7.148799999999999599e+00
9.980599999999999454e+02 7.163700000000000401e+00
1.002000000000000000e+03 7.178499999999999659e+00
1.005899999999999977e+03 7.193299999999999805e+00
1.009799999999999955e+03 7.208099999999999952e+00
1.013600000000000023e+03 7.222699999999999676e+00
1.017500000000000000e+03 7.237300000000000288e+00
1.021399999999999977e+03 7.251900000000000013e+00
1.025200000000000045e+03 7.266399999999999970e+00
1.029000000000000000e+03 7.280899999999999928e+00
1.032900000000000091e+03 7.295300000000000118e+00
1.036599999999999909e+03 7.309700000000000308e+00
1.040400000000000091e+03 7.323900000000000077e+00
1.044200000000000045e+03 7.338099999999999845e+00
1.048000000000000000e+03 7.352299999999999613e+00
1.051700000000000045e+03 7.366299999999999848e+00
1.055500000000000000e+03 7.380399999999999849e+00
1.059299999999999955e+03 7.394400000000000084e+00
1.063099999999999909e+03 7.408500000000000085e+00
1.067000000000000000e+03 7.422799999999999621e+00
1.071000000000000000e+03 7.437400000000000233e+00
1.075099999999999909e+03 7.452200000000000379e+00
1.079299999999999955e+03 7.467299999999999827e+00
1.083700000000000045e+03 7.482700000000000351e+00
1.088099999999999909e+03 7.498199999999999754e+00
1.092599999999999909e+03 7.514000000000000234e+00
1.097200000000000045e+03 7.529899999999999594e+00
1.101799999999999955e+03 7.546100000000000030e+00
1.106500000000000000e+03 7.562299999999999578e+00
1.111200000000000045e+03 7.578700000000000436e+00
1.115900000000000091e+03 7.595299999999999940e+00
1.120700000000000045e+03 7.612000000000000099e+00
1.125599999999999909e+03 7.628800000000000026e+00
1.130400000000000091e+03 7.645800000000000374e+00
1.135299999999999955e+03 7.662899999999999601e+00
1.140299999999999955e+03 7.680200000000000138e+00
1.145299999999999955e+03 7.697499999999999787e+00
1.150400000000000091e+03 7.714999999999999858e+00
1.155500000000000000e+03 7.732700000000000351e+00
1.160799999999999955e+03 7.750399999999999956e+00
1.166099999999999909e+03 7.768399999999999750e+00
1.171599999999999909e+03 7.786599999999999966e+00
1.177299999999999955e+03 7.805200000000000138e+00
1.183200000000000045e+03 7.824200000000000266e+00
1.189400000000000091e+03 7.843700000000000117e+00
1.195700000000000045e+03 7.863699999999999690e+00
1.202400000000000091e+03 7.884199999999999875e+00
1.209400000000000091e+03 7.905199999999999783e+00
1.216700000000000045e+03 7.926800000000000068e+00
1.224299999999999955e+03 7.949099999999999611e+00
1.232400000000000091e+03 7.972100000000000186e+00
1.241000000000000000e+03 7.995899999999999785e+00
1.250400000000000091e+03 8.020599999999999952e+00
1.260400000000000091e+03 8.046300000000000452e+00
1.271099999999999909e+03 8.073000000000000398e+00
1.282500000000000000e+03 8.100899999999999324e+00
1.294799999999999955e+03 8.130000000000000782e+00
1.307599999999999909e+03 8.160000000000000142e+00
1.321099999999999909e+03 8.191000000000000725e+00
1.334700000000000045e+03 8.222599999999999909e+00
1.348299999999999955e+03 8.254300000000000637e+00
1.361900000000000091e+03 8.285700000000000287e+00
1.375400000000000091e+03 8.316800000000000637e+00
1.388799999999999955e+03 8.347599999999999909e+00
1.402099999999999909e+03 8.378000000000000114e+00
1.415099999999999909e+03 8.408099999999999241e+00
1.427700000000000045e+03 8.437599999999999767e+00
1.439900000000000091e+03 8.467000000000000526e+00
1.451700000000000045e+03 8.496299999999999741e+00
1.462900000000000091e+03 8.525299999999999656e+00
1.473799999999999955e+03 8.554199999999999804e+00
1.484700000000000045e+03 8.583099999999999952e+00
1.495500000000000000e+03 8.612099999999999866e+00
1.506400000000000091e+03 8.641400000000000858e+00
1.517700000000000045e+03 8.671200000000000685e+00
1.529500000000000000e+03 8.701999999999999957e+00
1.541799999999999955e+03 8.733900000000000219e+00
1.554500000000000000e+03 8.766700000000000159e+00
1.567700000000000045e+03 8.800800000000000622e+00
1.581299999999999955e+03 8.836000000000000298e+00
1.595700000000000045e+03 8.872700000000000031e+00
1.611099999999999909e+03 8.910999999999999588e+00
1.627599999999999909e+03 8.951000000000000512e+00
1.645299999999999955e+03 8.992499999999999716e+00
1.664299999999999955e+03 9.035500000000000753e+00
1.684599999999999909e+03 9.080500000000000682e+00
1.706599999999999909e+03 9.128399999999999181e+00
1.731200000000000045e+03 9.179000000000000270e+00
1.759299999999999955e+03 9.231799999999999784e+00
1.791000000000000000e+03 9.286199999999999122e+00
1.825900000000000091e+03 9.341900000000000759e+00
1.863700000000000045e+03 9.397999999999999687e+00
1.903799999999999955e+03 9.454000000000000625e+00
1.945400000000000091e+03 9.509199999999999875e+00
1.988700000000000045e+03 9.562799999999999301e+00
2.036099999999999909e+03 9.614300000000000068e+00
2.084199999999999818e+03 9.662900000000000489e+00
2.130800000000000182e+03 9.708500000000000796e+00
2.175199999999999818e+03 9.751799999999999358e+00
2.217599999999999909e+03 9.792600000000000193e+00
2.257099999999999909e+03 9.831400000000000361e+00
2.294800000000000182e+03 9.868199999999999861e+00
2.330900000000000091e+03 9.902900000000000702e+00
2.365099999999999909e+03 9.935499999999999332e+00
2.397800000000000182e+03 9.966799999999999216e+00
2.428800000000000182e+03 9.996600000000000819e+00
2.458300000000000182e+03 1.002500000000000036e+01
2.486500000000000000e+03 1.005300000000000082e+01
2.514400000000000091e+03 1.008000000000000007e+01
2.543699999999999818e+03 1.010599999999999987e+01
2.572199999999999818e+03 1.013100000000000023e+01
2.600699999999999818e+03 1.015399999999999991e+01
2.629000000000000000e+03 1.017699999999999960e+01
2.657199999999999818e+03 1.019899999999999984e+01
2.685400000000000091e+03 1.022100000000000009e+01
2.713699999999999818e+03 1.024300000000000033e+01
2.742099999999999909e+03 1.026399999999999935e+01
2.770599999999999909e+03 1.028599999999999959e+01
2.799300000000000182e+03 1.030700000000000038e+01
2.827900000000000091e+03 1.032799999999999940e+01
2.856599999999999909e+03 1.034900000000000020e+01
2.885000000000000000e+03 1.036899999999999977e+01
2.912900000000000091e+03 1.038899999999999935e+01
2.940699999999999818e+03 1.040900000000000070e+01
2.968000000000000000e+03 1.042800000000000082e+01
2.995099999999999909e+03 1.044699999999999918e+01
3.021900000000000091e+03 1.046599999999999930e+01
3.048699999999999818e+03 1.048399999999999999e+01
3.075500000000000000e+03 1.050200000000000067e+01
3.102500000000000000e+03 1.052100000000000080e+01
3.129800000000000182e+03 1.053899999999999970e+01
3.157300000000000182e+03 1.055700000000000038e+01
3.185300000000000182e+03 1.057600000000000051e+01
3.212900000000000091e+03 1.059399999999999942e+01
3.239800000000000182e+03 1.061200000000000010e+01
3.266099999999999909e+03 1.062899999999999956e+01
3.291500000000000000e+03 1.064600000000000080e+01
3.315900000000000091e+03 1.066200000000000081e+01
3.339099999999999909e+03 1.067699999999999960e+01
3.359900000000000091e+03 1.069100000000000072e+01
3.378099999999999909e+03 1.070299999999999940e+01
3.393900000000000091e+03 1.071400000000000041e+01
3.407500000000000000e+03 1.072400000000000020e+01
3.419400000000000091e+03 1.073199999999999932e+01
3.429699999999999818e+03 1.073900000000000077e+01
3.438699999999999818e+03 1.074600000000000044e+01
3.446699999999999818e+03 1.075200000000000067e+01
3.453900000000000091e+03 1.075699999999999967e+01
3.460599999999999909e+03 1.076299999999999990e+01
3.466900000000000091e+03 1.076800000000000068e+01
3.473000000000000000e+03 1.077299999999999969e+01
3.478800000000000182e+03 1.077699999999999925e+01
3.484599999999999909e+03 1.078200000000000003e+01
3.490199999999999818e+03 1.078599999999999959e+01
3.495699999999999818e+03 1.079100000000000037e+01
3.501199999999999818e+03 1.079499999999999993e+01
3.506599999999999909e+03 1.079899999999999949e+01
3.512000000000000000e+03 1.080300000000000082e+01
3.517300000000000182e+03 1.080799999999999983e+01
3.522599999999999909e+03 1.081199999999999939e+01
3.527800000000000182e+03 1.081600000000000072e+01
3.533000000000000000e+03 1.082000000000000028e+01
3.538099999999999909e+03 1.082399999999999984e+01
3.543000000000000000e+03 1.082799999999999940e+01
3.547800000000000182e+03 1.083200000000000074e+01
3.552400000000000091e+03 1.083600000000000030e+01
3.556900000000000091e+03 1.083999999999999986e+01
3.561199999999999818e+03 1.084299999999999997e+01
3.565300000000000182e+03 1.084699999999999953e+01
3.569199999999999818e+03 1.084999999999999964e+01
3.573000000000000000e+03 1.085299999999999976e+01
3.576599999999999909e+03 1.085599999999999987e+01
3.580099999999999909e+03 1.085999999999999943e+01
3.583699999999999818e+03 1.086299999999999955e+01
3.587900000000000091e+03 1.086599999999999966e+01
3.592500000000000000e+03 1.086999999999999922e+01
3.597400000000000091e+03 1.087299999999999933e+01
3.602500000000000000e+03 1.087700000000000067e+01
3.607599999999999909e+03 1.088100000000000023e+01
3.612800000000000182e+03 1.088599999999999923e+01
3.618000000000000000e+03 1.089000000000000057e+01
3.623300000000000182e+03 1.089400000000000013e+01
3.628500000000000000e+03 1.089799999999999969e+01
3.633599999999999909e+03 1.090199999999999925e+01
3.638400000000000091e+03 1.090600000000000058e+01
3.642900000000000091e+03 1.091000000000000014e+01
3.646800000000000182e+03 1.091399999999999970e+01
3.650300000000000182e+03 1.091699999999999982e+01
3.653199999999999818e+03 1.091999999999999993e+01
3.655699999999999818e+03 1.092200000000000060e+01
3.657800000000000182e+03 1.092500000000000071e+01
3.659400000000000091e+03 1.092699999999999960e+01
3.660699999999999818e+03 1.092800000000000082e+01
3.661599999999999909e+03 1.092999999999999972e+01
3.662300000000000182e+03 1.093099999999999916e+01
3.662699999999999818e+03 1.093200000000000038e+01
3.662800000000000182e+03 1.093299999999999983e+01
