6.897400000000000091e+02 1.017900000000000027e+01
6.795700000000000500e+02 9.965600000000000236e+00
6.319400000000000546e+02 9.840199999999999392e+00
6.551200000000000045e+02 9.820800000000000196e+00
6.773999999999999773e+02 9.841100000000000847e+00
6.946200000000000045e+02 9.871199999999999974e+00
7.078899999999999864e+02 9.903000000000000469e+00
7.181499999999999773e+02 9.933199999999999363e+00
7.262400000000000091e+02 9.960699999999999221e+00
7.326699999999999591e+02 9.985400000000000276e+00
7.378999999999999773e+02 1.000699999999999967e+01
7.422200000000000273e+02 1.002699999999999925e+01
7.458400000000000318e+02 1.004499999999999993e+01
7.489199999999999591e+02 1.006000000000000050e+01
7.515399999999999636e+02 1.007399999999999984e+01
7.537999999999999545e+02 1.008699999999999974e+01
7.557599999999999909e+02 1.009900000000000020e+01
7.574700000000000273e+02 1.010899999999999999e+01
7.589600000000000364e+02 1.011899999999999977e+01
7.602799999999999727e+02 1.012700000000000067e+01
7.614400000000000546e+02 1.013499999999999979e+01
7.624800000000000182e+02 1.014199999999999946e+01
7.633999999999999773e+02 1.014899999999999913e+01
7.642300000000000182e+02 1.015499999999999936e+01
7.649800000000000182e+02 1.016000000000000014e+01
7.656499999999999773e+02 1.016499999999999915e+01
7.662599999999999909e+02 1.016999999999999993e+01
7.668099999999999454e+02 1.017399999999999949e+01
7.673099999999999454e+02 1.017800000000000082e+01
7.677599999999999909e+02 1.018200000000000038e+01
7.681699999999999591e+02 1.018500000000000050e+01
7.685499999999999545e+02 1.018800000000000061e+01
7.688899999999999864e+02 1.019100000000000072e+01
7.692000000000000455e+02 1.019400000000000084e+01
7.694800000000000182e+02 1.019599999999999973e+01
7.697400000000000091e+02 1.019800000000000040e+01
7.699800000000000182e+02 1.019999999999999929e+01
7.702000000000000455e+02 1.020199999999999996e+01
7.703899999999999864e+02 1.020400000000000063e+01
7.705700000000000500e+02 1.020599999999999952e+01
7.707400000000000091e+02 1.020700000000000074e+01
7.708799999999999955e+02 1.020899999999999963e+01
7.710199999999999818e+02 1.021000000000000085e+01
7.711399999999999864e+02 1.021100000000000030e+01
7.712500000000000000e+02 1.021199999999999974e+01
7.713600000000000136e+02 1.021299999999999919e+01
7.714500000000000455e+02 1.021400000000000041e+01
7.715299999999999727e+02 1.021499999999999986e+01
7.716100000000000136e+02 1.021599999999999930e+01
7.716799999999999500e+02 1.021700000000000053e+01
7.717400000000000091e+02 1.021799999999999997e+01
7.717899999999999636e+02 1.021799999999999997e+01
7.718400000000000318e+02 1.021899999999999942e+01
7.718899999999999864e+02 1.021899999999999942e+01
7.719299999999999500e+02 1.022000000000000064e+01
7.719700000000000273e+02 1.022000000000000064e+01
7.720000000000000000e+02 1.022100000000000009e+01
7.720299999999999727e+02 1.022100000000000009e+01
7.720499999999999545e+02 1.022199999999999953e+01
7.720800000000000409e+02 1.022199999999999953e+01
7.721000000000000227e+02 1.022199999999999953e+01
7.721200000000000045e+02 1.022300000000000075e+01
7.721299999999999955e+02 1.022300000000000075e+01
7.721499999999999773e+02 1.022300000000000075e+01
7.721599999999999682e+02 1.022300000000000075e+01
7.721699999999999591e+02 1.022300000000000075e+01
7.721799999999999500e+02 1.022400000000000020e+01
7.721900000000000546e+02 1.022400000000000020e+01
7.721900000000000546e+02 1.022400000000000020e+01
7.722000000000000455e+02 1.022400000000000020e+01
7.722000000000000455e+02 1.022400000000000020e+01
7.722100000000000364e+02 1.022400000000000020e+01
7.722100000000000364e+02 1.022400000000000020e+01
7.722000000000000455e+02 1.022499999999999964e+01
7.721599999999999682e+02 1.022499999999999964e+01
7.721000000000000227e+02 1.022400000000000020e+01
7.720299999999999727e+02 1.022400000000000020e+01
7.719600000000000364e+02 1.022400000000000020e+01
7.718799999999999955e+02 1.022400000000000020e+01
7.717999999999999545e+02 1.022400000000000020e+01
7.717200000000000273e+02 1.022400000000000020e+01
7.716299999999999955e+02 1.022300000000000075e+01
7.715399999999999636e+02 1.022300000000000075e+01
7.714500000000000455e+02 1.022300000000000075e+01
7.713600000000000136e+02 1.022300000000000075e+01
7.712699999999999818e+02 1.022199999999999953e+01
7.711699999999999591e+02 1.022199999999999953e+01
7.710800000000000409e+02 1.022100000000000009e+01
7.709800000000000182e+02 1.022100000000000009e+01
7.708799999999999955e+02 1.022100000000000009e+01
7.707799999999999727e+02 1.022000000000000064e+01
7.706799999999999500e+02 1.022000000000000064e+01
7.705800000000000409e+02 1.022000000000000064e+01
7.704800000000000182e+02 1.021899999999999942e+01
7.703700000000000045e+02 1.021899999999999942e+01
7.702699999999999818e+02 1.021799999999999997e+01
7.701699999999999591e+02 1.021799999999999997e+01
7.700399999999999636e+02 1.021700000000000053e+01
7.698400000000000318e+02 1.021700000000000053e+01
7.696000000000000227e+02 1.021599999999999930e+01
7.693400000000000318e+02 1.021499999999999986e+01
7.690599999999999454e+02 1.021400000000000041e+01
7.687799999999999727e+02 1.021299999999999919e+01
7.684900000000000091e+02 1.021199999999999974e+01
7.681900000000000546e+02 1.021100000000000030e+01
7.678899999999999864e+02 1.021000000000000085e+01
7.675800000000000409e+02 1.020899999999999963e+01
7.672699999999999818e+02 1.020800000000000018e+01
7.669500000000000455e+02 1.020700000000000074e+01
7.666399999999999864e+02 1.020500000000000007e+01
7.663200000000000500e+02 1.020400000000000063e+01
7.660000000000000000e+02 1.020299999999999940e+01
7.656799999999999500e+02 1.020100000000000051e+01
7.653600000000000136e+02 1.019999999999999929e+01
7.650299999999999727e+02 1.019899999999999984e+01
7.647100000000000364e+02 1.019699999999999918e+01
7.643999999999999773e+02 1.019599999999999973e+01
7.641000000000000227e+02 1.019500000000000028e+01
7.638099999999999454e+02 1.019299999999999962e+01
7.635199999999999818e+02 1.019200000000000017e+01
7.632400000000000091e+02 1.019100000000000072e+01
7.630700000000000500e+02 1.018999999999999950e+01
7.633400000000000318e+02 1.018900000000000006e+01
7.637899999999999636e+02 1.018999999999999950e+01
7.643500000000000227e+02 1.018999999999999950e+01
7.649800000000000182e+02 1.019200000000000017e+01
7.656599999999999682e+02 1.019299999999999962e+01
7.663799999999999955e+02 1.019500000000000028e+01
7.671399999999999864e+02 1.019800000000000040e+01
7.679299999999999500e+02 1.019999999999999929e+01
7.687500000000000000e+02 1.020299999999999940e+01
7.695900000000000318e+02 1.020599999999999952e+01
7.704500000000000455e+02 1.020899999999999963e+01
7.713300000000000409e+02 1.021199999999999974e+01
7.722300000000000182e+02 1.021599999999999930e+01
7.731399999999999864e+02 1.021899999999999942e+01
7.740599999999999454e+02 1.022300000000000075e+01
7.750000000000000000e+02 1.022700000000000031e+01
7.759500000000000455e+02 1.023099999999999987e+01
7.768999999999999773e+02 1.023499999999999943e+01
7.778799999999999955e+02 1.023900000000000077e+01
7.788600000000000136e+02 1.024300000000000033e+01
7.798500000000000227e+02 1.024699999999999989e+01
7.808500000000000227e+02 1.025200000000000067e+01
7.818600000000000136e+02 1.025600000000000023e+01
7.828600000000000136e+02 1.026099999999999923e+01
7.837799999999999727e+02 1.026500000000000057e+01
7.846799999999999500e+02 1.026900000000000013e+01
7.855599999999999454e+02 1.027399999999999913e+01
7.864299999999999500e+02 1.027800000000000047e+01
7.873099999999999454e+02 1.028200000000000003e+01
7.881799999999999500e+02 1.028700000000000081e+01
7.890499999999999545e+02 1.029100000000000037e+01
7.899099999999999682e+02 1.029499999999999993e+01
7.907799999999999727e+02 1.029899999999999949e+01
7.916599999999999682e+02 1.030400000000000027e+01
7.925299999999999727e+02 1.030799999999999983e+01
7.934099999999999682e+02 1.031199999999999939e+01
7.942799999999999727e+02 1.031600000000000072e+01
7.951599999999999682e+02 1.032099999999999973e+01
7.960399999999999636e+02 1.032499999999999929e+01
7.969299999999999500e+02 1.032900000000000063e+01
7.978099999999999454e+02 1.033399999999999963e+01
7.987000000000000455e+02 1.033799999999999919e+01
7.995900000000000318e+02 1.034200000000000053e+01
8.004900000000000091e+02 1.034699999999999953e+01
8.013799999999999955e+02 1.035100000000000087e+01
8.022799999999999727e+02 1.035500000000000043e+01
8.031900000000000546e+02 1.035999999999999943e+01
8.040499999999999545e+02 1.036400000000000077e+01
8.047300000000000182e+02 1.036800000000000033e+01
8.053400000000000318e+02 1.037199999999999989e+01
8.058999999999999773e+02 1.037599999999999945e+01
8.064099999999999682e+02 1.037899999999999956e+01
8.069199999999999591e+02 1.038199999999999967e+01
8.074099999999999682e+02 1.038599999999999923e+01
8.078999999999999773e+02 1.038899999999999935e+01
8.083899999999999864e+02 1.039199999999999946e+01
8.088600000000000136e+02 1.039499999999999957e+01
8.093300000000000409e+02 1.039700000000000024e+01
8.097899999999999636e+02 1.040000000000000036e+01
8.102300000000000182e+02 1.040300000000000047e+01
8.106699999999999591e+02 1.040600000000000058e+01
8.111100000000000136e+02 1.040799999999999947e+01
8.115299999999999727e+02 1.041099999999999959e+01
8.119500000000000455e+02 1.041300000000000026e+01
8.123600000000000136e+02 1.041600000000000037e+01
8.127599999999999909e+02 1.041799999999999926e+01
8.131699999999999591e+02 1.042099999999999937e+01
8.135599999999999454e+02 1.042300000000000004e+01
8.139500000000000455e+02 1.042500000000000071e+01
8.143400000000000318e+02 1.042800000000000082e+01
8.147200000000000273e+02 1.042999999999999972e+01
8.152699999999999818e+02 1.043200000000000038e+01
8.166000000000000227e+02 1.043599999999999994e+01
8.182899999999999636e+02 1.044100000000000072e+01
8.201799999999999500e+02 1.044699999999999918e+01
8.222100000000000364e+02 1.045299999999999940e+01
8.243500000000000227e+02 1.046000000000000085e+01
8.265599999999999454e+02 1.046799999999999997e+01
8.288300000000000409e+02 1.047600000000000087e+01
8.311499999999999773e+02 1.048499999999999943e+01
8.335099999999999909e+02 1.049399999999999977e+01
8.359099999999999682e+02 1.050300000000000011e+01
8.383400000000000318e+02 1.051200000000000045e+01
8.407999999999999545e+02 1.052200000000000024e+01
8.432799999999999727e+02 1.053200000000000003e+01
8.457799999999999727e+02 1.054199999999999982e+01
8.483099999999999454e+02 1.055300000000000082e+01
8.508700000000000045e+02 1.056300000000000061e+01
8.534500000000000455e+02 1.057399999999999984e+01
8.560099999999999909e+02 1.058399999999999963e+01
8.585700000000000500e+02 1.059500000000000064e+01
8.611499999999999773e+02 1.060599999999999987e+01
8.637400000000000091e+02 1.061700000000000088e+01
8.663200000000000500e+02 1.062899999999999956e+01
8.688899999999999864e+02 1.064000000000000057e+01
8.716499999999999773e+02 1.065099999999999980e+01
8.752200000000000273e+02 1.066399999999999970e+01
8.791799999999999500e+02 1.067800000000000082e+01
8.833200000000000500e+02 1.069200000000000017e+01
8.876000000000000227e+02 1.070800000000000018e+01
8.919500000000000455e+02 1.072400000000000020e+01
8.963700000000000045e+02 1.074099999999999966e+01
9.008500000000000227e+02 1.075799999999999912e+01
9.053700000000000045e+02 1.077599999999999980e+01
9.099400000000000546e+02 1.079299999999999926e+01
9.145499999999999545e+02 1.081199999999999939e+01
9.191900000000000546e+02 1.083000000000000007e+01
9.238400000000000318e+02 1.084900000000000020e+01
9.284600000000000364e+02 1.086700000000000088e+01
9.330800000000000409e+02 1.088599999999999923e+01
9.377000000000000455e+02 1.090499999999999936e+01
9.423099999999999454e+02 1.092300000000000004e+01
9.469199999999999591e+02 1.094200000000000017e+01
9.514800000000000182e+02 1.096100000000000030e+01
9.560299999999999727e+02 1.097899999999999920e+01
9.605900000000000318e+02 1.099799999999999933e+01
9.651499999999999773e+02 1.101699999999999946e+01
9.697300000000000182e+02 1.103500000000000014e+01
9.742500000000000000e+02 1.105400000000000027e+01
9.786699999999999591e+02 1.107199999999999918e+01
9.831499999999999773e+02 1.109099999999999930e+01
9.876599999999999682e+02 1.110999999999999943e+01
9.921599999999999682e+02 1.112800000000000011e+01
9.966499999999999773e+02 1.114700000000000024e+01
1.001100000000000023e+03 1.116499999999999915e+01
1.005600000000000023e+03 1.118299999999999983e+01
1.010100000000000023e+03 1.120199999999999996e+01
1.014600000000000023e+03 1.122000000000000064e+01
1.018899999999999977e+03 1.123900000000000077e+01
1.023000000000000000e+03 1.125699999999999967e+01
1.027099999999999909e+03 1.127599999999999980e+01
1.031200000000000045e+03 1.129400000000000048e+01
1.035200000000000045e+03 1.131300000000000061e+01
1.039200000000000045e+03 1.133099999999999952e+01
1.043200000000000045e+03 1.134900000000000020e+01
1.047200000000000045e+03 1.136700000000000088e+01
1.051099999999999909e+03 1.138499999999999979e+01
1.055099999999999909e+03 1.140199999999999925e+01
1.059000000000000000e+03 1.141999999999999993e+01
1.063000000000000000e+03 1.143699999999999939e+01
1.066900000000000091e+03 1.145400000000000063e+01
1.070900000000000091e+03 1.147199999999999953e+01
1.074799999999999955e+03 1.148900000000000077e+01
1.078799999999999955e+03 1.150600000000000023e+01
1.083099999999999909e+03 1.152299999999999969e+01
1.087700000000000045e+03 1.153999999999999915e+01
1.092799999999999955e+03 1.155799999999999983e+01
1.098000000000000000e+03 1.157600000000000051e+01
1.103400000000000091e+03 1.159500000000000064e+01
1.109200000000000045e+03 1.161299999999999955e+01
1.114900000000000091e+03 1.163199999999999967e+01
1.120700000000000045e+03 1.165099999999999980e+01
1.126500000000000000e+03 1.166999999999999993e+01
1.132200000000000045e+03 1.168900000000000006e+01
1.137900000000000091e+03 1.170800000000000018e+01
1.143599999999999909e+03 1.172799999999999976e+01
1.149500000000000000e+03 1.174699999999999989e+01
1.155400000000000091e+03 1.176600000000000001e+01
1.161299999999999955e+03 1.178500000000000014e+01
1.167200000000000045e+03 1.180499999999999972e+01
1.173000000000000000e+03 1.182399999999999984e+01
1.179000000000000000e+03 1.184200000000000053e+01
1.185000000000000000e+03 1.186100000000000065e+01
1.191099999999999909e+03 1.188000000000000078e+01
1.197200000000000045e+03 1.189899999999999913e+01
1.203400000000000091e+03 1.191799999999999926e+01
1.209700000000000045e+03 1.193699999999999939e+01
1.216000000000000000e+03 1.195599999999999952e+01
1.222799999999999955e+03 1.197499999999999964e+01
1.230299999999999955e+03 1.199499999999999922e+01
1.238500000000000000e+03 1.201600000000000001e+01
1.247299999999999955e+03 1.203800000000000026e+01
1.256299999999999955e+03 1.206000000000000050e+01
1.265599999999999909e+03 1.208300000000000018e+01
1.275500000000000000e+03 1.210599999999999987e+01
1.286099999999999909e+03 1.213000000000000078e+01
1.297599999999999909e+03 1.215499999999999936e+01
1.309799999999999955e+03 1.218200000000000038e+01
1.323400000000000091e+03 1.221000000000000085e+01
1.338799999999999955e+03 1.224000000000000021e+01
1.355900000000000091e+03 1.227200000000000024e+01
1.374799999999999955e+03 1.230700000000000038e+01
1.394700000000000045e+03 1.234399999999999942e+01
1.416599999999999909e+03 1.238299999999999912e+01
1.438299999999999955e+03 1.242300000000000004e+01
1.459799999999999955e+03 1.246299999999999919e+01
1.479099999999999909e+03 1.250300000000000011e+01
1.498000000000000000e+03 1.253899999999999970e+01
1.519500000000000000e+03 1.257799999999999940e+01
1.539200000000000045e+03 1.261800000000000033e+01
1.558000000000000000e+03 1.265799999999999947e+01
1.576200000000000045e+03 1.269699999999999918e+01
1.594000000000000000e+03 1.273600000000000065e+01
1.612000000000000000e+03 1.277500000000000036e+01
1.630299999999999955e+03 1.281300000000000061e+01
1.648500000000000000e+03 1.284999999999999964e+01
1.667200000000000045e+03 1.288599999999999923e+01
1.685099999999999909e+03 1.292200000000000060e+01
1.703000000000000000e+03 1.295899999999999963e+01
1.721200000000000045e+03 1.299600000000000044e+01
1.739700000000000045e+03 1.303200000000000003e+01
1.758200000000000045e+03 1.306900000000000084e+01
1.776700000000000045e+03 1.310500000000000043e+01
1.795000000000000000e+03 1.314000000000000057e+01
1.814299999999999955e+03 1.317399999999999949e+01
1.834799999999999955e+03 1.320700000000000074e+01
1.855900000000000091e+03 1.323799999999999955e+01
1.877599999999999909e+03 1.326800000000000068e+01
1.899599999999999909e+03 1.329599999999999937e+01
1.922799999999999955e+03 1.332199999999999918e+01
1.948099999999999909e+03 1.334699999999999953e+01
1.975000000000000000e+03 1.336899999999999977e+01
2.004500000000000000e+03 1.339100000000000001e+01
2.035500000000000000e+03 1.341300000000000026e+01
2.068099999999999909e+03 1.343399999999999928e+01
2.100699999999999818e+03 1.345500000000000007e+01
2.131599999999999909e+03 1.347499999999999964e+01
2.164800000000000182e+03 1.349699999999999989e+01
2.200000000000000000e+03 1.351900000000000013e+01
2.237500000000000000e+03 1.354199999999999982e+01
2.275699999999999818e+03 1.356499999999999950e+01
2.314400000000000091e+03 1.358900000000000041e+01
2.352800000000000182e+03 1.361400000000000077e+01
2.389599999999999909e+03 1.363799999999999990e+01
2.424699999999999818e+03 1.366399999999999970e+01
2.457900000000000091e+03 1.368900000000000006e+01
2.489199999999999818e+03 1.371499999999999986e+01
2.517699999999999818e+03 1.374000000000000021e+01
2.549599999999999909e+03 1.376600000000000001e+01
2.581900000000000091e+03 1.378800000000000026e+01
2.609199999999999818e+03 1.381000000000000050e+01
2.634000000000000000e+03 1.383000000000000007e+01
2.657400000000000091e+03 1.384900000000000020e+01
2.680199999999999818e+03 1.386800000000000033e+01
2.702099999999999909e+03 1.388700000000000045e+01
2.723699999999999818e+03 1.390600000000000058e+01
2.745599999999999909e+03 1.392500000000000071e+01
2.767500000000000000e+03 1.394400000000000084e+01
2.789099999999999909e+03 1.396299999999999919e+01
2.811500000000000000e+03 1.398300000000000054e+01
2.836099999999999909e+03 1.400399999999999956e+01
2.861099999999999909e+03 1.402699999999999925e+01
2.885800000000000182e+03 1.405000000000000071e+01
2.910400000000000091e+03 1.407399999999999984e+01
2.934900000000000091e+03 1.409800000000000075e+01
2.959400000000000091e+03 1.412299999999999933e+01
2.983900000000000091e+03 1.414799999999999969e+01
3.008500000000000000e+03 1.417399999999999949e+01
3.032699999999999818e+03 1.419899999999999984e+01
3.056199999999999818e+03 1.422499999999999964e+01
3.079500000000000000e+03 1.425099999999999945e+01
3.102599999999999909e+03 1.427699999999999925e+01
3.126900000000000091e+03 1.430400000000000027e+01
3.152099999999999909e+03 1.433200000000000074e+01
3.177800000000000182e+03 1.436100000000000065e+01
3.204500000000000000e+03 1.439100000000000001e+01
3.231800000000000182e+03 1.442200000000000060e+01
3.259000000000000000e+03 1.445299999999999940e+01
3.286000000000000000e+03 1.448499999999999943e+01
3.315900000000000091e+03 1.451800000000000068e+01
3.345900000000000091e+03 1.455300000000000082e+01
3.370400000000000091e+03 1.458699999999999974e+01
3.391900000000000091e+03 1.462400000000000055e+01
3.414300000000000182e+03 1.466200000000000081e+01
3.433800000000000182e+03 1.469899999999999984e+01
3.451300000000000182e+03 1.473399999999999999e+01
3.467400000000000091e+03 1.476800000000000068e+01
3.467000000000000000e+03 1.478999999999999915e+01
3.471900000000000091e+03 1.480499999999999972e+01
3.475500000000000000e+03 1.481700000000000017e+01
3.479599999999999909e+03 1.482600000000000051e+01
3.474000000000000000e+03 1.482900000000000063e+01
3.462099999999999909e+03 1.483600000000000030e+01
3.462300000000000182e+03 1.485200000000000031e+01
3.482900000000000091e+03 1.486999999999999922e+01
3.498099999999999909e+03 1.487899999999999956e+01
3.502699999999999818e+03 1.488499999999999979e+01
3.504599999999999909e+03 1.489199999999999946e+01
3.507300000000000182e+03 1.490000000000000036e+01
3.511300000000000182e+03 1.491000000000000014e+01
3.516000000000000000e+03 1.491999999999999993e+01
3.521099999999999909e+03 1.492999999999999972e+01
3.526199999999999818e+03 1.494100000000000072e+01
3.531400000000000091e+03 1.495199999999999996e+01
3.536699999999999818e+03 1.496400000000000041e+01
3.542000000000000000e+03 1.497499999999999964e+01
3.547199999999999818e+03 1.498700000000000010e+01
3.552400000000000091e+03 1.499900000000000055e+01
3.557000000000000000e+03 1.500999999999999979e+01
3.562000000000000000e+03 1.502200000000000024e+01
3.566500000000000000e+03 1.503299999999999947e+01
3.570599999999999909e+03 1.504400000000000048e+01
3.574400000000000091e+03 1.505499999999999972e+01
3.578000000000000000e+03 1.506499999999999950e+01
3.581400000000000091e+03 1.507399999999999984e+01
3.584599999999999909e+03 1.508399999999999963e+01
3.587699999999999818e+03 1.509299999999999997e+01
3.590599999999999909e+03 1.510100000000000087e+01
3.593500000000000000e+03 1.510999999999999943e+01
3.596199999999999818e+03 1.511800000000000033e+01
3.598800000000000182e+03 1.512599999999999945e+01
3.602699999999999818e+03 1.513499999999999979e+01
3.611000000000000000e+03 1.514300000000000068e+01
3.617900000000000091e+03 1.515000000000000036e+01
3.624099999999999909e+03 1.515700000000000003e+01
3.630000000000000000e+03 1.516399999999999970e+01
3.635599999999999909e+03 1.516999999999999993e+01
3.641099999999999909e+03 1.517699999999999960e+01
3.646500000000000000e+03 1.518299999999999983e+01
3.651800000000000182e+03 1.518900000000000006e+01
3.657000000000000000e+03 1.519500000000000028e+01
3.661500000000000000e+03 1.520100000000000051e+01
3.664199999999999818e+03 1.520599999999999952e+01
3.666000000000000000e+03 1.521000000000000085e+01
3.667000000000000000e+03 1.521299999999999919e+01
3.667500000000000000e+03 1.521499999999999986e+01
