4.683799999999999955e+02 9.430699999999999861e+00
5.254500000000000455e+02 9.310900000000000176e+00
4.761200000000000045e+02 9.221799999999999997e+00
4.636399999999999864e+02 9.150000000000000355e+00
4.694599999999999795e+02 9.103600000000000136e+00
4.799599999999999795e+02 9.073900000000000077e+00
4.909599999999999795e+02 9.054600000000000648e+00
5.011999999999999886e+02 9.041999999999999815e+00
5.103399999999999750e+02 9.034100000000000463e+00
5.183600000000000136e+02 9.029299999999999216e+00
5.253500000000000227e+02 9.026699999999999946e+00
5.314600000000000364e+02 9.025600000000000733e+00
5.367999999999999545e+02 9.025700000000000500e+00
5.414800000000000182e+02 9.026500000000000412e+00
5.456100000000000136e+02 9.027900000000000702e+00
5.492500000000000000e+02 9.029700000000000060e+00
5.524700000000000273e+02 9.031900000000000261e+00
5.553300000000000409e+02 9.034299999999999997e+00
5.578700000000000045e+02 9.036799999999999500e+00
5.601499999999999773e+02 9.039500000000000313e+00
5.621799999999999500e+02 9.042099999999999582e+00
5.640099999999999909e+02 9.044800000000000395e+00
5.656499999999999773e+02 9.047499999999999432e+00
5.671200000000000045e+02 9.050200000000000244e+00
5.684600000000000364e+02 9.052799999999999514e+00
5.696599999999999682e+02 9.055300000000000793e+00
5.707599999999999909e+02 9.057800000000000296e+00
5.717599999999999909e+02 9.060200000000000031e+00
5.726599999999999682e+02 9.062500000000000000e+00
5.734900000000000091e+02 9.064600000000000435e+00
5.742500000000000000e+02 9.066700000000000870e+00
5.749299999999999500e+02 9.068699999999999761e+00
5.755700000000000500e+02 9.070600000000000662e+00
5.761399999999999864e+02 9.072400000000000020e+00
5.766799999999999500e+02 9.074099999999999611e+00
5.771599999999999682e+02 9.075699999999999434e+00
5.776100000000000136e+02 9.077199999999999491e+00
5.780199999999999818e+02 9.078699999999999548e+00
5.783999999999999773e+02 9.080000000000000071e+00
5.787500000000000000e+02 9.081300000000000594e+00
5.790700000000000500e+02 9.082499999999999574e+00
5.793700000000000045e+02 9.083600000000000563e+00
5.796399999999999864e+02 9.084600000000000009e+00
5.798999999999999773e+02 9.085599999999999454e+00
5.801299999999999955e+02 9.086499999999999133e+00
5.803500000000000227e+02 9.087300000000000821e+00
5.805499999999999545e+02 9.088100000000000733e+00
5.807300000000000182e+02 9.088800000000000878e+00
5.809099999999999682e+02 9.089499999999999247e+00
5.810700000000000500e+02 9.090099999999999625e+00
5.812200000000000273e+02 9.090700000000000003e+00
5.813600000000000136e+02 9.091200000000000614e+00
5.814800000000000182e+02 9.091699999999999449e+00
5.816000000000000227e+02 9.092100000000000293e+00
5.817200000000000273e+02 9.092499999999999361e+00
5.818200000000000500e+02 9.092800000000000438e+00
5.819199999999999591e+02 9.093199999999999505e+00
5.820099999999999909e+02 9.093500000000000583e+00
5.821000000000000227e+02 9.093700000000000117e+00
5.821799999999999500e+02 9.093999999999999417e+00
5.822500000000000000e+02 9.094200000000000728e+00
5.823200000000000500e+02 9.094400000000000261e+00
5.823899999999999864e+02 9.094500000000000028e+00
5.824500000000000455e+02 9.094699999999999562e+00
5.825099999999999909e+02 9.094799999999999329e+00
5.825599999999999454e+02 9.094900000000000873e+00
5.826200000000000045e+02 9.095000000000000639e+00
5.826599999999999682e+02 9.095100000000000406e+00
5.827100000000000364e+02 9.095100000000000406e+00
5.827599999999999909e+02 9.095100000000000406e+00
5.827999999999999545e+02 9.095200000000000173e+00
5.828400000000000318e+02 9.095200000000000173e+00
5.828700000000000045e+02 9.095200000000000173e+00
5.829099999999999682e+02 9.095200000000000173e+00
5.829400000000000546e+02 9.095200000000000173e+00
5.829500000000000455e+02 9.095100000000000406e+00
5.829500000000000455e+02 9.095000000000000639e+00
5.829400000000000546e+02 9.094900000000000873e+00
5.829199999999999591e+02 9.094799999999999329e+00
5.828899999999999864e+02 9.094599999999999795e+00
5.828700000000000045e+02 9.094500000000000028e+00
5.828300000000000409e+02 9.094300000000000495e+00
5.827999999999999545e+02 9.093999999999999417e+00
5.827500000000000000e+02 9.093799999999999883e+00
5.827100000000000364e+02 9.093500000000000583e+00
5.826599999999999682e+02 9.093199999999999505e+00
5.826200000000000045e+02 9.092900000000000205e+00
5.825700000000000500e+02 9.092599999999999127e+00
5.825099999999999909e+02 9.092299999999999827e+00
5.824600000000000364e+02 9.091900000000000759e+00
5.823999999999999773e+02 9.091599999999999682e+00
5.823500000000000227e+02 9.091200000000000614e+00
5.822899999999999636e+02 9.090899999999999537e+00
5.822300000000000182e+02 9.090500000000000469e+00
5.821699999999999591e+02 9.090099999999999625e+00
5.821100000000000136e+02 9.089700000000000557e+00
5.820499999999999545e+02 9.089299999999999713e+00
5.819800000000000182e+02 9.088900000000000645e+00
5.818999999999999773e+02 9.088499999999999801e+00
5.817899999999999636e+02 9.087999999999999190e+00
5.816499999999999773e+02 9.087500000000000355e+00
5.814900000000000091e+02 9.086999999999999744e+00
5.813200000000000500e+02 9.086299999999999599e+00
5.811399999999999864e+02 9.085699999999999221e+00
5.809400000000000546e+02 9.085000000000000853e+00
5.807400000000000091e+02 9.084199999999999164e+00
5.805299999999999727e+02 9.083399999999999253e+00
5.803099999999999454e+02 9.082499999999999574e+00
5.800900000000000318e+02 9.081699999999999662e+00
5.798700000000000045e+02 9.080700000000000216e+00
5.796399999999999864e+02 9.079800000000000537e+00
5.793999999999999773e+02 9.078799999999999315e+00
5.791599999999999682e+02 9.077899999999999636e+00
5.789199999999999591e+02 9.076900000000000190e+00
5.786399999999999864e+02 9.075900000000000745e+00
5.782799999999999727e+02 9.075100000000000833e+00
5.778899999999999864e+02 9.074500000000000455e+00
5.774900000000000091e+02 9.074099999999999611e+00
5.770800000000000409e+02 9.073700000000000543e+00
5.766699999999999591e+02 9.073499999999999233e+00
5.762500000000000000e+02 9.073399999999999466e+00
5.758300000000000409e+02 9.073399999999999466e+00
5.754900000000000091e+02 9.073499999999999233e+00
5.753200000000000500e+02 9.073900000000000077e+00
5.752799999999999727e+02 9.074600000000000222e+00
5.753200000000000500e+02 9.075699999999999434e+00
5.754400000000000546e+02 9.076999999999999957e+00
5.756200000000000045e+02 9.078699999999999548e+00
5.758400000000000318e+02 9.080600000000000449e+00
5.761100000000000136e+02 9.082900000000000418e+00
5.764099999999999682e+02 9.085399999999999920e+00
5.767300000000000182e+02 9.088100000000000733e+00
5.770800000000000409e+02 9.091100000000000847e+00
5.774500000000000455e+02 9.094300000000000495e+00
5.778300000000000409e+02 9.097699999999999676e+00
5.782300000000000182e+02 9.101300000000000168e+00
5.786399999999999864e+02 9.105199999999999960e+00
5.790599999999999454e+02 9.109199999999999520e+00
5.794900000000000091e+02 9.113400000000000389e+00
5.799199999999999591e+02 9.117900000000000560e+00
5.803500000000000227e+02 9.122500000000000497e+00
5.807899999999999636e+02 9.127200000000000202e+00
5.812300000000000182e+02 9.132199999999999207e+00
5.816699999999999591e+02 9.137299999999999756e+00
5.821299999999999955e+02 9.142500000000000071e+00
5.826100000000000136e+02 9.147800000000000153e+00
5.830800000000000409e+02 9.153200000000000003e+00
5.835099999999999909e+02 9.158699999999999619e+00
5.839199999999999591e+02 9.164099999999999469e+00
5.843099999999999454e+02 9.169700000000000628e+00
5.846900000000000546e+02 9.175300000000000011e+00
5.850599999999999454e+02 9.180899999999999395e+00
5.854199999999999591e+02 9.186500000000000554e+00
5.857599999999999909e+02 9.192199999999999704e+00
5.860900000000000318e+02 9.198000000000000398e+00
5.864099999999999682e+02 9.203799999999999315e+00
5.867200000000000273e+02 9.209699999999999775e+00
5.870299999999999727e+02 9.215600000000000236e+00
5.873400000000000318e+02 9.221500000000000696e+00
5.876399999999999864e+02 9.227499999999999147e+00
5.879500000000000455e+02 9.233599999999999142e+00
5.882300000000000182e+02 9.239599999999999369e+00
5.885000000000000000e+02 9.245699999999999363e+00
5.887599999999999909e+02 9.251899999999999125e+00
5.890199999999999818e+02 9.258200000000000429e+00
5.892699999999999818e+02 9.264499999999999957e+00
5.895199999999999818e+02 9.270899999999999253e+00
5.897599999999999909e+02 9.277300000000000324e+00
5.900099999999999909e+02 9.283699999999999619e+00
5.902500000000000000e+02 9.290200000000000458e+00
5.904500000000000455e+02 9.296699999999999520e+00
5.905800000000000409e+02 9.303100000000000591e+00
5.906599999999999682e+02 9.309499999999999886e+00
5.906799999999999500e+02 9.315699999999999648e+00
5.906499999999999773e+02 9.321899999999999409e+00
5.906000000000000227e+02 9.327999999999999403e+00
5.905199999999999818e+02 9.334099999999999397e+00
5.904299999999999500e+02 9.340099999999999625e+00
5.903400000000000318e+02 9.346000000000000085e+00
5.902699999999999818e+02 9.351800000000000779e+00
5.901900000000000546e+02 9.357400000000000162e+00
5.901000000000000227e+02 9.362999999999999545e+00
5.900099999999999909e+02 9.368399999999999395e+00
5.899299999999999500e+02 9.373799999999999244e+00
5.898400000000000318e+02 9.378999999999999559e+00
5.897400000000000091e+02 9.384199999999999875e+00
5.896499999999999773e+02 9.389200000000000657e+00
5.895499999999999545e+02 9.394199999999999662e+00
5.894600000000000364e+02 9.399100000000000676e+00
5.893600000000000136e+02 9.403999999999999915e+00
5.892599999999999909e+02 9.408699999999999619e+00
5.891699999999999591e+02 9.413399999999999324e+00
5.890700000000000500e+02 9.418100000000000804e+00
5.889700000000000273e+02 9.422599999999999199e+00
5.890399999999999636e+02 9.427199999999999136e+00
5.894299999999999500e+02 9.432100000000000151e+00
5.900700000000000500e+02 9.437400000000000233e+00
5.909199999999999591e+02 9.442999999999999616e+00
5.919299999999999500e+02 9.448999999999999844e+00
5.930499999999999545e+02 9.455399999999999139e+00
5.942899999999999636e+02 9.462099999999999511e+00
5.956200000000000045e+02 9.469099999999999184e+00
5.970299999999999727e+02 9.476499999999999702e+00
5.985099999999999909e+02 9.484099999999999753e+00
6.000399999999999636e+02 9.492000000000000881e+00
6.016299999999999955e+02 9.500199999999999534e+00
6.032400000000000091e+02 9.508599999999999497e+00
6.048600000000000136e+02 9.517200000000000770e+00
6.065000000000000000e+02 9.525999999999999801e+00
6.081599999999999682e+02 9.535099999999999909e+00
6.098500000000000227e+02 9.544399999999999551e+00
6.115700000000000500e+02 9.553800000000000736e+00
6.133300000000000409e+02 9.563299999999999912e+00
6.151100000000000136e+02 9.573000000000000398e+00
6.169099999999999682e+02 9.582800000000000651e+00
6.187200000000000273e+02 9.592599999999999127e+00
6.205499999999999545e+02 9.602600000000000691e+00
6.223999999999999773e+02 9.612600000000000477e+00
6.244199999999999591e+02 9.622799999999999798e+00
6.267799999999999727e+02 9.633499999999999730e+00
6.294099999999999682e+02 9.644600000000000506e+00
6.322899999999999636e+02 9.656200000000000117e+00
6.353700000000000045e+02 9.668100000000000804e+00
6.385800000000000409e+02 9.680400000000000560e+00
6.418999999999999773e+02 9.693099999999999383e+00
6.452999999999999545e+02 9.706099999999999284e+00
6.487799999999999727e+02 9.719400000000000261e+00
6.523400000000000318e+02 9.732900000000000773e+00
6.559500000000000455e+02 9.746700000000000585e+00
6.596499999999999773e+02 9.760699999999999932e+00
6.634400000000000546e+02 9.774699999999999278e+00
6.672599999999999909e+02 9.788700000000000401e+00
6.711200000000000045e+02 9.802699999999999747e+00
6.750700000000000500e+02 9.816700000000000870e+00
6.790399999999999636e+02 9.830600000000000449e+00
6.830299999999999727e+02 9.844300000000000495e+00
6.870299999999999727e+02 9.858000000000000540e+00
6.910499999999999545e+02 9.871600000000000819e+00
6.950800000000000409e+02 9.885099999999999554e+00
6.991599999999999682e+02 9.898500000000000298e+00
7.032799999999999727e+02 9.911799999999999500e+00
7.074099999999999682e+02 9.925000000000000711e+00
7.115900000000000318e+02 9.938000000000000611e+00
7.156900000000000546e+02 9.950900000000000745e+00
7.195399999999999636e+02 9.963499999999999801e+00
7.233899999999999864e+02 9.975799999999999557e+00
7.275299999999999727e+02 9.987899999999999778e+00
7.321100000000000136e+02 1.000000000000000000e+01
7.364700000000000273e+02 1.001299999999999990e+01
7.407899999999999636e+02 1.002500000000000036e+01
7.451100000000000136e+02 1.003700000000000081e+01
7.494299999999999500e+02 1.005000000000000071e+01
7.537899999999999636e+02 1.006199999999999939e+01
7.581499999999999773e+02 1.007399999999999984e+01
7.625000000000000000e+02 1.008699999999999974e+01
7.668300000000000409e+02 1.009900000000000020e+01
7.711299999999999955e+02 1.011100000000000065e+01
7.754199999999999591e+02 1.012299999999999933e+01
7.796699999999999591e+02 1.013499999999999979e+01
7.839099999999999682e+02 1.014700000000000024e+01
7.881100000000000136e+02 1.015900000000000070e+01
7.923200000000000500e+02 1.017099999999999937e+01
7.965299999999999727e+02 1.018299999999999983e+01
8.007100000000000364e+02 1.019400000000000084e+01
8.048799999999999955e+02 1.020599999999999952e+01
8.090499999999999545e+02 1.021700000000000053e+01
8.132200000000000273e+02 1.022799999999999976e+01
8.174500000000000455e+02 1.024000000000000021e+01
8.218099999999999454e+02 1.025099999999999945e+01
8.262799999999999727e+02 1.026200000000000045e+01
8.308700000000000045e+02 1.027399999999999913e+01
8.355399999999999636e+02 1.028599999999999959e+01
8.402500000000000000e+02 1.029800000000000004e+01
8.450000000000000000e+02 1.031000000000000050e+01
8.498300000000000409e+02 1.032199999999999918e+01
8.547300000000000182e+02 1.033399999999999963e+01
8.596000000000000227e+02 1.034600000000000009e+01
8.645000000000000000e+02 1.035800000000000054e+01
8.694099999999999682e+02 1.037100000000000044e+01
8.743300000000000409e+02 1.038299999999999912e+01
8.792400000000000091e+02 1.039499999999999957e+01
8.841499999999999773e+02 1.040799999999999947e+01
8.890299999999999727e+02 1.041999999999999993e+01
8.939099999999999682e+02 1.043200000000000038e+01
8.987699999999999818e+02 1.044400000000000084e+01
9.036399999999999864e+02 1.045700000000000074e+01
9.085299999999999727e+02 1.046899999999999942e+01
9.134299999999999500e+02 1.048099999999999987e+01
9.183400000000000318e+02 1.049300000000000033e+01
9.232699999999999818e+02 1.050500000000000078e+01
9.282400000000000091e+02 1.051699999999999946e+01
9.333700000000000045e+02 1.052999999999999936e+01
9.387799999999999727e+02 1.054199999999999982e+01
9.443799999999999955e+02 1.055499999999999972e+01
9.501799999999999500e+02 1.056799999999999962e+01
9.561499999999999773e+02 1.058099999999999952e+01
9.622799999999999727e+02 1.059500000000000064e+01
9.686299999999999955e+02 1.060899999999999999e+01
9.751900000000000546e+02 1.062400000000000055e+01
9.820599999999999454e+02 1.063899999999999935e+01
9.893099999999999454e+02 1.065399999999999991e+01
9.970599999999999454e+02 1.067099999999999937e+01
1.005399999999999977e+03 1.068800000000000061e+01
1.014500000000000000e+03 1.070599999999999952e+01
1.024200000000000045e+03 1.072499999999999964e+01
1.034599999999999909e+03 1.074600000000000044e+01
1.045200000000000045e+03 1.076699999999999946e+01
1.056099999999999909e+03 1.078999999999999915e+01
1.067299999999999955e+03 1.081300000000000061e+01
1.078200000000000045e+03 1.083600000000000030e+01
1.089200000000000045e+03 1.085999999999999943e+01
1.101099999999999909e+03 1.088499999999999979e+01
1.113900000000000091e+03 1.091000000000000014e+01
1.127000000000000000e+03 1.093699999999999939e+01
1.139900000000000091e+03 1.096400000000000041e+01
1.152599999999999909e+03 1.099099999999999966e+01
1.165200000000000045e+03 1.101800000000000068e+01
1.177799999999999955e+03 1.104599999999999937e+01
1.190500000000000000e+03 1.107300000000000040e+01
1.203299999999999955e+03 1.109999999999999964e+01
1.216400000000000091e+03 1.112700000000000067e+01
1.229700000000000045e+03 1.115499999999999936e+01
1.243200000000000045e+03 1.118200000000000038e+01
1.256599999999999909e+03 1.121000000000000085e+01
1.269799999999999955e+03 1.123700000000000010e+01
1.282900000000000091e+03 1.126500000000000057e+01
1.295900000000000091e+03 1.129199999999999982e+01
1.308700000000000045e+03 1.131900000000000084e+01
1.321500000000000000e+03 1.134500000000000064e+01
1.334000000000000000e+03 1.137100000000000044e+01
1.346099999999999909e+03 1.139600000000000080e+01
1.358000000000000000e+03 1.141999999999999993e+01
1.369700000000000045e+03 1.144299999999999962e+01
1.381099999999999909e+03 1.146599999999999930e+01
1.392099999999999909e+03 1.148799999999999955e+01
1.402900000000000091e+03 1.150900000000000034e+01
1.413299999999999955e+03 1.152999999999999936e+01
1.423400000000000091e+03 1.154899999999999949e+01
1.433200000000000045e+03 1.156799999999999962e+01
1.443099999999999909e+03 1.158699999999999974e+01
1.453200000000000045e+03 1.160500000000000043e+01
1.463900000000000091e+03 1.162299999999999933e+01
1.475299999999999955e+03 1.164199999999999946e+01
1.487200000000000045e+03 1.166099999999999959e+01
1.499700000000000045e+03 1.167999999999999972e+01
1.512700000000000045e+03 1.169999999999999929e+01
1.526599999999999909e+03 1.172100000000000009e+01
1.541299999999999955e+03 1.174300000000000033e+01
1.556799999999999955e+03 1.176500000000000057e+01
1.573000000000000000e+03 1.178800000000000026e+01
1.589599999999999909e+03 1.181199999999999939e+01
1.606200000000000045e+03 1.183600000000000030e+01
1.621900000000000091e+03 1.185899999999999999e+01
1.636900000000000091e+03 1.188199999999999967e+01
1.651400000000000091e+03 1.190399999999999991e+01
1.665200000000000045e+03 1.192500000000000071e+01
1.678900000000000091e+03 1.194599999999999973e+01
1.692200000000000045e+03 1.196599999999999930e+01
1.705099999999999909e+03 1.198600000000000065e+01
1.717400000000000091e+03 1.200500000000000078e+01
1.729299999999999955e+03 1.202299999999999969e+01
1.741200000000000045e+03 1.204100000000000037e+01
1.753099999999999909e+03 1.205899999999999928e+01
1.765700000000000045e+03 1.207799999999999940e+01
1.778900000000000091e+03 1.209600000000000009e+01
1.793099999999999909e+03 1.211599999999999966e+01
1.808400000000000091e+03 1.213599999999999923e+01
1.824700000000000045e+03 1.215700000000000003e+01
1.842000000000000000e+03 1.217900000000000027e+01
1.861000000000000000e+03 1.220100000000000051e+01
1.881799999999999955e+03 1.222499999999999964e+01
1.904299999999999955e+03 1.225000000000000000e+01
1.928000000000000000e+03 1.227500000000000036e+01
1.953000000000000000e+03 1.230100000000000016e+01
1.979200000000000045e+03 1.232699999999999996e+01
2.005700000000000045e+03 1.235200000000000031e+01
2.033200000000000045e+03 1.237700000000000067e+01
2.062000000000000000e+03 1.240099999999999980e+01
2.091500000000000000e+03 1.242500000000000071e+01
2.122199999999999818e+03 1.244800000000000040e+01
2.154000000000000000e+03 1.247199999999999953e+01
2.186300000000000182e+03 1.249600000000000044e+01
2.216199999999999818e+03 1.251900000000000013e+01
2.245900000000000091e+03 1.254100000000000037e+01
2.276599999999999909e+03 1.256400000000000006e+01
2.308099999999999909e+03 1.258699999999999974e+01
2.339300000000000182e+03 1.260999999999999943e+01
2.369500000000000000e+03 1.263299999999999912e+01
2.397800000000000182e+03 1.265600000000000058e+01
2.429400000000000091e+03 1.267900000000000027e+01
2.496099999999999909e+03 1.271599999999999930e+01
2.548900000000000091e+03 1.275600000000000023e+01
2.606900000000000091e+03 1.279599999999999937e+01
2.654400000000000091e+03 1.283300000000000018e+01
2.672599999999999909e+03 1.286500000000000021e+01
2.694099999999999909e+03 1.289899999999999913e+01
2.744400000000000091e+03 1.293500000000000050e+01
2.798300000000000182e+03 1.296499999999999986e+01
2.838000000000000000e+03 1.299099999999999966e+01
2.866599999999999909e+03 1.301399999999999935e+01
2.891300000000000182e+03 1.303700000000000081e+01
2.915599999999999909e+03 1.305899999999999928e+01
2.940699999999999818e+03 1.308000000000000007e+01
2.963199999999999818e+03 1.310200000000000031e+01
2.986199999999999818e+03 1.312299999999999933e+01
3.008699999999999818e+03 1.314400000000000013e+01
3.030699999999999818e+03 1.316499999999999915e+01
3.052099999999999909e+03 1.318599999999999994e+01
3.072800000000000182e+03 1.320700000000000074e+01
3.092900000000000091e+03 1.322799999999999976e+01
3.111099999999999909e+03 1.325000000000000000e+01
3.125300000000000182e+03 1.326900000000000013e+01
3.136400000000000091e+03 1.328700000000000081e+01
3.146500000000000000e+03 1.330499999999999972e+01
3.155599999999999909e+03 1.332099999999999973e+01
3.164000000000000000e+03 1.333699999999999974e+01
3.171900000000000091e+03 1.335200000000000031e+01
3.179400000000000091e+03 1.336800000000000033e+01
3.186599999999999909e+03 1.338199999999999967e+01
3.193500000000000000e+03 1.339700000000000024e+01
3.200099999999999909e+03 1.341099999999999959e+01
3.206500000000000000e+03 1.342500000000000071e+01
3.212800000000000182e+03 1.343800000000000061e+01
3.218900000000000091e+03 1.345100000000000051e+01
3.224500000000000000e+03 1.346400000000000041e+01
3.229099999999999909e+03 1.347499999999999964e+01
3.233300000000000182e+03 1.348700000000000010e+01
3.237400000000000091e+03 1.349699999999999989e+01
3.241300000000000182e+03 1.350799999999999912e+01
3.245099999999999909e+03 1.351699999999999946e+01
3.248900000000000091e+03 1.352699999999999925e+01
3.252699999999999818e+03 1.353599999999999959e+01
3.256400000000000091e+03 1.354499999999999993e+01
3.260099999999999909e+03 1.355400000000000027e+01
3.263199999999999818e+03 1.356199999999999939e+01
3.265400000000000091e+03 1.357000000000000028e+01
3.266699999999999818e+03 1.357699999999999996e+01
3.267400000000000091e+03 1.358300000000000018e+01
3.267500000000000000e+03 1.358900000000000041e+01
