8.565700000000000500e+02 4.572400000000000020e+00
8.486200000000000045e+02 4.538800000000000168e+00
8.406799999999999500e+02 4.544299999999999784e+00
8.317999999999999545e+02 4.540799999999999947e+00
8.228799999999999955e+02 4.532799999999999940e+00
8.145800000000000409e+02 4.522499999999999964e+00
8.070800000000000409e+02 4.511000000000000121e+00
8.003099999999999454e+02 4.498800000000000132e+00
7.941200000000000045e+02 4.486399999999999721e+00
7.883799999999999955e+02 4.473799999999999777e+00
7.829199999999999591e+02 4.461199999999999832e+00
7.776299999999999955e+02 4.448299999999999699e+00
7.724600000000000364e+02 4.435399999999999565e+00
7.674099999999999682e+02 4.422200000000000131e+00
7.624600000000000364e+02 4.408999999999999808e+00
7.576699999999999591e+02 4.395699999999999719e+00
7.530900000000000318e+02 4.382399999999999629e+00
7.487300000000000182e+02 4.369100000000000428e+00
7.446200000000000045e+02 4.355999999999999872e+00
7.407699999999999818e+02 4.342999999999999972e+00
7.371499999999999773e+02 4.330300000000000260e+00
7.337899999999999636e+02 4.317800000000000082e+00
7.306599999999999682e+02 4.305500000000000327e+00
7.277200000000000273e+02 4.293599999999999639e+00
7.249900000000000091e+02 4.282000000000000028e+00
7.224800000000000182e+02 4.270699999999999719e+00
7.201499999999999773e+02 4.259800000000000253e+00
7.179900000000000091e+02 4.249200000000000088e+00
7.159800000000000182e+02 4.238900000000000112e+00
7.141200000000000045e+02 4.228900000000000325e+00
7.123799999999999955e+02 4.219299999999999606e+00
7.107599999999999909e+02 4.209900000000000198e+00
7.092500000000000000e+02 4.200700000000000323e+00
7.078500000000000227e+02 4.191900000000000404e+00
7.065399999999999636e+02 4.183300000000000018e+00
7.052999999999999545e+02 4.174999999999999822e+00
7.041399999999999864e+02 4.166900000000000048e+00
7.030599999999999454e+02 4.159099999999999575e+00
7.020399999999999636e+02 4.151500000000000412e+00
7.011000000000000227e+02 4.144099999999999895e+00
7.002100000000000364e+02 4.136999999999999567e+00
6.993600000000000136e+02 4.130099999999999660e+00
6.985299999999999727e+02 4.123499999999999943e+00
6.977400000000000091e+02 4.116999999999999993e+00
6.969900000000000091e+02 4.110899999999999999e+00
6.962799999999999727e+02 4.104899999999999771e+00
6.956000000000000227e+02 4.099099999999999966e+00
6.949199999999999591e+02 4.093499999999999694e+00
6.942799999999999727e+02 4.088099999999999845e+00
6.936799999999999500e+02 4.082900000000000418e+00
6.931100000000000136e+02 4.077899999999999636e+00
6.925599999999999454e+02 4.073000000000000398e+00
6.920399999999999636e+02 4.068299999999999805e+00
6.915299999999999727e+02 4.063699999999999868e+00
6.910299999999999727e+02 4.059300000000000352e+00
6.905499999999999545e+02 4.054999999999999716e+00
6.900800000000000409e+02 4.050900000000000389e+00
6.896299999999999955e+02 4.046899999999999942e+00
6.892000000000000455e+02 4.043000000000000149e+00
6.887899999999999636e+02 4.039299999999999891e+00
6.883799999999999955e+02 4.035700000000000287e+00
6.879900000000000091e+02 4.032199999999999562e+00
6.876200000000000045e+02 4.028800000000000381e+00
6.872599999999999909e+02 4.025500000000000078e+00
6.869099999999999682e+02 4.022300000000000431e+00
6.865700000000000500e+02 4.019199999999999662e+00
6.862500000000000000e+02 4.016300000000000203e+00
6.859299999999999500e+02 4.013399999999999856e+00
6.856200000000000045e+02 4.010600000000000165e+00
6.853200000000000500e+02 4.007900000000000240e+00
6.850199999999999818e+02 4.005399999999999849e+00
6.847300000000000182e+02 4.002900000000000347e+00
6.844600000000000364e+02 4.000499999999999723e+00
6.841900000000000546e+02 3.998099999999999987e+00
6.839199999999999591e+02 3.995899999999999785e+00
6.836699999999999591e+02 3.993700000000000028e+00
6.834199999999999591e+02 3.991600000000000037e+00
6.831799999999999500e+02 3.989599999999999813e+00
6.829400000000000546e+02 3.987600000000000033e+00
6.827100000000000364e+02 3.985700000000000021e+00
6.824900000000000091e+02 3.983900000000000219e+00
6.822699999999999818e+02 3.982099999999999973e+00
6.820599999999999454e+02 3.980399999999999938e+00
6.818500000000000227e+02 3.978699999999999903e+00
6.816499999999999773e+02 3.977100000000000080e+00
6.814500000000000455e+02 3.975600000000000023e+00
6.812699999999999818e+02 3.974099999999999966e+00
6.810800000000000409e+02 3.972599999999999909e+00
6.808999999999999773e+02 3.971200000000000063e+00
6.807300000000000182e+02 3.969800000000000217e+00
6.805700000000000500e+02 3.968500000000000139e+00
6.803999999999999773e+02 3.967200000000000060e+00
6.802400000000000091e+02 3.966000000000000192e+00
6.800900000000000318e+02 3.964799999999999880e+00
6.799400000000000546e+02 3.963699999999999779e+00
6.797999999999999545e+02 3.962499999999999911e+00
6.796499999999999773e+02 3.961500000000000021e+00
6.795199999999999818e+02 3.960399999999999920e+00
6.793799999999999955e+02 3.959400000000000031e+00
6.792500000000000000e+02 3.958400000000000141e+00
6.791200000000000045e+02 3.957399999999999807e+00
6.789900000000000091e+02 3.956500000000000128e+00
6.788700000000000045e+02 3.955600000000000005e+00
6.787500000000000000e+02 3.954699999999999882e+00
6.786299999999999955e+02 3.953899999999999970e+00
6.785099999999999909e+02 3.952999999999999847e+00
6.783999999999999773e+02 3.952199999999999935e+00
6.782899999999999636e+02 3.951499999999999790e+00
6.781799999999999500e+02 3.950699999999999878e+00
6.780700000000000500e+02 3.950000000000000178e+00
6.779700000000000273e+02 3.949199999999999822e+00
6.778799999999999955e+02 3.948599999999999888e+00
6.777999999999999545e+02 3.947900000000000187e+00
6.777300000000000182e+02 3.947299999999999809e+00
6.776699999999999591e+02 3.946699999999999875e+00
6.776100000000000136e+02 3.946200000000000152e+00
6.775599999999999454e+02 3.945699999999999985e+00
6.775199999999999818e+02 3.945199999999999818e+00
6.774900000000000091e+02 3.944799999999999862e+00
6.774600000000000364e+02 3.944399999999999906e+00
6.774299999999999500e+02 3.943999999999999950e+00
6.774199999999999591e+02 3.943700000000000205e+00
6.774099999999999682e+02 3.943400000000000016e+00
6.774099999999999682e+02 3.943099999999999827e+00
6.774199999999999591e+02 3.942899999999999849e+00
6.774400000000000546e+02 3.942800000000000082e+00
6.774700000000000273e+02 3.942600000000000104e+00
6.775199999999999818e+02 3.942499999999999893e+00
6.775700000000000500e+02 3.942499999999999893e+00
6.776399999999999864e+02 3.942499999999999893e+00
6.777200000000000273e+02 3.942499999999999893e+00
6.778200000000000500e+02 3.942600000000000104e+00
6.779299999999999500e+02 3.942800000000000082e+00
6.780499999999999545e+02 3.942899999999999849e+00
6.782000000000000455e+02 3.943200000000000038e+00
6.783899999999999864e+02 3.943499999999999783e+00
6.786000000000000227e+02 3.943999999999999950e+00
6.788600000000000136e+02 3.944500000000000117e+00
6.791599999999999682e+02 3.945100000000000051e+00
6.795099999999999909e+02 3.945899999999999963e+00
6.799199999999999591e+02 3.946800000000000086e+00
6.803799999999999955e+02 3.947799999999999976e+00
6.808999999999999773e+02 3.949100000000000055e+00
6.814800000000000182e+02 3.950400000000000134e+00
6.821100000000000136e+02 3.951999999999999957e+00
6.827899999999999636e+02 3.953699999999999992e+00
6.835199999999999818e+02 3.955600000000000005e+00
6.842999999999999545e+02 3.957699999999999996e+00
6.851299999999999955e+02 3.959900000000000198e+00
6.860199999999999818e+02 3.962299999999999933e+00
6.869800000000000182e+02 3.964999999999999858e+00
6.879900000000000091e+02 3.967799999999999994e+00
6.890599999999999454e+02 3.970800000000000107e+00
6.901699999999999591e+02 3.974000000000000199e+00
6.913300000000000409e+02 3.977399999999999824e+00
6.925299999999999727e+02 3.980999999999999872e+00
6.937699999999999818e+02 3.984700000000000131e+00
6.950499999999999545e+02 3.988700000000000134e+00
6.963700000000000045e+02 3.992799999999999905e+00
6.977300000000000182e+02 3.996999999999999886e+00
6.991299999999999955e+02 4.001500000000000057e+00
7.005599999999999454e+02 4.006000000000000227e+00
7.020099999999999909e+02 4.010799999999999699e+00
7.034900000000000091e+02 4.015699999999999825e+00
7.050099999999999909e+02 4.020800000000000374e+00
7.065700000000000500e+02 4.025999999999999801e+00
7.081799999999999500e+02 4.031399999999999650e+00
7.097999999999999545e+02 4.036900000000000155e+00
7.114600000000000364e+02 4.042500000000000426e+00
7.131499999999999773e+02 4.048300000000000232e+00
7.148799999999999955e+02 4.054199999999999804e+00
7.166499999999999773e+02 4.060200000000000031e+00
7.184700000000000273e+02 4.066399999999999793e+00
7.203200000000000500e+02 4.072799999999999976e+00
7.222200000000000273e+02 4.079200000000000159e+00
7.241599999999999682e+02 4.085799999999999876e+00
7.261299999999999955e+02 4.092600000000000016e+00
7.281299999999999955e+02 4.099400000000000155e+00
7.301599999999999682e+02 4.106499999999999595e+00
7.322100000000000364e+02 4.113699999999999690e+00
7.343099999999999454e+02 4.121100000000000207e+00
7.364700000000000273e+02 4.128599999999999604e+00
7.386599999999999682e+02 4.136400000000000077e+00
7.408600000000000136e+02 4.144300000000000317e+00
7.430800000000000409e+02 4.152400000000000091e+00
7.453700000000000045e+02 4.160700000000000287e+00
7.477300000000000182e+02 4.169100000000000250e+00
7.501599999999999682e+02 4.177800000000000402e+00
7.526399999999999864e+02 4.186600000000000321e+00
7.551799999999999500e+02 4.195500000000000007e+00
7.577699999999999818e+02 4.204699999999999882e+00
7.603999999999999773e+02 4.214100000000000179e+00
7.630800000000000409e+02 4.223600000000000243e+00
7.658099999999999454e+02 4.233299999999999841e+00
7.685499999999999545e+02 4.243100000000000094e+00
7.713099999999999454e+02 4.253000000000000114e+00
7.741100000000000136e+02 4.263099999999999667e+00
7.769299999999999500e+02 4.273299999999999876e+00
7.797799999999999727e+02 4.283500000000000085e+00
7.826599999999999682e+02 4.293800000000000061e+00
7.855399999999999636e+02 4.304199999999999804e+00
7.884500000000000455e+02 4.314700000000000202e+00
7.913500000000000227e+02 4.325199999999999712e+00
7.942899999999999636e+02 4.335799999999999876e+00
7.972500000000000000e+02 4.346300000000000274e+00
8.002400000000000091e+02 4.356900000000000439e+00
8.032699999999999818e+02 4.367600000000000371e+00
8.063200000000000500e+02 4.378300000000000303e+00
8.094199999999999591e+02 4.389000000000000234e+00
8.125599999999999454e+02 4.399799999999999933e+00
8.157599999999999909e+02 4.410499999999999865e+00
8.190099999999999909e+02 4.421400000000000219e+00
8.223200000000000500e+02 4.432199999999999918e+00
8.256799999999999500e+02 4.443200000000000038e+00
8.290900000000000318e+02 4.454100000000000392e+00
8.325599999999999454e+02 4.465099999999999625e+00
8.360800000000000409e+02 4.476099999999999746e+00
8.396499999999999773e+02 4.487099999999999866e+00
8.433099999999999454e+02 4.498099999999999987e+00
8.471200000000000045e+02 4.509199999999999875e+00
8.511299999999999955e+02 4.520500000000000185e+00
8.553400000000000318e+02 4.532000000000000028e+00
8.597699999999999818e+02 4.543700000000000294e+00
8.644199999999999591e+02 4.555699999999999861e+00
8.692899999999999636e+02 4.567999999999999616e+00
8.743099999999999454e+02 4.580499999999999794e+00
8.794199999999999591e+02 4.593200000000000394e+00
8.845800000000000409e+02 4.605900000000000105e+00
8.897799999999999727e+02 4.618699999999999584e+00
8.950299999999999727e+02 4.631499999999999950e+00
9.002400000000000091e+02 4.644099999999999895e+00
9.053200000000000500e+02 4.656500000000000306e+00
9.102000000000000455e+02 4.668499999999999872e+00
9.148400000000000318e+02 4.680200000000000138e+00
9.192500000000000000e+02 4.691399999999999793e+00
9.233999999999999773e+02 4.701999999999999957e+00
9.272999999999999545e+02 4.712100000000000399e+00
9.310099999999999909e+02 4.721700000000000230e+00
9.345199999999999818e+02 4.730800000000000338e+00
9.377899999999999636e+02 4.739300000000000068e+00
9.407799999999999727e+02 4.747300000000000075e+00
9.435000000000000000e+02 4.754699999999999704e+00
9.459800000000000182e+02 4.761599999999999611e+00
9.482500000000000000e+02 4.767900000000000027e+00
9.503500000000000227e+02 4.773900000000000254e+00
9.523400000000000318e+02 4.779399999999999871e+00
9.543600000000000136e+02 4.784699999999999953e+00
9.564400000000000546e+02 4.789799999999999613e+00
9.586000000000000227e+02 4.794800000000000395e+00
9.608400000000000318e+02 4.799800000000000288e+00
9.631499999999999773e+02 4.804700000000000415e+00
9.655199999999999818e+02 4.809599999999999653e+00
9.679299999999999500e+02 4.814400000000000013e+00
9.703799999999999955e+02 4.819300000000000139e+00
9.728600000000000136e+02 4.824099999999999611e+00
9.753700000000000045e+02 4.828800000000000203e+00
9.778999999999999773e+02 4.833599999999999675e+00
9.804500000000000455e+02 4.838300000000000267e+00
9.830000000000000000e+02 4.842999999999999972e+00
9.855800000000000409e+02 4.847699999999999676e+00
9.881699999999999591e+02 4.852400000000000269e+00
9.907899999999999636e+02 4.857000000000000206e+00
9.934199999999999591e+02 4.861600000000000144e+00
9.960700000000000500e+02 4.866200000000000081e+00
9.987400000000000091e+02 4.870800000000000018e+00
1.001399999999999977e+03 4.875399999999999956e+00
1.004100000000000023e+03 4.879999999999999893e+00
1.006799999999999955e+03 4.884500000000000064e+00
1.009500000000000000e+03 4.889100000000000001e+00
1.012299999999999955e+03 4.893600000000000172e+00
1.015000000000000000e+03 4.898100000000000342e+00
1.017799999999999955e+03 4.902599999999999625e+00
1.020600000000000023e+03 4.907099999999999795e+00
1.023399999999999977e+03 4.911599999999999966e+00
1.026200000000000045e+03 4.916000000000000369e+00
1.029000000000000000e+03 4.920399999999999885e+00
1.031799999999999955e+03 4.924800000000000288e+00
1.034700000000000045e+03 4.929199999999999804e+00
1.037500000000000000e+03 4.933600000000000207e+00
1.040400000000000091e+03 4.937999999999999723e+00
1.043400000000000091e+03 4.942300000000000360e+00
1.046299999999999955e+03 4.946699999999999875e+00
1.049299999999999955e+03 4.951100000000000279e+00
1.052299999999999955e+03 4.955499999999999794e+00
1.055400000000000091e+03 4.959900000000000198e+00
1.058500000000000000e+03 4.964299999999999713e+00
1.061599999999999909e+03 4.968700000000000117e+00
1.064700000000000045e+03 4.973099999999999632e+00
1.067900000000000091e+03 4.977599999999999802e+00
1.071099999999999909e+03 4.982000000000000206e+00
1.074400000000000091e+03 4.986500000000000377e+00
1.077700000000000045e+03 4.990999999999999659e+00
1.081000000000000000e+03 4.995400000000000063e+00
1.084200000000000045e+03 4.999900000000000233e+00
1.087500000000000000e+03 5.004400000000000404e+00
1.090900000000000091e+03 5.008899999999999686e+00
1.094299999999999955e+03 5.013499999999999623e+00
1.097700000000000045e+03 5.017999999999999794e+00
1.101099999999999909e+03 5.022599999999999731e+00
1.104599999999999909e+03 5.027199999999999669e+00
1.108200000000000045e+03 5.031799999999999606e+00
1.111799999999999955e+03 5.036400000000000432e+00
1.115400000000000091e+03 5.041100000000000136e+00
1.119099999999999909e+03 5.045799999999999841e+00
1.122900000000000091e+03 5.050500000000000433e+00
1.126700000000000045e+03 5.055299999999999905e+00
1.130700000000000045e+03 5.060100000000000264e+00
1.134799999999999955e+03 5.065000000000000391e+00
1.139000000000000000e+03 5.070000000000000284e+00
1.143400000000000091e+03 5.075099999999999945e+00
1.147799999999999955e+03 5.080300000000000260e+00
1.152500000000000000e+03 5.085600000000000342e+00
1.157299999999999955e+03 5.091099999999999959e+00
1.162299999999999955e+03 5.096700000000000230e+00
1.167599999999999909e+03 5.102599999999999802e+00
1.173200000000000045e+03 5.108600000000000030e+00
1.179000000000000000e+03 5.114899999999999558e+00
1.185099999999999909e+03 5.121400000000000396e+00
1.191599999999999909e+03 5.128099999999999881e+00
1.198299999999999955e+03 5.135100000000000442e+00
1.205299999999999955e+03 5.142299999999999649e+00
1.212700000000000045e+03 5.149799999999999933e+00
1.220299999999999955e+03 5.157600000000000406e+00
1.228299999999999955e+03 5.165700000000000180e+00
1.236599999999999909e+03 5.174000000000000377e+00
1.245099999999999909e+03 5.182500000000000107e+00
1.253900000000000091e+03 5.191300000000000026e+00
1.262900000000000091e+03 5.200300000000000367e+00
1.272000000000000000e+03 5.209399999999999586e+00
1.281299999999999955e+03 5.218700000000000117e+00
1.290799999999999955e+03 5.228100000000000414e+00
1.300299999999999955e+03 5.237599999999999589e+00
1.310099999999999909e+03 5.247200000000000308e+00
1.319900000000000091e+03 5.256800000000000139e+00
1.329799999999999955e+03 5.266600000000000392e+00
1.339799999999999955e+03 5.276299999999999990e+00
1.349700000000000045e+03 5.285999999999999588e+00
1.359799999999999955e+03 5.295799999999999841e+00
1.369799999999999955e+03 5.305600000000000094e+00
1.379900000000000091e+03 5.315400000000000347e+00
1.390000000000000000e+03 5.325400000000000134e+00
1.400200000000000045e+03 5.335499999999999687e+00
1.410299999999999955e+03 5.345600000000000129e+00
1.420400000000000091e+03 5.355900000000000105e+00
1.430299999999999955e+03 5.366299999999999848e+00
1.440299999999999955e+03 5.376800000000000246e+00
1.450200000000000045e+03 5.387400000000000411e+00
1.460000000000000000e+03 5.397999999999999687e+00
1.469799999999999955e+03 5.408800000000000274e+00
1.479599999999999909e+03 5.419699999999999740e+00
1.489500000000000000e+03 5.430699999999999861e+00
1.499500000000000000e+03 5.441699999999999982e+00
1.509599999999999909e+03 5.452700000000000102e+00
1.519700000000000045e+03 5.464000000000000412e+00
1.530099999999999909e+03 5.475399999999999601e+00
1.540900000000000091e+03 5.487099999999999866e+00
1.551799999999999955e+03 5.499100000000000321e+00
1.563000000000000000e+03 5.511300000000000310e+00
1.574400000000000091e+03 5.523900000000000254e+00
1.586000000000000000e+03 5.536699999999999733e+00
1.597799999999999955e+03 5.549800000000000288e+00
1.609799999999999955e+03 5.563100000000000378e+00
1.621900000000000091e+03 5.576699999999999768e+00
1.634099999999999909e+03 5.590499999999999581e+00
1.646500000000000000e+03 5.604400000000000048e+00
1.659000000000000000e+03 5.618500000000000050e+00
1.671599999999999909e+03 5.632799999999999585e+00
1.684200000000000045e+03 5.647100000000000009e+00
1.696799999999999955e+03 5.661500000000000199e+00
1.709500000000000000e+03 5.676000000000000156e+00
1.722099999999999909e+03 5.690400000000000347e+00
1.734900000000000091e+03 5.704900000000000304e+00
1.747599999999999909e+03 5.719400000000000261e+00
1.760400000000000091e+03 5.733999999999999986e+00
1.773000000000000000e+03 5.748499999999999943e+00
1.785099999999999909e+03 5.762699999999999712e+00
1.796700000000000045e+03 5.776699999999999946e+00
1.808599999999999909e+03 5.790600000000000414e+00
1.821400000000000091e+03 5.804800000000000182e+00
1.834599999999999909e+03 5.819099999999999717e+00
1.848200000000000045e+03 5.833700000000000330e+00
1.862299999999999955e+03 5.848600000000000243e+00
1.877000000000000000e+03 5.863800000000000345e+00
1.892299999999999955e+03 5.879500000000000171e+00
1.908200000000000045e+03 5.895599999999999952e+00
1.924799999999999955e+03 5.912200000000000344e+00
1.942000000000000000e+03 5.929299999999999571e+00
1.959799999999999955e+03 5.947000000000000064e+00
1.977099999999999909e+03 5.964699999999999669e+00
1.993200000000000045e+03 5.982199999999999740e+00
2.008299999999999955e+03 5.998999999999999666e+00
2.022799999999999955e+03 6.015299999999999869e+00
2.036200000000000045e+03 6.030899999999999928e+00
2.048599999999999909e+03 6.045799999999999841e+00
2.060099999999999909e+03 6.059899999999999842e+00
2.071199999999999818e+03 6.073299999999999699e+00
2.081900000000000091e+03 6.086100000000000065e+00
2.092500000000000000e+03 6.098499999999999588e+00
2.103800000000000182e+03 6.110899999999999999e+00
2.115300000000000182e+03 6.123199999999999754e+00
2.126800000000000182e+03 6.135500000000000398e+00
2.138300000000000182e+03 6.147800000000000153e+00
2.149900000000000091e+03 6.160099999999999909e+00
2.161300000000000182e+03 6.172399999999999665e+00
2.172599999999999909e+03 6.184499999999999886e+00
2.183699999999999818e+03 6.196500000000000341e+00
2.194500000000000000e+03 6.208300000000000374e+00
2.205000000000000000e+03 6.219999999999999751e+00
2.214500000000000000e+03 6.231200000000000294e+00
2.222099999999999909e+03 6.241600000000000037e+00
2.271199999999999818e+03 6.264000000000000234e+00
2.310800000000000182e+03 6.293000000000000149e+00
2.351800000000000182e+03 6.324300000000000033e+00
2.408900000000000091e+03 6.363999999999999879e+00
2.456900000000000091e+03 6.405100000000000016e+00
2.499199999999999818e+03 6.445400000000000240e+00
2.538199999999999818e+03 6.484300000000000175e+00
2.574099999999999909e+03 6.521700000000000053e+00
2.607900000000000091e+03 6.557800000000000296e+00
2.639699999999999818e+03 6.592600000000000016e+00
2.669300000000000182e+03 6.626199999999999868e+00
2.698400000000000091e+03 6.658999999999999808e+00
2.727500000000000000e+03 6.691600000000000215e+00
2.756099999999999909e+03 6.724000000000000199e+00
2.784099999999999909e+03 6.756300000000000416e+00
2.811300000000000182e+03 6.788299999999999557e+00
2.834800000000000182e+03 6.819300000000000139e+00
2.856400000000000091e+03 6.849199999999999733e+00
2.877500000000000000e+03 6.878599999999999604e+00
2.898099999999999909e+03 6.907499999999999751e+00
2.918199999999999818e+03 6.935999999999999943e+00
2.937599999999999909e+03 6.964199999999999946e+00
2.956500000000000000e+03 6.991900000000000226e+00
2.974800000000000182e+03 7.019000000000000128e+00
2.992500000000000000e+03 7.045600000000000307e+00
3.009599999999999909e+03 7.071500000000000341e+00
3.026000000000000000e+03 7.096899999999999764e+00
3.041900000000000091e+03 7.121500000000000163e+00
3.056699999999999818e+03 7.145199999999999996e+00
3.070800000000000182e+03 7.168099999999999916e+00
3.084300000000000182e+03 7.190100000000000158e+00
3.097199999999999818e+03 7.211199999999999832e+00
3.109500000000000000e+03 7.231600000000000250e+00
3.121199999999999818e+03 7.251199999999999868e+00
3.132300000000000182e+03 7.269899999999999807e+00
3.142800000000000182e+03 7.287899999999999601e+00
3.152900000000000091e+03 7.305100000000000371e+00
3.162400000000000091e+03 7.321399999999999686e+00
3.171400000000000091e+03 7.337100000000000399e+00
3.180000000000000000e+03 7.351899999999999658e+00
3.188199999999999818e+03 7.366100000000000314e+00
3.195900000000000091e+03 7.379500000000000171e+00
3.203199999999999818e+03 7.392299999999999649e+00
3.210000000000000000e+03 7.404399999999999871e+00
3.216400000000000091e+03 7.415899999999999714e+00
3.222400000000000091e+03 7.426800000000000068e+00
3.228000000000000000e+03 7.437100000000000044e+00
3.233300000000000182e+03 7.446799999999999642e+00
3.238199999999999818e+03 7.456000000000000405e+00
3.242699999999999818e+03 7.464599999999999902e+00
3.246900000000000091e+03 7.472699999999999676e+00
3.250800000000000182e+03 7.480400000000000382e+00
3.254400000000000091e+03 7.487599999999999589e+00
3.257699999999999818e+03 7.494299999999999962e+00
3.260699999999999818e+03 7.500600000000000378e+00
3.263400000000000091e+03 7.506400000000000183e+00
3.265699999999999818e+03 7.511800000000000033e+00
3.267599999999999909e+03 7.516700000000000159e+00
3.269199999999999818e+03 7.521200000000000330e+00
3.270500000000000000e+03 7.525299999999999656e+00
3.271300000000000182e+03 7.528900000000000148e+00
3.271699999999999818e+03 7.532000000000000028e+00
