8.419600000000000364e+02 5.624200000000000088e+00
8.206900000000000546e+02 5.596499999999999808e+00
8.046599999999999682e+02 5.577099999999999724e+00
7.897999999999999545e+02 5.559000000000000163e+00
7.786000000000000227e+02 5.543199999999999683e+00
7.699700000000000273e+02 5.528999999999999915e+00
7.628600000000000136e+02 5.516000000000000014e+00
7.565499999999999545e+02 5.503499999999999837e+00
7.505499999999999545e+02 5.491299999999999848e+00
7.446200000000000045e+02 5.479000000000000092e+00
7.387100000000000364e+02 5.466400000000000148e+00
7.328700000000000045e+02 5.453800000000000203e+00
7.272599999999999909e+02 5.441099999999999604e+00
7.218700000000000045e+02 5.428300000000000125e+00
7.168099999999999454e+02 5.415600000000000414e+00
7.122000000000000455e+02 5.403100000000000236e+00
7.080299999999999727e+02 5.390900000000000247e+00
7.042899999999999636e+02 5.378999999999999559e+00
7.009400000000000546e+02 5.367499999999999716e+00
6.979299999999999500e+02 5.356399999999999828e+00
6.952699999999999818e+02 5.345699999999999896e+00
6.929400000000000546e+02 5.335399999999999920e+00
6.908999999999999773e+02 5.325499999999999901e+00
6.891100000000000136e+02 5.316099999999999604e+00
6.875399999999999636e+02 5.307100000000000151e+00
6.861399999999999864e+02 5.298399999999999999e+00
6.848700000000000045e+02 5.290099999999999802e+00
6.837400000000000091e+02 5.282099999999999795e+00
6.827200000000000273e+02 5.274499999999999744e+00
6.818099999999999454e+02 5.267100000000000115e+00
6.809800000000000182e+02 5.259999999999999787e+00
6.802400000000000091e+02 5.253199999999999648e+00
6.795900000000000318e+02 5.246699999999999697e+00
6.790099999999999909e+02 5.240400000000000169e+00
6.784900000000000091e+02 5.234399999999999942e+00
6.780299999999999727e+02 5.228600000000000136e+00
6.776299999999999955e+02 5.222999999999999865e+00
6.772799999999999727e+02 5.217699999999999783e+00
6.769800000000000182e+02 5.212600000000000122e+00
6.767200000000000273e+02 5.207600000000000229e+00
6.764900000000000091e+02 5.202799999999999869e+00
6.762699999999999818e+02 5.198199999999999932e+00
6.760700000000000500e+02 5.193800000000000416e+00
6.758999999999999773e+02 5.189600000000000435e+00
6.757500000000000000e+02 5.185500000000000220e+00
6.756100000000000136e+02 5.181499999999999773e+00
6.754900000000000091e+02 5.177699999999999747e+00
6.753799999999999955e+02 5.174000000000000377e+00
6.752899999999999636e+02 5.170499999999999652e+00
6.752000000000000455e+02 5.167099999999999582e+00
6.751200000000000045e+02 5.163800000000000168e+00
6.750299999999999727e+02 5.160599999999999632e+00
6.749500000000000455e+02 5.157499999999999751e+00
6.748799999999999955e+02 5.154600000000000293e+00
6.748099999999999454e+02 5.151699999999999946e+00
6.747500000000000000e+02 5.148900000000000254e+00
6.746900000000000546e+02 5.146300000000000097e+00
6.746299999999999955e+02 5.143699999999999939e+00
6.745700000000000500e+02 5.141200000000000436e+00
6.745099999999999909e+02 5.138799999999999812e+00
6.744600000000000364e+02 5.136400000000000077e+00
6.743999999999999773e+02 5.134199999999999875e+00
6.743500000000000227e+02 5.131999999999999673e+00
6.742899999999999636e+02 5.129800000000000360e+00
6.742400000000000091e+02 5.127799999999999692e+00
6.741799999999999500e+02 5.125799999999999912e+00
6.741299999999999955e+02 5.123899999999999899e+00
6.740800000000000409e+02 5.121999999999999886e+00
6.740199999999999818e+02 5.120199999999999640e+00
6.739700000000000273e+02 5.118400000000000283e+00
6.739099999999999682e+02 5.116699999999999804e+00
6.738600000000000136e+02 5.115099999999999980e+00
6.737999999999999545e+02 5.113500000000000156e+00
6.737400000000000091e+02 5.111900000000000333e+00
6.736799999999999500e+02 5.110400000000000276e+00
6.736200000000000045e+02 5.108999999999999986e+00
6.735599999999999454e+02 5.107499999999999929e+00
6.735000000000000000e+02 5.106200000000000294e+00
6.734400000000000546e+02 5.104899999999999771e+00
6.733799999999999955e+02 5.103600000000000136e+00
6.733200000000000500e+02 5.102299999999999613e+00
6.732500000000000000e+02 5.101099999999999746e+00
6.731900000000000546e+02 5.099899999999999878e+00
6.731299999999999955e+02 5.098799999999999777e+00
6.730700000000000500e+02 5.097599999999999909e+00
6.730099999999999909e+02 5.096599999999999575e+00
6.729400000000000546e+02 5.095500000000000362e+00
6.728799999999999955e+02 5.094500000000000028e+00
6.728200000000000500e+02 5.093499999999999694e+00
6.727500000000000000e+02 5.092500000000000249e+00
6.726900000000000546e+02 5.091599999999999682e+00
6.726299999999999955e+02 5.090700000000000003e+00
6.725599999999999454e+02 5.089800000000000324e+00
6.725000000000000000e+02 5.089000000000000412e+00
6.724400000000000546e+02 5.088199999999999612e+00
6.723799999999999955e+02 5.087299999999999933e+00
6.723099999999999454e+02 5.086599999999999788e+00
6.722500000000000000e+02 5.085799999999999876e+00
6.721900000000000546e+02 5.084999999999999964e+00
6.721200000000000045e+02 5.084299999999999820e+00
6.720599999999999454e+02 5.083599999999999675e+00
6.720000000000000000e+02 5.082900000000000418e+00
6.719299999999999500e+02 5.082200000000000273e+00
6.718700000000000045e+02 5.081599999999999895e+00
6.717999999999999545e+02 5.080899999999999750e+00
6.717400000000000091e+02 5.080300000000000260e+00
6.716699999999999591e+02 5.079699999999999882e+00
6.716000000000000227e+02 5.079100000000000392e+00
6.715299999999999727e+02 5.078500000000000014e+00
6.714800000000000182e+02 5.077899999999999636e+00
6.714400000000000546e+02 5.077399999999999913e+00
6.714099999999999682e+02 5.076999999999999957e+00
6.713899999999999864e+02 5.076600000000000001e+00
6.713700000000000045e+02 5.076200000000000045e+00
6.713600000000000136e+02 5.075899999999999856e+00
6.713500000000000227e+02 5.075599999999999667e+00
6.713500000000000227e+02 5.075300000000000367e+00
6.713500000000000227e+02 5.075099999999999945e+00
6.713500000000000227e+02 5.074900000000000411e+00
6.713700000000000045e+02 5.074699999999999989e+00
6.713999999999999773e+02 5.074600000000000222e+00
6.714299999999999500e+02 5.074499999999999567e+00
6.714900000000000091e+02 5.074499999999999567e+00
6.715599999999999454e+02 5.074499999999999567e+00
6.716399999999999864e+02 5.074499999999999567e+00
6.717400000000000091e+02 5.074699999999999989e+00
6.718600000000000136e+02 5.074799999999999756e+00
6.719900000000000091e+02 5.075099999999999945e+00
6.721399999999999864e+02 5.075300000000000367e+00
6.723099999999999454e+02 5.075700000000000323e+00
6.724900000000000091e+02 5.076100000000000279e+00
6.727000000000000455e+02 5.076600000000000001e+00
6.729400000000000546e+02 5.077200000000000379e+00
6.732200000000000273e+02 5.077799999999999869e+00
6.735499999999999545e+02 5.078700000000000436e+00
6.739400000000000546e+02 5.079699999999999882e+00
6.744199999999999591e+02 5.080899999999999750e+00
6.750099999999999909e+02 5.082300000000000040e+00
6.757200000000000273e+02 5.083999999999999631e+00
6.765000000000000000e+02 5.085899999999999643e+00
6.773500000000000227e+02 5.088099999999999845e+00
6.782799999999999727e+02 5.090499999999999581e+00
6.792699999999999818e+02 5.093099999999999739e+00
6.803099999999999454e+02 5.096000000000000085e+00
6.813999999999999773e+02 5.099000000000000199e+00
6.825499999999999545e+02 5.102299999999999613e+00
6.837500000000000000e+02 5.105800000000000338e+00
6.850399999999999636e+02 5.109499999999999709e+00
6.864299999999999500e+02 5.113599999999999923e+00
6.879099999999999682e+02 5.117899999999999672e+00
6.894099999999999682e+02 5.122399999999999842e+00
6.909400000000000546e+02 5.127100000000000435e+00
6.925000000000000000e+02 5.131999999999999673e+00
6.940800000000000409e+02 5.136999999999999567e+00
6.956900000000000546e+02 5.142299999999999649e+00
6.973400000000000318e+02 5.147700000000000387e+00
6.990199999999999818e+02 5.153299999999999770e+00
7.007000000000000455e+02 5.158999999999999808e+00
7.024299999999999500e+02 5.164900000000000269e+00
7.041499999999999773e+02 5.170899999999999608e+00
7.058899999999999864e+02 5.176999999999999602e+00
7.076699999999999591e+02 5.183200000000000252e+00
7.095000000000000000e+02 5.189600000000000435e+00
7.113899999999999864e+02 5.196100000000000385e+00
7.133400000000000318e+02 5.202799999999999869e+00
7.152599999999999909e+02 5.209699999999999775e+00
7.172100000000000364e+02 5.216700000000000337e+00
7.191599999999999682e+02 5.223900000000000432e+00
7.211299999999999955e+02 5.231099999999999639e+00
7.231200000000000045e+02 5.238500000000000156e+00
7.251200000000000045e+02 5.245899999999999785e+00
7.271599999999999682e+02 5.253499999999999837e+00
7.292200000000000273e+02 5.261099999999999888e+00
7.313200000000000500e+02 5.268799999999999706e+00
7.334700000000000273e+02 5.276600000000000179e+00
7.356499999999999773e+02 5.284500000000000419e+00
7.378500000000000227e+02 5.292399999999999771e+00
7.401000000000000227e+02 5.300399999999999778e+00
7.423899999999999864e+02 5.308500000000000441e+00
7.447200000000000273e+02 5.316699999999999982e+00
7.470900000000000318e+02 5.325000000000000178e+00
7.495000000000000000e+02 5.333300000000000374e+00
7.519400000000000546e+02 5.341599999999999682e+00
7.543899999999999864e+02 5.350100000000000300e+00
7.568799999999999955e+02 5.358600000000000030e+00
7.594299999999999500e+02 5.367099999999999760e+00
7.620299999999999727e+02 5.375700000000000145e+00
7.646699999999999591e+02 5.384299999999999642e+00
7.673300000000000409e+02 5.392900000000000027e+00
7.700199999999999818e+02 5.401500000000000412e+00
7.727300000000000182e+02 5.410099999999999909e+00
7.754500000000000455e+02 5.418599999999999639e+00
7.781399999999999864e+02 5.426999999999999602e+00
7.807599999999999909e+02 5.435299999999999798e+00
7.833899999999999864e+02 5.443500000000000227e+00
7.860299999999999727e+02 5.451600000000000001e+00
7.886699999999999591e+02 5.459600000000000009e+00
7.913099999999999454e+02 5.467500000000000249e+00
7.938999999999999773e+02 5.475399999999999601e+00
7.965000000000000000e+02 5.483100000000000307e+00
7.991000000000000227e+02 5.490800000000000125e+00
8.017000000000000455e+02 5.498300000000000409e+00
8.043300000000000409e+02 5.505799999999999805e+00
8.069800000000000182e+02 5.513099999999999667e+00
8.096499999999999773e+02 5.520299999999999763e+00
8.123700000000000045e+02 5.527400000000000091e+00
8.151200000000000045e+02 5.534399999999999764e+00
8.179199999999999591e+02 5.541199999999999903e+00
8.207699999999999818e+02 5.548000000000000043e+00
8.236599999999999682e+02 5.554599999999999760e+00
8.266000000000000227e+02 5.561200000000000365e+00
8.295900000000000318e+02 5.567700000000000315e+00
8.326399999999999864e+02 5.574099999999999611e+00
8.357300000000000182e+02 5.580300000000000260e+00
8.388799999999999955e+02 5.586500000000000021e+00
8.420599999999999454e+02 5.592699999999999783e+00
8.452899999999999636e+02 5.598700000000000010e+00
8.487300000000000182e+02 5.604800000000000004e+00
8.525399999999999636e+02 5.610999999999999766e+00
8.566799999999999500e+02 5.617499999999999716e+00
8.610900000000000318e+02 5.624100000000000321e+00
8.657599999999999909e+02 5.630899999999999572e+00
8.706499999999999773e+02 5.637900000000000134e+00
8.757300000000000182e+02 5.644899999999999807e+00
8.807500000000000000e+02 5.651900000000000368e+00
8.856799999999999500e+02 5.658699999999999619e+00
8.905599999999999454e+02 5.665399999999999991e+00
8.954299999999999500e+02 5.671999999999999709e+00
9.003200000000000500e+02 5.678499999999999659e+00
9.051200000000000045e+02 5.684800000000000075e+00
9.096399999999999864e+02 5.690800000000000303e+00
9.138999999999999773e+02 5.696500000000000341e+00
9.177300000000000182e+02 5.701800000000000423e+00
9.211799999999999500e+02 5.706699999999999662e+00
9.243600000000000136e+02 5.711199999999999832e+00
9.273300000000000409e+02 5.715499999999999581e+00
9.301599999999999682e+02 5.719500000000000028e+00
9.328500000000000227e+02 5.723300000000000054e+00
9.351900000000000546e+02 5.726799999999999891e+00
9.372000000000000455e+02 5.729899999999999771e+00
9.389600000000000364e+02 5.732700000000000351e+00
9.405299999999999727e+02 5.735299999999999621e+00
9.419800000000000182e+02 5.737700000000000244e+00
9.433300000000000409e+02 5.739799999999999791e+00
9.447500000000000000e+02 5.741999999999999993e+00
9.464600000000000364e+02 5.744100000000000428e+00
9.484400000000000546e+02 5.746500000000000163e+00
9.506000000000000227e+02 5.748899999999999899e+00
9.528899999999999864e+02 5.751400000000000290e+00
9.552799999999999727e+02 5.753899999999999793e+00
9.577300000000000182e+02 5.756499999999999950e+00
9.602300000000000182e+02 5.759100000000000108e+00
9.627699999999999818e+02 5.761700000000000266e+00
9.653300000000000409e+02 5.764300000000000423e+00
9.679099999999999682e+02 5.766899999999999693e+00
9.705199999999999818e+02 5.769499999999999851e+00
9.731499999999999773e+02 5.772199999999999775e+00
9.757999999999999545e+02 5.774799999999999933e+00
9.784800000000000182e+02 5.777400000000000091e+00
9.811699999999999591e+02 5.780100000000000016e+00
9.838799999999999955e+02 5.782700000000000173e+00
9.866100000000000136e+02 5.785400000000000098e+00
9.893600000000000136e+02 5.788000000000000256e+00
9.921200000000000045e+02 5.790700000000000180e+00
9.948999999999999773e+02 5.793300000000000338e+00
9.976900000000000546e+02 5.796000000000000263e+00
1.000500000000000000e+03 5.798700000000000188e+00
1.003299999999999955e+03 5.801300000000000345e+00
1.006200000000000045e+03 5.804000000000000270e+00
1.009000000000000000e+03 5.806700000000000195e+00
1.011899999999999977e+03 5.809300000000000352e+00
1.014799999999999955e+03 5.812000000000000277e+00
1.017700000000000045e+03 5.814700000000000202e+00
1.020500000000000000e+03 5.817300000000000360e+00
1.023399999999999977e+03 5.820000000000000284e+00
1.026400000000000091e+03 5.822600000000000442e+00
1.029299999999999955e+03 5.825300000000000367e+00
1.032200000000000045e+03 5.827899999999999636e+00
1.035200000000000045e+03 5.830599999999999561e+00
1.038200000000000045e+03 5.833300000000000374e+00
1.041299999999999955e+03 5.836000000000000298e+00
1.044400000000000091e+03 5.838700000000000223e+00
1.047599999999999909e+03 5.841400000000000148e+00
1.050799999999999955e+03 5.844199999999999839e+00
1.054000000000000000e+03 5.847000000000000419e+00
1.057200000000000045e+03 5.849800000000000111e+00
1.060500000000000000e+03 5.852599999999999802e+00
1.063900000000000091e+03 5.855400000000000382e+00
1.067200000000000045e+03 5.858299999999999841e+00
1.070599999999999909e+03 5.861200000000000188e+00
1.074000000000000000e+03 5.864099999999999646e+00
1.077400000000000091e+03 5.866900000000000226e+00
1.080900000000000091e+03 5.869799999999999685e+00
1.084299999999999955e+03 5.872799999999999798e+00
1.087799999999999955e+03 5.875700000000000145e+00
1.091400000000000091e+03 5.878700000000000259e+00
1.094900000000000091e+03 5.881599999999999717e+00
1.098500000000000000e+03 5.884599999999999831e+00
1.102200000000000045e+03 5.887699999999999712e+00
1.105900000000000091e+03 5.890699999999999825e+00
1.109599999999999909e+03 5.893799999999999706e+00
1.113500000000000000e+03 5.896899999999999586e+00
1.117400000000000091e+03 5.900100000000000122e+00
1.121400000000000091e+03 5.903299999999999770e+00
1.125500000000000000e+03 5.906600000000000072e+00
1.129700000000000045e+03 5.910000000000000142e+00
1.134099999999999909e+03 5.913499999999999979e+00
1.138599999999999909e+03 5.917099999999999582e+00
1.143299999999999955e+03 5.920799999999999841e+00
1.148200000000000045e+03 5.924699999999999633e+00
1.153200000000000045e+03 5.928799999999999848e+00
1.158500000000000000e+03 5.933099999999999596e+00
1.164099999999999909e+03 5.937700000000000422e+00
1.170000000000000000e+03 5.942400000000000126e+00
1.176200000000000045e+03 5.947400000000000020e+00
1.182700000000000045e+03 5.952600000000000335e+00
1.189599999999999909e+03 5.958099999999999952e+00
1.196700000000000045e+03 5.963799999999999990e+00
1.204200000000000045e+03 5.969699999999999562e+00
1.212099999999999909e+03 5.975999999999999979e+00
1.220200000000000045e+03 5.982599999999999696e+00
1.228700000000000045e+03 5.989499999999999602e+00
1.237500000000000000e+03 5.996699999999999697e+00
1.246500000000000000e+03 6.004199999999999982e+00
1.255799999999999955e+03 6.012100000000000222e+00
1.265299999999999955e+03 6.020199999999999996e+00
1.275000000000000000e+03 6.028599999999999959e+00
1.284700000000000045e+03 6.037300000000000111e+00
1.294500000000000000e+03 6.046299999999999564e+00
1.304400000000000091e+03 6.055600000000000094e+00
1.314400000000000091e+03 6.065199999999999925e+00
1.324500000000000000e+03 6.075199999999999712e+00
1.334599999999999909e+03 6.085399999999999920e+00
1.344900000000000091e+03 6.096000000000000085e+00
1.355000000000000000e+03 6.106900000000000439e+00
1.365200000000000045e+03 6.118000000000000327e+00
1.375400000000000091e+03 6.129400000000000404e+00
1.385700000000000045e+03 6.141099999999999781e+00
1.396200000000000045e+03 6.152999999999999581e+00
1.406599999999999909e+03 6.165199999999999569e+00
1.417099999999999909e+03 6.177599999999999980e+00
1.427599999999999909e+03 6.190400000000000347e+00
1.438000000000000000e+03 6.203299999999999592e+00
1.448400000000000091e+03 6.216499999999999915e+00
1.458599999999999909e+03 6.229899999999999771e+00
1.468799999999999955e+03 6.243599999999999817e+00
1.479000000000000000e+03 6.257600000000000051e+00
1.489099999999999909e+03 6.271700000000000053e+00
1.499200000000000045e+03 6.286100000000000243e+00
1.509299999999999955e+03 6.300799999999999734e+00
1.519500000000000000e+03 6.315699999999999648e+00
1.529799999999999955e+03 6.330899999999999750e+00
1.540299999999999955e+03 6.346400000000000041e+00
1.551000000000000000e+03 6.362199999999999633e+00
1.562599999999999909e+03 6.378099999999999881e+00
1.574299999999999955e+03 6.394300000000000317e+00
1.586200000000000045e+03 6.410899999999999821e+00
1.598400000000000091e+03 6.428099999999999703e+00
1.610700000000000045e+03 6.445700000000000429e+00
1.623299999999999955e+03 6.463799999999999990e+00
1.635900000000000091e+03 6.482400000000000162e+00
1.648500000000000000e+03 6.501400000000000290e+00
1.661200000000000045e+03 6.520800000000000374e+00
1.674099999999999909e+03 6.540399999999999991e+00
1.687000000000000000e+03 6.560299999999999798e+00
1.699900000000000091e+03 6.580499999999999794e+00
1.712799999999999955e+03 6.600799999999999557e+00
1.725599999999999909e+03 6.621299999999999741e+00
1.738200000000000045e+03 6.641899999999999693e+00
1.750900000000000091e+03 6.662600000000000300e+00
1.763599999999999909e+03 6.683500000000000441e+00
1.776400000000000091e+03 6.704500000000000348e+00
1.789200000000000045e+03 6.725699999999999790e+00
1.801900000000000091e+03 6.746999999999999886e+00
1.813599999999999909e+03 6.767800000000000260e+00
1.824200000000000045e+03 6.787700000000000067e+00
1.835799999999999955e+03 6.807699999999999640e+00
1.849099999999999909e+03 6.827700000000000102e+00
1.863000000000000000e+03 6.847800000000000331e+00
1.877299999999999955e+03 6.868500000000000050e+00
1.892299999999999955e+03 6.889899999999999913e+00
1.908000000000000000e+03 6.911999999999999922e+00
1.924500000000000000e+03 6.934800000000000075e+00
1.941599999999999909e+03 6.958400000000000141e+00
1.959500000000000000e+03 6.982899999999999885e+00
1.978000000000000000e+03 7.008200000000000429e+00
1.997200000000000045e+03 7.034200000000000230e+00
2.015099999999999909e+03 7.060200000000000031e+00
2.030400000000000091e+03 7.084699999999999775e+00
2.043900000000000091e+03 7.107700000000000351e+00
2.057300000000000182e+03 7.129800000000000360e+00
2.069000000000000000e+03 7.150599999999999845e+00
2.079300000000000182e+03 7.169999999999999929e+00
2.088900000000000091e+03 7.187999999999999723e+00
2.098300000000000182e+03 7.205199999999999605e+00
2.107699999999999818e+03 7.221799999999999997e+00
2.117199999999999818e+03 7.238000000000000433e+00
2.128300000000000182e+03 7.253800000000000026e+00
2.140000000000000000e+03 7.269300000000000317e+00
2.151500000000000000e+03 7.284799999999999720e+00
2.163000000000000000e+03 7.300200000000000244e+00
2.174500000000000000e+03 7.315599999999999881e+00
2.186099999999999909e+03 7.330899999999999750e+00
2.197000000000000000e+03 7.345799999999999663e+00
2.207800000000000182e+03 7.360699999999999577e+00
2.218300000000000182e+03 7.375200000000000422e+00
2.228300000000000182e+03 7.389199999999999768e+00
2.237199999999999818e+03 7.402599999999999625e+00
2.242000000000000000e+03 7.413700000000000401e+00
2.309099999999999909e+03 7.444799999999999862e+00
2.385599999999999909e+03 7.507600000000000051e+00
2.412000000000000000e+03 7.544999999999999929e+00
2.505599999999999909e+03 7.611200000000000188e+00
2.554699999999999818e+03 7.667099999999999582e+00
2.593099999999999909e+03 7.716400000000000148e+00
2.626900000000000091e+03 7.761099999999999888e+00
2.658500000000000000e+03 7.802599999999999980e+00
2.688300000000000182e+03 7.841400000000000148e+00
2.717000000000000000e+03 7.878199999999999648e+00
2.742800000000000182e+03 7.912899999999999601e+00
2.769500000000000000e+03 7.946600000000000108e+00
2.797800000000000182e+03 7.980199999999999960e+00
2.825900000000000091e+03 8.013199999999999434e+00
2.853300000000000182e+03 8.045600000000000307e+00
2.879699999999999818e+03 8.077099999999999724e+00
2.902500000000000000e+03 8.108000000000000540e+00
2.920199999999999818e+03 8.139599999999999724e+00
2.940000000000000000e+03 8.170700000000000074e+00
2.959500000000000000e+03 8.201399999999999579e+00
2.978500000000000000e+03 8.231299999999999173e+00
2.997000000000000000e+03 8.260600000000000165e+00
3.014800000000000182e+03 8.289199999999999235e+00
3.031900000000000091e+03 8.317000000000000171e+00
3.048300000000000182e+03 8.344099999999999184e+00
3.064000000000000000e+03 8.370400000000000063e+00
3.079000000000000000e+03 8.395899999999999253e+00
3.093400000000000091e+03 8.420600000000000307e+00
3.106199999999999818e+03 8.444100000000000605e+00
3.118300000000000182e+03 8.466499999999999915e+00
3.129800000000000182e+03 8.487999999999999545e+00
3.140800000000000182e+03 8.508599999999999497e+00
3.151199999999999818e+03 8.528399999999999537e+00
3.161099999999999909e+03 8.547200000000000131e+00
3.170400000000000091e+03 8.565300000000000580e+00
3.179199999999999818e+03 8.582599999999999341e+00
3.187500000000000000e+03 8.599199999999999733e+00
3.195300000000000182e+03 8.614900000000000446e+00
3.202599999999999909e+03 8.629899999999999238e+00
3.209599999999999909e+03 8.644199999999999662e+00
3.216099999999999909e+03 8.657799999999999940e+00
3.222199999999999818e+03 8.670700000000000074e+00
3.227900000000000091e+03 8.682900000000000063e+00
3.233199999999999818e+03 8.694399999999999906e+00
3.238199999999999818e+03 8.705299999999999372e+00
3.242800000000000182e+03 8.715600000000000236e+00
3.247000000000000000e+03 8.725300000000000722e+00
3.250900000000000091e+03 8.734400000000000830e+00
3.254599999999999909e+03 8.742900000000000560e+00
3.257900000000000091e+03 8.750999999999999446e+00
3.260900000000000091e+03 8.758499999999999730e+00
3.263699999999999818e+03 8.765499999999999403e+00
3.266199999999999818e+03 8.772000000000000242e+00
3.268500000000000000e+03 8.778100000000000236e+00
3.270400000000000091e+03 8.783799999999999386e+00
3.272099999999999909e+03 8.788899999999999935e+00
3.273400000000000091e+03 8.793599999999999639e+00
3.274300000000000182e+03 8.797800000000000509e+00
3.274900000000000091e+03 8.801500000000000767e+00
3.275199999999999818e+03 8.804700000000000415e+00
