8.609900000000000091e+02 5.149799999999999933e+00
8.451699999999999591e+02 5.148900000000000254e+00
8.222599999999999909e+02 5.136999999999999567e+00
8.064099999999999682e+02 5.125300000000000189e+00
7.943999999999999773e+02 5.113299999999999734e+00
7.850000000000000000e+02 5.101399999999999935e+00
7.773300000000000409e+02 5.089900000000000091e+00
7.707300000000000182e+02 5.078700000000000436e+00
7.646599999999999682e+02 5.067800000000000082e+00
7.588500000000000227e+02 5.056799999999999962e+00
7.531399999999999864e+02 5.045700000000000074e+00
7.474400000000000546e+02 5.034500000000000419e+00
7.419199999999999591e+02 5.023100000000000342e+00
7.365700000000000500e+02 5.011599999999999611e+00
7.314400000000000546e+02 5.000099999999999767e+00
7.266900000000000546e+02 4.988599999999999923e+00
7.223200000000000500e+02 4.977199999999999847e+00
7.183300000000000409e+02 4.966000000000000192e+00
7.147100000000000364e+02 4.954900000000000304e+00
7.114099999999999682e+02 4.944099999999999717e+00
7.084500000000000455e+02 4.933600000000000207e+00
7.057999999999999545e+02 4.923300000000000232e+00
7.034400000000000546e+02 4.913400000000000212e+00
7.013300000000000409e+02 4.903699999999999726e+00
6.994400000000000546e+02 4.894400000000000084e+00
6.977400000000000091e+02 4.885500000000000398e+00
6.962000000000000455e+02 4.876800000000000246e+00
6.948099999999999454e+02 4.868400000000000283e+00
6.935599999999999454e+02 4.860299999999999621e+00
6.923799999999999955e+02 4.852400000000000269e+00
6.912899999999999636e+02 4.844899999999999984e+00
6.903099999999999454e+02 4.837699999999999889e+00
6.894400000000000546e+02 4.830700000000000216e+00
6.886499999999999773e+02 4.823900000000000077e+00
6.879400000000000546e+02 4.817400000000000126e+00
6.872699999999999818e+02 4.811099999999999710e+00
6.866900000000000546e+02 4.804899999999999949e+00
6.861699999999999591e+02 4.799000000000000377e+00
6.857000000000000455e+02 4.793300000000000338e+00
6.852799999999999727e+02 4.787799999999999834e+00
6.848999999999999773e+02 4.782399999999999984e+00
6.845499999999999545e+02 4.777199999999999669e+00
6.842100000000000364e+02 4.772199999999999775e+00
6.838999999999999773e+02 4.767299999999999649e+00
6.836200000000000045e+02 4.762599999999999945e+00
6.833500000000000227e+02 4.758000000000000007e+00
6.831000000000000227e+02 4.753599999999999604e+00
6.828799999999999955e+02 4.749299999999999855e+00
6.826599999999999682e+02 4.745199999999999640e+00
6.824600000000000364e+02 4.741200000000000081e+00
6.822699999999999818e+02 4.737400000000000055e+00
6.820800000000000409e+02 4.733699999999999797e+00
6.819099999999999682e+02 4.730100000000000193e+00
6.817400000000000091e+02 4.726600000000000357e+00
6.815800000000000409e+02 4.723300000000000054e+00
6.814299999999999500e+02 4.720100000000000406e+00
6.812799999999999727e+02 4.716899999999999871e+00
6.811399999999999864e+02 4.713899999999999757e+00
6.810099999999999909e+02 4.711000000000000298e+00
6.808799999999999955e+02 4.708199999999999719e+00
6.807500000000000000e+02 4.705499999999999794e+00
6.806200000000000045e+02 4.702899999999999636e+00
6.805000000000000000e+02 4.700400000000000134e+00
6.803899999999999864e+02 4.697899999999999743e+00
6.802699999999999818e+02 4.695500000000000007e+00
6.801599999999999682e+02 4.693200000000000038e+00
6.800499999999999545e+02 4.690999999999999837e+00
6.799500000000000455e+02 4.688900000000000290e+00
6.798400000000000318e+02 4.686799999999999855e+00
6.797400000000000091e+02 4.684800000000000075e+00
6.796399999999999864e+02 4.682800000000000296e+00
6.795299999999999727e+02 4.680900000000000283e+00
6.794199999999999591e+02 4.679100000000000037e+00
6.793200000000000500e+02 4.677299999999999791e+00
6.792200000000000273e+02 4.675600000000000200e+00
6.791200000000000045e+02 4.673899999999999721e+00
6.790199999999999818e+02 4.672299999999999898e+00
6.789199999999999591e+02 4.670700000000000074e+00
6.788300000000000409e+02 4.669200000000000017e+00
6.787300000000000182e+02 4.667699999999999960e+00
6.786399999999999864e+02 4.666299999999999670e+00
6.785499999999999545e+02 4.664900000000000269e+00
6.784500000000000455e+02 4.663599999999999746e+00
6.783600000000000136e+02 4.662300000000000111e+00
6.782699999999999818e+02 4.660999999999999588e+00
6.781900000000000546e+02 4.659799999999999720e+00
6.781100000000000136e+02 4.658599999999999852e+00
6.780299999999999727e+02 4.657499999999999751e+00
6.779500000000000455e+02 4.656399999999999650e+00
6.778700000000000045e+02 4.655300000000000438e+00
6.777999999999999545e+02 4.654200000000000337e+00
6.777200000000000273e+02 4.653200000000000003e+00
6.776499999999999773e+02 4.652300000000000324e+00
6.775800000000000409e+02 4.651299999999999990e+00
6.775000000000000000e+02 4.650400000000000311e+00
6.774299999999999500e+02 4.649499999999999744e+00
6.773600000000000136e+02 4.648600000000000065e+00
6.772899999999999636e+02 4.647800000000000153e+00
6.772200000000000273e+02 4.647000000000000242e+00
6.771499999999999773e+02 4.646200000000000330e+00
6.770900000000000318e+02 4.645400000000000418e+00
6.770199999999999818e+02 4.644599999999999618e+00
6.769500000000000455e+02 4.643900000000000361e+00
6.768799999999999955e+02 4.643200000000000216e+00
6.768200000000000500e+02 4.642500000000000071e+00
6.767500000000000000e+02 4.641799999999999926e+00
6.766799999999999500e+02 4.641099999999999781e+00
6.766200000000000045e+02 4.640500000000000291e+00
6.765499999999999545e+02 4.639800000000000146e+00
6.765099999999999909e+02 4.639199999999999768e+00
6.765000000000000000e+02 4.638700000000000045e+00
6.765000000000000000e+02 4.638200000000000323e+00
6.765099999999999909e+02 4.637699999999999712e+00
6.765199999999999818e+02 4.637199999999999989e+00
6.765499999999999545e+02 4.636800000000000033e+00
6.765800000000000409e+02 4.636400000000000077e+00
6.766100000000000136e+02 4.636099999999999888e+00
6.766499999999999773e+02 4.635799999999999699e+00
6.766900000000000546e+02 4.635500000000000398e+00
6.767400000000000091e+02 4.635200000000000209e+00
6.767999999999999545e+02 4.634999999999999787e+00
6.768700000000000045e+02 4.634800000000000253e+00
6.769500000000000455e+02 4.634699999999999598e+00
6.770499999999999545e+02 4.634599999999999831e+00
6.771599999999999682e+02 4.634500000000000064e+00
6.772799999999999727e+02 4.634500000000000064e+00
6.774199999999999591e+02 4.634599999999999831e+00
6.775700000000000500e+02 4.634599999999999831e+00
6.777400000000000091e+02 4.634800000000000253e+00
6.779299999999999500e+02 4.634900000000000020e+00
6.781299999999999955e+02 4.635200000000000209e+00
6.783600000000000136e+02 4.635500000000000398e+00
6.786000000000000227e+02 4.635799999999999699e+00
6.789099999999999682e+02 4.636199999999999655e+00
6.792899999999999636e+02 4.636800000000000033e+00
6.797100000000000364e+02 4.637400000000000411e+00
6.802000000000000455e+02 4.638200000000000323e+00
6.807799999999999727e+02 4.639100000000000001e+00
6.814600000000000364e+02 4.640200000000000102e+00
6.822100000000000364e+02 4.641499999999999737e+00
6.830399999999999636e+02 4.642999999999999794e+00
6.839299999999999500e+02 4.644700000000000273e+00
6.848999999999999773e+02 4.646499999999999631e+00
6.859199999999999591e+02 4.648600000000000065e+00
6.870000000000000000e+02 4.650900000000000034e+00
6.881299999999999955e+02 4.653299999999999770e+00
6.893099999999999454e+02 4.655899999999999928e+00
6.905599999999999454e+02 4.658699999999999619e+00
6.918899999999999864e+02 4.661800000000000388e+00
6.933099999999999454e+02 4.665000000000000036e+00
6.947899999999999636e+02 4.668499999999999872e+00
6.962999999999999545e+02 4.672200000000000131e+00
6.978500000000000227e+02 4.676000000000000156e+00
6.994099999999999682e+02 4.680100000000000371e+00
7.010199999999999818e+02 4.684300000000000352e+00
7.026699999999999591e+02 4.688600000000000101e+00
7.043500000000000227e+02 4.693100000000000271e+00
7.060599999999999454e+02 4.697799999999999976e+00
7.078099999999999454e+02 4.702700000000000102e+00
7.095900000000000318e+02 4.707699999999999996e+00
7.113700000000000045e+02 4.712799999999999656e+00
7.131900000000000546e+02 4.717999999999999972e+00
7.150399999999999636e+02 4.723399999999999821e+00
7.169400000000000546e+02 4.728900000000000325e+00
7.188899999999999864e+02 4.734600000000000364e+00
7.208600000000000136e+02 4.740499999999999936e+00
7.228400000000000318e+02 4.746400000000000396e+00
7.248300000000000409e+02 4.752500000000000391e+00
7.268400000000000318e+02 4.758799999999999919e+00
7.288799999999999955e+02 4.765200000000000102e+00
7.309500000000000455e+02 4.771600000000000286e+00
7.330499999999999545e+02 4.778200000000000003e+00
7.351699999999999591e+02 4.784900000000000375e+00
7.373400000000000318e+02 4.791699999999999626e+00
7.395599999999999454e+02 4.798600000000000421e+00
7.418099999999999454e+02 4.805500000000000327e+00
7.441000000000000227e+02 4.812599999999999767e+00
7.463999999999999773e+02 4.819700000000000095e+00
7.487699999999999818e+02 4.826900000000000190e+00
7.511699999999999591e+02 4.834200000000000053e+00
7.536100000000000136e+02 4.841700000000000337e+00
7.560900000000000318e+02 4.849199999999999733e+00
7.585800000000000409e+02 4.856799999999999784e+00
7.610900000000000318e+02 4.864600000000000257e+00
7.636599999999999682e+02 4.872499999999999609e+00
7.662899999999999636e+02 4.880399999999999849e+00
7.689700000000000273e+02 4.888399999999999856e+00
7.717100000000000364e+02 4.896499999999999631e+00
7.744900000000000091e+02 4.904700000000000060e+00
7.772999999999999545e+02 4.912899999999999601e+00
7.801499999999999773e+02 4.921199999999999797e+00
7.830099999999999909e+02 4.929499999999999993e+00
7.858799999999999955e+02 4.937800000000000189e+00
7.887100000000000364e+02 4.946100000000000385e+00
7.915299999999999727e+02 4.954299999999999926e+00
7.943600000000000136e+02 4.962500000000000355e+00
7.972000000000000455e+02 4.970699999999999896e+00
8.000599999999999454e+02 4.978900000000000325e+00
8.028999999999999773e+02 4.986900000000000333e+00
8.057100000000000364e+02 4.994900000000000340e+00
8.085299999999999727e+02 5.002900000000000347e+00
8.113500000000000227e+02 5.010699999999999932e+00
8.141900000000000546e+02 5.018500000000000405e+00
8.170399999999999636e+02 5.026299999999999990e+00
8.199299999999999500e+02 5.033999999999999808e+00
8.228500000000000227e+02 5.041699999999999626e+00
8.257999999999999545e+02 5.049299999999999677e+00
8.287899999999999636e+02 5.056799999999999962e+00
8.318300000000000409e+02 5.064300000000000246e+00
8.349099999999999682e+02 5.071799999999999642e+00
8.380399999999999636e+02 5.079200000000000159e+00
8.412300000000000182e+02 5.086500000000000021e+00
8.444600000000000364e+02 5.093799999999999883e+00
8.477400000000000091e+02 5.100900000000000212e+00
8.510700000000000500e+02 5.108100000000000307e+00
8.544299999999999500e+02 5.115099999999999980e+00
8.578300000000000409e+02 5.122200000000000308e+00
8.613600000000000136e+02 5.129100000000000215e+00
8.651499999999999773e+02 5.136099999999999888e+00
8.692699999999999818e+02 5.143299999999999983e+00
8.736699999999999591e+02 5.150500000000000078e+00
8.783300000000000409e+02 5.158000000000000362e+00
8.832200000000000273e+02 5.165600000000000414e+00
8.883300000000000409e+02 5.173300000000000232e+00
8.935199999999999818e+02 5.181199999999999584e+00
8.986399999999999864e+02 5.189000000000000057e+00
9.037200000000000273e+02 5.196900000000000297e+00
9.087799999999999727e+02 5.204699999999999882e+00
9.138500000000000227e+02 5.212399999999999700e+00
9.187500000000000000e+02 5.220100000000000406e+00
9.234299999999999500e+02 5.227599999999999802e+00
9.278300000000000409e+02 5.234799999999999898e+00
9.319099999999999682e+02 5.241799999999999571e+00
9.355700000000000500e+02 5.248400000000000176e+00
9.389299999999999500e+02 5.254800000000000360e+00
9.420599999999999454e+02 5.260799999999999699e+00
9.450199999999999818e+02 5.266499999999999737e+00
9.478300000000000409e+02 5.272000000000000242e+00
9.503799999999999955e+02 5.277199999999999669e+00
9.525800000000000409e+02 5.282000000000000028e+00
9.545099999999999909e+02 5.286500000000000199e+00
9.562200000000000273e+02 5.290700000000000180e+00
9.577799999999999727e+02 5.294500000000000206e+00
9.592100000000000364e+02 5.298099999999999810e+00
9.606200000000000045e+02 5.301499999999999879e+00
9.622000000000000455e+02 5.304800000000000182e+00
9.640299999999999727e+02 5.307999999999999829e+00
9.660499999999999545e+02 5.311300000000000132e+00
9.682000000000000455e+02 5.314600000000000435e+00
9.704600000000000364e+02 5.317899999999999849e+00
9.727999999999999545e+02 5.321299999999999919e+00
9.751900000000000546e+02 5.324699999999999989e+00
9.776200000000000045e+02 5.328199999999999825e+00
9.800700000000000500e+02 5.331599999999999895e+00
9.825499999999999545e+02 5.335099999999999731e+00
9.850399999999999636e+02 5.338599999999999568e+00
9.875599999999999454e+02 5.342100000000000293e+00
9.901000000000000227e+02 5.345600000000000129e+00
9.926599999999999682e+02 5.349099999999999966e+00
9.952400000000000091e+02 5.352599999999999802e+00
9.978300000000000409e+02 5.356200000000000294e+00
1.000399999999999977e+03 5.359700000000000131e+00
1.003100000000000023e+03 5.363299999999999734e+00
1.005700000000000045e+03 5.366900000000000226e+00
1.008399999999999977e+03 5.370499999999999829e+00
1.011100000000000023e+03 5.374200000000000088e+00
1.013799999999999955e+03 5.377799999999999692e+00
1.016500000000000000e+03 5.381499999999999950e+00
1.019200000000000045e+03 5.385200000000000209e+00
1.022000000000000000e+03 5.388899999999999579e+00
1.024700000000000045e+03 5.392599999999999838e+00
1.027500000000000000e+03 5.396399999999999864e+00
1.030299999999999955e+03 5.400199999999999889e+00
1.033000000000000000e+03 5.403900000000000148e+00
1.035799999999999955e+03 5.407700000000000173e+00
1.038599999999999909e+03 5.411500000000000199e+00
1.041400000000000091e+03 5.415300000000000225e+00
1.044299999999999955e+03 5.419100000000000250e+00
1.047200000000000045e+03 5.422900000000000276e+00
1.050099999999999909e+03 5.426800000000000068e+00
1.053000000000000000e+03 5.430699999999999861e+00
1.056000000000000000e+03 5.434599999999999653e+00
1.059099999999999909e+03 5.438600000000000101e+00
1.062099999999999909e+03 5.442599999999999660e+00
1.065200000000000045e+03 5.446600000000000108e+00
1.068400000000000091e+03 5.450700000000000323e+00
1.071599999999999909e+03 5.454799999999999649e+00
1.074799999999999955e+03 5.458999999999999631e+00
1.078000000000000000e+03 5.463199999999999612e+00
1.081299999999999955e+03 5.467399999999999594e+00
1.084599999999999909e+03 5.471700000000000230e+00
1.087900000000000091e+03 5.475999999999999979e+00
1.091200000000000045e+03 5.480299999999999727e+00
1.094599999999999909e+03 5.484700000000000131e+00
1.098000000000000000e+03 5.489099999999999646e+00
1.101400000000000091e+03 5.493500000000000050e+00
1.104799999999999955e+03 5.498000000000000220e+00
1.108299999999999955e+03 5.502600000000000158e+00
1.111799999999999955e+03 5.507200000000000095e+00
1.115400000000000091e+03 5.511800000000000033e+00
1.119000000000000000e+03 5.516499999999999737e+00
1.122700000000000045e+03 5.521300000000000097e+00
1.126500000000000000e+03 5.526099999999999568e+00
1.130299999999999955e+03 5.530999999999999694e+00
1.134299999999999955e+03 5.536100000000000243e+00
1.138400000000000091e+03 5.541199999999999903e+00
1.142599999999999909e+03 5.546400000000000219e+00
1.146900000000000091e+03 5.551800000000000068e+00
1.151400000000000091e+03 5.557400000000000340e+00
1.156099999999999909e+03 5.563100000000000378e+00
1.160900000000000091e+03 5.568999999999999950e+00
1.165900000000000091e+03 5.575000000000000178e+00
1.171200000000000045e+03 5.581400000000000361e+00
1.176799999999999955e+03 5.587900000000000311e+00
1.182700000000000045e+03 5.594800000000000217e+00
1.188900000000000091e+03 5.602100000000000080e+00
1.195400000000000091e+03 5.609600000000000364e+00
1.202200000000000045e+03 5.617600000000000371e+00
1.209299999999999955e+03 5.625899999999999679e+00
1.216799999999999955e+03 5.634500000000000064e+00
1.224599999999999909e+03 5.643600000000000172e+00
1.232599999999999909e+03 5.653100000000000236e+00
1.241000000000000000e+03 5.663000000000000256e+00
1.249700000000000045e+03 5.673199999999999577e+00
1.258700000000000045e+03 5.683900000000000396e+00
1.267900000000000091e+03 5.694899999999999629e+00
1.277200000000000045e+03 5.706299999999999706e+00
1.286599999999999909e+03 5.717900000000000205e+00
1.296099999999999909e+03 5.729800000000000004e+00
1.305799999999999955e+03 5.741799999999999571e+00
1.315500000000000000e+03 5.754100000000000215e+00
1.325299999999999955e+03 5.766499999999999737e+00
1.335200000000000045e+03 5.779099999999999682e+00
1.345299999999999955e+03 5.791800000000000281e+00
1.355299999999999955e+03 5.804499999999999993e+00
1.365299999999999955e+03 5.817300000000000360e+00
1.375299999999999955e+03 5.830199999999999605e+00
1.385400000000000091e+03 5.843099999999999739e+00
1.395599999999999909e+03 5.856099999999999639e+00
1.405900000000000091e+03 5.869200000000000195e+00
1.416200000000000045e+03 5.882299999999999862e+00
1.426500000000000000e+03 5.895500000000000185e+00
1.436799999999999955e+03 5.908800000000000274e+00
1.446900000000000091e+03 5.922100000000000364e+00
1.457000000000000000e+03 5.935399999999999565e+00
1.467099999999999909e+03 5.948800000000000310e+00
1.477099999999999909e+03 5.962100000000000399e+00
1.487000000000000000e+03 5.975500000000000256e+00
1.497000000000000000e+03 5.988999999999999879e+00
1.506900000000000091e+03 6.002500000000000391e+00
1.516900000000000091e+03 6.016000000000000014e+00
1.527000000000000000e+03 6.029499999999999638e+00
1.537299999999999955e+03 6.043199999999999683e+00
1.547799999999999955e+03 6.056899999999999729e+00
1.559000000000000000e+03 6.070999999999999730e+00
1.570299999999999955e+03 6.085399999999999920e+00
1.581900000000000091e+03 6.100100000000000300e+00
1.593700000000000045e+03 6.115099999999999980e+00
1.605700000000000045e+03 6.130399999999999849e+00
1.617900000000000091e+03 6.145999999999999908e+00
1.630200000000000045e+03 6.161800000000000388e+00
1.642599999999999909e+03 6.177699999999999747e+00
1.655200000000000045e+03 6.193800000000000416e+00
1.667799999999999955e+03 6.210099999999999731e+00
1.680500000000000000e+03 6.226499999999999702e+00
1.693299999999999955e+03 6.243000000000000327e+00
1.706000000000000000e+03 6.259599999999999831e+00
1.718799999999999955e+03 6.276299999999999990e+00
1.731400000000000091e+03 6.292900000000000382e+00
1.744000000000000000e+03 6.309499999999999886e+00
1.756700000000000045e+03 6.326100000000000279e+00
1.769400000000000091e+03 6.342699999999999783e+00
1.782099999999999909e+03 6.359300000000000175e+00
1.794799999999999955e+03 6.375899999999999679e+00
1.807000000000000000e+03 6.392299999999999649e+00
1.818000000000000000e+03 6.408100000000000129e+00
1.829400000000000091e+03 6.423600000000000421e+00
1.842299999999999955e+03 6.439600000000000435e+00
1.855799999999999955e+03 6.456000000000000405e+00
1.869700000000000045e+03 6.472699999999999676e+00
1.884200000000000045e+03 6.489899999999999558e+00
1.899400000000000091e+03 6.507600000000000051e+00
1.915299999999999955e+03 6.525800000000000267e+00
1.931799999999999955e+03 6.544599999999999973e+00
1.949099999999999909e+03 6.564099999999999824e+00
1.967099999999999909e+03 6.584200000000000053e+00
1.985700000000000045e+03 6.604899999999999771e+00
2.003900000000000091e+03 6.626000000000000334e+00
2.020200000000000045e+03 6.646600000000000286e+00
2.034400000000000091e+03 6.666199999999999903e+00
2.048199999999999818e+03 6.685100000000000264e+00
2.060800000000000182e+03 6.703100000000000058e+00
2.072099999999999909e+03 6.720100000000000406e+00
2.082400000000000091e+03 6.735999999999999766e+00
2.092300000000000182e+03 6.751100000000000101e+00
2.102000000000000000e+03 6.765500000000000291e+00
2.111800000000000182e+03 6.779399999999999871e+00
2.122599999999999909e+03 6.793300000000000338e+00
2.134199999999999818e+03 6.807400000000000340e+00
2.145699999999999818e+03 6.821600000000000108e+00
2.157099999999999909e+03 6.835799999999999876e+00
2.168599999999999909e+03 6.849999999999999645e+00
2.180199999999999818e+03 6.864200000000000301e+00
2.191199999999999818e+03 6.878199999999999648e+00
2.202199999999999818e+03 6.892000000000000348e+00
2.212900000000000091e+03 6.905700000000000394e+00
2.223099999999999909e+03 6.919100000000000250e+00
2.232599999999999909e+03 6.932100000000000151e+00
2.239000000000000000e+03 6.943900000000000183e+00
2.253300000000000182e+03 6.955599999999999561e+00
2.359900000000000091e+03 7.006899999999999906e+00
2.382300000000000182e+03 7.042699999999999960e+00
2.463300000000000182e+03 7.091499999999999915e+00
2.517099999999999909e+03 7.145199999999999996e+00
2.559400000000000091e+03 7.194600000000000328e+00
2.595800000000000182e+03 7.240400000000000169e+00
2.629699999999999818e+03 7.283500000000000085e+00
2.661199999999999818e+03 7.324099999999999611e+00
2.691400000000000091e+03 7.362800000000000011e+00
2.719000000000000000e+03 7.399499999999999744e+00
2.746099999999999909e+03 7.434599999999999653e+00
2.774699999999999818e+03 7.469299999999999606e+00
2.803099999999999909e+03 7.503700000000000259e+00
2.830900000000000091e+03 7.537600000000000300e+00
2.857900000000000091e+03 7.571100000000000385e+00
2.882699999999999818e+03 7.603699999999999903e+00
2.901199999999999818e+03 7.633499999999999730e+00
2.921400000000000091e+03 7.662300000000000111e+00
2.941300000000000182e+03 7.690599999999999881e+00
2.960900000000000091e+03 7.718399999999999928e+00
2.979800000000000182e+03 7.745499999999999829e+00
2.998099999999999909e+03 7.772199999999999775e+00
3.015699999999999818e+03 7.798199999999999577e+00
3.032599999999999909e+03 7.823599999999999888e+00
3.048900000000000091e+03 7.848399999999999821e+00
3.064500000000000000e+03 7.872499999999999609e+00
3.079500000000000000e+03 7.895900000000000141e+00
3.093199999999999818e+03 7.918499999999999872e+00
3.106000000000000000e+03 7.940100000000000158e+00
3.118199999999999818e+03 7.960799999999999876e+00
3.129900000000000091e+03 7.980699999999999683e+00
3.141000000000000000e+03 7.999900000000000233e+00
3.151500000000000000e+03 8.018200000000000216e+00
3.161400000000000091e+03 8.035700000000000287e+00
3.170699999999999818e+03 8.052500000000000213e+00
3.179599999999999909e+03 8.068599999999999994e+00
3.188000000000000000e+03 8.083999999999999631e+00
3.196000000000000000e+03 8.098699999999999122e+00
3.203400000000000091e+03 8.112700000000000244e+00
3.210500000000000000e+03 8.125999999999999446e+00
3.217099999999999909e+03 8.138600000000000279e+00
3.223400000000000091e+03 8.150600000000000733e+00
3.229199999999999818e+03 8.162000000000000810e+00
3.234699999999999818e+03 8.172800000000000509e+00
3.239699999999999818e+03 8.182900000000000063e+00
3.244500000000000000e+03 8.192600000000000549e+00
3.248800000000000182e+03 8.201599999999999113e+00
3.252900000000000091e+03 8.210200000000000387e+00
3.256599999999999909e+03 8.218199999999999505e+00
3.260000000000000000e+03 8.225799999999999557e+00
3.263199999999999818e+03 8.232900000000000773e+00
3.266099999999999909e+03 8.239499999999999602e+00
3.268699999999999818e+03 8.245699999999999363e+00
3.271000000000000000e+03 8.251400000000000290e+00
3.273000000000000000e+03 8.256800000000000139e+00
3.274699999999999818e+03 8.261699999999999378e+00
3.276000000000000000e+03 8.266199999999999548e+00
3.277000000000000000e+03 8.270200000000000884e+00
3.277599999999999909e+03 8.273799999999999599e+00
3.277800000000000182e+03 8.276899999999999480e+00
