8.414900000000000091e+02 5.734399999999999942e+00
8.166900000000000546e+02 5.714900000000000091e+00
7.992799999999999727e+02 5.692099999999999937e+00
7.852200000000000273e+02 5.671899999999999942e+00
7.746299999999999955e+02 5.654499999999999638e+00
7.664400000000000546e+02 5.639199999999999768e+00
7.595900000000000318e+02 5.625300000000000189e+00
7.533999999999999773e+02 5.612099999999999866e+00
7.474299999999999500e+02 5.599099999999999966e+00
7.414700000000000273e+02 5.585899999999999643e+00
7.355499999999999545e+02 5.572600000000000442e+00
7.297100000000000364e+02 5.559099999999999930e+00
7.240900000000000318e+02 5.545700000000000074e+00
7.187599999999999909e+02 5.532199999999999562e+00
7.137699999999999818e+02 5.519000000000000128e+00
7.092500000000000000e+02 5.506000000000000227e+00
7.051900000000000546e+02 5.493400000000000283e+00
7.015599999999999454e+02 5.481200000000000294e+00
6.983099999999999454e+02 5.469500000000000028e+00
6.954199999999999591e+02 5.458199999999999719e+00
6.928799999999999955e+02 5.447400000000000020e+00
6.906699999999999591e+02 5.437000000000000277e+00
6.887400000000000091e+02 5.427100000000000257e+00
6.870599999999999454e+02 5.417600000000000193e+00
6.855800000000000409e+02 5.408599999999999852e+00
6.842799999999999727e+02 5.400000000000000355e+00
6.831000000000000227e+02 5.391799999999999926e+00
6.820599999999999454e+02 5.384000000000000341e+00
6.811000000000000227e+02 5.376500000000000057e+00
6.802599999999999909e+02 5.369200000000000195e+00
6.795000000000000000e+02 5.362300000000000288e+00
6.788300000000000409e+02 5.355699999999999683e+00
6.782400000000000091e+02 5.349400000000000155e+00
6.777200000000000273e+02 5.343300000000000161e+00
6.772599999999999909e+02 5.337399999999999700e+00
6.768600000000000136e+02 5.331800000000000317e+00
6.765000000000000000e+02 5.326500000000000234e+00
6.762000000000000455e+02 5.321299999999999919e+00
6.759500000000000455e+02 5.316399999999999793e+00
6.757300000000000182e+02 5.311600000000000321e+00
6.755299999999999727e+02 5.307000000000000384e+00
6.753600000000000136e+02 5.302599999999999980e+00
6.751900000000000546e+02 5.298399999999999999e+00
6.750499999999999545e+02 5.294299999999999784e+00
6.749400000000000546e+02 5.290300000000000225e+00
6.748300000000000409e+02 5.286599999999999966e+00
6.747400000000000091e+02 5.282899999999999707e+00
6.746699999999999591e+02 5.279399999999999871e+00
6.746000000000000227e+02 5.275999999999999801e+00
6.745399999999999636e+02 5.272800000000000153e+00
6.744700000000000273e+02 5.269599999999999618e+00
6.744099999999999682e+02 5.266600000000000392e+00
6.743600000000000136e+02 5.263600000000000279e+00
6.743099999999999454e+02 5.260799999999999699e+00
6.742599999999999909e+02 5.258099999999999774e+00
6.742100000000000364e+02 5.255399999999999849e+00
6.741699999999999591e+02 5.252900000000000347e+00
6.741299999999999955e+02 5.250399999999999956e+00
6.740900000000000318e+02 5.248000000000000220e+00
6.740499999999999545e+02 5.245700000000000252e+00
6.740099999999999909e+02 5.243500000000000050e+00
6.739700000000000273e+02 5.241299999999999848e+00
6.739299999999999500e+02 5.239200000000000301e+00
6.738899999999999864e+02 5.237199999999999633e+00
6.738500000000000227e+02 5.235199999999999854e+00
6.737999999999999545e+02 5.233299999999999841e+00
6.737599999999999909e+02 5.231399999999999828e+00
6.737200000000000273e+02 5.229700000000000237e+00
6.736799999999999500e+02 5.227899999999999991e+00
6.736299999999999955e+02 5.226200000000000401e+00
6.735900000000000318e+02 5.224599999999999689e+00
6.735399999999999636e+02 5.222999999999999865e+00
6.735000000000000000e+02 5.221499999999999808e+00
6.734400000000000546e+02 5.219999999999999751e+00
6.733899999999999864e+02 5.218499999999999694e+00
6.733400000000000318e+02 5.217200000000000060e+00
6.732899999999999636e+02 5.215799999999999770e+00
6.732400000000000091e+02 5.214500000000000135e+00
6.731900000000000546e+02 5.213199999999999612e+00
6.731299999999999955e+02 5.211999999999999744e+00
6.730800000000000409e+02 5.210799999999999876e+00
6.730199999999999818e+02 5.209600000000000009e+00
6.729700000000000273e+02 5.208400000000000141e+00
6.729099999999999682e+02 5.207300000000000040e+00
6.728600000000000136e+02 5.206299999999999706e+00
6.727999999999999545e+02 5.205199999999999605e+00
6.727400000000000091e+02 5.204200000000000159e+00
6.726900000000000546e+02 5.203199999999999825e+00
6.726299999999999955e+02 5.202300000000000146e+00
6.725700000000000500e+02 5.201299999999999812e+00
6.725099999999999909e+02 5.200400000000000134e+00
6.724600000000000364e+02 5.199499999999999567e+00
6.723999999999999773e+02 5.198699999999999655e+00
6.723400000000000318e+02 5.197899999999999743e+00
6.722799999999999727e+02 5.197099999999999831e+00
6.722200000000000273e+02 5.196299999999999919e+00
6.721599999999999682e+02 5.195500000000000007e+00
6.721100000000000136e+02 5.194799999999999862e+00
6.720499999999999545e+02 5.193999999999999950e+00
6.719900000000000091e+02 5.193299999999999805e+00
6.719299999999999500e+02 5.192599999999999660e+00
6.718700000000000045e+02 5.192000000000000171e+00
6.718099999999999454e+02 5.191300000000000026e+00
6.717400000000000091e+02 5.190599999999999881e+00
6.716799999999999500e+02 5.190000000000000391e+00
6.716200000000000045e+02 5.189400000000000013e+00
6.715499999999999545e+02 5.188799999999999635e+00
6.714900000000000091e+02 5.188200000000000145e+00
6.714199999999999591e+02 5.187599999999999767e+00
6.713799999999999955e+02 5.187100000000000044e+00
6.713500000000000227e+02 5.186600000000000321e+00
6.713300000000000409e+02 5.186200000000000365e+00
6.713200000000000500e+02 5.185800000000000409e+00
6.712999999999999545e+02 5.185399999999999565e+00
6.712999999999999545e+02 5.185100000000000264e+00
6.712999999999999545e+02 5.184800000000000075e+00
6.712999999999999545e+02 5.184599999999999653e+00
6.713099999999999454e+02 5.184300000000000352e+00
6.713200000000000500e+02 5.184199999999999697e+00
6.713400000000000318e+02 5.184000000000000163e+00
6.713799999999999955e+02 5.183900000000000396e+00
6.714199999999999591e+02 5.183799999999999741e+00
6.714900000000000091e+02 5.183799999999999741e+00
6.715599999999999454e+02 5.183799999999999741e+00
6.716599999999999682e+02 5.183900000000000396e+00
6.717699999999999818e+02 5.184099999999999930e+00
6.718999999999999773e+02 5.184300000000000352e+00
6.720399999999999636e+02 5.184499999999999886e+00
6.722000000000000455e+02 5.184800000000000075e+00
6.723799999999999955e+02 5.185200000000000031e+00
6.725900000000000318e+02 5.185699999999999754e+00
6.728099999999999454e+02 5.186200000000000365e+00
6.730599999999999454e+02 5.186799999999999855e+00
6.733700000000000045e+02 5.187599999999999767e+00
6.737300000000000182e+02 5.188500000000000334e+00
6.741599999999999682e+02 5.189499999999999780e+00
6.746799999999999500e+02 5.190800000000000303e+00
6.753300000000000409e+02 5.192400000000000126e+00
6.760800000000000409e+02 5.194099999999999717e+00
6.769099999999999682e+02 5.196200000000000152e+00
6.778099999999999454e+02 5.198400000000000354e+00
6.787799999999999727e+02 5.200999999999999623e+00
6.798200000000000500e+02 5.203700000000000436e+00
6.809099999999999682e+02 5.206699999999999662e+00
6.820399999999999636e+02 5.209900000000000198e+00
6.832300000000000182e+02 5.213300000000000267e+00
6.844800000000000182e+02 5.216899999999999871e+00
6.858200000000000500e+02 5.220699999999999896e+00
6.872699999999999818e+02 5.224899999999999878e+00
6.888099999999999454e+02 5.229300000000000281e+00
6.903500000000000227e+02 5.233999999999999986e+00
6.919199999999999591e+02 5.238800000000000345e+00
6.935199999999999818e+02 5.243900000000000006e+00
6.951399999999999864e+02 5.249100000000000321e+00
6.967899999999999636e+02 5.254400000000000404e+00
6.984700000000000273e+02 5.259999999999999787e+00
7.001799999999999500e+02 5.265699999999999825e+00
7.018999999999999773e+02 5.271499999999999631e+00
7.036599999999999682e+02 5.277499999999999858e+00
7.054099999999999682e+02 5.283599999999999852e+00
7.071799999999999500e+02 5.289799999999999613e+00
7.089900000000000091e+02 5.296100000000000030e+00
7.108600000000000136e+02 5.302599999999999980e+00
7.127899999999999636e+02 5.309199999999999697e+00
7.147799999999999727e+02 5.316099999999999604e+00
7.167400000000000091e+02 5.323000000000000398e+00
7.187200000000000273e+02 5.330199999999999605e+00
7.207000000000000455e+02 5.337399999999999700e+00
7.227000000000000455e+02 5.344699999999999562e+00
7.247100000000000364e+02 5.352100000000000080e+00
7.267400000000000091e+02 5.359700000000000131e+00
7.287999999999999545e+02 5.367300000000000182e+00
7.308899999999999864e+02 5.374900000000000233e+00
7.330199999999999818e+02 5.382699999999999818e+00
7.352000000000000455e+02 5.390600000000000058e+00
7.374099999999999682e+02 5.398600000000000065e+00
7.396299999999999955e+02 5.406699999999999839e+00
7.419099999999999682e+02 5.414799999999999613e+00
7.442200000000000273e+02 5.423099999999999810e+00
7.465800000000000409e+02 5.431499999999999773e+00
7.489700000000000273e+02 5.439899999999999736e+00
7.513999999999999773e+02 5.448400000000000354e+00
7.538600000000000136e+02 5.456900000000000084e+00
7.563300000000000409e+02 5.465499999999999581e+00
7.588500000000000227e+02 5.474199999999999733e+00
7.614199999999999591e+02 5.482899999999999885e+00
7.640299999999999727e+02 5.491600000000000037e+00
7.666799999999999500e+02 5.500399999999999956e+00
7.693600000000000136e+02 5.509199999999999875e+00
7.720499999999999545e+02 5.517999999999999794e+00
7.747500000000000000e+02 5.526699999999999946e+00
7.774600000000000364e+02 5.535400000000000098e+00
7.801399999999999864e+02 5.543999999999999595e+00
7.827599999999999909e+02 5.552500000000000213e+00
7.853799999999999955e+02 5.560900000000000176e+00
7.880000000000000000e+02 5.569300000000000139e+00
7.906200000000000045e+02 5.577600000000000335e+00
7.932500000000000000e+02 5.585700000000000109e+00
7.958300000000000409e+02 5.593799999999999883e+00
7.984099999999999682e+02 5.601799999999999891e+00
8.009900000000000091e+02 5.609600000000000364e+00
8.035700000000000500e+02 5.617399999999999949e+00
8.061799999999999500e+02 5.625099999999999767e+00
8.088099999999999454e+02 5.632600000000000051e+00
8.114600000000000364e+02 5.640100000000000335e+00
8.141499999999999773e+02 5.647400000000000198e+00
8.168799999999999955e+02 5.654600000000000293e+00
8.196699999999999591e+02 5.661699999999999733e+00
8.225000000000000000e+02 5.668800000000000061e+00
8.253700000000000045e+02 5.675699999999999967e+00
8.282999999999999545e+02 5.682599999999999874e+00
8.312699999999999818e+02 5.689300000000000246e+00
8.342999999999999545e+02 5.695999999999999730e+00
8.373799999999999955e+02 5.702700000000000102e+00
8.405099999999999909e+02 5.709200000000000053e+00
8.436799999999999500e+02 5.715700000000000003e+00
8.469099999999999682e+02 5.722100000000000186e+00
8.503899999999999864e+02 5.728600000000000136e+00
8.542699999999999818e+02 5.735400000000000276e+00
8.584700000000000273e+02 5.742300000000000182e+00
8.629400000000000546e+02 5.749600000000000044e+00
8.676599999999999682e+02 5.756999999999999673e+00
8.726000000000000227e+02 5.764499999999999957e+00
8.776900000000000546e+02 5.772199999999999775e+00
8.826799999999999500e+02 5.779799999999999827e+00
8.875800000000000409e+02 5.787300000000000111e+00
8.924299999999999500e+02 5.794599999999999973e+00
8.972699999999999818e+02 5.801800000000000068e+00
9.021499999999999773e+02 5.808900000000000396e+00
9.068799999999999955e+02 5.815800000000000303e+00
9.113099999999999454e+02 5.822400000000000020e+00
9.154700000000000273e+02 5.828599999999999781e+00
9.191799999999999500e+02 5.834299999999999820e+00
9.225199999999999818e+02 5.839500000000000135e+00
9.256100000000000136e+02 5.844400000000000261e+00
9.285199999999999818e+02 5.849000000000000199e+00
9.312799999999999727e+02 5.853299999999999947e+00
9.338999999999999773e+02 5.857400000000000162e+00
9.361299999999999955e+02 5.861100000000000421e+00
9.380499999999999545e+02 5.864399999999999835e+00
9.397200000000000273e+02 5.867399999999999949e+00
9.412400000000000091e+02 5.870099999999999874e+00
9.426299999999999955e+02 5.872600000000000264e+00
9.439500000000000455e+02 5.874900000000000233e+00
9.453700000000000045e+02 5.877100000000000435e+00
9.471299999999999955e+02 5.879500000000000171e+00
9.491399999999999864e+02 5.882100000000000328e+00
9.513300000000000409e+02 5.884800000000000253e+00
9.536499999999999773e+02 5.887599999999999945e+00
9.560499999999999545e+02 5.890399999999999636e+00
9.585099999999999909e+02 5.893299999999999983e+00
9.610099999999999909e+02 5.896200000000000330e+00
9.635599999999999454e+02 5.899099999999999788e+00
9.661200000000000045e+02 5.902099999999999902e+00
9.687100000000000364e+02 5.905000000000000249e+00
9.713200000000000500e+02 5.908000000000000362e+00
9.739500000000000455e+02 5.910899999999999821e+00
9.766100000000000136e+02 5.913899999999999935e+00
9.792799999999999727e+02 5.916900000000000048e+00
9.819800000000000182e+02 5.919800000000000395e+00
9.846900000000000546e+02 5.922799999999999621e+00
9.874199999999999591e+02 5.925799999999999734e+00
9.901699999999999591e+02 5.928799999999999848e+00
9.929299999999999500e+02 5.931799999999999962e+00
9.957200000000000273e+02 5.934800000000000075e+00
9.985099999999999909e+02 5.937800000000000189e+00
1.001299999999999955e+03 5.940800000000000303e+00
1.004200000000000045e+03 5.943800000000000416e+00
1.007000000000000000e+03 5.946900000000000297e+00
1.009899999999999977e+03 5.949900000000000411e+00
1.012700000000000045e+03 5.952899999999999636e+00
1.015600000000000023e+03 5.955899999999999750e+00
1.018500000000000000e+03 5.958899999999999864e+00
1.021399999999999977e+03 5.961899999999999977e+00
1.024299999999999955e+03 5.964900000000000091e+00
1.027200000000000045e+03 5.967900000000000205e+00
1.030099999999999909e+03 5.970900000000000318e+00
1.033099999999999909e+03 5.973900000000000432e+00
1.036099999999999909e+03 5.977000000000000313e+00
1.039099999999999909e+03 5.980000000000000426e+00
1.042200000000000045e+03 5.983100000000000307e+00
1.045299999999999955e+03 5.986200000000000188e+00
1.048400000000000091e+03 5.989300000000000068e+00
1.051599999999999909e+03 5.992399999999999949e+00
1.054900000000000091e+03 5.995599999999999596e+00
1.058099999999999909e+03 5.998800000000000132e+00
1.061400000000000091e+03 6.001999999999999780e+00
1.064799999999999955e+03 6.005200000000000315e+00
1.068099999999999909e+03 6.008399999999999963e+00
1.071500000000000000e+03 6.011599999999999611e+00
1.074900000000000091e+03 6.014899999999999913e+00
1.078299999999999955e+03 6.018200000000000216e+00
1.081799999999999955e+03 6.021399999999999864e+00
1.085200000000000045e+03 6.024700000000000166e+00
1.088700000000000045e+03 6.027999999999999581e+00
1.092299999999999955e+03 6.031399999999999650e+00
1.095900000000000091e+03 6.034699999999999953e+00
1.099500000000000000e+03 6.038100000000000023e+00
1.103200000000000045e+03 6.041500000000000092e+00
1.106900000000000091e+03 6.044900000000000162e+00
1.110599999999999909e+03 6.048399999999999999e+00
1.114500000000000000e+03 6.051899999999999835e+00
1.118400000000000091e+03 6.055500000000000327e+00
1.122400000000000091e+03 6.059099999999999930e+00
1.126500000000000000e+03 6.062899999999999956e+00
1.130799999999999955e+03 6.066699999999999982e+00
1.135200000000000045e+03 6.070599999999999774e+00
1.139799999999999955e+03 6.074699999999999989e+00
1.144500000000000000e+03 6.078800000000000203e+00
1.149500000000000000e+03 6.083199999999999719e+00
1.154599999999999909e+03 6.087699999999999889e+00
1.159900000000000091e+03 6.092500000000000249e+00
1.165599999999999909e+03 6.097599999999999909e+00
1.171599999999999909e+03 6.102899999999999991e+00
1.177799999999999955e+03 6.108399999999999608e+00
1.184400000000000091e+03 6.114200000000000301e+00
1.191400000000000091e+03 6.120300000000000296e+00
1.198599999999999909e+03 6.126599999999999824e+00
1.206200000000000045e+03 6.133200000000000429e+00
1.214099999999999909e+03 6.140100000000000335e+00
1.222400000000000091e+03 6.147400000000000198e+00
1.230900000000000091e+03 6.155000000000000249e+00
1.239799999999999955e+03 6.162899999999999601e+00
1.249000000000000000e+03 6.171100000000000030e+00
1.258400000000000091e+03 6.179599999999999760e+00
1.268000000000000000e+03 6.188399999999999679e+00
1.277700000000000045e+03 6.197400000000000020e+00
1.287500000000000000e+03 6.206699999999999662e+00
1.297400000000000091e+03 6.216199999999999726e+00
1.307400000000000091e+03 6.225999999999999979e+00
1.317400000000000091e+03 6.235999999999999766e+00
1.327599999999999909e+03 6.246299999999999741e+00
1.337799999999999955e+03 6.256899999999999906e+00
1.348099999999999909e+03 6.267699999999999605e+00
1.358400000000000091e+03 6.278699999999999726e+00
1.368599999999999909e+03 6.289799999999999613e+00
1.378900000000000091e+03 6.301099999999999923e+00
1.389200000000000045e+03 6.312599999999999767e+00
1.399700000000000045e+03 6.324300000000000033e+00
1.410200000000000045e+03 6.336100000000000065e+00
1.420799999999999955e+03 6.348200000000000287e+00
1.431299999999999955e+03 6.360400000000000276e+00
1.441799999999999955e+03 6.372700000000000031e+00
1.452200000000000045e+03 6.385100000000000442e+00
1.462500000000000000e+03 6.397700000000000387e+00
1.472799999999999955e+03 6.410499999999999865e+00
1.483000000000000000e+03 6.423399999999999999e+00
1.493099999999999909e+03 6.436399999999999899e+00
1.503299999999999955e+03 6.449600000000000222e+00
1.513400000000000091e+03 6.462900000000000311e+00
1.523700000000000045e+03 6.476499999999999702e+00
1.534000000000000000e+03 6.490199999999999747e+00
1.544500000000000000e+03 6.504199999999999982e+00
1.555299999999999955e+03 6.518399999999999750e+00
1.566900000000000091e+03 6.532700000000000173e+00
1.578700000000000045e+03 6.547200000000000131e+00
1.590700000000000045e+03 6.562199999999999811e+00
1.602900000000000091e+03 6.577499999999999680e+00
1.615400000000000091e+03 6.593300000000000161e+00
1.628000000000000000e+03 6.609399999999999942e+00
1.640700000000000045e+03 6.626000000000000334e+00
1.653400000000000091e+03 6.642900000000000027e+00
1.666200000000000045e+03 6.660099999999999909e+00
1.679099999999999909e+03 6.677399999999999558e+00
1.692000000000000000e+03 6.694899999999999629e+00
1.704900000000000091e+03 6.712600000000000122e+00
1.717700000000000045e+03 6.730400000000000382e+00
1.730500000000000000e+03 6.748300000000000409e+00
1.743200000000000045e+03 6.766300000000000203e+00
1.755900000000000091e+03 6.784500000000000419e+00
1.768599999999999909e+03 6.802800000000000402e+00
1.781400000000000091e+03 6.821200000000000152e+00
1.794200000000000045e+03 6.839800000000000324e+00
1.806900000000000091e+03 6.858399999999999608e+00
1.818200000000000045e+03 6.876599999999999824e+00
1.828799999999999955e+03 6.894199999999999662e+00
1.840400000000000091e+03 6.911900000000000155e+00
1.853700000000000045e+03 6.929599999999999760e+00
1.867599999999999909e+03 6.947499999999999787e+00
1.882000000000000000e+03 6.966000000000000192e+00
1.897200000000000045e+03 6.985000000000000320e+00
1.913000000000000000e+03 7.004699999999999704e+00
1.929599999999999909e+03 7.025100000000000122e+00
1.946799999999999955e+03 7.046199999999999797e+00
1.964799999999999955e+03 7.068100000000000271e+00
1.983500000000000000e+03 7.090799999999999770e+00
2.002799999999999955e+03 7.114099999999999646e+00
2.020500000000000000e+03 7.137400000000000411e+00
2.035700000000000045e+03 7.160300000000000331e+00
2.049199999999999818e+03 7.182699999999999640e+00
2.062599999999999909e+03 7.204299999999999926e+00
2.074099999999999909e+03 7.224400000000000155e+00
2.084300000000000182e+03 7.243199999999999861e+00
2.093800000000000182e+03 7.260699999999999932e+00
2.103099999999999909e+03 7.277300000000000324e+00
2.112400000000000091e+03 7.293400000000000105e+00
2.122099999999999909e+03 7.309199999999999697e+00
2.133099999999999909e+03 7.324600000000000222e+00
2.144900000000000091e+03 7.339599999999999902e+00
2.156500000000000000e+03 7.354599999999999582e+00
2.168099999999999909e+03 7.369600000000000151e+00
2.179800000000000182e+03 7.384599999999999831e+00
2.191500000000000000e+03 7.399600000000000399e+00
2.202099999999999909e+03 7.414100000000000357e+00
2.213300000000000182e+03 7.428499999999999659e+00
2.223699999999999818e+03 7.442700000000000315e+00
2.233599999999999909e+03 7.456400000000000361e+00
2.242099999999999909e+03 7.469500000000000028e+00
2.246099999999999909e+03 7.480299999999999727e+00
2.382599999999999909e+03 7.513399999999999856e+00
2.411500000000000000e+03 7.571399999999999686e+00
2.458599999999999909e+03 7.608299999999999841e+00
2.574699999999999818e+03 7.672299999999999898e+00
2.625400000000000091e+03 7.727599999999999802e+00
2.664800000000000182e+03 7.776299999999999990e+00
2.699599999999999909e+03 7.820299999999999585e+00
2.731500000000000000e+03 7.860999999999999766e+00
2.762300000000000182e+03 7.899300000000000210e+00
2.791900000000000091e+03 7.935800000000000409e+00
2.819099999999999909e+03 7.970699999999999896e+00
2.844400000000000091e+03 8.004899999999999238e+00
2.867800000000000182e+03 8.039099999999999469e+00
2.890699999999999818e+03 8.072699999999999321e+00
2.912900000000000091e+03 8.105499999999999261e+00
2.934199999999999818e+03 8.137499999999999289e+00
2.953800000000000182e+03 8.168699999999999406e+00
2.968300000000000182e+03 8.200499999999999901e+00
2.983900000000000091e+03 8.231999999999999318e+00
2.999300000000000182e+03 8.262800000000000367e+00
3.014500000000000000e+03 8.292999999999999261e+00
3.029199999999999818e+03 8.322499999999999787e+00
3.043500000000000000e+03 8.351300000000000168e+00
3.057199999999999818e+03 8.379300000000000637e+00
3.070400000000000091e+03 8.406499999999999417e+00
3.083199999999999818e+03 8.432900000000000063e+00
3.095400000000000091e+03 8.458399999999999253e+00
3.107400000000000091e+03 8.483200000000000074e+00
3.119500000000000000e+03 8.506700000000000372e+00
3.131000000000000000e+03 8.529199999999999449e+00
3.141900000000000091e+03 8.550700000000000855e+00
3.152400000000000091e+03 8.571300000000000807e+00
3.162400000000000091e+03 8.590999999999999304e+00
3.171800000000000182e+03 8.609799999999999898e+00
3.180599999999999909e+03 8.627900000000000347e+00
3.188900000000000091e+03 8.645099999999999341e+00
3.196800000000000182e+03 8.661599999999999966e+00
3.204199999999999818e+03 8.677300000000000679e+00
3.211099999999999909e+03 8.692299999999999471e+00
3.217599999999999909e+03 8.706599999999999895e+00
3.223699999999999818e+03 8.720100000000000406e+00
3.229400000000000091e+03 8.732900000000000773e+00
3.234699999999999818e+03 8.745100000000000762e+00
3.239699999999999818e+03 8.756600000000000605e+00
3.244199999999999818e+03 8.767400000000000304e+00
3.248500000000000000e+03 8.777699999999999392e+00
3.252400000000000091e+03 8.787300000000000111e+00
3.256000000000000000e+03 8.796400000000000219e+00
3.259300000000000182e+03 8.804899999999999949e+00
3.262400000000000091e+03 8.812799999999999301e+00
3.265099999999999909e+03 8.820299999999999585e+00
3.267599999999999909e+03 8.827299999999999258e+00
3.269900000000000091e+03 8.833800000000000097e+00
3.271800000000000182e+03 8.839800000000000324e+00
3.273500000000000000e+03 8.845399999999999707e+00
3.274900000000000091e+03 8.850500000000000256e+00
3.275900000000000091e+03 8.855199999999999960e+00
3.276599999999999909e+03 8.859299999999999287e+00
3.276900000000000091e+03 8.862999999999999545e+00
