8.609600000000000364e+02 5.323599999999999888e+00
8.381599999999999682e+02 5.311499999999999666e+00
8.164500000000000455e+02 5.295099999999999696e+00
8.007799999999999727e+02 5.280700000000000394e+00
7.889400000000000546e+02 5.267000000000000348e+00
7.797899999999999636e+02 5.254199999999999982e+00
7.723300000000000409e+02 5.242099999999999760e+00
7.658600000000000136e+02 5.230500000000000149e+00
7.598400000000000318e+02 5.219100000000000072e+00
7.539900000000000091e+02 5.207699999999999996e+00
7.481799999999999500e+02 5.196100000000000385e+00
7.423999999999999773e+02 5.184199999999999697e+00
7.368200000000000500e+02 5.172200000000000131e+00
7.314600000000000364e+02 5.160000000000000142e+00
7.263500000000000227e+02 5.147899999999999920e+00
7.216499999999999773e+02 5.135799999999999699e+00
7.173700000000000045e+02 5.123899999999999899e+00
7.134800000000000182e+02 5.112199999999999633e+00
7.099900000000000091e+02 5.100799999999999557e+00
7.068200000000000500e+02 5.089699999999999669e+00
7.040000000000000000e+02 5.078999999999999737e+00
7.015000000000000000e+02 5.068599999999999994e+00
6.992999999999999545e+02 5.058600000000000207e+00
6.973300000000000409e+02 5.048899999999999721e+00
6.955900000000000318e+02 5.039600000000000080e+00
6.940399999999999636e+02 5.030599999999999739e+00
6.926299999999999955e+02 5.022000000000000242e+00
6.913700000000000045e+02 5.013600000000000279e+00
6.902300000000000182e+02 5.005499999999999616e+00
6.891900000000000546e+02 4.997700000000000031e+00
6.882200000000000273e+02 4.990199999999999747e+00
6.873600000000000136e+02 4.982899999999999885e+00
6.866000000000000227e+02 4.975999999999999979e+00
6.859199999999999591e+02 4.969299999999999606e+00
6.852999999999999545e+02 4.962799999999999656e+00
6.847300000000000182e+02 4.956599999999999895e+00
6.842400000000000091e+02 4.950599999999999667e+00
6.837999999999999545e+02 4.944799999999999862e+00
6.834199999999999591e+02 4.939199999999999591e+00
6.830800000000000409e+02 4.933900000000000396e+00
6.827699999999999818e+02 4.928700000000000081e+00
6.824900000000000091e+02 4.923600000000000421e+00
6.822200000000000273e+02 4.918700000000000294e+00
6.819800000000000182e+02 4.913999999999999702e+00
6.817599999999999909e+02 4.909399999999999764e+00
6.815599999999999454e+02 4.905000000000000249e+00
6.813799999999999955e+02 4.900800000000000267e+00
6.812100000000000364e+02 4.896700000000000053e+00
6.810599999999999454e+02 4.892800000000000260e+00
6.809199999999999591e+02 4.889000000000000234e+00
6.807799999999999727e+02 4.885299999999999976e+00
6.806499999999999773e+02 4.881700000000000372e+00
6.805199999999999818e+02 4.878300000000000303e+00
6.804099999999999682e+02 4.875000000000000000e+00
6.802899999999999636e+02 4.871800000000000352e+00
6.801900000000000546e+02 4.868800000000000239e+00
6.800900000000000318e+02 4.865800000000000125e+00
6.799900000000000091e+02 4.862899999999999778e+00
6.798899999999999864e+02 4.860100000000000087e+00
6.797999999999999545e+02 4.857499999999999929e+00
6.797100000000000364e+02 4.854899999999999771e+00
6.796200000000000045e+02 4.852299999999999613e+00
6.795399999999999636e+02 4.849899999999999878e+00
6.794500000000000455e+02 4.847599999999999909e+00
6.793700000000000045e+02 4.845299999999999940e+00
6.792899999999999636e+02 4.843099999999999739e+00
6.792100000000000364e+02 4.841000000000000192e+00
6.791299999999999955e+02 4.838899999999999757e+00
6.790499999999999545e+02 4.836899999999999977e+00
6.789800000000000182e+02 4.834999999999999964e+00
6.788999999999999773e+02 4.833099999999999952e+00
6.788200000000000500e+02 4.831299999999999706e+00
6.787400000000000091e+02 4.829500000000000348e+00
6.786499999999999773e+02 4.827799999999999869e+00
6.785700000000000500e+02 4.826200000000000045e+00
6.784900000000000091e+02 4.824600000000000222e+00
6.784199999999999591e+02 4.823100000000000165e+00
6.783400000000000318e+02 4.821600000000000108e+00
6.782599999999999909e+02 4.820100000000000051e+00
6.781900000000000546e+02 4.818699999999999761e+00
6.781100000000000136e+02 4.817400000000000126e+00
6.780299999999999727e+02 4.815999999999999837e+00
6.779600000000000364e+02 4.814799999999999969e+00
6.778799999999999955e+02 4.813500000000000334e+00
6.778099999999999454e+02 4.812299999999999578e+00
6.777400000000000091e+02 4.811099999999999710e+00
6.776699999999999591e+02 4.809999999999999609e+00
6.776000000000000227e+02 4.808900000000000396e+00
6.775399999999999636e+02 4.807900000000000063e+00
6.774800000000000182e+02 4.806799999999999962e+00
6.774099999999999682e+02 4.805799999999999628e+00
6.773500000000000227e+02 4.804899999999999949e+00
6.772899999999999636e+02 4.803899999999999615e+00
6.772300000000000182e+02 4.802999999999999936e+00
6.771599999999999682e+02 4.802100000000000257e+00
6.771000000000000227e+02 4.801300000000000345e+00
6.770399999999999636e+02 4.800399999999999778e+00
6.769800000000000182e+02 4.799599999999999866e+00
6.769199999999999591e+02 4.798799999999999955e+00
6.768600000000000136e+02 4.798099999999999810e+00
6.767999999999999545e+02 4.797299999999999898e+00
6.767400000000000091e+02 4.796599999999999753e+00
6.766799999999999500e+02 4.795899999999999608e+00
6.766200000000000045e+02 4.795200000000000351e+00
6.765599999999999454e+02 4.794500000000000206e+00
6.765000000000000000e+02 4.793899999999999828e+00
6.764400000000000546e+02 4.793199999999999683e+00
6.763799999999999955e+02 4.792600000000000193e+00
6.763099999999999454e+02 4.791999999999999815e+00
6.762899999999999636e+02 4.791400000000000325e+00
6.762999999999999545e+02 4.790899999999999714e+00
6.763099999999999454e+02 4.790399999999999991e+00
6.763400000000000318e+02 4.790000000000000036e+00
6.763700000000000045e+02 4.789600000000000080e+00
6.763999999999999773e+02 4.789200000000000124e+00
6.764500000000000455e+02 4.788800000000000168e+00
6.764900000000000091e+02 4.788499999999999979e+00
6.765399999999999636e+02 4.788299999999999557e+00
6.766000000000000227e+02 4.788000000000000256e+00
6.766599999999999682e+02 4.787799999999999834e+00
6.767300000000000182e+02 4.787700000000000067e+00
6.768200000000000500e+02 4.787499999999999645e+00
6.769099999999999682e+02 4.787399999999999878e+00
6.770299999999999727e+02 4.787399999999999878e+00
6.771499999999999773e+02 4.787399999999999878e+00
6.772899999999999636e+02 4.787399999999999878e+00
6.774500000000000455e+02 4.787499999999999645e+00
6.776200000000000045e+02 4.787700000000000067e+00
6.778099999999999454e+02 4.787899999999999601e+00
6.780199999999999818e+02 4.788100000000000023e+00
6.782400000000000091e+02 4.788400000000000212e+00
6.784900000000000091e+02 4.788800000000000168e+00
6.787599999999999909e+02 4.789200000000000124e+00
6.791200000000000045e+02 4.789799999999999613e+00
6.795299999999999727e+02 4.790399999999999991e+00
6.800000000000000000e+02 4.791199999999999903e+00
6.805499999999999545e+02 4.792200000000000237e+00
6.812000000000000455e+02 4.793300000000000338e+00
6.819500000000000455e+02 4.794599999999999973e+00
6.827799999999999727e+02 4.796199999999999797e+00
6.836900000000000546e+02 4.797900000000000276e+00
6.846599999999999682e+02 4.799900000000000055e+00
6.857100000000000364e+02 4.802100000000000257e+00
6.868099999999999454e+02 4.804400000000000226e+00
6.879600000000000364e+02 4.807000000000000384e+00
6.891599999999999682e+02 4.809800000000000075e+00
6.904199999999999591e+02 4.812700000000000422e+00
6.917500000000000000e+02 4.815900000000000070e+00
6.931699999999999591e+02 4.819300000000000139e+00
6.946900000000000546e+02 4.823000000000000398e+00
6.962500000000000000e+02 4.826900000000000190e+00
6.978500000000000227e+02 4.830899999999999750e+00
6.994700000000000273e+02 4.835200000000000387e+00
7.011100000000000136e+02 4.839699999999999669e+00
7.027899999999999636e+02 4.844299999999999606e+00
7.045099999999999909e+02 4.849199999999999733e+00
7.062599999999999909e+02 4.854099999999999859e+00
7.080399999999999636e+02 4.859300000000000175e+00
7.098600000000000136e+02 4.864600000000000257e+00
7.116900000000000546e+02 4.870099999999999874e+00
7.135299999999999727e+02 4.875600000000000378e+00
7.154099999999999682e+02 4.881300000000000416e+00
7.173300000000000409e+02 4.887199999999999989e+00
7.192999999999999545e+02 4.893200000000000216e+00
7.213300000000000409e+02 4.899399999999999977e+00
7.233500000000000227e+02 4.905700000000000394e+00
7.253899999999999864e+02 4.912200000000000344e+00
7.274400000000000546e+02 4.918800000000000061e+00
7.295199999999999818e+02 4.925500000000000433e+00
7.316100000000000136e+02 4.932400000000000340e+00
7.337300000000000182e+02 4.939400000000000013e+00
7.358700000000000045e+02 4.946500000000000341e+00
7.380399999999999636e+02 4.953700000000000436e+00
7.402599999999999909e+02 4.961100000000000065e+00
7.425199999999999818e+02 4.968499999999999694e+00
7.448099999999999454e+02 4.975999999999999979e+00
7.471399999999999864e+02 4.983600000000000030e+00
7.495000000000000000e+02 4.991299999999999848e+00
7.519099999999999682e+02 4.998999999999999666e+00
7.543500000000000227e+02 5.006899999999999906e+00
7.568400000000000318e+02 5.014800000000000146e+00
7.593600000000000136e+02 5.022899999999999920e+00
7.619199999999999591e+02 5.030999999999999694e+00
7.644700000000000273e+02 5.039200000000000124e+00
7.670800000000000409e+02 5.047399999999999665e+00
7.697500000000000000e+02 5.055799999999999628e+00
7.724700000000000273e+02 5.064199999999999591e+00
7.752400000000000091e+02 5.072700000000000209e+00
7.780499999999999545e+02 5.081199999999999939e+00
7.808899999999999864e+02 5.089800000000000324e+00
7.837400000000000091e+02 5.098399999999999821e+00
7.866200000000000045e+02 5.107000000000000206e+00
7.894900000000000091e+02 5.115499999999999936e+00
7.922999999999999545e+02 5.124100000000000321e+00
7.951100000000000136e+02 5.132500000000000284e+00
7.979199999999999591e+02 5.140900000000000247e+00
8.007500000000000000e+02 5.149300000000000210e+00
8.035800000000000409e+02 5.157600000000000406e+00
8.063799999999999955e+02 5.165700000000000180e+00
8.091599999999999682e+02 5.173799999999999955e+00
8.119400000000000546e+02 5.181700000000000195e+00
8.147300000000000182e+02 5.189600000000000435e+00
8.175499999999999545e+02 5.197300000000000253e+00
8.203799999999999955e+02 5.205000000000000071e+00
8.232400000000000091e+02 5.212600000000000122e+00
8.261299999999999955e+02 5.220200000000000173e+00
8.290399999999999636e+02 5.227599999999999802e+00
8.320000000000000000e+02 5.235000000000000320e+00
8.350099999999999909e+02 5.242200000000000415e+00
8.380499999999999545e+02 5.249399999999999622e+00
8.411499999999999773e+02 5.256499999999999950e+00
8.442899999999999636e+02 5.263499999999999623e+00
8.474900000000000091e+02 5.270500000000000185e+00
8.507300000000000182e+02 5.277300000000000324e+00
8.540299999999999727e+02 5.284099999999999575e+00
8.573500000000000227e+02 5.290700000000000180e+00
8.607300000000000182e+02 5.297399999999999665e+00
8.642500000000000000e+02 5.303899999999999615e+00
8.681000000000000227e+02 5.310599999999999987e+00
8.722699999999999818e+02 5.317400000000000126e+00
8.767300000000000182e+02 5.324399999999999800e+00
8.814500000000000455e+02 5.331500000000000128e+00
8.863999999999999773e+02 5.338700000000000223e+00
8.915700000000000500e+02 5.346099999999999852e+00
8.967500000000000000e+02 5.353500000000000369e+00
9.018400000000000318e+02 5.360800000000000232e+00
9.068899999999999864e+02 5.368100000000000094e+00
9.119099999999999682e+02 5.375200000000000422e+00
9.169500000000000455e+02 5.382200000000000095e+00
9.217699999999999818e+02 5.389100000000000001e+00
9.263400000000000318e+02 5.395699999999999719e+00
9.306299999999999955e+02 5.402099999999999902e+00
9.345599999999999454e+02 5.408100000000000129e+00
9.380800000000000409e+02 5.413800000000000168e+00
9.412999999999999545e+02 5.419100000000000250e+00
9.443099999999999454e+02 5.424100000000000144e+00
9.471499999999999773e+02 5.428899999999999615e+00
9.498500000000000227e+02 5.433399999999999785e+00
9.522599999999999909e+02 5.437599999999999767e+00
9.543300000000000409e+02 5.441499999999999559e+00
9.561200000000000045e+02 5.445100000000000051e+00
9.577100000000000364e+02 5.448400000000000354e+00
9.591599999999999682e+02 5.451500000000000234e+00
9.605000000000000000e+02 5.454299999999999926e+00
9.618400000000000318e+02 5.456999999999999851e+00
9.634199999999999591e+02 5.459600000000000009e+00
9.652699999999999818e+02 5.462299999999999933e+00
9.673099999999999454e+02 5.464999999999999858e+00
9.694800000000000182e+02 5.467800000000000438e+00
9.717599999999999909e+02 5.470699999999999896e+00
9.741100000000000136e+02 5.473499999999999588e+00
9.765099999999999909e+02 5.476399999999999935e+00
9.789500000000000455e+02 5.479400000000000048e+00
9.813999999999999773e+02 5.482300000000000395e+00
9.838799999999999955e+02 5.485199999999999854e+00
9.863799999999999955e+02 5.488199999999999967e+00
9.888999999999999773e+02 5.491100000000000314e+00
9.914500000000000455e+02 5.494100000000000428e+00
9.940099999999999909e+02 5.497099999999999653e+00
9.965900000000000318e+02 5.500099999999999767e+00
9.991900000000000546e+02 5.503099999999999881e+00
1.001799999999999955e+03 5.506099999999999994e+00
1.004500000000000000e+03 5.509199999999999875e+00
1.007100000000000023e+03 5.512199999999999989e+00
1.009799999999999955e+03 5.515299999999999869e+00
1.012500000000000000e+03 5.518399999999999750e+00
1.015200000000000045e+03 5.521499999999999631e+00
1.017899999999999977e+03 5.524600000000000399e+00
1.020600000000000023e+03 5.527700000000000280e+00
1.023399999999999977e+03 5.530899999999999928e+00
1.026099999999999909e+03 5.533999999999999808e+00
1.028900000000000091e+03 5.537200000000000344e+00
1.031700000000000045e+03 5.540300000000000225e+00
1.034500000000000000e+03 5.543499999999999872e+00
1.037200000000000045e+03 5.546599999999999753e+00
1.040099999999999909e+03 5.549800000000000288e+00
1.042900000000000091e+03 5.552999999999999936e+00
1.045700000000000045e+03 5.556199999999999584e+00
1.048599999999999909e+03 5.559400000000000119e+00
1.051500000000000000e+03 5.562700000000000422e+00
1.054500000000000000e+03 5.565999999999999837e+00
1.057500000000000000e+03 5.569300000000000139e+00
1.060599999999999909e+03 5.572600000000000442e+00
1.063599999999999909e+03 5.575999999999999623e+00
1.066799999999999955e+03 5.579399999999999693e+00
1.069900000000000091e+03 5.582799999999999763e+00
1.073099999999999909e+03 5.586199999999999832e+00
1.076299999999999955e+03 5.589699999999999669e+00
1.079599999999999909e+03 5.593200000000000394e+00
1.082900000000000091e+03 5.596799999999999997e+00
1.086200000000000045e+03 5.600299999999999834e+00
1.089500000000000000e+03 5.603900000000000325e+00
1.092900000000000091e+03 5.607499999999999929e+00
1.096200000000000045e+03 5.611100000000000421e+00
1.099599999999999909e+03 5.614700000000000024e+00
1.103000000000000000e+03 5.618400000000000283e+00
1.106500000000000000e+03 5.622099999999999653e+00
1.110000000000000000e+03 5.625899999999999679e+00
1.113599999999999909e+03 5.629699999999999704e+00
1.117099999999999909e+03 5.633499999999999730e+00
1.120799999999999955e+03 5.637400000000000411e+00
1.124500000000000000e+03 5.641300000000000203e+00
1.128299999999999955e+03 5.645299999999999763e+00
1.132200000000000045e+03 5.649399999999999977e+00
1.136200000000000045e+03 5.653599999999999959e+00
1.140299999999999955e+03 5.657899999999999707e+00
1.144500000000000000e+03 5.662399999999999878e+00
1.148900000000000091e+03 5.666900000000000048e+00
1.153500000000000000e+03 5.671599999999999753e+00
1.158299999999999955e+03 5.676499999999999879e+00
1.163099999999999909e+03 5.681499999999999773e+00
1.168200000000000045e+03 5.686700000000000088e+00
1.173700000000000045e+03 5.692199999999999704e+00
1.179400000000000091e+03 5.697899999999999743e+00
1.185400000000000091e+03 5.703899999999999970e+00
1.191700000000000045e+03 5.710200000000000387e+00
1.198400000000000091e+03 5.716800000000000104e+00
1.205299999999999955e+03 5.723799999999999777e+00
1.212599999999999909e+03 5.731099999999999639e+00
1.220200000000000045e+03 5.738800000000000345e+00
1.228099999999999909e+03 5.746800000000000352e+00
1.236400000000000091e+03 5.755200000000000315e+00
1.244900000000000091e+03 5.764000000000000234e+00
1.253799999999999955e+03 5.773100000000000342e+00
1.262900000000000091e+03 5.782600000000000406e+00
1.272200000000000045e+03 5.792399999999999771e+00
1.281599999999999909e+03 5.802599999999999980e+00
1.291099999999999909e+03 5.813100000000000378e+00
1.300799999999999955e+03 5.823900000000000077e+00
1.310500000000000000e+03 5.834999999999999964e+00
1.320299999999999955e+03 5.846300000000000274e+00
1.330200000000000045e+03 5.857800000000000118e+00
1.340200000000000045e+03 5.869600000000000151e+00
1.350200000000000045e+03 5.881499999999999950e+00
1.360299999999999955e+03 5.893600000000000172e+00
1.370299999999999955e+03 5.905800000000000161e+00
1.380400000000000091e+03 5.918099999999999916e+00
1.390500000000000000e+03 5.930600000000000094e+00
1.400799999999999955e+03 5.943200000000000038e+00
1.411000000000000000e+03 5.956000000000000405e+00
1.421299999999999955e+03 5.968899999999999650e+00
1.431700000000000045e+03 5.981900000000000439e+00
1.442000000000000000e+03 5.995099999999999874e+00
1.452200000000000045e+03 6.008300000000000196e+00
1.462299999999999955e+03 6.021600000000000286e+00
1.472400000000000091e+03 6.035000000000000142e+00
1.482400000000000091e+03 6.048499999999999766e+00
1.492299999999999955e+03 6.062000000000000277e+00
1.502299999999999955e+03 6.075599999999999667e+00
1.512299999999999955e+03 6.089400000000000368e+00
1.522299999999999955e+03 6.103200000000000180e+00
1.532400000000000091e+03 6.117200000000000415e+00
1.542799999999999955e+03 6.131300000000000416e+00
1.553299999999999955e+03 6.145500000000000185e+00
1.564700000000000045e+03 6.160199999999999676e+00
1.576099999999999909e+03 6.175300000000000011e+00
1.587799999999999955e+03 6.190599999999999881e+00
1.599700000000000045e+03 6.206299999999999706e+00
1.611900000000000091e+03 6.222400000000000375e+00
1.624200000000000045e+03 6.238699999999999690e+00
1.636599999999999909e+03 6.255399999999999849e+00
1.649000000000000000e+03 6.272199999999999775e+00
1.661599999999999909e+03 6.289200000000000124e+00
1.674299999999999955e+03 6.306400000000000006e+00
1.687099999999999909e+03 6.323800000000000310e+00
1.699900000000000091e+03 6.341199999999999726e+00
1.712700000000000045e+03 6.358699999999999797e+00
1.725400000000000091e+03 6.376299999999999635e+00
1.738000000000000000e+03 6.393799999999999706e+00
1.750599999999999909e+03 6.411299999999999777e+00
1.763299999999999955e+03 6.428799999999999848e+00
1.776000000000000000e+03 6.446299999999999919e+00
1.788700000000000045e+03 6.463700000000000223e+00
1.801400000000000091e+03 6.481099999999999639e+00
1.813400000000000091e+03 6.498300000000000409e+00
1.824200000000000045e+03 6.514800000000000146e+00
1.835599999999999909e+03 6.531100000000000350e+00
1.848799999999999955e+03 6.547900000000000276e+00
1.862400000000000091e+03 6.565199999999999925e+00
1.876400000000000091e+03 6.582799999999999763e+00
1.891200000000000045e+03 6.600999999999999979e+00
1.906599999999999909e+03 6.619799999999999685e+00
1.922700000000000045e+03 6.639100000000000001e+00
1.939500000000000000e+03 6.658999999999999808e+00
1.957000000000000000e+03 6.679599999999999760e+00
1.975200000000000045e+03 6.700899999999999856e+00
1.994099999999999909e+03 6.722800000000000331e+00
2.012200000000000045e+03 6.745099999999999874e+00
2.028099999999999909e+03 6.766600000000000392e+00
2.041900000000000091e+03 6.786900000000000155e+00
2.055500000000000000e+03 6.806400000000000006e+00
2.067699999999999818e+03 6.825000000000000178e+00
2.078500000000000000e+03 6.842500000000000249e+00
2.088500000000000000e+03 6.858799999999999564e+00
2.098099999999999909e+03 6.874299999999999855e+00
2.107599999999999909e+03 6.889100000000000001e+00
2.117199999999999818e+03 6.903500000000000192e+00
2.128199999999999818e+03 6.918000000000000149e+00
2.139800000000000182e+03 6.932699999999999640e+00
2.151300000000000182e+03 6.947600000000000442e+00
2.162699999999999818e+03 6.962299999999999933e+00
2.174300000000000182e+03 6.977100000000000080e+00
2.185800000000000182e+03 6.991900000000000226e+00
2.196599999999999909e+03 7.006499999999999950e+00
2.207699999999999818e+03 7.020900000000000141e+00
2.218199999999999818e+03 7.035099999999999909e+00
2.228300000000000182e+03 7.049000000000000377e+00
2.237599999999999909e+03 7.062299999999999578e+00
2.243099999999999909e+03 7.074200000000000266e+00
2.270199999999999818e+03 7.089800000000000324e+00
2.375500000000000000e+03 7.147700000000000387e+00
2.397099999999999909e+03 7.184499999999999886e+00
2.485500000000000000e+03 7.240000000000000213e+00
2.537500000000000000e+03 7.296100000000000030e+00
2.578000000000000000e+03 7.347100000000000186e+00
2.613199999999999818e+03 7.394099999999999895e+00
2.646000000000000000e+03 7.438200000000000145e+00
2.676699999999999818e+03 7.479700000000000237e+00
2.706199999999999818e+03 7.519300000000000317e+00
2.732900000000000091e+03 7.556700000000000195e+00
2.759800000000000182e+03 7.592600000000000016e+00
2.788199999999999818e+03 7.628099999999999881e+00
2.816500000000000000e+03 7.663400000000000212e+00
2.844099999999999909e+03 7.698100000000000165e+00
2.870900000000000091e+03 7.732300000000000395e+00
2.894500000000000000e+03 7.765299999999999869e+00
2.912500000000000000e+03 7.795200000000000351e+00
2.932500000000000000e+03 7.824300000000000033e+00
2.952199999999999818e+03 7.852899999999999991e+00
2.971500000000000000e+03 7.880799999999999805e+00
2.990300000000000182e+03 7.908199999999999896e+00
3.008300000000000182e+03 7.934999999999999609e+00
3.025699999999999818e+03 7.961199999999999832e+00
3.042400000000000091e+03 7.986699999999999910e+00
3.058400000000000091e+03 8.011499999999999844e+00
3.073699999999999818e+03 8.035700000000000287e+00
3.088400000000000091e+03 8.059100000000000819e+00
3.101699999999999818e+03 8.081599999999999895e+00
3.114199999999999818e+03 8.103099999999999525e+00
3.126099999999999909e+03 8.123699999999999477e+00
3.137400000000000091e+03 8.143499999999999517e+00
3.148199999999999818e+03 8.162499999999999645e+00
3.158400000000000091e+03 8.180600000000000094e+00
3.168000000000000000e+03 8.198100000000000165e+00
3.177099999999999909e+03 8.214700000000000557e+00
3.185699999999999818e+03 8.230700000000000571e+00
3.193800000000000182e+03 8.245900000000000674e+00
3.201500000000000000e+03 8.260500000000000398e+00
3.208699999999999818e+03 8.274300000000000210e+00
3.215500000000000000e+03 8.287499999999999645e+00
3.221900000000000091e+03 8.300000000000000711e+00
3.227900000000000091e+03 8.311899999999999622e+00
3.233500000000000000e+03 8.323100000000000165e+00
3.238699999999999818e+03 8.333700000000000330e+00
3.243500000000000000e+03 8.343799999999999883e+00
3.248000000000000000e+03 8.353300000000000836e+00
3.252199999999999818e+03 8.362199999999999633e+00
3.256099999999999909e+03 8.370599999999999596e+00
3.259599999999999909e+03 8.378500000000000725e+00
3.262900000000000091e+03 8.385899999999999466e+00
3.265800000000000182e+03 8.392899999999999139e+00
3.268500000000000000e+03 8.399399999999999977e+00
3.271000000000000000e+03 8.405400000000000205e+00
3.273099999999999909e+03 8.411099999999999355e+00
3.275000000000000000e+03 8.416299999999999670e+00
3.276500000000000000e+03 8.420999999999999375e+00
3.277599999999999909e+03 8.425399999999999778e+00
3.278400000000000091e+03 8.429199999999999804e+00
3.278800000000000182e+03 8.432700000000000529e+00
3.278900000000000091e+03 8.435600000000000875e+00
