8.608500000000000227e+02 5.156699999999999839e+00
8.478099999999999454e+02 5.129299999999999748e+00
8.252200000000000273e+02 5.118199999999999861e+00
8.095000000000000000e+02 5.106799999999999784e+00
7.975000000000000000e+02 5.094899999999999984e+00
7.880199999999999818e+02 5.083099999999999952e+00
7.802400000000000091e+02 5.071600000000000108e+00
7.735599999999999454e+02 5.060500000000000220e+00
7.674600000000000364e+02 5.049500000000000099e+00
7.616599999999999682e+02 5.038499999999999979e+00
7.559800000000000182e+02 5.027400000000000091e+00
7.503200000000000500e+02 5.016200000000000436e+00
7.448300000000000409e+02 5.004699999999999704e+00
7.395099999999999909e+02 4.993199999999999861e+00
7.343999999999999773e+02 4.981499999999999595e+00
7.296399999999999864e+02 4.969899999999999984e+00
7.252400000000000091e+02 4.958400000000000141e+00
7.212100000000000364e+02 4.947000000000000064e+00
7.175299999999999727e+02 4.935800000000000409e+00
7.141900000000000546e+02 4.924800000000000288e+00
7.111599999999999682e+02 4.914100000000000357e+00
7.084400000000000546e+02 4.903699999999999726e+00
7.060000000000000000e+02 4.893600000000000172e+00
7.038099999999999454e+02 4.883799999999999919e+00
7.018400000000000318e+02 4.874299999999999855e+00
7.000599999999999454e+02 4.865199999999999747e+00
6.984600000000000364e+02 4.856300000000000061e+00
6.969900000000000091e+02 4.847800000000000331e+00
6.956699999999999591e+02 4.839500000000000135e+00
6.944199999999999591e+02 4.831400000000000361e+00
6.932500000000000000e+02 4.823599999999999888e+00
6.922100000000000364e+02 4.816099999999999604e+00
6.912799999999999727e+02 4.808799999999999741e+00
6.904299999999999500e+02 4.801700000000000301e+00
6.896499999999999773e+02 4.794800000000000395e+00
6.889400000000000546e+02 4.788199999999999790e+00
6.882999999999999545e+02 4.781699999999999839e+00
6.877200000000000273e+02 4.775400000000000311e+00
6.872100000000000364e+02 4.769400000000000084e+00
6.867400000000000091e+02 4.763499999999999623e+00
6.863200000000000500e+02 4.757799999999999585e+00
6.859299999999999500e+02 4.752200000000000202e+00
6.855399999999999636e+02 4.746800000000000352e+00
6.851900000000000546e+02 4.741600000000000037e+00
6.848700000000000045e+02 4.736500000000000377e+00
6.845599999999999454e+02 4.731600000000000250e+00
6.842699999999999818e+02 4.726899999999999658e+00
6.840099999999999909e+02 4.722299999999999720e+00
6.837500000000000000e+02 4.717800000000000438e+00
6.835099999999999909e+02 4.713499999999999801e+00
6.832799999999999727e+02 4.709399999999999586e+00
6.830599999999999454e+02 4.705400000000000027e+00
6.828600000000000136e+02 4.701500000000000234e+00
6.826599999999999682e+02 4.697799999999999976e+00
6.824700000000000273e+02 4.694099999999999717e+00
6.822799999999999727e+02 4.690599999999999881e+00
6.821100000000000136e+02 4.687199999999999811e+00
6.819400000000000546e+02 4.683900000000000396e+00
6.817799999999999727e+02 4.680799999999999628e+00
6.816200000000000045e+02 4.677699999999999747e+00
6.814700000000000273e+02 4.674699999999999633e+00
6.813200000000000500e+02 4.671800000000000175e+00
6.811799999999999500e+02 4.668999999999999595e+00
6.810399999999999636e+02 4.666299999999999670e+00
6.809099999999999682e+02 4.663700000000000401e+00
6.807699999999999818e+02 4.661200000000000010e+00
6.806499999999999773e+02 4.658800000000000274e+00
6.805199999999999818e+02 4.656399999999999650e+00
6.803999999999999773e+02 4.654099999999999682e+00
6.802799999999999727e+02 4.651799999999999713e+00
6.801599999999999682e+02 4.649700000000000166e+00
6.800399999999999636e+02 4.647599999999999731e+00
6.799099999999999682e+02 4.645599999999999952e+00
6.797899999999999636e+02 4.643600000000000172e+00
6.796799999999999500e+02 4.641700000000000159e+00
6.795599999999999454e+02 4.639800000000000146e+00
6.794500000000000455e+02 4.637999999999999901e+00
6.793400000000000318e+02 4.636300000000000310e+00
6.792300000000000182e+02 4.634599999999999831e+00
6.791299999999999955e+02 4.633000000000000007e+00
6.790199999999999818e+02 4.631400000000000183e+00
6.789099999999999682e+02 4.629800000000000360e+00
6.788099999999999454e+02 4.628400000000000070e+00
6.787100000000000364e+02 4.626900000000000013e+00
6.786100000000000136e+02 4.625499999999999723e+00
6.785099999999999909e+02 4.624100000000000321e+00
6.784199999999999591e+02 4.622799999999999798e+00
6.783300000000000409e+02 4.621500000000000163e+00
6.782400000000000091e+02 4.620300000000000296e+00
6.781599999999999682e+02 4.619100000000000428e+00
6.780700000000000500e+02 4.618000000000000327e+00
6.779900000000000091e+02 4.616799999999999571e+00
6.779099999999999682e+02 4.615700000000000358e+00
6.778300000000000409e+02 4.614700000000000024e+00
6.777500000000000000e+02 4.613599999999999923e+00
6.776699999999999591e+02 4.612599999999999589e+00
6.775900000000000318e+02 4.611699999999999910e+00
6.775199999999999818e+02 4.610699999999999577e+00
6.774400000000000546e+02 4.609799999999999898e+00
6.773700000000000045e+02 4.608900000000000219e+00
6.772899999999999636e+02 4.607999999999999652e+00
6.772200000000000273e+02 4.607199999999999740e+00
6.771499999999999773e+02 4.606399999999999828e+00
6.770700000000000500e+02 4.605599999999999916e+00
6.770000000000000000e+02 4.604800000000000004e+00
6.769299999999999500e+02 4.604000000000000092e+00
6.768600000000000136e+02 4.603299999999999947e+00
6.767899999999999636e+02 4.602599999999999802e+00
6.767200000000000273e+02 4.601799999999999891e+00
6.766699999999999591e+02 4.601200000000000401e+00
6.766399999999999864e+02 4.600500000000000256e+00
6.766299999999999955e+02 4.599899999999999878e+00
6.766299999999999955e+02 4.599400000000000155e+00
6.766399999999999864e+02 4.598900000000000432e+00
6.766499999999999773e+02 4.598399999999999821e+00
6.766699999999999591e+02 4.597999999999999865e+00
6.767000000000000455e+02 4.597599999999999909e+00
6.767300000000000182e+02 4.597199999999999953e+00
6.767599999999999909e+02 4.596899999999999764e+00
6.767999999999999545e+02 4.596599999999999575e+00
6.768500000000000227e+02 4.596400000000000041e+00
6.769099999999999682e+02 4.596199999999999619e+00
6.769900000000000091e+02 4.596000000000000085e+00
6.770700000000000500e+02 4.595900000000000318e+00
6.771699999999999591e+02 4.595799999999999663e+00
6.772799999999999727e+02 4.595799999999999663e+00
6.773999999999999773e+02 4.595799999999999663e+00
6.775499999999999545e+02 4.595900000000000318e+00
6.777000000000000455e+02 4.596000000000000085e+00
6.778700000000000045e+02 4.596199999999999619e+00
6.780599999999999454e+02 4.596400000000000041e+00
6.782699999999999818e+02 4.596700000000000230e+00
6.785000000000000000e+02 4.597100000000000186e+00
6.787799999999999727e+02 4.597500000000000142e+00
6.791299999999999955e+02 4.598099999999999632e+00
6.795199999999999818e+02 4.598799999999999777e+00
6.799800000000000182e+02 4.599599999999999689e+00
6.805099999999999909e+02 4.600600000000000023e+00
6.811399999999999864e+02 4.601799999999999891e+00
6.818400000000000318e+02 4.603200000000000180e+00
6.826200000000000045e+02 4.604800000000000004e+00
6.834600000000000364e+02 4.606600000000000250e+00
6.843700000000000045e+02 4.608600000000000030e+00
6.853500000000000227e+02 4.610800000000000232e+00
6.863700000000000045e+02 4.613299999999999734e+00
6.874500000000000455e+02 4.615899999999999892e+00
6.885800000000000409e+02 4.618699999999999584e+00
6.897699999999999818e+02 4.621800000000000352e+00
6.910399999999999636e+02 4.625099999999999767e+00
6.923999999999999773e+02 4.628599999999999604e+00
6.938300000000000409e+02 4.632399999999999629e+00
6.952899999999999636e+02 4.636400000000000077e+00
6.967899999999999636e+02 4.640500000000000291e+00
6.982999999999999545e+02 4.644899999999999807e+00
6.998700000000000045e+02 4.649499999999999744e+00
7.014700000000000273e+02 4.654200000000000337e+00
7.031100000000000136e+02 4.659099999999999575e+00
7.047799999999999727e+02 4.664100000000000357e+00
7.064900000000000091e+02 4.669400000000000439e+00
7.082200000000000273e+02 4.674699999999999633e+00
7.099700000000000273e+02 4.680299999999999905e+00
7.117500000000000000e+02 4.685900000000000176e+00
7.135700000000000500e+02 4.691699999999999982e+00
7.154299999999999500e+02 4.697600000000000442e+00
7.173300000000000409e+02 4.703700000000000436e+00
7.192599999999999909e+02 4.709999999999999964e+00
7.212100000000000364e+02 4.716300000000000381e+00
7.231699999999999591e+02 4.722900000000000098e+00
7.251499999999999773e+02 4.729499999999999815e+00
7.271599999999999682e+02 4.736299999999999955e+00
7.292000000000000455e+02 4.743100000000000094e+00
7.312699999999999818e+02 4.750099999999999767e+00
7.333700000000000045e+02 4.757200000000000095e+00
7.355099999999999909e+02 4.764300000000000423e+00
7.377000000000000455e+02 4.771600000000000286e+00
7.399400000000000546e+02 4.778900000000000148e+00
7.422000000000000455e+02 4.786299999999999777e+00
7.444900000000000091e+02 4.793800000000000061e+00
7.468300000000000409e+02 4.801300000000000345e+00
7.492000000000000455e+02 4.808900000000000396e+00
7.516200000000000045e+02 4.816699999999999982e+00
7.540800000000000409e+02 4.824499999999999567e+00
7.565299999999999727e+02 4.832300000000000040e+00
7.590199999999999818e+02 4.840200000000000280e+00
7.615700000000000500e+02 4.848200000000000287e+00
7.641799999999999500e+02 4.856300000000000061e+00
7.668500000000000227e+02 4.864399999999999835e+00
7.695700000000000500e+02 4.872700000000000031e+00
7.723400000000000318e+02 4.880899999999999572e+00
7.751499999999999773e+02 4.889300000000000423e+00
7.779900000000000091e+02 4.897700000000000387e+00
7.808500000000000227e+02 4.906100000000000350e+00
7.837200000000000273e+02 4.914500000000000313e+00
7.865700000000000500e+02 4.923000000000000043e+00
7.893999999999999773e+02 4.931300000000000239e+00
7.922400000000000091e+02 4.939700000000000202e+00
7.951000000000000227e+02 4.948000000000000398e+00
7.979700000000000273e+02 4.956299999999999706e+00
8.008300000000000409e+02 4.964500000000000135e+00
8.036699999999999591e+02 4.972599999999999909e+00
8.065099999999999909e+02 4.980699999999999683e+00
8.093400000000000318e+02 4.988699999999999690e+00
8.122100000000000364e+02 4.996599999999999930e+00
8.150700000000000500e+02 5.004500000000000171e+00
8.179600000000000364e+02 5.012299999999999756e+00
8.208999999999999773e+02 5.019999999999999574e+00
8.238600000000000136e+02 5.027700000000000280e+00
8.268700000000000045e+02 5.035300000000000331e+00
8.299099999999999682e+02 5.042900000000000382e+00
8.330099999999999909e+02 5.050399999999999778e+00
8.361399999999999864e+02 5.057900000000000063e+00
8.393500000000000227e+02 5.065299999999999692e+00
8.426000000000000227e+02 5.072600000000000442e+00
8.458899999999999864e+02 5.079900000000000304e+00
8.492300000000000182e+02 5.087100000000000399e+00
8.526000000000000227e+02 5.094199999999999839e+00
8.560199999999999818e+02 5.101300000000000168e+00
8.595499999999999545e+02 5.108299999999999841e+00
8.633200000000000500e+02 5.115300000000000402e+00
8.673999999999999773e+02 5.122499999999999609e+00
8.717500000000000000e+02 5.129800000000000360e+00
8.763600000000000136e+02 5.137199999999999989e+00
8.812200000000000273e+02 5.144800000000000040e+00
8.862799999999999727e+02 5.152599999999999625e+00
8.914500000000000455e+02 5.160400000000000098e+00
8.965700000000000500e+02 5.168300000000000338e+00
9.016599999999999682e+02 5.176199999999999690e+00
9.067300000000000182e+02 5.184000000000000163e+00
9.118099999999999454e+02 5.191699999999999982e+00
9.167500000000000000e+02 5.199300000000000033e+00
9.214800000000000182e+02 5.206800000000000317e+00
9.259500000000000455e+02 5.214000000000000412e+00
9.301000000000000227e+02 5.221000000000000085e+00
9.338500000000000227e+02 5.227699999999999569e+00
9.372899999999999636e+02 5.233999999999999986e+00
9.405000000000000000e+02 5.240099999999999980e+00
9.435199999999999818e+02 5.245800000000000018e+00
9.463899999999999864e+02 5.251299999999999635e+00
9.490299999999999727e+02 5.256400000000000183e+00
9.513200000000000500e+02 5.261300000000000310e+00
9.533400000000000318e+02 5.265799999999999592e+00
9.551399999999999864e+02 5.269999999999999574e+00
9.567699999999999818e+02 5.273900000000000254e+00
9.582699999999999818e+02 5.277499999999999858e+00
9.597200000000000273e+02 5.280800000000000161e+00
9.613200000000000500e+02 5.284099999999999575e+00
9.631499999999999773e+02 5.287300000000000111e+00
9.651599999999999682e+02 5.290499999999999758e+00
9.672999999999999545e+02 5.293800000000000061e+00
9.695499999999999545e+02 5.297100000000000364e+00
9.718799999999999955e+02 5.300500000000000433e+00
9.742500000000000000e+02 5.303799999999999848e+00
9.766699999999999591e+02 5.307199999999999918e+00
9.791200000000000045e+02 5.310699999999999754e+00
9.815900000000000318e+02 5.314099999999999824e+00
9.840900000000000318e+02 5.317499999999999893e+00
9.866000000000000227e+02 5.320899999999999963e+00
9.891299999999999955e+02 5.324399999999999800e+00
9.916799999999999500e+02 5.327899999999999636e+00
9.942500000000000000e+02 5.331400000000000361e+00
9.968400000000000318e+02 5.334900000000000198e+00
9.994500000000000455e+02 5.338400000000000034e+00
1.002100000000000023e+03 5.341899999999999871e+00
1.004700000000000045e+03 5.345399999999999707e+00
1.007399999999999977e+03 5.349000000000000199e+00
1.010000000000000000e+03 5.352599999999999802e+00
1.012700000000000045e+03 5.356200000000000294e+00
1.015399999999999977e+03 5.359799999999999898e+00
1.018200000000000045e+03 5.363400000000000389e+00
1.020899999999999977e+03 5.367099999999999760e+00
1.023600000000000023e+03 5.370700000000000252e+00
1.026400000000000091e+03 5.374399999999999622e+00
1.029200000000000045e+03 5.378099999999999881e+00
1.032000000000000000e+03 5.381800000000000139e+00
1.034700000000000045e+03 5.385500000000000398e+00
1.037500000000000000e+03 5.389199999999999768e+00
1.040299999999999955e+03 5.392900000000000027e+00
1.043200000000000045e+03 5.396600000000000286e+00
1.046000000000000000e+03 5.400400000000000311e+00
1.049000000000000000e+03 5.404200000000000337e+00
1.051900000000000091e+03 5.408000000000000362e+00
1.054900000000000091e+03 5.411800000000000388e+00
1.057900000000000091e+03 5.415700000000000180e+00
1.061000000000000000e+03 5.419599999999999973e+00
1.064000000000000000e+03 5.423499999999999766e+00
1.067200000000000045e+03 5.427500000000000213e+00
1.070299999999999955e+03 5.431499999999999773e+00
1.073500000000000000e+03 5.435599999999999987e+00
1.076799999999999955e+03 5.439600000000000435e+00
1.080000000000000000e+03 5.443800000000000416e+00
1.083299999999999955e+03 5.447899999999999743e+00
1.086599999999999909e+03 5.452099999999999724e+00
1.089900000000000091e+03 5.456299999999999706e+00
1.093299999999999955e+03 5.460600000000000342e+00
1.096599999999999909e+03 5.464800000000000324e+00
1.100000000000000000e+03 5.469199999999999839e+00
1.103500000000000000e+03 5.473600000000000243e+00
1.106900000000000091e+03 5.477999999999999758e+00
1.110400000000000091e+03 5.482499999999999929e+00
1.114000000000000000e+03 5.487000000000000099e+00
1.117599999999999909e+03 5.491500000000000270e+00
1.121299999999999955e+03 5.496199999999999974e+00
1.125000000000000000e+03 5.500899999999999679e+00
1.128799999999999955e+03 5.505600000000000271e+00
1.132700000000000045e+03 5.510500000000000398e+00
1.136799999999999955e+03 5.515399999999999636e+00
1.140900000000000091e+03 5.520500000000000185e+00
1.145200000000000045e+03 5.525699999999999612e+00
1.149700000000000045e+03 5.530999999999999694e+00
1.154299999999999955e+03 5.536599999999999966e+00
1.159000000000000000e+03 5.542200000000000237e+00
1.164000000000000000e+03 5.548099999999999810e+00
1.169200000000000045e+03 5.554199999999999804e+00
1.174700000000000045e+03 5.560500000000000220e+00
1.180500000000000000e+03 5.567199999999999704e+00
1.186599999999999909e+03 5.574099999999999611e+00
1.193000000000000000e+03 5.581400000000000361e+00
1.199700000000000045e+03 5.589100000000000179e+00
1.206700000000000045e+03 5.597100000000000186e+00
1.214000000000000000e+03 5.605400000000000382e+00
1.221700000000000045e+03 5.614099999999999646e+00
1.229599999999999909e+03 5.623300000000000409e+00
1.237900000000000091e+03 5.632799999999999585e+00
1.246400000000000091e+03 5.642699999999999605e+00
1.255299999999999955e+03 5.652899999999999814e+00
1.264299999999999955e+03 5.663499999999999979e+00
1.273500000000000000e+03 5.674400000000000333e+00
1.282900000000000091e+03 5.685599999999999987e+00
1.292299999999999955e+03 5.697099999999999831e+00
1.301900000000000091e+03 5.708700000000000330e+00
1.311599999999999909e+03 5.720500000000000362e+00
1.321400000000000091e+03 5.732499999999999929e+00
1.331200000000000045e+03 5.744600000000000151e+00
1.341200000000000045e+03 5.756800000000000139e+00
1.351200000000000045e+03 5.769099999999999895e+00
1.361200000000000045e+03 5.781399999999999650e+00
1.371200000000000045e+03 5.793800000000000061e+00
1.381299999999999955e+03 5.806199999999999584e+00
1.391400000000000091e+03 5.818699999999999761e+00
1.401700000000000045e+03 5.831299999999999706e+00
1.411900000000000091e+03 5.844000000000000306e+00
1.422200000000000045e+03 5.856700000000000017e+00
1.432500000000000000e+03 5.869500000000000384e+00
1.442599999999999909e+03 5.882299999999999862e+00
1.452700000000000045e+03 5.895100000000000229e+00
1.462700000000000045e+03 5.908000000000000362e+00
1.472700000000000045e+03 5.920899999999999608e+00
1.482599999999999909e+03 5.933900000000000396e+00
1.492599999999999909e+03 5.946900000000000297e+00
1.502500000000000000e+03 5.959900000000000198e+00
1.512500000000000000e+03 5.972999999999999865e+00
1.522500000000000000e+03 5.986100000000000421e+00
1.532799999999999955e+03 5.999299999999999855e+00
1.543200000000000045e+03 6.012599999999999945e+00
1.554299999999999955e+03 6.026200000000000223e+00
1.565500000000000000e+03 6.040199999999999569e+00
1.577000000000000000e+03 6.054400000000000226e+00
1.588700000000000045e+03 6.068900000000000183e+00
1.600599999999999909e+03 6.083700000000000330e+00
1.612700000000000045e+03 6.098700000000000010e+00
1.624900000000000091e+03 6.114099999999999646e+00
1.637200000000000045e+03 6.129500000000000171e+00
1.649700000000000045e+03 6.145199999999999996e+00
1.662299999999999955e+03 6.161100000000000243e+00
1.675000000000000000e+03 6.177100000000000257e+00
1.687700000000000045e+03 6.193299999999999805e+00
1.700400000000000091e+03 6.209500000000000242e+00
1.713099999999999909e+03 6.225799999999999557e+00
1.725799999999999955e+03 6.241999999999999993e+00
1.738400000000000091e+03 6.258300000000000196e+00
1.751000000000000000e+03 6.274499999999999744e+00
1.763799999999999955e+03 6.290799999999999947e+00
1.776500000000000000e+03 6.307000000000000384e+00
1.789200000000000045e+03 6.323199999999999932e+00
1.801500000000000000e+03 6.339299999999999713e+00
1.812700000000000045e+03 6.354800000000000004e+00
1.824099999999999909e+03 6.370099999999999874e+00
1.836799999999999955e+03 6.385699999999999932e+00
1.850099999999999909e+03 6.401699999999999946e+00
1.863900000000000091e+03 6.418099999999999916e+00
1.878299999999999955e+03 6.434800000000000075e+00
1.893299999999999955e+03 6.452099999999999724e+00
1.909000000000000000e+03 6.469899999999999984e+00
1.925299999999999955e+03 6.488299999999999734e+00
1.942299999999999955e+03 6.507200000000000095e+00
1.960099999999999909e+03 6.526900000000000368e+00
1.978500000000000000e+03 6.547200000000000131e+00
1.996700000000000045e+03 6.567899999999999849e+00
2.013299999999999955e+03 6.588300000000000267e+00
2.027799999999999955e+03 6.607700000000000351e+00
2.041799999999999955e+03 6.626400000000000290e+00
2.054800000000000182e+03 6.644300000000000317e+00
2.066400000000000091e+03 6.661100000000000243e+00
2.077099999999999909e+03 6.676999999999999602e+00
2.087199999999999818e+03 6.691900000000000404e+00
2.097199999999999818e+03 6.706299999999999706e+00
2.107099999999999909e+03 6.720100000000000406e+00
2.117800000000000182e+03 6.733799999999999564e+00
2.129300000000000182e+03 6.747700000000000031e+00
2.140800000000000182e+03 6.761800000000000033e+00
2.152300000000000182e+03 6.775800000000000267e+00
2.163800000000000182e+03 6.789799999999999613e+00
2.175300000000000182e+03 6.803799999999999848e+00
2.186300000000000182e+03 6.817700000000000315e+00
2.197500000000000000e+03 6.831400000000000361e+00
2.208199999999999818e+03 6.844899999999999984e+00
2.218500000000000000e+03 6.858200000000000074e+00
2.228300000000000182e+03 6.871100000000000207e+00
2.235199999999999818e+03 6.882900000000000240e+00
2.244599999999999909e+03 6.893799999999999706e+00
2.345699999999999818e+03 6.942000000000000171e+00
2.370400000000000091e+03 6.977500000000000036e+00
2.444199999999999818e+03 7.023799999999999599e+00
2.499500000000000000e+03 7.076500000000000234e+00
2.543000000000000000e+03 7.125399999999999956e+00
2.580500000000000000e+03 7.170799999999999841e+00
2.615300000000000182e+03 7.213599999999999568e+00
2.647500000000000000e+03 7.253999999999999559e+00
2.678300000000000182e+03 7.292500000000000426e+00
2.706599999999999909e+03 7.329100000000000392e+00
2.734099999999999909e+03 7.363999999999999879e+00
2.762800000000000182e+03 7.398500000000000298e+00
2.791300000000000182e+03 7.432599999999999874e+00
2.819300000000000182e+03 7.466400000000000148e+00
2.846500000000000000e+03 7.499699999999999811e+00
2.872000000000000000e+03 7.532199999999999562e+00
2.891099999999999909e+03 7.562100000000000044e+00
2.911500000000000000e+03 7.590900000000000425e+00
2.931599999999999909e+03 7.619200000000000195e+00
2.951400000000000091e+03 7.647000000000000242e+00
2.970500000000000000e+03 7.674299999999999677e+00
2.989000000000000000e+03 7.700999999999999623e+00
3.006800000000000182e+03 7.727100000000000080e+00
3.023900000000000091e+03 7.752699999999999925e+00
3.040400000000000091e+03 7.777499999999999858e+00
3.056300000000000182e+03 7.801800000000000068e+00
3.071500000000000000e+03 7.825300000000000367e+00
3.085500000000000000e+03 7.847999999999999865e+00
3.098699999999999818e+03 7.869799999999999685e+00
3.111199999999999818e+03 7.890699999999999825e+00
3.123099999999999909e+03 7.910800000000000054e+00
3.134500000000000000e+03 7.930100000000000371e+00
3.145199999999999818e+03 7.948500000000000121e+00
3.155400000000000091e+03 7.966199999999999726e+00
3.165000000000000000e+03 7.983200000000000074e+00
3.174199999999999818e+03 7.999399999999999622e+00
3.182800000000000182e+03 8.014900000000000801e+00
3.191000000000000000e+03 8.029700000000000060e+00
3.198699999999999818e+03 8.043799999999999173e+00
3.206000000000000000e+03 8.057199999999999918e+00
3.212800000000000182e+03 8.070000000000000284e+00
3.219300000000000182e+03 8.082100000000000506e+00
3.225400000000000091e+03 8.093600000000000350e+00
3.231000000000000000e+03 8.104499999999999815e+00
3.236300000000000182e+03 8.114699999999999136e+00
3.241199999999999818e+03 8.124499999999999389e+00
3.245800000000000182e+03 8.133599999999999497e+00
3.250000000000000000e+03 8.142300000000000537e+00
3.253900000000000091e+03 8.150399999999999423e+00
3.257500000000000000e+03 8.157999999999999474e+00
3.260800000000000182e+03 8.165200000000000458e+00
3.263800000000000182e+03 8.171900000000000830e+00
3.266599999999999909e+03 8.178200000000000358e+00
3.269099999999999909e+03 8.183999999999999275e+00
3.271199999999999818e+03 8.189500000000000668e+00
3.273000000000000000e+03 8.194399999999999906e+00
3.274500000000000000e+03 8.198999999999999844e+00
3.275599999999999909e+03 8.203099999999999170e+00
3.276400000000000091e+03 8.206799999999999429e+00
3.276800000000000182e+03 8.210000000000000853e+00
