4.548700000000000045e+02 1.017099999999999937e+01
4.170500000000000114e+02 1.002399999999999913e+01
4.114200000000000159e+02 9.896699999999999164e+00
4.301899999999999977e+02 9.882300000000000750e+00
4.526100000000000136e+02 9.905900000000000816e+00
4.718199999999999932e+02 9.938100000000000378e+00
4.876999999999999886e+02 9.971199999999999619e+00
5.007699999999999818e+02 1.000200000000000067e+01
5.115600000000000023e+02 1.002999999999999936e+01
5.205299999999999727e+02 1.005499999999999972e+01
5.280800000000000409e+02 1.007699999999999996e+01
5.344900000000000091e+02 1.009699999999999953e+01
5.399800000000000182e+02 1.011400000000000077e+01
5.446900000000000546e+02 1.013000000000000078e+01
5.487899999999999636e+02 1.014400000000000013e+01
5.523700000000000045e+02 1.015700000000000003e+01
5.555099999999999909e+02 1.016799999999999926e+01
5.582699999999999818e+02 1.017900000000000027e+01
5.607000000000000455e+02 1.018800000000000061e+01
5.628500000000000227e+02 1.019699999999999918e+01
5.647500000000000000e+02 1.020400000000000063e+01
5.664400000000000546e+02 1.021100000000000030e+01
5.679500000000000455e+02 1.021799999999999997e+01
5.692899999999999636e+02 1.022400000000000020e+01
5.705000000000000000e+02 1.022899999999999920e+01
5.715800000000000409e+02 1.023399999999999999e+01
5.725499999999999545e+02 1.023900000000000077e+01
5.734199999999999591e+02 1.024300000000000033e+01
5.742100000000000364e+02 1.024699999999999989e+01
5.749199999999999591e+02 1.025000000000000000e+01
5.755700000000000500e+02 1.025399999999999956e+01
5.761499999999999773e+02 1.025699999999999967e+01
5.766799999999999500e+02 1.025999999999999979e+01
5.771599999999999682e+02 1.026200000000000045e+01
5.776000000000000227e+02 1.026500000000000057e+01
5.780000000000000000e+02 1.026699999999999946e+01
5.783700000000000045e+02 1.026900000000000013e+01
5.787000000000000455e+02 1.027100000000000080e+01
5.790000000000000000e+02 1.027200000000000024e+01
5.792799999999999727e+02 1.027399999999999913e+01
5.795399999999999636e+02 1.027599999999999980e+01
5.797699999999999818e+02 1.027699999999999925e+01
5.799800000000000182e+02 1.027800000000000047e+01
5.801799999999999500e+02 1.027899999999999991e+01
5.803600000000000136e+02 1.028100000000000058e+01
5.805199999999999818e+02 1.028200000000000003e+01
5.806799999999999500e+02 1.028299999999999947e+01
5.808200000000000500e+02 1.028299999999999947e+01
5.809500000000000455e+02 1.028400000000000070e+01
5.810700000000000500e+02 1.028500000000000014e+01
5.811799999999999500e+02 1.028599999999999959e+01
5.812799999999999727e+02 1.028599999999999959e+01
5.813799999999999955e+02 1.028700000000000081e+01
5.814700000000000273e+02 1.028700000000000081e+01
5.815499999999999545e+02 1.028800000000000026e+01
5.816299999999999955e+02 1.028800000000000026e+01
5.817000000000000455e+02 1.028899999999999970e+01
5.817699999999999818e+02 1.028899999999999970e+01
5.818300000000000409e+02 1.028999999999999915e+01
5.818899999999999864e+02 1.028999999999999915e+01
5.819400000000000546e+02 1.028999999999999915e+01
5.820000000000000000e+02 1.028999999999999915e+01
5.820499999999999545e+02 1.029100000000000037e+01
5.820900000000000318e+02 1.029100000000000037e+01
5.821399999999999864e+02 1.029100000000000037e+01
5.821799999999999500e+02 1.029100000000000037e+01
5.822200000000000273e+02 1.029199999999999982e+01
5.822500000000000000e+02 1.029199999999999982e+01
5.822899999999999636e+02 1.029199999999999982e+01
5.823200000000000500e+02 1.029199999999999982e+01
5.823500000000000227e+02 1.029199999999999982e+01
5.823799999999999955e+02 1.029199999999999982e+01
5.824099999999999682e+02 1.029199999999999982e+01
5.824400000000000546e+02 1.029199999999999982e+01
5.824400000000000546e+02 1.029199999999999982e+01
5.824199999999999591e+02 1.029199999999999982e+01
5.823899999999999864e+02 1.029199999999999982e+01
5.823600000000000136e+02 1.029199999999999982e+01
5.823200000000000500e+02 1.029199999999999982e+01
5.822799999999999727e+02 1.029199999999999982e+01
5.822300000000000182e+02 1.029100000000000037e+01
5.821799999999999500e+02 1.029100000000000037e+01
5.821299999999999955e+02 1.029100000000000037e+01
5.820700000000000500e+02 1.029100000000000037e+01
5.820099999999999909e+02 1.028999999999999915e+01
5.819500000000000455e+02 1.028999999999999915e+01
5.818899999999999864e+02 1.028999999999999915e+01
5.818300000000000409e+02 1.028899999999999970e+01
5.817699999999999818e+02 1.028899999999999970e+01
5.817100000000000364e+02 1.028899999999999970e+01
5.816499999999999773e+02 1.028800000000000026e+01
5.815800000000000409e+02 1.028800000000000026e+01
5.815199999999999818e+02 1.028700000000000081e+01
5.814500000000000455e+02 1.028700000000000081e+01
5.813799999999999955e+02 1.028700000000000081e+01
5.813200000000000500e+02 1.028599999999999959e+01
5.812500000000000000e+02 1.028599999999999959e+01
5.811699999999999591e+02 1.028500000000000014e+01
5.810399999999999636e+02 1.028500000000000014e+01
5.808700000000000045e+02 1.028400000000000070e+01
5.806900000000000546e+02 1.028299999999999947e+01
5.804800000000000182e+02 1.028200000000000003e+01
5.802699999999999818e+02 1.028100000000000058e+01
5.800499999999999545e+02 1.027999999999999936e+01
5.798200000000000500e+02 1.027899999999999991e+01
5.795800000000000409e+02 1.027800000000000047e+01
5.793400000000000318e+02 1.027699999999999925e+01
5.790900000000000318e+02 1.027500000000000036e+01
5.788400000000000318e+02 1.027399999999999913e+01
5.786000000000000227e+02 1.027299999999999969e+01
5.783500000000000227e+02 1.027200000000000024e+01
5.780900000000000318e+02 1.026999999999999957e+01
5.778400000000000318e+02 1.026900000000000013e+01
5.775900000000000318e+02 1.026800000000000068e+01
5.773300000000000409e+02 1.026600000000000001e+01
5.770599999999999454e+02 1.026500000000000057e+01
5.767599999999999909e+02 1.026399999999999935e+01
5.764500000000000455e+02 1.026200000000000045e+01
5.761100000000000136e+02 1.026099999999999923e+01
5.757599999999999909e+02 1.025999999999999979e+01
5.753899999999999864e+02 1.025799999999999912e+01
5.750700000000000500e+02 1.025699999999999967e+01
5.750299999999999727e+02 1.025699999999999967e+01
5.751499999999999773e+02 1.025699999999999967e+01
5.753799999999999955e+02 1.025799999999999912e+01
5.756799999999999500e+02 1.025999999999999979e+01
5.760399999999999636e+02 1.026099999999999923e+01
5.764400000000000546e+02 1.026299999999999990e+01
5.768799999999999955e+02 1.026600000000000001e+01
5.773300000000000409e+02 1.026800000000000068e+01
5.778099999999999454e+02 1.027100000000000080e+01
5.782999999999999545e+02 1.027399999999999913e+01
5.787999999999999545e+02 1.027699999999999925e+01
5.793200000000000500e+02 1.027999999999999936e+01
5.798400000000000318e+02 1.028400000000000070e+01
5.803799999999999955e+02 1.028700000000000081e+01
5.809199999999999591e+02 1.029100000000000037e+01
5.814600000000000364e+02 1.029499999999999993e+01
5.820000000000000000e+02 1.029899999999999949e+01
5.825399999999999636e+02 1.030300000000000082e+01
5.830800000000000409e+02 1.030700000000000038e+01
5.836200000000000045e+02 1.031099999999999994e+01
5.841599999999999682e+02 1.031600000000000072e+01
5.846900000000000546e+02 1.032000000000000028e+01
5.852200000000000273e+02 1.032499999999999929e+01
5.857400000000000091e+02 1.032900000000000063e+01
5.862000000000000455e+02 1.033399999999999963e+01
5.866399999999999864e+02 1.033799999999999919e+01
5.870599999999999454e+02 1.034200000000000053e+01
5.874600000000000364e+02 1.034600000000000009e+01
5.878500000000000227e+02 1.035100000000000087e+01
5.882300000000000182e+02 1.035500000000000043e+01
5.886000000000000227e+02 1.035899999999999999e+01
5.889600000000000364e+02 1.036400000000000077e+01
5.893099999999999454e+02 1.036800000000000033e+01
5.896499999999999773e+02 1.037199999999999989e+01
5.899800000000000182e+02 1.037599999999999945e+01
5.903099999999999454e+02 1.038100000000000023e+01
5.906299999999999955e+02 1.038499999999999979e+01
5.909400000000000546e+02 1.038899999999999935e+01
5.912500000000000000e+02 1.039300000000000068e+01
5.915499999999999545e+02 1.039799999999999969e+01
5.918500000000000227e+02 1.040199999999999925e+01
5.921399999999999864e+02 1.040600000000000058e+01
5.924199999999999591e+02 1.041099999999999959e+01
5.926900000000000546e+02 1.041499999999999915e+01
5.929600000000000364e+02 1.041900000000000048e+01
5.932200000000000273e+02 1.042399999999999949e+01
5.934800000000000182e+02 1.042800000000000082e+01
5.937000000000000455e+02 1.043299999999999983e+01
5.938099999999999454e+02 1.043699999999999939e+01
5.938400000000000318e+02 1.043999999999999950e+01
5.938200000000000500e+02 1.044400000000000084e+01
5.937400000000000091e+02 1.044699999999999918e+01
5.936399999999999864e+02 1.045100000000000051e+01
5.935099999999999909e+02 1.045400000000000063e+01
5.933700000000000045e+02 1.045700000000000074e+01
5.932100000000000364e+02 1.046000000000000085e+01
5.930499999999999545e+02 1.046299999999999919e+01
5.928799999999999955e+02 1.046499999999999986e+01
5.927000000000000455e+02 1.046799999999999997e+01
5.925299999999999727e+02 1.047100000000000009e+01
5.923600000000000136e+02 1.047400000000000020e+01
5.921900000000000546e+02 1.047600000000000087e+01
5.920299999999999727e+02 1.047899999999999920e+01
5.918600000000000136e+02 1.048099999999999987e+01
5.917000000000000455e+02 1.048399999999999999e+01
5.915399999999999636e+02 1.048600000000000065e+01
5.913799999999999955e+02 1.048900000000000077e+01
5.912200000000000273e+02 1.049099999999999966e+01
5.910700000000000500e+02 1.049300000000000033e+01
5.909199999999999591e+02 1.049600000000000044e+01
5.907699999999999818e+02 1.049799999999999933e+01
5.907100000000000364e+02 1.050000000000000000e+01
5.911499999999999773e+02 1.050399999999999956e+01
5.919400000000000546e+02 1.050900000000000034e+01
5.929800000000000182e+02 1.051500000000000057e+01
5.941799999999999500e+02 1.052100000000000080e+01
5.955199999999999818e+02 1.052899999999999991e+01
5.969600000000000364e+02 1.053599999999999959e+01
5.984800000000000182e+02 1.054499999999999993e+01
6.000700000000000500e+02 1.055300000000000082e+01
6.017200000000000273e+02 1.056199999999999939e+01
6.034199999999999591e+02 1.057199999999999918e+01
6.051499999999999773e+02 1.058099999999999952e+01
6.069099999999999682e+02 1.059099999999999930e+01
6.087000000000000455e+02 1.060100000000000087e+01
6.105000000000000000e+02 1.061100000000000065e+01
6.123099999999999454e+02 1.062100000000000044e+01
6.141299999999999955e+02 1.063199999999999967e+01
6.159500000000000455e+02 1.064300000000000068e+01
6.177999999999999545e+02 1.065300000000000047e+01
6.196699999999999591e+02 1.066399999999999970e+01
6.215399999999999636e+02 1.067500000000000071e+01
6.234199999999999591e+02 1.068699999999999939e+01
6.252899999999999636e+02 1.069800000000000040e+01
6.272000000000000455e+02 1.070899999999999963e+01
6.292100000000000364e+02 1.072000000000000064e+01
6.317300000000000182e+02 1.073300000000000054e+01
6.346299999999999955e+02 1.074699999999999989e+01
6.377599999999999909e+02 1.076200000000000045e+01
6.410800000000000409e+02 1.077699999999999925e+01
6.445299999999999727e+02 1.079400000000000048e+01
6.480900000000000318e+02 1.081000000000000050e+01
6.517300000000000182e+02 1.082799999999999940e+01
6.554299999999999500e+02 1.084500000000000064e+01
6.592000000000000455e+02 1.086299999999999955e+01
6.630099999999999909e+02 1.088100000000000023e+01
6.668600000000000136e+02 1.090000000000000036e+01
6.707300000000000182e+02 1.091799999999999926e+01
6.746200000000000045e+02 1.093699999999999939e+01
6.785199999999999818e+02 1.095599999999999952e+01
6.824400000000000546e+02 1.097400000000000020e+01
6.863899999999999864e+02 1.099300000000000033e+01
6.903700000000000045e+02 1.101200000000000045e+01
6.943600000000000136e+02 1.102999999999999936e+01
6.983600000000000136e+02 1.104899999999999949e+01
7.023700000000000045e+02 1.106799999999999962e+01
7.064099999999999682e+02 1.108600000000000030e+01
7.104800000000000182e+02 1.110500000000000043e+01
7.145599999999999454e+02 1.112299999999999933e+01
7.186799999999999500e+02 1.114199999999999946e+01
7.228700000000000045e+02 1.116000000000000014e+01
7.271100000000000136e+02 1.117900000000000027e+01
7.313799999999999955e+02 1.119800000000000040e+01
7.357100000000000364e+02 1.121599999999999930e+01
7.400700000000000500e+02 1.123399999999999999e+01
7.443899999999999864e+02 1.125300000000000011e+01
7.486799999999999500e+02 1.127100000000000080e+01
7.530199999999999818e+02 1.128899999999999970e+01
7.573999999999999773e+02 1.130799999999999983e+01
7.617899999999999636e+02 1.132600000000000051e+01
7.662100000000000364e+02 1.134500000000000064e+01
7.705900000000000318e+02 1.136299999999999955e+01
7.749299999999999500e+02 1.138100000000000023e+01
7.792200000000000273e+02 1.140000000000000036e+01
7.835000000000000000e+02 1.141699999999999982e+01
7.877300000000000182e+02 1.143500000000000050e+01
7.919500000000000455e+02 1.145299999999999940e+01
7.961399999999999864e+02 1.147100000000000009e+01
8.002999999999999545e+02 1.148799999999999955e+01
8.044600000000000364e+02 1.150500000000000078e+01
8.086100000000000136e+02 1.152200000000000024e+01
8.127400000000000091e+02 1.153999999999999915e+01
8.168799999999999955e+02 1.155700000000000038e+01
8.210099999999999909e+02 1.157300000000000040e+01
8.252400000000000091e+02 1.158999999999999986e+01
8.296699999999999591e+02 1.160800000000000054e+01
8.342899999999999636e+02 1.162599999999999945e+01
8.390199999999999818e+02 1.164400000000000013e+01
8.438899999999999864e+02 1.166200000000000081e+01
8.487400000000000091e+02 1.168099999999999916e+01
8.536399999999999864e+02 1.169999999999999929e+01
8.586200000000000045e+02 1.171799999999999997e+01
8.636699999999999591e+02 1.173799999999999955e+01
8.686799999999999500e+02 1.175699999999999967e+01
8.736699999999999591e+02 1.177599999999999980e+01
8.786799999999999500e+02 1.179499999999999993e+01
8.837100000000000364e+02 1.181400000000000006e+01
8.887300000000000182e+02 1.183300000000000018e+01
8.937500000000000000e+02 1.185299999999999976e+01
8.987000000000000455e+02 1.187199999999999989e+01
9.036699999999999591e+02 1.189100000000000001e+01
9.086399999999999864e+02 1.190900000000000070e+01
9.136200000000000045e+02 1.192800000000000082e+01
9.186200000000000045e+02 1.194699999999999918e+01
9.236399999999999864e+02 1.196599999999999930e+01
9.286699999999999591e+02 1.198499999999999943e+01
9.337300000000000182e+02 1.200399999999999956e+01
9.388099999999999454e+02 1.202299999999999969e+01
9.441499999999999773e+02 1.204199999999999982e+01
9.499299999999999500e+02 1.206199999999999939e+01
9.560900000000000318e+02 1.208300000000000018e+01
9.624800000000000182e+02 1.210500000000000043e+01
9.690399999999999636e+02 1.212700000000000067e+01
9.757599999999999909e+02 1.215000000000000036e+01
9.827699999999999818e+02 1.217300000000000004e+01
9.902300000000000182e+02 1.219800000000000040e+01
9.979199999999999591e+02 1.222300000000000075e+01
1.006100000000000023e+03 1.225000000000000000e+01
1.015100000000000023e+03 1.227800000000000047e+01
1.024900000000000091e+03 1.230799999999999983e+01
1.035599999999999909e+03 1.234099999999999930e+01
1.047500000000000000e+03 1.237700000000000067e+01
1.060099999999999909e+03 1.241399999999999970e+01
1.073700000000000045e+03 1.245400000000000063e+01
1.087200000000000045e+03 1.249399999999999977e+01
1.100900000000000091e+03 1.253400000000000070e+01
1.113700000000000045e+03 1.257399999999999984e+01
1.125799999999999955e+03 1.260999999999999943e+01
1.140799999999999955e+03 1.265000000000000036e+01
1.156900000000000091e+03 1.269200000000000017e+01
1.172799999999999955e+03 1.273399999999999999e+01
1.188400000000000091e+03 1.277500000000000036e+01
1.203599999999999909e+03 1.281600000000000072e+01
1.218900000000000091e+03 1.285500000000000043e+01
1.234000000000000000e+03 1.289400000000000013e+01
1.248799999999999955e+03 1.293200000000000038e+01
1.263500000000000000e+03 1.296899999999999942e+01
1.278400000000000091e+03 1.300500000000000078e+01
1.293299999999999955e+03 1.304199999999999982e+01
1.308000000000000000e+03 1.307699999999999996e+01
1.322500000000000000e+03 1.311200000000000010e+01
1.336700000000000045e+03 1.314600000000000080e+01
1.350799999999999955e+03 1.317900000000000027e+01
1.364599999999999909e+03 1.321199999999999974e+01
1.377799999999999955e+03 1.324200000000000088e+01
1.390299999999999955e+03 1.327200000000000024e+01
1.402799999999999955e+03 1.330000000000000071e+01
1.414299999999999955e+03 1.332699999999999996e+01
1.425000000000000000e+03 1.335200000000000031e+01
1.435299999999999955e+03 1.337599999999999945e+01
1.444700000000000045e+03 1.339799999999999969e+01
1.453400000000000091e+03 1.341900000000000048e+01
1.461900000000000091e+03 1.343900000000000006e+01
1.470400000000000091e+03 1.345899999999999963e+01
1.478799999999999955e+03 1.347799999999999976e+01
1.487500000000000000e+03 1.349799999999999933e+01
1.497200000000000045e+03 1.351800000000000068e+01
1.507799999999999955e+03 1.353800000000000026e+01
1.519000000000000000e+03 1.356000000000000050e+01
1.531099999999999909e+03 1.358200000000000074e+01
1.543700000000000045e+03 1.360599999999999987e+01
1.557099999999999909e+03 1.363000000000000078e+01
1.571400000000000091e+03 1.365499999999999936e+01
1.586000000000000000e+03 1.367999999999999972e+01
1.601200000000000045e+03 1.370599999999999952e+01
1.616900000000000091e+03 1.373199999999999932e+01
1.633200000000000045e+03 1.375900000000000034e+01
1.650000000000000000e+03 1.378500000000000014e+01
1.665400000000000091e+03 1.381000000000000050e+01
1.678099999999999909e+03 1.383200000000000074e+01
1.690299999999999955e+03 1.385200000000000031e+01
1.702400000000000091e+03 1.387100000000000044e+01
1.714500000000000000e+03 1.389000000000000057e+01
1.726799999999999955e+03 1.390799999999999947e+01
1.739099999999999909e+03 1.392600000000000016e+01
1.750799999999999955e+03 1.394400000000000084e+01
1.761200000000000045e+03 1.396299999999999919e+01
1.771700000000000045e+03 1.398099999999999987e+01
1.782799999999999955e+03 1.400000000000000000e+01
1.794500000000000000e+03 1.401999999999999957e+01
1.807599999999999909e+03 1.404100000000000037e+01
1.821900000000000091e+03 1.406300000000000061e+01
1.837400000000000091e+03 1.408500000000000085e+01
1.854200000000000045e+03 1.410899999999999999e+01
1.872299999999999955e+03 1.413299999999999912e+01
1.891700000000000045e+03 1.415700000000000003e+01
1.912599999999999909e+03 1.418200000000000038e+01
1.934900000000000091e+03 1.420700000000000074e+01
1.958200000000000045e+03 1.423199999999999932e+01
1.982500000000000000e+03 1.425699999999999967e+01
2.007799999999999955e+03 1.428299999999999947e+01
2.034000000000000000e+03 1.430799999999999983e+01
2.059300000000000182e+03 1.433500000000000085e+01
2.085000000000000000e+03 1.436200000000000010e+01
2.112900000000000091e+03 1.439100000000000001e+01
2.142199999999999818e+03 1.441999999999999993e+01
2.172599999999999909e+03 1.444999999999999929e+01
2.204300000000000182e+03 1.448099999999999987e+01
2.236699999999999818e+03 1.451299999999999990e+01
2.262699999999999818e+03 1.454599999999999937e+01
2.290800000000000182e+03 1.457900000000000063e+01
2.320900000000000091e+03 1.461500000000000021e+01
2.352800000000000182e+03 1.465399999999999991e+01
2.384000000000000000e+03 1.469500000000000028e+01
2.413300000000000182e+03 1.473499999999999943e+01
2.439900000000000091e+03 1.477200000000000024e+01
2.464000000000000000e+03 1.480799999999999983e+01
2.568300000000000182e+03 1.483000000000000007e+01
2.603000000000000000e+03 1.484500000000000064e+01
2.646000000000000000e+03 1.485800000000000054e+01
2.673500000000000000e+03 1.486800000000000033e+01
2.761699999999999818e+03 1.486999999999999922e+01
2.896599999999999909e+03 1.487400000000000055e+01
2.951900000000000091e+03 1.488899999999999935e+01
2.878199999999999818e+03 1.491099999999999959e+01
2.828199999999999818e+03 1.492399999999999949e+01
2.849800000000000182e+03 1.493099999999999916e+01
2.894900000000000091e+03 1.493800000000000061e+01
2.935099999999999909e+03 1.494699999999999918e+01
2.966400000000000091e+03 1.495800000000000018e+01
2.992099999999999909e+03 1.496899999999999942e+01
3.015500000000000000e+03 1.498099999999999987e+01
3.038300000000000182e+03 1.499300000000000033e+01
3.060699999999999818e+03 1.500600000000000023e+01
3.082599999999999909e+03 1.501800000000000068e+01
3.104099999999999909e+03 1.503100000000000058e+01
3.125199999999999818e+03 1.504499999999999993e+01
3.144500000000000000e+03 1.505799999999999983e+01
3.159199999999999818e+03 1.507099999999999973e+01
3.166599999999999909e+03 1.508500000000000085e+01
3.175199999999999818e+03 1.509800000000000075e+01
3.183500000000000000e+03 1.510999999999999943e+01
3.191300000000000182e+03 1.512199999999999989e+01
3.198599999999999909e+03 1.513400000000000034e+01
3.205500000000000000e+03 1.514499999999999957e+01
3.212099999999999909e+03 1.515499999999999936e+01
3.218400000000000091e+03 1.516600000000000037e+01
3.224500000000000000e+03 1.517600000000000016e+01
3.230400000000000091e+03 1.518599999999999994e+01
3.236199999999999818e+03 1.519500000000000028e+01
3.241800000000000182e+03 1.520500000000000007e+01
3.246900000000000091e+03 1.521400000000000041e+01
3.250199999999999818e+03 1.522199999999999953e+01
3.253199999999999818e+03 1.522899999999999920e+01
3.256300000000000182e+03 1.523600000000000065e+01
3.259500000000000000e+03 1.524300000000000033e+01
3.262599999999999909e+03 1.524900000000000055e+01
3.265800000000000182e+03 1.525600000000000023e+01
3.269000000000000000e+03 1.526200000000000045e+01
3.272199999999999818e+03 1.526800000000000068e+01
3.275500000000000000e+03 1.527399999999999913e+01
3.278300000000000182e+03 1.527999999999999936e+01
3.279599999999999909e+03 1.528500000000000014e+01
3.279699999999999818e+03 1.528899999999999970e+01
