8.090900000000000318e+02 6.059499999999999886e+00
7.906399999999999864e+02 6.031600000000000072e+00
7.743899999999999864e+02 6.005700000000000038e+00
7.630199999999999818e+02 5.984600000000000364e+00
7.544800000000000182e+02 5.966899999999999871e+00
7.476599999999999682e+02 5.951699999999999768e+00
7.415900000000000318e+02 5.938100000000000378e+00
7.357300000000000182e+02 5.925099999999999589e+00
7.297500000000000000e+02 5.912200000000000344e+00
7.236499999999999773e+02 5.899099999999999788e+00
7.176399999999999864e+02 5.885799999999999699e+00
7.117999999999999545e+02 5.872399999999999842e+00
7.062400000000000091e+02 5.859099999999999753e+00
7.010800000000000409e+02 5.845799999999999663e+00
6.963700000000000045e+02 5.832900000000000418e+00
6.921799999999999500e+02 5.820400000000000240e+00
6.884900000000000091e+02 5.808399999999999785e+00
6.852500000000000000e+02 5.796899999999999942e+00
6.823600000000000136e+02 5.785899999999999821e+00
6.798600000000000136e+02 5.775299999999999656e+00
6.777000000000000455e+02 5.765399999999999636e+00
6.758600000000000136e+02 5.755899999999999572e+00
6.742899999999999636e+02 5.746900000000000119e+00
6.729199999999999591e+02 5.738299999999999734e+00
6.717500000000000000e+02 5.730100000000000193e+00
6.707200000000000273e+02 5.722299999999999720e+00
6.698300000000000409e+02 5.714900000000000091e+00
6.690199999999999818e+02 5.707799999999999763e+00
6.682799999999999727e+02 5.700999999999999623e+00
6.676399999999999864e+02 5.694600000000000328e+00
6.671000000000000227e+02 5.688399999999999679e+00
6.666399999999999864e+02 5.682599999999999874e+00
6.662300000000000182e+02 5.676999999999999602e+00
6.658799999999999955e+02 5.671700000000000408e+00
6.655800000000000409e+02 5.666599999999999859e+00
6.653300000000000409e+02 5.661699999999999733e+00
6.651299999999999955e+02 5.657000000000000028e+00
6.649700000000000273e+02 5.652599999999999625e+00
6.648400000000000318e+02 5.648399999999999643e+00
6.647400000000000091e+02 5.644300000000000317e+00
6.646399999999999864e+02 5.640399999999999636e+00
6.645700000000000500e+02 5.636599999999999611e+00
6.645199999999999818e+02 5.633000000000000007e+00
6.644800000000000182e+02 5.629500000000000171e+00
6.644600000000000364e+02 5.626199999999999868e+00
6.644400000000000546e+02 5.623000000000000220e+00
6.644400000000000546e+02 5.619900000000000340e+00
6.644400000000000546e+02 5.616999999999999993e+00
6.644400000000000546e+02 5.614099999999999646e+00
6.644500000000000455e+02 5.611399999999999721e+00
6.644500000000000455e+02 5.608699999999999797e+00
6.644500000000000455e+02 5.606200000000000294e+00
6.644600000000000364e+02 5.603699999999999903e+00
6.644700000000000273e+02 5.601300000000000168e+00
6.644700000000000273e+02 5.599000000000000199e+00
6.644800000000000182e+02 5.596799999999999997e+00
6.644900000000000091e+02 5.594599999999999795e+00
6.645000000000000000e+02 5.592500000000000249e+00
6.645000000000000000e+02 5.590499999999999581e+00
6.645099999999999909e+02 5.588499999999999801e+00
6.645099999999999909e+02 5.586700000000000443e+00
6.645099999999999909e+02 5.584800000000000431e+00
6.645099999999999909e+02 5.583000000000000185e+00
6.645099999999999909e+02 5.581299999999999706e+00
6.645000000000000000e+02 5.579699999999999882e+00
6.645000000000000000e+02 5.578000000000000291e+00
6.644900000000000091e+02 5.576500000000000234e+00
6.644800000000000182e+02 5.575000000000000178e+00
6.644600000000000364e+02 5.573500000000000121e+00
6.644500000000000455e+02 5.572000000000000064e+00
6.644400000000000546e+02 5.570599999999999774e+00
6.644199999999999591e+02 5.569300000000000139e+00
6.643999999999999773e+02 5.567999999999999616e+00
6.643700000000000045e+02 5.566699999999999982e+00
6.643500000000000227e+02 5.565500000000000114e+00
6.643200000000000500e+02 5.564300000000000246e+00
6.642899999999999636e+02 5.563100000000000378e+00
6.642599999999999909e+02 5.562000000000000277e+00
6.642300000000000182e+02 5.560900000000000176e+00
6.642000000000000455e+02 5.559800000000000075e+00
6.641599999999999682e+02 5.558699999999999974e+00
6.641299999999999955e+02 5.557699999999999640e+00
6.640900000000000318e+02 5.556700000000000195e+00
6.640499999999999545e+02 5.555699999999999861e+00
6.640099999999999909e+02 5.554800000000000182e+00
6.639700000000000273e+02 5.553899999999999615e+00
6.639299999999999500e+02 5.552999999999999936e+00
6.638799999999999955e+02 5.552100000000000257e+00
6.638400000000000318e+02 5.551300000000000345e+00
6.637899999999999636e+02 5.550500000000000433e+00
6.637500000000000000e+02 5.549699999999999633e+00
6.637000000000000455e+02 5.548899999999999721e+00
6.636499999999999773e+02 5.548099999999999810e+00
6.636000000000000227e+02 5.547399999999999665e+00
6.635499999999999545e+02 5.546700000000000408e+00
6.635000000000000000e+02 5.546000000000000263e+00
6.634500000000000455e+02 5.545300000000000118e+00
6.633999999999999773e+02 5.544599999999999973e+00
6.633400000000000318e+02 5.543899999999999828e+00
6.632899999999999636e+02 5.543300000000000338e+00
6.632300000000000182e+02 5.542699999999999960e+00
6.631799999999999500e+02 5.541999999999999815e+00
6.631200000000000045e+02 5.541400000000000325e+00
6.630700000000000500e+02 5.540799999999999947e+00
6.630099999999999909e+02 5.540300000000000225e+00
6.629500000000000455e+02 5.539699999999999847e+00
6.628899999999999864e+02 5.539100000000000357e+00
6.628200000000000500e+02 5.538599999999999746e+00
6.627599999999999909e+02 5.538000000000000256e+00
6.626699999999999591e+02 5.537499999999999645e+00
6.625700000000000500e+02 5.536999999999999922e+00
6.624800000000000182e+02 5.536599999999999966e+00
6.623899999999999864e+02 5.536200000000000010e+00
6.623099999999999454e+02 5.535800000000000054e+00
6.622300000000000182e+02 5.535499999999999865e+00
6.621499999999999773e+02 5.535199999999999676e+00
6.620700000000000500e+02 5.534900000000000375e+00
6.620099999999999909e+02 5.534699999999999953e+00
6.619500000000000455e+02 5.534500000000000419e+00
6.618999999999999773e+02 5.534399999999999764e+00
6.618700000000000045e+02 5.534200000000000230e+00
6.618500000000000227e+02 5.534200000000000230e+00
6.618500000000000227e+02 5.534200000000000230e+00
6.618700000000000045e+02 5.534200000000000230e+00
6.618999999999999773e+02 5.534399999999999764e+00
6.619500000000000455e+02 5.534500000000000419e+00
6.620199999999999818e+02 5.534799999999999720e+00
6.621100000000000136e+02 5.535099999999999909e+00
6.622200000000000273e+02 5.535499999999999865e+00
6.623500000000000227e+02 5.535899999999999821e+00
6.625000000000000000e+02 5.536400000000000432e+00
6.626799999999999500e+02 5.536999999999999922e+00
6.628799999999999955e+02 5.537700000000000067e+00
6.630900000000000318e+02 5.538599999999999746e+00
6.633300000000000409e+02 5.539600000000000080e+00
6.636699999999999591e+02 5.540799999999999947e+00
6.641499999999999773e+02 5.542300000000000004e+00
6.647300000000000182e+02 5.544100000000000250e+00
6.654199999999999591e+02 5.546199999999999797e+00
6.661900000000000546e+02 5.548600000000000421e+00
6.670299999999999727e+02 5.551199999999999690e+00
6.679400000000000546e+02 5.554100000000000037e+00
6.689099999999999682e+02 5.557299999999999685e+00
6.699099999999999682e+02 5.560699999999999754e+00
6.709600000000000364e+02 5.564300000000000246e+00
6.720700000000000500e+02 5.568100000000000271e+00
6.732599999999999909e+02 5.572199999999999598e+00
6.745599999999999454e+02 5.576600000000000001e+00
6.759800000000000182e+02 5.581199999999999939e+00
6.774299999999999500e+02 5.586000000000000298e+00
6.788700000000000045e+02 5.591000000000000192e+00
6.803300000000000409e+02 5.596099999999999852e+00
6.818300000000000409e+02 5.601399999999999935e+00
6.833600000000000136e+02 5.606799999999999784e+00
6.848999999999999773e+02 5.612400000000000055e+00
6.864600000000000364e+02 5.618100000000000094e+00
6.880399999999999636e+02 5.623999999999999666e+00
6.896100000000000136e+02 5.629900000000000126e+00
6.912200000000000273e+02 5.636000000000000121e+00
6.927799999999999727e+02 5.642199999999999882e+00
6.943899999999999864e+02 5.648399999999999643e+00
6.960499999999999545e+02 5.654700000000000060e+00
6.977899999999999636e+02 5.661200000000000010e+00
6.996000000000000227e+02 5.667900000000000382e+00
7.014500000000000455e+02 5.674699999999999633e+00
7.032699999999999818e+02 5.681600000000000428e+00
7.051000000000000227e+02 5.688600000000000101e+00
7.069099999999999682e+02 5.695599999999999774e+00
7.087200000000000273e+02 5.702700000000000102e+00
7.105599999999999454e+02 5.709900000000000198e+00
7.124199999999999591e+02 5.717100000000000293e+00
7.142999999999999545e+02 5.724400000000000155e+00
7.162100000000000364e+02 5.731700000000000017e+00
7.181799999999999500e+02 5.739099999999999646e+00
7.201900000000000546e+02 5.746500000000000163e+00
7.222400000000000091e+02 5.754100000000000215e+00
7.243099999999999454e+02 5.761700000000000266e+00
7.264099999999999682e+02 5.769300000000000317e+00
7.285499999999999545e+02 5.777000000000000135e+00
7.307300000000000182e+02 5.784799999999999720e+00
7.329500000000000455e+02 5.792600000000000193e+00
7.352000000000000455e+02 5.800399999999999778e+00
7.374600000000000364e+02 5.808300000000000018e+00
7.397599999999999909e+02 5.816200000000000259e+00
7.421000000000000227e+02 5.824099999999999611e+00
7.444800000000000182e+02 5.832099999999999618e+00
7.468899999999999864e+02 5.839999999999999858e+00
7.493300000000000409e+02 5.847999999999999865e+00
7.517699999999999818e+02 5.855900000000000105e+00
7.542100000000000364e+02 5.863900000000000112e+00
7.566699999999999591e+02 5.871699999999999697e+00
7.591000000000000227e+02 5.879500000000000171e+00
7.614600000000000364e+02 5.887199999999999989e+00
7.637999999999999545e+02 5.894800000000000040e+00
7.661200000000000045e+02 5.902300000000000324e+00
7.684400000000000546e+02 5.909699999999999953e+00
7.707599999999999909e+02 5.917099999999999582e+00
7.730700000000000500e+02 5.924299999999999677e+00
7.753600000000000136e+02 5.931400000000000006e+00
7.776299999999999955e+02 5.938399999999999679e+00
7.799099999999999682e+02 5.945400000000000240e+00
7.822000000000000455e+02 5.952200000000000379e+00
7.845099999999999909e+02 5.958999999999999631e+00
7.868099999999999454e+02 5.965700000000000003e+00
7.891699999999999591e+02 5.972400000000000375e+00
7.916000000000000227e+02 5.979000000000000092e+00
7.940800000000000409e+02 5.985500000000000043e+00
7.966200000000000045e+02 5.991999999999999993e+00
7.992000000000000455e+02 5.998400000000000176e+00
8.018300000000000409e+02 6.004800000000000360e+00
8.045199999999999818e+02 6.011099999999999888e+00
8.072599999999999909e+02 6.017400000000000304e+00
8.100599999999999454e+02 6.023600000000000065e+00
8.128999999999999773e+02 6.029799999999999827e+00
8.157899999999999636e+02 6.035999999999999588e+00
8.187400000000000091e+02 6.042099999999999582e+00
8.218099999999999454e+02 6.048300000000000232e+00
8.252699999999999818e+02 6.054700000000000415e+00
8.291699999999999591e+02 6.061399999999999899e+00
8.333700000000000045e+02 6.068399999999999572e+00
8.378099999999999454e+02 6.075700000000000323e+00
8.424900000000000091e+02 6.083099999999999952e+00
8.473600000000000136e+02 6.090700000000000003e+00
8.522699999999999818e+02 6.098499999999999588e+00
8.569500000000000455e+02 6.106099999999999639e+00
8.615599999999999454e+02 6.113500000000000156e+00
8.661299999999999955e+02 6.120899999999999785e+00
8.707300000000000182e+02 6.128099999999999881e+00
8.753799999999999955e+02 6.135299999999999976e+00
8.800199999999999818e+02 6.142400000000000304e+00
8.843099999999999454e+02 6.149000000000000021e+00
8.882999999999999545e+02 6.155199999999999783e+00
8.917699999999999818e+02 6.160899999999999821e+00
8.949500000000000455e+02 6.166100000000000136e+00
8.979400000000000546e+02 6.171000000000000263e+00
9.007899999999999636e+02 6.175500000000000433e+00
9.035299999999999727e+02 6.179800000000000182e+00
9.060499999999999545e+02 6.183900000000000396e+00
9.081100000000000136e+02 6.187400000000000233e+00
9.098899999999999864e+02 6.190599999999999881e+00
9.114900000000000091e+02 6.193500000000000227e+00
9.129800000000000182e+02 6.196100000000000385e+00
9.143799999999999955e+02 6.198500000000000121e+00
9.157599999999999909e+02 6.200700000000000323e+00
9.174199999999999591e+02 6.203000000000000291e+00
9.194800000000000182e+02 6.205599999999999561e+00
9.217699999999999818e+02 6.208300000000000374e+00
9.242000000000000455e+02 6.211199999999999832e+00
9.267300000000000182e+02 6.214299999999999713e+00
9.293200000000000500e+02 6.217399999999999594e+00
9.319600000000000364e+02 6.220500000000000362e+00
9.346399999999999864e+02 6.223700000000000010e+00
9.373400000000000318e+02 6.226899999999999658e+00
9.400900000000000318e+02 6.230100000000000193e+00
9.428600000000000136e+02 6.233299999999999841e+00
9.456499999999999773e+02 6.236600000000000144e+00
9.484700000000000273e+02 6.239799999999999791e+00
9.513099999999999454e+02 6.243100000000000094e+00
9.541599999999999682e+02 6.246400000000000396e+00
9.570399999999999636e+02 6.249600000000000044e+00
9.599299999999999500e+02 6.252900000000000347e+00
9.628400000000000318e+02 6.256199999999999761e+00
9.657699999999999818e+02 6.259500000000000064e+00
9.687100000000000364e+02 6.262800000000000367e+00
9.716699999999999591e+02 6.266000000000000014e+00
9.746499999999999773e+02 6.269300000000000317e+00
9.776399999999999864e+02 6.272599999999999731e+00
9.806499999999999773e+02 6.275999999999999801e+00
9.836799999999999500e+02 6.279300000000000104e+00
9.867100000000000364e+02 6.282600000000000406e+00
9.897500000000000000e+02 6.285899999999999821e+00
9.927899999999999636e+02 6.289200000000000124e+00
9.958500000000000227e+02 6.292500000000000426e+00
9.989099999999999682e+02 6.295799999999999841e+00
1.002000000000000000e+03 6.299100000000000144e+00
1.005100000000000023e+03 6.302399999999999558e+00
1.008200000000000045e+03 6.305600000000000094e+00
1.011299999999999955e+03 6.308900000000000396e+00
1.014500000000000000e+03 6.312299999999999578e+00
1.017700000000000045e+03 6.315599999999999881e+00
1.020899999999999977e+03 6.318999999999999950e+00
1.024200000000000045e+03 6.322400000000000020e+00
1.027500000000000000e+03 6.325800000000000090e+00
1.030900000000000091e+03 6.329200000000000159e+00
1.034299999999999955e+03 6.332699999999999996e+00
1.037700000000000045e+03 6.336199999999999832e+00
1.041200000000000045e+03 6.339699999999999669e+00
1.044700000000000045e+03 6.343200000000000394e+00
1.048200000000000045e+03 6.346700000000000230e+00
1.051700000000000045e+03 6.350299999999999834e+00
1.055299999999999955e+03 6.353799999999999670e+00
1.058900000000000091e+03 6.357400000000000162e+00
1.062500000000000000e+03 6.360899999999999999e+00
1.066099999999999909e+03 6.364499999999999602e+00
1.069799999999999955e+03 6.368100000000000094e+00
1.073500000000000000e+03 6.371699999999999697e+00
1.077299999999999955e+03 6.375300000000000189e+00
1.081000000000000000e+03 6.378999999999999559e+00
1.084900000000000091e+03 6.382699999999999818e+00
1.088799999999999955e+03 6.386400000000000077e+00
1.092700000000000045e+03 6.390200000000000102e+00
1.096700000000000045e+03 6.394000000000000128e+00
1.100799999999999955e+03 6.397800000000000153e+00
1.105000000000000000e+03 6.401699999999999946e+00
1.109400000000000091e+03 6.405700000000000394e+00
1.113799999999999955e+03 6.409900000000000375e+00
1.118500000000000000e+03 6.414100000000000357e+00
1.123299999999999955e+03 6.418400000000000105e+00
1.128299999999999955e+03 6.422900000000000276e+00
1.133500000000000000e+03 6.427599999999999980e+00
1.138900000000000091e+03 6.432500000000000107e+00
1.144599999999999909e+03 6.437599999999999767e+00
1.150599999999999909e+03 6.442999999999999616e+00
1.156900000000000091e+03 6.448599999999999888e+00
1.163500000000000000e+03 6.454500000000000348e+00
1.170400000000000091e+03 6.460600000000000342e+00
1.177599999999999909e+03 6.466999999999999638e+00
1.185200000000000045e+03 6.473700000000000010e+00
1.193200000000000045e+03 6.480599999999999916e+00
1.201500000000000000e+03 6.487800000000000011e+00
1.210099999999999909e+03 6.495400000000000063e+00
1.219000000000000000e+03 6.503199999999999648e+00
1.228299999999999955e+03 6.511300000000000310e+00
1.237799999999999955e+03 6.519700000000000273e+00
1.247500000000000000e+03 6.528299999999999770e+00
1.257400000000000091e+03 6.537099999999999689e+00
1.267299999999999955e+03 6.546100000000000030e+00
1.277400000000000091e+03 6.555299999999999905e+00
1.287599999999999909e+03 6.564700000000000202e+00
1.297900000000000091e+03 6.574300000000000033e+00
1.308200000000000045e+03 6.584100000000000286e+00
1.318700000000000045e+03 6.594100000000000072e+00
1.329200000000000045e+03 6.604300000000000281e+00
1.339700000000000045e+03 6.614700000000000024e+00
1.350099999999999909e+03 6.625099999999999767e+00
1.360599999999999909e+03 6.635699999999999932e+00
1.371099999999999909e+03 6.646399999999999864e+00
1.381700000000000045e+03 6.657300000000000217e+00
1.392400000000000091e+03 6.668199999999999683e+00
1.403099999999999909e+03 6.679299999999999571e+00
1.413799999999999955e+03 6.690500000000000114e+00
1.424500000000000000e+03 6.701699999999999768e+00
1.435099999999999909e+03 6.712900000000000311e+00
1.445599999999999909e+03 6.724099999999999966e+00
1.456000000000000000e+03 6.735299999999999621e+00
1.466400000000000091e+03 6.746599999999999930e+00
1.476799999999999955e+03 6.757799999999999585e+00
1.487000000000000000e+03 6.769099999999999895e+00
1.497299999999999955e+03 6.780400000000000205e+00
1.507599999999999909e+03 6.791699999999999626e+00
1.518000000000000000e+03 6.803200000000000358e+00
1.528599999999999909e+03 6.814700000000000202e+00
1.539299999999999955e+03 6.826399999999999579e+00
1.550400000000000091e+03 6.838300000000000267e+00
1.562000000000000000e+03 6.850299999999999834e+00
1.574099999999999909e+03 6.862499999999999822e+00
1.586400000000000091e+03 6.874900000000000233e+00
1.599000000000000000e+03 6.887599999999999945e+00
1.611799999999999955e+03 6.900599999999999845e+00
1.624700000000000045e+03 6.913800000000000168e+00
1.637700000000000045e+03 6.927299999999999791e+00
1.650700000000000045e+03 6.941099999999999604e+00
1.663700000000000045e+03 6.955000000000000071e+00
1.676799999999999955e+03 6.969000000000000306e+00
1.689900000000000091e+03 6.983200000000000074e+00
1.703000000000000000e+03 6.997399999999999842e+00
1.716000000000000000e+03 7.011800000000000033e+00
1.729000000000000000e+03 7.026200000000000223e+00
1.741900000000000091e+03 7.040799999999999947e+00
1.754700000000000045e+03 7.055500000000000327e+00
1.767700000000000045e+03 7.070400000000000240e+00
1.780700000000000045e+03 7.085300000000000153e+00
1.793799999999999955e+03 7.100399999999999601e+00
1.806500000000000000e+03 7.115599999999999703e+00
1.817500000000000000e+03 7.130399999999999849e+00
1.828299999999999955e+03 7.145599999999999952e+00
1.840400000000000091e+03 7.161400000000000432e+00
1.853700000000000045e+03 7.177399999999999558e+00
1.868099999999999909e+03 7.193800000000000416e+00
1.883099999999999909e+03 7.210700000000000109e+00
1.898799999999999955e+03 7.228299999999999947e+00
1.915299999999999955e+03 7.246500000000000163e+00
1.932500000000000000e+03 7.265500000000000291e+00
1.950400000000000091e+03 7.285199999999999676e+00
1.969200000000000045e+03 7.305699999999999861e+00
1.988500000000000000e+03 7.326900000000000190e+00
2.008500000000000000e+03 7.348900000000000432e+00
2.030200000000000045e+03 7.371100000000000207e+00
2.053400000000000091e+03 7.392999999999999794e+00
2.076800000000000182e+03 7.414900000000000269e+00
2.101400000000000091e+03 7.436399999999999899e+00
2.123900000000000091e+03 7.456400000000000361e+00
2.145599999999999909e+03 7.474999999999999645e+00
2.166900000000000091e+03 7.492399999999999949e+00
2.188199999999999818e+03 7.509100000000000108e+00
2.210099999999999909e+03 7.525199999999999889e+00
2.232699999999999818e+03 7.541100000000000136e+00
2.256500000000000000e+03 7.556899999999999729e+00
2.281900000000000091e+03 7.572300000000000253e+00
2.307300000000000182e+03 7.587699999999999889e+00
2.333300000000000182e+03 7.603100000000000414e+00
2.359699999999999818e+03 7.618400000000000283e+00
2.386400000000000091e+03 7.633700000000000152e+00
2.413300000000000182e+03 7.648600000000000065e+00
2.439500000000000000e+03 7.663199999999999790e+00
2.465199999999999818e+03 7.677500000000000213e+00
2.489900000000000091e+03 7.691300000000000026e+00
2.512000000000000000e+03 7.704100000000000392e+00
2.526699999999999818e+03 7.714500000000000135e+00
2.498300000000000182e+03 7.739200000000000301e+00
2.452000000000000000e+03 7.786699999999999733e+00
2.524500000000000000e+03 7.826999999999999957e+00
2.654900000000000091e+03 7.882799999999999585e+00
2.698400000000000091e+03 7.930799999999999628e+00
2.732800000000000182e+03 7.973099999999999632e+00
2.765199999999999818e+03 8.012499999999999289e+00
2.797000000000000000e+03 8.049699999999999633e+00
2.826699999999999818e+03 8.085200000000000387e+00
2.855400000000000091e+03 8.118999999999999773e+00
2.882199999999999818e+03 8.151300000000000878e+00
2.906199999999999818e+03 8.182800000000000296e+00
2.926699999999999818e+03 8.214299999999999713e+00
2.946300000000000182e+03 8.245400000000000063e+00
2.965000000000000000e+03 8.275999999999999801e+00
2.982800000000000182e+03 8.305999999999999162e+00
2.999800000000000182e+03 8.335200000000000387e+00
3.013300000000000182e+03 8.364800000000000679e+00
3.026199999999999818e+03 8.394199999999999662e+00
3.038900000000000091e+03 8.423199999999999577e+00
3.051400000000000091e+03 8.451700000000000657e+00
3.063400000000000091e+03 8.479699999999999349e+00
3.075099999999999909e+03 8.506999999999999673e+00
3.086300000000000182e+03 8.533599999999999852e+00
3.097099999999999909e+03 8.559599999999999653e+00
3.107500000000000000e+03 8.584799999999999542e+00
3.117599999999999909e+03 8.609299999999999287e+00
3.127400000000000091e+03 8.633200000000000429e+00
3.137900000000000091e+03 8.655900000000000816e+00
3.148300000000000182e+03 8.677599999999999980e+00
3.158199999999999818e+03 8.698399999999999466e+00
3.167699999999999818e+03 8.718400000000000816e+00
3.176599999999999909e+03 8.737399999999999167e+00
3.185099999999999909e+03 8.755699999999999150e+00
3.193000000000000000e+03 8.773199999999999221e+00
3.200500000000000000e+03 8.789899999999999380e+00
3.207400000000000091e+03 8.805799999999999628e+00
3.213900000000000091e+03 8.820999999999999730e+00
3.220000000000000000e+03 8.835499999999999687e+00
3.225599999999999909e+03 8.849299999999999500e+00
3.230900000000000091e+03 8.862299999999999400e+00
3.235800000000000182e+03 8.874700000000000699e+00
3.240300000000000182e+03 8.886499999999999844e+00
3.244500000000000000e+03 8.897500000000000853e+00
3.248300000000000182e+03 8.907999999999999474e+00
3.251900000000000091e+03 8.917799999999999727e+00
3.255099999999999909e+03 8.927099999999999369e+00
3.258099999999999909e+03 8.935800000000000409e+00
3.260699999999999818e+03 8.944000000000000838e+00
3.263099999999999909e+03 8.951700000000000657e+00
3.265300000000000182e+03 8.958800000000000097e+00
3.267300000000000182e+03 8.965500000000000469e+00
3.268900000000000091e+03 8.971799999999999997e+00
3.270400000000000091e+03 8.977499999999999147e+00
3.271500000000000000e+03 8.982900000000000773e+00
3.272300000000000182e+03 8.987700000000000244e+00
3.272800000000000182e+03 8.992100000000000648e+00
3.272900000000000091e+03 8.996000000000000441e+00
