6.148799999999999955e+02 8.582800000000000651e+00
6.542100000000000364e+02 8.612099999999999866e+00
6.291100000000000136e+02 8.602100000000000080e+00
6.038099999999999454e+02 8.569200000000000372e+00
5.851100000000000136e+02 8.528800000000000381e+00
5.751799999999999500e+02 8.490299999999999514e+00
5.709600000000000364e+02 8.456300000000000594e+00
5.699800000000000182e+02 8.427400000000000446e+00
5.708799999999999955e+02 8.403100000000000236e+00
5.727300000000000182e+02 8.382799999999999585e+00
5.750199999999999818e+02 8.365899999999999892e+00
5.775399999999999636e+02 8.351900000000000546e+00
5.800900000000000318e+02 8.340299999999999159e+00
5.825800000000000409e+02 8.330700000000000216e+00
5.849199999999999591e+02 8.322800000000000864e+00
5.871100000000000136e+02 8.316399999999999793e+00
5.891599999999999682e+02 8.311199999999999477e+00
5.910900000000000318e+02 8.307100000000000151e+00
5.928999999999999773e+02 8.303900000000000503e+00
5.945900000000000318e+02 8.301399999999999224e+00
5.961699999999999591e+02 8.299500000000000099e+00
5.976299999999999955e+02 8.298099999999999810e+00
5.990000000000000000e+02 8.297100000000000364e+00
6.002899999999999636e+02 8.296499999999999986e+00
6.014900000000000091e+02 8.296099999999999142e+00
6.026200000000000045e+02 8.295999999999999375e+00
6.036699999999999591e+02 8.295999999999999375e+00
6.046599999999999682e+02 8.296200000000000685e+00
6.055800000000000409e+02 8.296599999999999753e+00
6.064500000000000455e+02 8.297000000000000597e+00
6.072599999999999909e+02 8.297399999999999665e+00
6.080199999999999818e+02 8.297900000000000276e+00
6.087200000000000273e+02 8.298500000000000654e+00
6.093899999999999864e+02 8.298999999999999488e+00
6.100099999999999909e+02 8.299599999999999866e+00
6.105900000000000318e+02 8.300200000000000244e+00
6.111399999999999864e+02 8.300700000000000855e+00
6.116499999999999773e+02 8.301299999999999457e+00
6.121200000000000045e+02 8.301800000000000068e+00
6.125700000000000500e+02 8.302400000000000446e+00
6.129900000000000091e+02 8.302899999999999281e+00
6.133799999999999955e+02 8.303300000000000125e+00
6.137400000000000091e+02 8.303800000000000736e+00
6.140900000000000318e+02 8.304199999999999804e+00
6.144099999999999682e+02 8.304600000000000648e+00
6.147100000000000364e+02 8.304999999999999716e+00
6.149900000000000091e+02 8.305300000000000793e+00
6.152599999999999909e+02 8.305600000000000094e+00
6.155099999999999909e+02 8.305899999999999395e+00
6.157400000000000091e+02 8.306100000000000705e+00
6.159600000000000364e+02 8.306300000000000239e+00
6.161599999999999682e+02 8.306499999999999773e+00
6.163500000000000227e+02 8.306699999999999307e+00
6.165299999999999727e+02 8.306800000000000850e+00
6.167000000000000455e+02 8.306900000000000617e+00
6.168600000000000136e+02 8.307000000000000384e+00
6.170000000000000000e+02 8.307100000000000151e+00
6.171399999999999864e+02 8.307100000000000151e+00
6.172699999999999818e+02 8.307199999999999918e+00
6.173899999999999864e+02 8.307199999999999918e+00
6.175099999999999909e+02 8.307199999999999918e+00
6.176100000000000136e+02 8.307100000000000151e+00
6.177100000000000364e+02 8.307100000000000151e+00
6.178099999999999454e+02 8.307000000000000384e+00
6.178999999999999773e+02 8.307000000000000384e+00
6.179800000000000182e+02 8.306900000000000617e+00
6.180599999999999454e+02 8.306800000000000850e+00
6.181299999999999955e+02 8.306699999999999307e+00
6.182000000000000455e+02 8.306599999999999540e+00
6.182699999999999818e+02 8.306499999999999773e+00
6.183300000000000409e+02 8.306300000000000239e+00
6.183899999999999864e+02 8.306200000000000472e+00
6.184400000000000546e+02 8.305999999999999162e+00
6.184900000000000091e+02 8.305899999999999395e+00
6.185399999999999636e+02 8.305699999999999861e+00
6.185800000000000409e+02 8.305500000000000327e+00
6.186200000000000045e+02 8.305400000000000560e+00
6.186499999999999773e+02 8.305199999999999250e+00
6.186699999999999591e+02 8.304999999999999716e+00
6.186799999999999500e+02 8.304700000000000415e+00
6.186900000000000546e+02 8.304500000000000881e+00
6.186900000000000546e+02 8.304199999999999804e+00
6.186900000000000546e+02 8.304000000000000270e+00
6.186799999999999500e+02 8.303699999999999193e+00
6.186699999999999591e+02 8.303399999999999892e+00
6.186499999999999773e+02 8.303000000000000824e+00
6.186200000000000045e+02 8.302699999999999747e+00
6.186000000000000227e+02 8.302400000000000446e+00
6.185599999999999454e+02 8.301999999999999602e+00
6.185299999999999727e+02 8.301700000000000301e+00
6.184900000000000091e+02 8.301299999999999457e+00
6.184500000000000455e+02 8.300900000000000389e+00
6.184099999999999682e+02 8.300599999999999312e+00
6.183600000000000136e+02 8.300200000000000244e+00
6.183200000000000500e+02 8.299799999999999400e+00
6.182699999999999818e+02 8.299400000000000333e+00
6.182200000000000273e+02 8.298999999999999488e+00
6.181599999999999682e+02 8.298600000000000421e+00
6.181100000000000136e+02 8.298199999999999577e+00
6.180499999999999545e+02 8.297800000000000509e+00
6.179800000000000182e+02 8.297299999999999898e+00
6.178999999999999773e+02 8.296900000000000830e+00
6.177999999999999545e+02 8.296400000000000219e+00
6.176900000000000546e+02 8.295899999999999608e+00
6.175800000000000409e+02 8.295299999999999230e+00
6.174500000000000455e+02 8.294700000000000628e+00
6.173099999999999454e+02 8.294100000000000250e+00
6.171599999999999682e+02 8.293400000000000105e+00
6.170000000000000000e+02 8.292699999999999960e+00
6.168500000000000227e+02 8.291999999999999815e+00
6.166799999999999500e+02 8.291299999999999670e+00
6.165099999999999909e+02 8.290499999999999758e+00
6.163400000000000318e+02 8.289799999999999613e+00
6.161499999999999773e+02 8.289099999999999469e+00
6.161200000000000045e+02 8.288500000000000867e+00
6.161900000000000546e+02 8.288100000000000023e+00
6.163200000000000500e+02 8.288000000000000256e+00
6.164700000000000273e+02 8.288000000000000256e+00
6.166499999999999773e+02 8.288199999999999790e+00
6.168500000000000227e+02 8.288500000000000867e+00
6.170700000000000500e+02 8.288999999999999702e+00
6.172999999999999545e+02 8.289600000000000080e+00
6.175399999999999636e+02 8.290300000000000225e+00
6.177999999999999545e+02 8.291100000000000136e+00
6.181299999999999955e+02 8.292099999999999582e+00
6.185299999999999727e+02 8.293300000000000338e+00
6.189900000000000091e+02 8.294700000000000628e+00
6.195199999999999818e+02 8.296400000000000219e+00
6.201000000000000227e+02 8.298299999999999343e+00
6.207400000000000091e+02 8.300399999999999778e+00
6.214400000000000546e+02 8.302799999999999514e+00
6.221699999999999591e+02 8.305400000000000560e+00
6.229400000000000546e+02 8.308299999999999130e+00
6.237699999999999818e+02 8.311299999999999244e+00
6.246100000000000136e+02 8.314700000000000202e+00
6.254900000000000091e+02 8.318199999999999150e+00
6.263899999999999864e+02 8.322100000000000719e+00
6.272999999999999545e+02 8.326100000000000279e+00
6.282400000000000091e+02 8.330399999999999139e+00
6.291799999999999500e+02 8.334899999999999309e+00
6.301499999999999773e+02 8.339700000000000557e+00
6.311200000000000045e+02 8.344699999999999562e+00
6.321000000000000227e+02 8.349899999999999878e+00
6.331000000000000227e+02 8.355299999999999727e+00
6.340599999999999454e+02 8.360799999999999343e+00
6.350099999999999909e+02 8.366500000000000270e+00
6.359299999999999500e+02 8.372299999999999187e+00
6.368500000000000227e+02 8.378199999999999648e+00
6.377500000000000000e+02 8.384299999999999642e+00
6.386599999999999682e+02 8.390499999999999403e+00
6.395700000000000500e+02 8.396699999999999164e+00
6.404700000000000273e+02 8.403000000000000469e+00
6.413600000000000136e+02 8.409399999999999764e+00
6.422699999999999818e+02 8.416000000000000369e+00
6.432100000000000364e+02 8.422499999999999432e+00
6.441599999999999682e+02 8.429199999999999804e+00
6.451100000000000136e+02 8.435900000000000176e+00
6.460700000000000500e+02 8.442700000000000315e+00
6.470499999999999545e+02 8.449500000000000455e+00
6.480299999999999727e+02 8.456400000000000361e+00
6.490099999999999909e+02 8.463300000000000267e+00
6.500199999999999818e+02 8.470200000000000173e+00
6.510399999999999636e+02 8.477299999999999613e+00
6.520800000000000409e+02 8.484500000000000597e+00
6.531100000000000136e+02 8.491699999999999804e+00
6.541599999999999682e+02 8.498900000000000787e+00
6.552000000000000455e+02 8.506299999999999528e+00
6.562500000000000000e+02 8.513700000000000045e+00
6.573200000000000500e+02 8.521100000000000563e+00
6.583999999999999773e+02 8.528499999999999304e+00
6.594800000000000182e+02 8.535999999999999588e+00
6.605700000000000500e+02 8.543499999999999872e+00
6.616399999999999864e+02 8.551000000000000156e+00
6.627300000000000182e+02 8.558400000000000674e+00
6.638099999999999454e+02 8.565799999999999415e+00
6.648700000000000045e+02 8.573199999999999932e+00
6.659199999999999591e+02 8.580600000000000449e+00
6.669299999999999500e+02 8.587899999999999423e+00
6.678500000000000227e+02 8.595100000000000406e+00
6.687400000000000091e+02 8.602299999999999613e+00
6.696000000000000227e+02 8.609299999999999287e+00
6.704400000000000546e+02 8.616099999999999426e+00
6.712899999999999636e+02 8.622899999999999565e+00
6.721299999999999955e+02 8.629599999999999937e+00
6.729600000000000364e+02 8.636100000000000776e+00
6.737699999999999818e+02 8.642599999999999838e+00
6.745700000000000500e+02 8.648999999999999133e+00
6.753600000000000136e+02 8.655200000000000671e+00
6.761399999999999864e+02 8.661400000000000432e+00
6.768999999999999773e+02 8.667500000000000426e+00
6.776699999999999591e+02 8.673500000000000654e+00
6.784199999999999591e+02 8.679399999999999338e+00
6.791799999999999500e+02 8.685299999999999798e+00
6.799400000000000546e+02 8.691000000000000725e+00
6.807100000000000364e+02 8.696600000000000108e+00
6.815099999999999909e+02 8.702199999999999491e+00
6.824299999999999500e+02 8.707800000000000651e+00
6.834600000000000364e+02 8.713400000000000034e+00
6.846499999999999773e+02 8.719200000000000728e+00
6.859700000000000273e+02 8.725199999999999179e+00
6.874099999999999682e+02 8.731299999999999173e+00
6.889600000000000364e+02 8.737700000000000244e+00
6.906200000000000045e+02 8.744199999999999307e+00
6.923600000000000136e+02 8.750899999999999679e+00
6.941799999999999500e+02 8.757899999999999352e+00
6.960800000000000409e+02 8.764900000000000801e+00
6.981000000000000227e+02 8.772199999999999775e+00
7.001499999999999773e+02 8.779700000000000060e+00
7.022599999999999909e+02 8.787300000000000111e+00
7.044600000000000364e+02 8.795099999999999696e+00
7.066900000000000546e+02 8.803000000000000824e+00
7.089199999999999591e+02 8.811099999999999710e+00
7.112100000000000364e+02 8.819300000000000139e+00
7.135399999999999636e+02 8.827600000000000335e+00
7.159199999999999591e+02 8.835900000000000531e+00
7.183400000000000318e+02 8.844300000000000495e+00
7.208099999999999454e+02 8.852700000000000458e+00
7.233400000000000318e+02 8.861200000000000188e+00
7.259299999999999500e+02 8.869799999999999685e+00
7.285900000000000318e+02 8.878399999999999181e+00
7.313999999999999773e+02 8.887199999999999989e+00
7.342000000000000455e+02 8.896100000000000563e+00
7.371100000000000136e+02 8.905200000000000671e+00
7.401499999999999773e+02 8.914400000000000546e+00
7.433200000000000500e+02 8.923899999999999721e+00
7.466100000000000136e+02 8.933500000000000441e+00
7.500099999999999909e+02 8.943199999999999150e+00
7.535299999999999727e+02 8.953200000000000713e+00
7.571599999999999682e+02 8.963200000000000500e+00
7.607300000000000182e+02 8.973300000000000054e+00
7.643099999999999454e+02 8.983399999999999608e+00
7.679299999999999500e+02 8.993499999999999162e+00
7.714900000000000091e+02 9.003500000000000725e+00
7.750199999999999818e+02 9.013299999999999201e+00
7.785700000000000500e+02 9.022999999999999687e+00
7.821499999999999773e+02 9.032500000000000639e+00
7.857300000000000182e+02 9.041900000000000048e+00
7.893300000000000409e+02 9.051099999999999923e+00
7.928999999999999773e+02 9.060200000000000031e+00
7.964400000000000546e+02 9.069000000000000838e+00
7.999700000000000273e+02 9.077700000000000102e+00
8.035000000000000000e+02 9.086100000000000065e+00
8.070299999999999727e+02 9.094400000000000261e+00
8.105399999999999636e+02 9.102499999999999147e+00
8.140000000000000000e+02 9.110400000000000276e+00
8.173600000000000136e+02 9.118000000000000327e+00
8.206499999999999773e+02 9.125500000000000611e+00
8.239199999999999591e+02 9.132699999999999818e+00
8.273099999999999454e+02 9.139900000000000801e+00
8.307899999999999636e+02 9.147100000000000009e+00
8.343200000000000500e+02 9.154199999999999449e+00
8.378799999999999955e+02 9.161300000000000665e+00
8.414600000000000364e+02 9.168400000000000105e+00
8.450599999999999454e+02 9.175399999999999778e+00
8.486900000000000546e+02 9.182399999999999451e+00
8.523200000000000500e+02 9.189299999999999358e+00
8.559600000000000364e+02 9.196199999999999264e+00
8.596000000000000227e+02 9.203099999999999170e+00
8.632400000000000091e+02 9.209899999999999309e+00
8.668700000000000045e+02 9.216599999999999682e+00
8.705000000000000000e+02 9.223300000000000054e+00
8.741699999999999591e+02 9.229900000000000659e+00
8.778400000000000318e+02 9.236499999999999488e+00
8.814900000000000091e+02 9.243000000000000327e+00
8.851399999999999864e+02 9.249399999999999622e+00
8.887599999999999909e+02 9.255800000000000693e+00
8.923700000000000045e+02 9.262000000000000455e+00
8.959800000000000182e+02 9.268200000000000216e+00
8.996200000000000045e+02 9.274399999999999977e+00
9.032899999999999636e+02 9.280499999999999972e+00
9.070199999999999818e+02 9.286599999999999966e+00
9.108099999999999454e+02 9.292699999999999960e+00
9.146499999999999773e+02 9.298700000000000188e+00
9.185399999999999636e+02 9.304800000000000182e+00
9.224900000000000091e+02 9.310900000000000176e+00
9.264800000000000182e+02 9.317000000000000171e+00
9.305399999999999636e+02 9.323100000000000165e+00
9.346399999999999864e+02 9.329299999999999926e+00
9.387699999999999818e+02 9.335399999999999920e+00
9.429299999999999500e+02 9.341599999999999682e+00
9.471200000000000045e+02 9.347699999999999676e+00
9.513200000000000500e+02 9.353899999999999437e+00
9.555399999999999636e+02 9.359999999999999432e+00
9.597599999999999909e+02 9.366199999999999193e+00
9.639900000000000091e+02 9.372299999999999187e+00
9.682300000000000182e+02 9.378399999999999181e+00
9.724800000000000182e+02 9.384499999999999176e+00
9.767300000000000182e+02 9.390499999999999403e+00
9.810000000000000000e+02 9.396499999999999631e+00
9.852699999999999818e+02 9.402499999999999858e+00
9.895599999999999454e+02 9.408500000000000085e+00
9.938600000000000136e+02 9.414500000000000313e+00
9.982000000000000455e+02 9.420500000000000540e+00
1.002600000000000023e+03 9.426399999999999224e+00
1.007100000000000023e+03 9.432499999999999218e+00
1.011799999999999955e+03 9.438599999999999213e+00
1.016500000000000000e+03 9.444699999999999207e+00
1.021299999999999955e+03 9.450900000000000745e+00
1.026299999999999955e+03 9.457300000000000040e+00
1.031500000000000000e+03 9.463699999999999335e+00
1.036900000000000091e+03 9.470299999999999940e+00
1.042599999999999909e+03 9.477100000000000080e+00
1.048500000000000000e+03 9.483999999999999986e+00
1.054700000000000045e+03 9.491199999999999193e+00
1.061299999999999955e+03 9.498699999999999477e+00
1.068299999999999955e+03 9.506399999999999295e+00
1.075500000000000000e+03 9.514599999999999724e+00
1.083099999999999909e+03 9.523099999999999454e+00
1.091099999999999909e+03 9.532000000000000028e+00
1.099400000000000091e+03 9.541100000000000136e+00
1.108000000000000000e+03 9.550599999999999312e+00
1.116700000000000045e+03 9.560399999999999565e+00
1.125799999999999955e+03 9.570399999999999352e+00
1.135299999999999955e+03 9.580799999999999983e+00
1.145299999999999955e+03 9.591400000000000148e+00
1.155599999999999909e+03 9.602399999999999380e+00
1.166200000000000045e+03 9.613599999999999923e+00
1.176900000000000091e+03 9.625099999999999767e+00
1.187799999999999955e+03 9.636699999999999378e+00
1.198799999999999955e+03 9.648400000000000531e+00
1.209900000000000091e+03 9.660099999999999909e+00
1.221200000000000045e+03 9.672000000000000597e+00
1.231799999999999955e+03 9.683699999999999974e+00
1.242599999999999909e+03 9.695199999999999818e+00
1.253700000000000045e+03 9.706799999999999429e+00
1.264900000000000091e+03 9.718400000000000816e+00
1.276299999999999955e+03 9.730199999999999960e+00
1.287700000000000045e+03 9.741899999999999338e+00
1.299099999999999909e+03 9.753700000000000259e+00
1.310500000000000000e+03 9.765399999999999636e+00
1.321700000000000045e+03 9.777100000000000790e+00
1.332099999999999909e+03 9.788500000000000867e+00
1.342700000000000045e+03 9.799799999999999400e+00
1.353500000000000000e+03 9.811199999999999477e+00
1.365099999999999909e+03 9.822800000000000864e+00
1.376500000000000000e+03 9.834500000000000242e+00
1.387700000000000045e+03 9.846199999999999619e+00
1.398599999999999909e+03 9.857699999999999463e+00
1.409400000000000091e+03 9.869099999999999540e+00
1.420099999999999909e+03 9.880399999999999849e+00
1.430700000000000045e+03 9.891700000000000159e+00
1.441299999999999955e+03 9.902900000000000702e+00
1.451799999999999955e+03 9.914199999999999235e+00
1.462500000000000000e+03 9.925599999999999312e+00
1.473299999999999955e+03 9.937099999999999156e+00
1.484400000000000091e+03 9.948700000000000543e+00
1.495599999999999909e+03 9.960599999999999454e+00
1.507099999999999909e+03 9.972699999999999676e+00
1.519000000000000000e+03 9.985099999999999199e+00
1.531299999999999955e+03 9.997899999999999565e+00
1.544000000000000000e+03 1.001099999999999923e+01
1.557299999999999955e+03 1.002500000000000036e+01
1.571099999999999909e+03 1.003899999999999970e+01
1.585099999999999909e+03 1.005300000000000082e+01
1.599299999999999955e+03 1.006799999999999962e+01
1.613500000000000000e+03 1.008300000000000018e+01
1.627599999999999909e+03 1.009800000000000075e+01
1.641599999999999909e+03 1.011299999999999955e+01
1.655299999999999955e+03 1.012800000000000011e+01
1.668799999999999955e+03 1.014300000000000068e+01
1.682099999999999909e+03 1.015799999999999947e+01
1.695099999999999909e+03 1.017300000000000004e+01
1.708799999999999955e+03 1.018800000000000061e+01
1.722200000000000045e+03 1.020299999999999940e+01
1.735299999999999955e+03 1.021799999999999997e+01
1.748400000000000091e+03 1.023199999999999932e+01
1.761299999999999955e+03 1.024699999999999989e+01
1.774400000000000091e+03 1.026099999999999923e+01
1.787700000000000045e+03 1.027500000000000036e+01
1.801500000000000000e+03 1.028999999999999915e+01
1.815900000000000091e+03 1.030400000000000027e+01
1.830799999999999955e+03 1.031900000000000084e+01
1.846200000000000045e+03 1.033500000000000085e+01
1.862500000000000000e+03 1.035100000000000087e+01
1.879799999999999955e+03 1.036800000000000033e+01
1.897799999999999955e+03 1.038599999999999923e+01
1.916700000000000045e+03 1.040399999999999991e+01
1.936799999999999955e+03 1.042399999999999949e+01
1.957599999999999909e+03 1.044400000000000084e+01
1.979200000000000045e+03 1.046499999999999986e+01
2.001400000000000091e+03 1.048700000000000010e+01
2.024200000000000045e+03 1.050900000000000034e+01
2.047599999999999909e+03 1.053100000000000058e+01
2.071400000000000091e+03 1.055499999999999972e+01
2.095599999999999909e+03 1.057799999999999940e+01
2.120000000000000000e+03 1.060200000000000031e+01
2.144900000000000091e+03 1.062599999999999945e+01
2.170099999999999909e+03 1.065000000000000036e+01
2.195599999999999909e+03 1.067399999999999949e+01
2.221099999999999909e+03 1.069800000000000040e+01
2.246699999999999818e+03 1.072300000000000075e+01
2.275199999999999818e+03 1.074799999999999933e+01
2.307500000000000000e+03 1.077500000000000036e+01
2.342900000000000091e+03 1.080400000000000027e+01
2.380400000000000091e+03 1.083500000000000085e+01
2.419599999999999909e+03 1.086700000000000088e+01
2.459300000000000182e+03 1.090099999999999980e+01
2.499300000000000182e+03 1.093500000000000050e+01
2.538599999999999909e+03 1.096799999999999997e+01
2.577900000000000091e+03 1.100200000000000067e+01
2.616500000000000000e+03 1.103599999999999959e+01
2.654300000000000182e+03 1.106900000000000084e+01
2.690699999999999818e+03 1.110200000000000031e+01
2.726099999999999909e+03 1.113299999999999912e+01
2.759800000000000182e+03 1.116399999999999970e+01
2.792400000000000091e+03 1.119599999999999973e+01
2.823800000000000182e+03 1.122700000000000031e+01
2.850300000000000182e+03 1.125500000000000078e+01
2.877900000000000091e+03 1.128299999999999947e+01
2.905500000000000000e+03 1.131099999999999994e+01
2.932900000000000091e+03 1.133799999999999919e+01
2.959800000000000182e+03 1.136500000000000021e+01
2.984800000000000182e+03 1.139199999999999946e+01
3.007099999999999909e+03 1.141799999999999926e+01
3.027000000000000000e+03 1.144299999999999962e+01
3.045400000000000091e+03 1.146700000000000053e+01
3.062300000000000182e+03 1.149099999999999966e+01
3.077800000000000182e+03 1.151299999999999990e+01
3.092099999999999909e+03 1.153400000000000070e+01
3.105599999999999909e+03 1.155400000000000027e+01
3.118300000000000182e+03 1.157399999999999984e+01
3.130300000000000182e+03 1.159200000000000053e+01
3.141599999999999909e+03 1.160999999999999943e+01
3.152300000000000182e+03 1.162700000000000067e+01
3.162500000000000000e+03 1.164300000000000068e+01
3.171900000000000091e+03 1.165799999999999947e+01
3.180699999999999818e+03 1.167300000000000004e+01
3.188900000000000091e+03 1.168699999999999939e+01
3.196599999999999909e+03 1.169999999999999929e+01
3.203699999999999818e+03 1.171299999999999919e+01
3.210500000000000000e+03 1.172600000000000087e+01
3.216800000000000182e+03 1.173700000000000010e+01
3.222900000000000091e+03 1.174900000000000055e+01
3.228599999999999909e+03 1.175999999999999979e+01
3.234199999999999818e+03 1.176999999999999957e+01
3.239400000000000091e+03 1.178100000000000058e+01
3.244300000000000182e+03 1.179100000000000037e+01
3.248699999999999818e+03 1.180000000000000071e+01
3.252500000000000000e+03 1.180899999999999928e+01
3.255800000000000182e+03 1.181700000000000017e+01
3.258699999999999818e+03 1.182499999999999929e+01
3.261099999999999909e+03 1.183300000000000018e+01
3.263199999999999818e+03 1.183900000000000041e+01
3.264900000000000091e+03 1.184600000000000009e+01
3.266199999999999818e+03 1.185200000000000031e+01
3.267300000000000182e+03 1.185699999999999932e+01
3.268099999999999909e+03 1.186200000000000010e+01
3.268599999999999909e+03 1.186700000000000088e+01
3.268900000000000091e+03 1.187100000000000044e+01
3.269000000000000000e+03 1.187500000000000000e+01
